-1.427821332702124439e-03
-5.850816254720755775e-03
-1.582659607482744465e-02
-3.144040365492693084e-02
-4.888469890157610964e-02
-6.352032956604236613e-02
-7.302320243965909619e-02
-7.752355264206906016e-02
-7.829846567585412032e-02
-6.397262688715575629e-02
-6.584108735955301883e-02
-6.550974322957518747e-02
-5.584773188609164912e-02
-5.651700388659710445e-02
-5.577232257843516006e-02
-5.419236371099703936e-02
-5.216369473440293780e-02
-4.992088739152925753e-02
-4.759670178084036973e-02
-4.526132902192792073e-02
-4.294882442382459697e-02
-4.067369068142664273e-02
-5.991214967062161167e-02
-4.393207867915928377e-02
-6.220478429687558569e-02
-4.332013722437044745e-02
-6.117522232991207815e-02
-1.113253094446852720e-01
-5.679257290755651555e-02
-3.737220985618190661e-02
-5.634088821513554696e-02
-5.533950366687415828e-02
-3.453841513507553002e-02
-3.734983817633966141e-02
-2.474575479447811005e-02
-2.015562868638883648e-02
-1.738978156855200408e-02
-4.059423938138038979e-02
-5.748647637775927688e-02
-6.774175064929173484e-02
-7.106824898832103665e-02
-4.130099320345985425e-02
-5.640970078981927954e-02
-6.569520046375104672e-02
-5.439630510015178860e-02
-3.563199451142665120e-02
-3.394528448228948531e-02
-3.180373364182165902e-02
-2.578881854736304532e-02
-2.528369063470349218e-02
-2.385486792870998921e-02
-2.184525849424941504e-02
-1.824660624521049282e-02
-1.742148768256983685e-02
-4.612224342226691615e-02
-3.056705023876720578e-02
-2.474509893539089331e-02
-5.020047033405550946e-02
-6.158251254106092420e-02
-6.610497886117679134e-02
-4.578062870085133212e-02
-3.258614370840288293e-02
-5.199065212964590343e-02
-1.061940152343835708e-01
-8.671643498720245369e-02
-7.680339195938250263e-02
-6.933449692113644036e-02
-6.502207450637574604e-02
-6.255740933340550591e-02
-6.100352361841316490e-02
-5.991997263317697109e-02
-4.239787640739591662e-02
-3.527377535003161507e-02
-4.771661470563172414e-02
-3.747752600932614808e-02
-4.855341112618057758e-02
-3.786782484844826435e-02
-4.848290349985979325e-02
-3.791408829672030661e-02
-4.823907223939869621e-02
-5.256638934574364708e-02
-5.414927657403316441e-02
-5.452845903875128131e-02
-5.440821442193985447e-02
-5.410162832427067858e-02
-5.374336674771961614e-02
-5.338817388072561454e-02
-5.305572892335341795e-02
-5.275083970384988191e-02
-5.247241611313311488e-02
-5.221737488166645208e-02
-5.198227218904587915e-02
-5.176393290899377470e-02
-5.155964413458467149e-02
-5.136717185174067418e-02
-5.118470961818830101e-02
-5.101080862944207955e-02
-5.084612126179487157e-02
-5.068660880264216212e-02
-5.053241751485223338e-02
-5.038322535382425832e-02
-5.023861736864948524e-02
-5.009819665405770145e-02
-4.996161009827232435e-02
-4.982854810550287061e-02
-4.969873671100320106e-02
-4.957193167957497232e-02
-4.949392564029445052e-02
-4.943927134516201000e-02
-4.938091206950740580e-02
-4.933962647041600230e-02
-4.926802153747194407e-02
-4.918205726572012770e-02
-4.906496674412413883e-02
-4.896089596031026614e-02
-4.885858967602377950e-02
-4.875493212419088063e-02
-4.864961102175926339e-02
-4.857494871859172753e-02
-4.847562258999085771e-02
-4.837086884931489361e-02
-4.826657362465354428e-02
-4.807775114911757436e-02
-4.798896966508699874e-02
-2.924408337337769739e-02
-8.621728744849836701e-02
-6.624983045260368630e-02
-1.228611025763064052e-01
-5.855724478447689452e-02
-3.841263574971813533e-02
-4.642916993410034499e-02
-1.039286768298066793e-01
-4.832800573473556432e-02
-5.134766466397540363e-02
-1.165317676786441214e-01
-5.812211206992399376e-02
-1.104917439671903728e-01
-1.569397606768035969e-01
-6.793524410367865474e-02
-5.691456047093757659e-02
-1.174766115991120324e-01
-5.814903725144791868e-02
-1.095210056527545078e-01
-1.545952403264718722e-01
-6.715661863026038680e-02
-5.595675298817685828e-02
-1.157570478005592179e-01
-5.799391016637594348e-02
-1.141809663733682340e-01
-1.559453447688889105e-01
-6.025455321912031453e-02
-5.471632188627896520e-02
-2.704423122024671167e-02
-9.891561374185794953e-02
-6.798428868948606929e-02
-5.641962216527744711e-02
-2.830270037352167201e-02
-9.932696503878266081e-02
-6.618425248192856547e-02
-5.316572123152522866e-02
-2.682476148969527990e-02
-1.706320162782658245e-02
-3.155855450668009626e-02
-1.849291170595662032e-02
-3.210566753004963358e-02
-1.060539205790980433e-01
-4.389703953523024782e-02
-4.029508432147661107e-02
-2.587628512313028609e-02
-4.222015567291953486e-02
-2.086346875490408675e-02
-9.385687160584260669e-02
-1.523827552113907746e-01
-8.062712588588538676e-02
-4.693117588204547691e-02
-3.983825709233462797e-02
-2.723776131838898107e-02
-4.136013678167951846e-02
-2.223010600030407569e-02
-9.095237843537343214e-02
-4.610065509869044897e-02
-1.216489247355317244e-01
-6.218341195043316366e-02
-4.738925917528174353e-02
-4.458098041122338095e-02
-4.245453758371807440e-02
-3.579959292493394701e-02
-9.054970643326493152e-02
-1.356764500194034273e-01
-1.765281908480263173e-01
-6.920469365541484508e-02
-4.586766288316569684e-02
-3.850061627581072982e-02
-3.601196898710149613e-02
-3.507599174114291868e-02
-3.495187452938715994e-02
-3.477868266699612326e-02
-3.466465123284839106e-02
-3.558709311471024150e-02
-9.926387627995132690e-02
-5.245032825708494106e-02
-4.707504815720911506e-02
-2.497817994482828124e-02
-9.175777346447228089e-02
-1.475574420583531665e-01
-5.461325862156829469e-02
-1.302661606801034933e-01
-7.061796531605080141e-02
-5.369017054407682760e-02
-4.815015030400724566e-02
-4.595781019437825826e-02
-4.489089644222866299e-02
-4.426971695494113374e-02
-9.535045502968725328e-02
-6.016270635151329399e-02
-2.943183375942791738e-02
-9.677124857273210201e-02
-6.035863935174513861e-02
-2.787658816439539042e-02
-3.338415637691303367e-02
-2.023984325363582110e-02
-9.178811865046272722e-02
-1.158732872282866450e-01
-5.870021664100896069e-02
-1.272338517908515598e-01
-5.770221476762806695e-02
-5.258413585423007269e-02
-4.456205067886942484e-02
-2.084078029539573190e-02
-9.072350611522586594e-02
-1.136539709638264978e-01
-1.708604322071716475e-01
-5.622755438640315850e-02
-2.186414934087050135e-02
-4.666332940602041512e-02
-1.140661064587244061e-01
-6.602208586150526415e-02
-2.683441950748461161e-02
-1.127790302854480980e-01
-5.753436475068077205e-02
-5.267730469792381714e-02
-4.489602345103840819e-02
-4.060665888813536767e-02
-1.981683131997956718e-02
-9.356084963288210932e-02
-1.478851682003772816e-01
-1.440799883544720550e-01
-6.524186708626071585e-02
-1.334209223525758270e-01
-6.392626516423578764e-02
-4.386555940281203214e-02
-4.447427069368631997e-02
-2.094147987889195817e-02
-3.981610829072900620e-02
-3.588825689453757628e-02
-4.074700753405709891e-02
-2.287820148325025657e-02
-9.240525024328720416e-02
-6.098955840821117941e-02
-2.594787961602885995e-02
-3.565315107117698196e-02
-4.282182409053479633e-02
-1.851811765300402299e-02
-9.222789544676983364e-02
-5.198296029399594037e-02
-5.021890700447802919e-02
-4.374565297947172193e-02
-7.383657552921858713e-02
-2.730943483517572420e-02
-1.071091375748898233e-01
-3.638658419250462295e-02
-1.696450604263256140e-02
-1.144159270950702023e-01
-5.582577343175642443e-02
-4.360454324138513665e-02
-4.007699776310150175e-02
-4.327384550108221567e-02
-4.213552920881730168e-02
-2.041716060587260573e-02
-1.155367151185876518e-02
-2.494974988745908128e-03
7.334196691645806024e-03
1.346882719866342171e-02
1.576879473948454222e-02
-4.102155828374298534e-03
-4.594868854139131167e-03
-1.155224743799895468e-02
-2.155025519973024009e-02
-2.695551536814299459e-02
-3.179798847233231834e-02
-1.174146945757221540e-02
-1.717765997024358476e-02
-3.336728510576165508e-04
-3.297302750882200387e-03
-1.155917511637945781e-02
-1.540776889375956513e-02
-9.743873029943603270e-03
7.430980396953713180e-04
-4.458198672403250289e-03
2.756025305693989708e-03
-1.727753075468402419e-03
7.039003590443875706e-04
-2.083333697294023883e-03
-2.973205824126385656e-03
-2.747242574508253470e-03
-6.820186244989211860e-03
-7.371903908964181663e-03
-4.036358060550652473e-03
1.452433558129807498e-03
-1.169933286529995431e-03
-2.086487099458427322e-03
-2.089873881358496072e-03
-5.187639601984124840e-03
-5.883478929176927386e-03
-3.226645093342058682e-03
1.288750176750874318e-03
-9.327934792161727239e-04
2.059068798257562317e-03
-8.171620379303919752e-04
-5.068793252435361933e-03
-3.339043381729149898e-03
-2.247525007072048893e-03
1.363923161354862806e-03
3.266253961709202937e-03
-1.285354963081517638e-04
2.261795997394261404e-03
-7.687511420237785062e-04
-1.656180938279137264e-03
1.414669710354554818e-03
3.206179003361680699e-03
2.328348493261725351e-03
-1.377228242567129666e-03
1.376679286504564875e-03
2.569059125903701366e-03
3.129481025740317793e-03
3.322223892530551653e-03
-3.111903332436260442e-03
-6.807890399342246372e-03
-8.920196244823848288e-04
-4.827902501222626139e-03
-3.783297438761819005e-04
-4.555258361765650819e-03
-8.501224624567431506e-05
-4.223739716946475937e-03
2.741613802772433764e-05
-1.533021957384949176e-03
1.120408202144454425e-03
-8.215726922541012785e-04
1.241438881263155422e-03
-1.706942923271221550e-03
-2.452006944224027155e-03
-2.507512674465240971e-03
-2.382985424644214548e-03
-2.240497352773676305e-03
-2.123190986720036033e-03
-2.036049288973634797e-03
-1.973595895067868644e-03
-1.928929074522142597e-03
-1.896281692371706504e-03
-1.871432774151745226e-03
-1.851488762933772240e-03
-1.834547056113032797e-03
-1.819397671955188265e-03
-1.805296022297219263e-03
-1.791801273327519022e-03
-1.778665741448155497e-03
-1.765761190791978593e-03
-1.753030691304991590e-03
-1.740457863585687711e-03
-1.728047600911995644e-03
-1.715814427908119930e-03
-1.703775625124709413e-03
-1.691947507783193600e-03
-1.680343546511033417e-03
-1.668973689441285773e-03
-1.657844251790584807e-03
-1.646958278196794826e-03
-1.636315935371925913e-03
-1.625915035404951452e-03
-1.615751536287254528e-03
-1.605819983538999676e-03
-1.596118896129686835e-03
-1.274618603964826867e-03
-1.986902268430160070e-03
-1.334872248358563284e-03
-2.711823097262304905e-03
-3.316935302328633938e-03
-3.904561988205485293e-03
-4.357381066770261643e-03
-2.564357464038973227e-03
-1.592190131304779821e-03
-1.888548617617722683e-03
3.807312628946466285e-04
-9.256422806425220644e-05
-7.006439184787335329e-04
7.255823770096119039e-04
-1.068994087518833304e-03
-1.591014406099408628e-03
-8.403822217244041144e-04
-7.268037099551587221e-04
-5.201275099082721841e-04
-7.333616767744801810e-04
-5.368916616973175510e-04
-5.555347953364039382e-04
4.806402640504012333e-04
-1.052240454427909007e-03
-8.447980243186849897e-04
6.288700217821905410e-04
-8.951989868440489591e-05
-4.093137877062321805e-04
-4.991095276376390603e-04
-5.256959800069315770e-04
-8.276225333029549368e-04
-4.923128157006330819e-04
-7.187630236067335142e-04
-4.214507930791712626e-04
-6.705589325158294468e-04
-4.002229956152703397e-04
-6.555403047844510700e-04
-3.960855427119571478e-04
-5.748761215137350444e-04
4.646807877495150087e-04
-6.759389676105903447e-05
-2.698167194203761701e-04
-1.130546337809318564e-03
-1.352186981812768685e-03
-6.585859386771824751e-04
-4.349776737953957458e-04
6.827170600463731498e-04
1.193486093177484070e-03
-6.901323693062934306e-04
-6.339241799550919629e-04
-6.858105522659587892e-04
-6.438806576352767421e-04
-9.711901249362268678e-04
-7.113586234975159206e-04
-6.322785470905593853e-04
5.024702268755349387e-04
-2.449826496470442557e-04
-5.929478820513055031e-04
-5.212852764742539934e-04
-7.200312343483979919e-04
-7.465440086456906358e-04
-1.240729916873136969e-03
-6.882083758610309330e-04
-1.066784041190218645e-03
3.256368248207987086e-04
-1.772493278069415677e-04
-3.988972165883135812e-04
-1.065696823941964877e-03
-6.643513094677917612e-04
-5.649162814895621791e-04
3.911408714015747034e-04
-2.671453803103296604e-04
-1.206036454661344988e-03
-9.462181218776920472e-04
-1.180656470419895075e-03
-8.014965654820628256e-04
2.920456968090525698e-04
8.370590572789237066e-04
-4.974719893530805612e-04
-3.868973823253187352e-04
-5.605230314305573213e-04
-5.558917802922388974e-04
-9.790169071343438577e-04
-6.379301428619742979e-04
-1.097342879818112744e-03
-7.981984550668971053e-04
-1.052287247043824907e-03
-6.458284242167380016e-04
2.914875586128535612e-04
-5.800352559805604371e-04
-4.733883942210941249e-04
-4.285861622260999640e-04
-4.886978608167480290e-04
-4.779492424100440515e-04
-3.687636621581905625e-04
-4.973093556860949758e-04
-1.148047323002315996e-03
-8.497056922833997380e-04
-6.995137682933647147e-04
-6.443779390769583532e-04
2.129944478640289176e-04
-2.596996568259883013e-04
4.007968129647223178e-04
-2.251922175860037205e-04
-9.877977736514279711e-04
-6.557304969565153118e-04
4.084546778141632389e-05
-3.146727291868978192e-04
-4.499675560360121116e-04
-4.846170304102272999e-04
-5.187321515501344682e-04
-4.995906143211427354e-04
-5.015873961581681804e-04
-4.540150978511754004e-04
-4.799563039480598333e-04
-9.299182328889336793e-04
-5.680018534115272629e-04
-4.357485067606828039e-04
-5.237831247976338115e-04
-5.003056425080102711e-04
-8.910572639912293794e-04
-1.181463876481866253e-03
-7.725381224057825810e-04
-4.852616160438551576e-04
-4.928106216188237907e-04
-4.724618585030713959e-04
-3.123886318154936188e-04
-2.738974260884155781e-04
-4.405967299496333115e-04
-4.147249905929680544e-04
-2.554901197668425295e-04
-6.007545691376818629e-04
-3.860342623545442282e-04
-3.095333244108987715e-04
-2.898280419469607743e-04
2.319973710059269434e-04
-1.000295385228960226e-04
-2.469497325358805295e-04
-6.084487027528650551e-04
-3.868393936267221873e-04
-3.239011152244228049e-04
-6.268441640242169424e-04
-4.308800083215703967e-04
-3.129241668970918645e-04
-3.013097795693663473e-04
-6.122620559452391373e-04
-4.047540615384327234e-04
-2.294394547058962368e-04
-3.053283139437945192e-04
-3.415692582114044696e-04
-6.314098716294568557e-04
-4.163291829399084522e-04
-6.122284996547638870e-04
-3.566323032531835339e-04
-3.145016986526896459e-04
-2.776808467272225004e-04
-3.150713051416421983e-04
2.115573936959264394e-04
-1.192782573263671022e-04
-5.298279793699478459e-04
-3.662493295587657713e-04
-3.488060200099234675e-04
-3.800814951354587789e-04
1.763701654055984725e-04
-3.777778663578164179e-04
-5.962107107216638256e-04
-6.675783206979052408e-04
-6.784785412814828970e-04
-6.670038886356209227e-04
-6.503825856289431476e-04
-1.670909287693489464e-04
-5.112547818302740727e-04
1.720447603014030205e-04
6.428586151568940689e-05
-1.609155630308003136e-04
-2.473121759076848144e-04
-5.676482480546754571e-04
-3.882070224134956523e-04
-2.311942000733195070e-04
-5.799721853352648180e-04
-6.389697295326295925e-04
-3.308099417028670494e-04
-1.750211052043832674e-04
-1.537930841934236049e-04
-1.648136578017557290e-04
-1.784585386005127863e-04
-2.904893667842323841e-04
-1.962559240536799793e-04
-3.000109147736249276e-04
-3.433178854265576409e-04
-1.926150173702204809e-04
-2.679306409126023863e-04
-5.090592581923587346e-04
-3.060607305949137572e-04
-2.712915653016859975e-04
-1.495901850524588802e-04
-2.395531188508080625e-04
-2.680241095218923223e-04
-2.899616957549935327e-04
-1.942070346737309605e-04
-2.659134353700305545e-04
-3.076426485075024254e-04
-2.795349806388252537e-04
-2.748778314540713686e-04
1.134266452298936516e-04
-1.278938455622471906e-04
-2.352568676912355789e-04
-2.577441756874954398e-04
-2.786017312725642156e-04
-2.921217383593210080e-04
-3.082074510411890564e-04
-2.941738709645394805e-04
-3.128756406063584890e-04
-2.851207661966842044e-04
-2.974306731262836112e-04
-2.876088178510385895e-04
-2.160512661895523157e-04
-3.146786074972618441e-04
-2.913723787069182297e-04
-2.961729573290144924e-04
7.826233258344913373e-05
-1.548037673951332938e-04
-2.024193042518896205e-04
-2.415507132373600043e-04
1.089588693167237046e-04
-4.040124307290358333e-05
-2.072472354826935420e-04
-2.517211004913563364e-04
-2.864924386021743354e-04
-2.790432607853702185e-04
-2.697152735140250293e-04
-1.877604320201901617e-04
-2.558349181073929306e-04
-2.880540921124356162e-04
-4.385122776980450118e-04
-2.169957201744601250e-04
-2.302569808061889507e-04
-1.606831696906229148e-04
-3.840022066247585227e-04
-2.998960200435585180e-04
-2.257315748190053125e-04
-2.294016664426830571e-04
-2.124949508806315602e-04
-1.980513225325477124e-04
-3.739851043342343586e-04
-2.657132642453668482e-04
-2.109692711858448633e-04
-4.217813869541666046e-04
-2.532971548573354349e-04
-4.282620882976032246e-04
-2.836898909919551839e-04
-2.330632652970565546e-04
-4.383477798781976209e-04
-3.254003186761523017e-04
-2.102687280826725212e-04
-2.428422856416376794e-04
-2.442724595613141015e-04
-2.388650241585203965e-04
-2.260534806868750278e-04
-2.514144482698875611e-04
-2.517224152578954660e-04
-2.601726929884234018e-04
-3.835270361984027712e-04
-2.629905695047527652e-04
-1.615399751536824257e-04
-2.068950730720643129e-04
-2.160716811047630557e-04
-3.647445048030247016e-04
-4.262190131185493035e-04
6.054628389888358140e-05
-2.298664925331564694e-04
-1.080120941727545777e-04
-1.537026647965044940e-04
-3.737936884189019390e-04
-2.648747283057068793e-04
-1.779488041908591528e-04
-3.631853361402497221e-04
-2.829727669078563258e-04
-2.101626314364733240e-04
-1.884157832011742074e-04
-2.182691886806087010e-04
-2.041642563890971873e-04
-3.528449165153560657e-04
-2.431505194080922487e-04
-2.182161535107510935e-04
-1.864851777617204242e-04
-1.826866877541051776e-04
-1.912628727109772549e-04
-1.906609355008294382e-04
-1.951856328448338374e-04
-2.239774679366852365e-04
-3.626103263600465444e-04
-4.169359089932308431e-04
-4.244371500104965941e-04
-2.197429233363001975e-04
-1.010396290911406368e-04
-2.949055032250280910e-04
-2.085993050972424323e-04
-3.347371573389396645e-04
-4.597245958464864137e-04
-3.257893046597259892e-04
-4.226514529758583906e-04
-2.933165501824866548e-04
-2.448509208955478760e-04
-1.998803304950178450e-04
-1.964398849796221034e-04
5.554287301285629918e-05
-5.870834747032314520e-05
-1.589382740899905470e-04
8.597361724660145834e-05
-3.742007623177678183e-05
-1.546512296045825057e-04
-4.229689532471899165e-04
-3.375830518786434946e-04
-2.915411756784525043e-04
4.790407558512294429e-06
-1.248208244735593173e-04
-1.667892090119665123e-04
7.794596561529190865e-05
-2.181375110693311984e-04
-3.463819231054433650e-04
-2.233024436013541472e-04
-3.425978104578396061e-04
-2.111170157750523306e-04
-3.387063586967611287e-04
-2.046555480949112382e-04
-2.169747567468012224e-04
-2.124296812492948319e-04
-3.446681854168300160e-04
-2.526748367440991255e-04
-1.963616434465325592e-04
-3.275079376147096077e-04
-3.875180335889479195e-04
-2.773397504368593368e-04
-2.296360676401211194e-04
-2.111728830883067751e-04
-2.226178742316159594e-04
-3.335366745369397587e-04
-2.350934211426752244e-04
-1.921829798774723184e-04
-1.729613555372998366e-04
-1.330461448544137284e-04
-1.783516135173872981e-04
-3.185739068861676167e-04
-2.305809895493365739e-04
-1.846602509993860812e-04
-1.640591766419917873e-04
-1.600875662178455599e-04
-1.267926541284734756e-04
-1.213349059445826856e-04
-2.923860882835512616e-04
-2.252164708297314376e-04
-2.065623042718171657e-04
-1.712868053975948751e-04
-1.674270349445879623e-04
-2.910962400449673216e-04
-2.031935901307918666e-04
-1.705884854723937853e-04
-2.881338173604158824e-04
-2.108971161345800176e-04
-2.941506330740788037e-04
-1.865535732221077208e-04
-1.380784337281163582e-04
-2.649211357711652457e-04
-3.255693652782427655e-04
-1.427716536540674292e-04
-2.678252814753689101e-04
-1.718093100666641653e-04
-2.764412099168891469e-04
-1.613106238978935655e-04
-1.470367081999457014e-04
-1.315143649668723991e-04
-2.589009224612669365e-04
-1.910722883903896426e-04
-1.550869672438179704e-04
-1.493314038957040157e-04
-1.483272894757615762e-04
-1.771020502508315986e-04
-1.719714227873032518e-04
-1.753989538705548934e-04
-1.723622105142551850e-04
-1.804652544343014688e-04
-1.760136157760286207e-04
-2.938651794425703738e-04
-2.021083850682077584e-04
-1.799882423767059573e-04
-1.198575059780462599e-04
-1.601604584562065761e-04
-1.185522945878955534e-04
-1.610168978347276440e-04
-1.724674962769787818e-04
-1.776687483387016280e-04
-1.747190379374931725e-04
-1.643150027749462085e-04
-1.661188053662697244e-04
-1.605070760417404770e-04
-1.661367670312247460e-04
-1.618041383920391593e-04
-1.565089956152579886e-04
-1.689823907609816532e-04
-1.789267504202748439e-04
-1.799104836859165453e-04
-1.686583850476423407e-04
-1.687308158486714902e-04
-1.709112495365518940e-04
-1.613220885134188283e-04
-1.645470748610779437e-04
-1.775316906447328691e-04
-1.704142423723290466e-04
-1.619455039563464976e-04
-1.546384564965926349e-04
-1.581354341791218576e-04
-1.581476272560720909e-04
-1.642686407735100918e-04
-1.590189493152448501e-04
-1.643309510419454123e-04
-1.569474049651889598e-04
-2.517759409676425977e-04
-1.944391250521884933e-04
-1.572798600108031553e-04
-1.595280879927997680e-04
-1.454701275952757365e-04
-1.601907138083807805e-04
-1.619845071517101126e-04
-1.403689659335695752e-04
-1.504994655508502951e-04
-1.485234967304485633e-04
-2.784850447716552698e-04
-2.243967436178399908e-04
-1.939020232564835999e-04
-1.756213822980644257e-04
-1.671451287795780384e-04
-1.624493731409456620e-04
-1.512989181364521069e-04
-1.458233952293368099e-04
-1.088977032780090009e-04
-1.382161171181537230e-04
-1.456619998928429483e-04
-1.449918952401581772e-04
-1.475336003337767614e-04
-1.412855465490688066e-04
-2.343671471783633018e-04
-1.635328698857352813e-04
-1.396842348234829780e-04
-1.390541984055227516e-04
-1.202636879360322741e-04
-1.229577594169799931e-04
-2.415449582737225838e-04
-1.971230689565025933e-04
-2.676545030875861664e-04
-1.872169536740891124e-04
-1.562608154218869390e-04
-1.380760920562364104e-04
-9.636201216521569012e-05
-1.272444924654594607e-04
-1.002303176768071631e-04
-1.484375899075991571e-04
-1.613664136513110663e-04
-1.476279930755175723e-04
2.525305976092995263e-05
-1.423894990374019052e-04
-1.231914554188692085e-04
-1.237905664408454605e-04
-1.268811940000270553e-04
-1.377561133946058529e-04
-2.187946319190816702e-04
-1.559597268758543221e-04
-2.349779373236313737e-04
-1.838276692245116226e-04
-1.642857226534985278e-04
-1.534845122459410139e-04
-1.442295308958476329e-04
-2.551449831371525347e-04
-2.053122946076006868e-04
-1.938780704894876492e-04
-1.340795082335755333e-04
-1.115566098875257501e-04
-1.593110209613941668e-04
-1.570781479231659337e-04
-1.480384202470705899e-04
-2.255529530427589533e-04
-1.295234466511275282e-04
1.454859403537658703e-05
-5.071000332599378472e-05
-8.848095237209502523e-05
-7.131589196193294765e-05
-1.904610434628552272e-04
-1.526006038826601275e-04
-2.207097493511683329e-04
-1.598052142574487569e-04
-8.850160998711311929e-05
-1.866857503008811502e-04
-1.465832344804495857e-04
-1.126397019935946459e-04
-1.016200364386646868e-04
-1.178089318796418601e-04
-1.973404579134150087e-04
-1.370395777184552012e-04
-1.097168615720870078e-04
-1.115993076492373029e-04
-1.141220591172448478e-04
-1.184174160459975137e-04
-1.301606859051086037e-04
-9.111196051901937238e-05
-1.254168596580293254e-04
-9.499300420888466838e-05
-8.811807361957118580e-05
-1.361208391139222718e-04
-1.355398869963216925e-04
-1.366163191009268560e-04
-1.291543095055307461e-04
-1.239213669807214273e-04
-1.254188589348142493e-04
-8.941228413542580346e-05
-1.091971174248350921e-04
-1.190632541131906626e-04
-1.250984805118515546e-04
-1.194636585117904573e-04
-1.164730149471078225e-04
-1.262596402325222560e-04
-1.946908383560344634e-04
-1.504153544338478741e-04
1.621994759058749397e-05
-4.284506814442831961e-05
-7.409900880877319247e-05
-9.473617489569252854e-05
-1.097512364451425044e-04
-1.138037988316245006e-04
-1.211126569570321386e-04
-1.168065150921915080e-04
-8.937779453448210646e-05
-1.143906900351928247e-04
-1.283434882223391581e-04
-1.290885033283190682e-04
-1.229785598475020033e-04
-1.210567343940066815e-04
2.410904945391199321e-05
-4.668820200654815095e-05
-4.976876414662281106e-05
-1.093436150314057139e-04
-1.172428796356161099e-04
-1.205861288209423172e-04
1.297721741323644457e-05
-6.666092618674779519e-05
-9.351975063626779411e-05
3.666518870683089821e-05
-4.540551414251429882e-05
6.450527314708167411e-05
1.334141832494429030e-04
2.660630586830875136e-06
-6.778053991534378883e-05
-1.028190167432659188e-04
-1.175345519494908086e-04
-1.321980189670180980e-04
-1.424007223045542676e-04
-1.466225781616241602e-04
-1.350989904705475659e-04
-1.433656253895172522e-04
-1.330429665143062154e-04
-1.271529104028729399e-04
-9.906251932932269068e-05
-1.233259025169591188e-04
-1.306244157334890041e-04
-1.265257662470534096e-04
-1.256521926561842144e-04
-1.229196100125608162e-04
-1.199330961661866185e-04
-1.173431594107075257e-04
-1.153360225531839382e-04
-1.138920846880684204e-04
-1.129164160741238590e-04
-1.123001945963876747e-04
-1.119462576202551678e-04
-1.117769734970403261e-04
-1.117340749371643546e-04
-1.117755291985711062e-04
-1.118716791798480230e-04
-1.120018214085591589e-04
-1.121514225595603040e-04
-1.123101017763604247e-04
-1.124701977024334976e-04
-1.126258351641820876e-04
-1.127723108954945263e-04
-1.129057502869624998e-04
-1.130228633789605726e-04
-1.131208496597951320e-04
-1.131973168477873944e-04
-1.132502761574414392e-04
-1.132781027008908234e-04
-1.132795204406475116e-04
-1.132535924586649265e-04
-1.131997124723298025e-04
-1.131175690088379938e-04
-1.130071184147081578e-04
-1.128685681063954134e-04
-1.783452697943564258e-04
-1.325399947990661882e-04
-1.103182123276421050e-04
-1.012907436540185874e-04
-9.933989512569674208e-05
-9.954265235365684201e-05
2.080450107447698449e-05
-4.209840132238162002e-05
-7.329553489882619595e-05
-1.555028409184029074e-04
-1.937443558706412037e-04
-1.338259646978921943e-04
-1.073028620418903006e-04
1.913773843342142487e-05
-3.168145687240095837e-05
-6.311703413036129655e-05
-8.314776472053762141e-05
-1.041770573373584149e-04
-2.009994144576326741e-04
-2.563193564027044648e-04
-7.394174947161947934e-04
-2.466889153510070862e-03
-7.027553223018888698e-03
-1.478489495929728552e-02
-2.136583294689628140e-02
-2.551422590620672573e-02
-3.134932123873045151e-02
-3.690285205815684033e-02
-3.514203083909345909e-02
-3.950515079080737374e-02
-7.251563728146410981e-02
-6.001921667335853583e-02
-4.613207337407085329e-02
-3.938863702796578659e-02
-4.304492668048898879e-02
-3.872837794496748060e-02
-4.349893508148226090e-02
-4.557191424287295595e-02
-3.904250619410971207e-02
-3.586035298873509886e-02
-4.158482094649305905e-02
-3.733761369929779195e-02
-3.506565332581772915e-02
-3.414647501266712681e-02
-4.075531452335000304e-02
-4.423810710140659019e-02
-3.524400497059033965e-02
-3.519962961354763248e-02
-3.430786564696092222e-02
-3.395156717348333381e-02
-7.897991945317675566e-02
-4.922069104174637416e-02
-4.966624566621676701e-02
-4.099413468934605398e-02
-4.477280677284323912e-02
-9.000725991357415301e-02
-1.345365530533901011e-01
-6.367239443097370832e-02
-4.058979435138983238e-02
-3.031287707041432217e-02
-9.558297548718863723e-02
-1.453628640974754804e-01
-8.206676468578866235e-02
-4.583426151408978577e-02
-4.021152966006935614e-02
-3.687169417402270943e-02
-3.682224755021972634e-02
-9.024250582524684372e-02
-1.267073094180880544e-01
-6.047082805621099844e-02
-3.133613528778147334e-02
-4.275750579333950641e-02
-3.082768710079306085e-02
-4.133857419510258979e-02
-4.477604034847907505e-02
-2.921854333248519175e-02
-9.766863531511951746e-02
-5.362058982933621404e-02
-4.844605625443684782e-02
-4.603772654771909334e-02
-3.921440529695216504e-02
-2.434030991639104038e-02
-3.929182343630364949e-02
-4.423765002063491381e-02
-3.708438748399849744e-02
-9.548251345515089417e-02
-1.307749966507384121e-01
-4.968223136340720048e-02
-2.665843202534273759e-02
-9.994549002943040050e-02
-6.312154891067933704e-02
-5.195119202187391261e-02
-4.115837239616229604e-02
-4.184174466236446899e-02
-4.208537248334316000e-02
-4.283040986980618525e-02
-4.261383038306336413e-02
-4.257092949865899645e-02
-4.300139513084816345e-02
-4.304157703549012920e-02
-4.294815216398050611e-02
-4.251771655943051981e-02
-2.545549736960986062e-02
-8.670630930360175015e-02
-1.115542628399867758e-01
-1.306199843261597326e-01
-7.386785315708145616e-02
-4.686208246258420640e-02
-1.110892835594170652e-01
-1.280966590626239354e-01
-7.135130704775839716e-02
-3.194409421213962458e-02
-4.384269383493300670e-02
-1.032738730693273654e-01
-1.514493592950948431e-01
-5.649163211315441635e-02
-5.380718333888247912e-02
-4.788839781939125545e-02
-4.546847234975205654e-02
-4.432053708415713278e-02
-4.360709863226962940e-02
-2.455138566480173992e-02
-9.138984605313089926e-02
-1.147501611385699782e-01
-1.651961998989214808e-01
-7.916882487788998168e-02
-5.580974954246781944e-02
-4.812460712508499078e-02
-3.855023454680598510e-02
-3.747747888336211419e-02
-4.443387784248192807e-02
-4.163186717973009487e-02
-7.197156850889982471e-02
-5.549946504319747814e-02
-4.555862619735615709e-02
-2.389065692887782505e-02
-9.177643183562946005e-02
-1.143230535743447601e-01
-5.841059151295511370e-02
-5.235952118143771122e-02
-4.553846494025545755e-02
-2.145592961421640896e-02
-3.233908802849447262e-02
-3.483172397917141255e-02
-4.450463116261168389e-02
-4.204833283972273655e-02
-7.247552068038368156e-02
-2.862907044184615987e-02
-1.657814209386013204e-02
-1.051954523989753199e-01
-6.221834879825812598e-02
-4.919104403561987138e-02
-4.458555858381528514e-02
-2.332112419288006472e-02
-9.468020397666838950e-02
-6.121579552540975383e-02
-2.601019076690738036e-02
-3.376108765192822186e-02
-1.911432400787379735e-02
-9.635748629723575598e-02
-6.218046435106965031e-02
-4.153978580255617697e-02
-3.598071508970199922e-02
-2.067238960164867467e-02
-3.210827522908892007e-02
-1.942600095467616333e-02
-3.217786816606521549e-02
-1.934874459672968755e-02
-9.584071199730767598e-02
-6.101544005426589451e-02
-2.519641806097941764e-02
-1.066475428305032613e-01
-3.554007618801011820e-02
-4.514118960169884176e-02
-1.086465665876190784e-01
-6.394097994308511890e-02
-4.642771602400005970e-02
-1.103708471798404839e-01
-3.560054552046896387e-02
-7.752239726834336819e-02
-1.457022458790995234e-01
-1.784882074551866205e-01
-7.988663562992356915e-02
-1.238971139488374978e-01
-6.705779418487939347e-02
-2.466778845757970975e-02
-3.683161563286212192e-02
-3.688252705633599665e-02
-4.176993395662555175e-02
-4.108678245908841536e-02
-3.860917690726164975e-02
-3.780217895303718961e-02
-4.052144528248884103e-02
-3.647455957392520265e-02
-9.806046979361922322e-02
-3.296925846181306824e-02
-4.207365072447665638e-02
-1.032190537453547968e-01
-1.473146271443216415e-01
-7.044930893650420967e-02
-8.926688005177711716e-02
-5.603795588727039645e-02
-8.185543102746145605e-02
-5.508537743524335312e-02
-4.688443961675495958e-02
-4.252751173656826866e-02
-4.002819584465124730e-02
-4.471656790239023072e-02
-3.625230373224390401e-02
-3.969502687268549462e-02
-2.054174180244095274e-02
-9.704602816830715240e-02
-6.000929779995371749e-02
-2.311070451216183999e-02
-1.041737674818179193e-01
-3.289997218948648855e-02
-4.459096016508370952e-02
-4.348975090497381873e-02
-4.030263870076999932e-02
-1.068992203261123763e-01
-4.355681406986281617e-02
-7.754512235119025154e-02
-5.508512499261740414e-02
-8.995616762425323598e-02
-5.304464879902475588e-02
-4.830873586178485030e-02
-4.533346015183988692e-02
-4.238257467064403261e-02
-2.722643157952275503e-02
-1.511158125010595051e-02
-9.929748350354414277e-02
-6.059556190406924225e-02
-4.521832685882293951e-02
-2.892587172067967449e-02
-1.426384412878201752e-02
-4.335105482014497275e-02
-1.040682860197238435e-01
-1.432291311961833846e-01
-6.975569016628187236e-02
-4.741653398298195654e-02
-2.679409624986857710e-02
-4.220400283301119909e-02
-1.009663668904798861e-01
-3.131587248764344106e-02
-3.877509039084538894e-02
-2.392380566279585230e-02
-1.982848953774564785e-02
-3.460921996699889425e-02
-7.535376696464782253e-02
-3.432077548545328649e-02
-1.258801232399396897e-01
-1.208504033065667810e-01
-6.283476354452455226e-02
-1.345750405864804267e-01
-6.434437564698161638e-02
-5.053477954960557128e-02
-1.714210354850615250e-02
-3.929432376497420804e-02
-4.172158830923120704e-02
-2.531963858795066927e-02
-9.984206783799781659e-02
-5.988848515941121858e-02
-4.164793643016399816e-02
-4.585472067171271482e-02
-3.655435648749431193e-02
-4.430903696624902133e-02
-1.036986233572082666e-01
-4.967992994185758265e-02
-1.981900581700550210e-02
-1.086290749436744224e-01
-3.915220863350104413e-02
-4.256046902442434804e-02
-1.098110971164270033e-01
-6.159943406085037487e-02
-2.053856309555725929e-02
-3.477960657255350918e-02
-7.652758291471617458e-02
-3.328448509540085642e-02
-4.235426732055536103e-02
-1.532631418141386544e-02
-4.225354706233330065e-02
-4.346172485372028910e-02
-1.023989174213288389e-01
-4.962832410852548864e-02
-1.152213048068581880e-01
-5.346903647914134916e-02
-1.209219521160987271e-01
-1.569355238226046168e-01
-6.471219571306710550e-02
-4.366742851490013066e-02
-1.133518811014725680e-01
-1.512483581914806641e-01
-1.681314317785844725e-01
-7.134021909184438959e-02
-4.196149991932707907e-02
-1.094647970131157888e-01
-1.407596969279834853e-01
-1.603190035424221782e-01
-7.048525782927163308e-02
-2.109475417940535544e-02
-3.998872268597702256e-02
-2.463097929144360265e-02
-6.002802488040922396e-02
-3.940643867176546467e-02
-4.369036864390381941e-02
-1.648552952674640221e-02
-1.014128008990499569e-02
-5.856283002598513740e-03
-5.689423581204681481e-03
-1.976751496823271961e-02
-1.995598421160164546e-02
-7.204554030384966411e-03
-1.388697215453998067e-02
-1.576078621086613937e-02
6.309954016623221893e-04
-1.135066775864524390e-02
-1.043311555232495809e-02
-8.260955592163712544e-03
-4.715581550991689713e-03
-1.143525781414894867e-02
-1.320582416586909245e-02
-1.421872219355562491e-04
-1.873916712442065405e-03
-1.622484747556594093e-03
2.063694545742268249e-03
-1.993280180562662963e-03
-2.546524625294291702e-03
-6.808356534773914170e-03
1.239636538342866069e-03
3.716236130329558275e-03
-8.102716485735607377e-04
-1.798382294463754874e-03
2.219069941218894653e-03
-3.180301487930933466e-03
-2.008892143056445131e-03
-2.208682071585215626e-03
-6.424801206847504352e-03
-1.009800767663132995e-02
-5.454926996996713184e-03
1.909388922998117967e-03
-2.770826262628714887e-03
-1.915113910108854787e-03
-1.928929958850408161e-03
-6.077743378367399946e-03
-2.872689213401608335e-03
-3.278289805979178566e-03
-1.768132096542338527e-03
-4.541486933475673456e-03
-6.587061097274235499e-03
5.545421215260369321e-05
-1.730437811924286085e-03
-1.559295857782928276e-03
-1.259698588541063608e-03
-1.378862792385012219e-03
-1.402321847586109798e-03
-1.796180323455296921e-03
-3.527986956245041366e-03
-3.316623865260636024e-03
-1.408919966060509163e-03
-4.899877295005183007e-03
-2.534128476557495797e-03
2.301299849048285974e-04
7.169846937469799390e-05
-2.043874718579686851e-03
-4.308703347260828265e-03
-1.473250374482181543e-03
6.753667697148882333e-04
-4.523448449522097722e-03
-8.611898242630839457e-04
-5.284599399843287020e-03
-5.721544854268906764e-03
-3.615913364050566715e-03
-1.692184459198340383e-03
-4.222363270267273649e-03
-1.926885541929651037e-03
-8.902577376538811584e-05
9.202753503449000302e-04
2.089664100479012888e-03
-3.737339775942403759e-04
-1.791872387713230354e-03
7.637384929065578259e-05
-4.157700747487760341e-03
5.743718182981112988e-04
2.127197882346664858e-03
-7.340368407822518487e-04
6.619045921649735747e-04
-3.364090573717506798e-03
7.866252215990697126e-04
3.409816719784318495e-04
3.561979836632866124e-04
5.461258802835198579e-04
1.307587789372337056e-03
-5.973723687953957917e-04
-3.623549889417844276e-03
-2.173707371854991226e-03
-1.346324352411345203e-03
-1.933336104988560506e-03
-1.152397514865663008e-03
-1.774246338854861644e-03
-6.077586324789735093e-04
-4.167111301150569144e-04
-1.933711265070746019e-03
-7.119231979436887233e-04
5.030808459167155147e-04
-1.322220937661539811e-03
-8.128864858108988565e-04
-8.147126362564929012e-04
-9.442740223388507593e-04
-1.553445407805339497e-03
-8.961828066858857668e-04
-8.381743407039737295e-04
-7.726742909649017988e-04
-4.455974376458579991e-05
-2.163023774203739775e-03
7.667124415987088134e-05
-2.573885736832880883e-03
-1.206933483222959137e-03
6.708826093246075123e-04
-2.257446824058679125e-03
8.093447667302332673e-05
-1.027395516427427689e-03
-8.538045210550259485e-04
-3.146334142250021529e-04
3.650782105000649870e-04
5.804362247675818633e-04
-1.395912016751248413e-03
7.066335162016413500e-04
-1.947589973681371645e-03
-1.024755757166993190e-03
-1.100461933299983147e-03
-2.944531899265406729e-03
-1.673618237567759282e-03
-5.372587112075608191e-04
-8.885424744976866710e-04
3.229030384752642157e-05
-1.190230461325879861e-03
-1.415410554894882189e-03
-6.388857516863392103e-04
-1.165507857036530157e-03
-6.695038245991911247e-04
-1.297841395542600508e-03
-7.127145551748162011e-04
-2.429327258090343156e-03
-2.041361991595052109e-04
-1.879821210358100783e-03
-1.273125663349953260e-03
3.911056650060880011e-04
5.729809668976891448e-04
8.067880610187009574e-04
3.842668812827170193e-04
1.294178218803223148e-03
-1.471133444582647671e-04
-2.037569510841454132e-03
-3.382521018670021137e-03
-2.122804896415439978e-03
-1.885269179438471207e-03
-8.199878914244944361e-04
-6.603701365326499536e-04
-5.657083610235088839e-04
-1.170551623671346915e-03
-6.882326221659054851e-04
-1.103755723512657872e-03
-6.208695408038521343e-04
3.328162225534981385e-04
5.885632915188465609e-04
-5.024570388518333078e-04
-9.086577694805669087e-05
-5.861522506013510259e-04
7.511860326423565239e-04
-2.278553126242096206e-04
-6.637427098840150037e-04
4.914761212807793869e-04
-4.018391040199367336e-04
-1.105188162531127232e-04
-5.151640349917680850e-04
6.142185554992376801e-04
1.215054731567776760e-03
-2.863245331621547978e-04
-7.991660250604963470e-04
-1.085404537797665225e-03
-5.829385464034611813e-04
-9.246277410465564978e-04
-5.139932550405010032e-04
-9.024165688190184317e-04
-3.357843498739838928e-04
-8.203772682829813976e-04
-9.315068094435282860e-04
-1.802990061514171607e-04
-3.675673317711766796e-04
-1.599628132459461442e-03
-7.731617922516148631e-04
-1.469941572873840379e-03
-8.776757394724937246e-04
-6.386210577614730372e-04
-1.413192872314607664e-03
-2.113721693002134239e-03
-4.677915014420137873e-04
4.138955778043589451e-04
-7.733228485336821273e-04
-3.515826810580019012e-04
-7.199317521298651597e-04
-8.839335319403578053e-04
-7.600888940543958560e-04
-3.906457333118136272e-04
4.708580655926553277e-04
-2.664340624901515259e-04
-1.201299381756228021e-04
-1.427113290074055036e-04
5.287848732480982059e-04
-2.192365042887848431e-04
6.144601458994708313e-04
-2.740054956013643263e-04
-5.069849445554367243e-04
-1.519760988920056078e-03
2.464764840418194060e-04
6.758548605294836462e-04
-3.150871795858212849e-04
-5.459902833097612799e-04
-1.408556096645262583e-03
-1.490995845004732369e-03
-1.757410502875362711e-03
-1.452011904693909590e-04
-4.716700017662698446e-04
-1.234966260486358497e-04
-1.439423213827587802e-03
2.475140019145736993e-04
-6.760567835346737407e-04
8.645985635430491177e-05
6.831000631087031207e-04
-5.881658269080657607e-04
-4.730660535026267135e-04
-4.847573243990915132e-04
-1.122183656495864736e-03
-1.237379786136200386e-05
-4.536323757493643315e-04
-3.035409895730424709e-04
5.372611758699726969e-04
6.056029585494280979e-04
-2.008815329841458078e-04
6.227532749247532973e-04
5.724969449409778163e-04
-1.020493473877675953e-03
-5.497150772296437865e-04
-8.265379642850776950e-04
-7.021414068583758591e-04
-7.290465324599911499e-04
3.936291258082400685e-04
6.149397921848884360e-04
3.145716665244245683e-05
-4.678333851179033520e-04
-4.113124072852613385e-04
-3.999451402688394244e-04
-1.293015502691367488e-03
-3.755317049596035165e-04
-1.794488717599119457e-04
-2.816465898103405214e-04
-1.362900058708757479e-03
2.088056769577337701e-04
-1.131015445912789954e-03
1.550855906729890733e-04
-7.050412856083231256e-04
-8.845258872311610905e-04
-4.285584543925580843e-04
4.880275844268222932e-04
-2.005869312472880167e-04
-1.605068852944824221e-03
-1.685019927183835191e-03
-7.939880195738034359e-04
-6.507611889677002376e-04
-1.160016454761803994e-03
1.217951743364897789e-04
4.152306829263727270e-04
-8.894232973962561389e-04
-3.317431351038725999e-04
-3.950190113433431826e-04
-7.940944900633859936e-04
-8.505683461946997575e-04
3.396220605798401710e-04
-1.817300176030788624e-04
-9.259675646896882179e-04
-1.454170749424911740e-03
-1.792164982481614518e-04
-1.188145317277128441e-03
-7.828251546649850432e-04
1.727403565852500187e-04
-2.491868437234325733e-04
-7.164879207405527297e-04
-7.843711441003591023e-04
1.819009626924904933e-05
-2.480541564223758596e-04
-5.066570302714908103e-04
-4.029354065977884146e-04
-7.233567674894355887e-04
-1.330475252475188993e-03
1.029159172485650793e-04
-2.362599005947050960e-04
-6.842900904632140098e-04
-3.975698457545929479e-04
-7.104784407364781937e-04
3.232417209676798076e-04
-8.997781548641484183e-05
-1.622353069560317131e-04
-3.614432372744661088e-04
-1.108966115439900335e-03
-1.008442981002608593e-03
-8.788985635258924267e-04
-4.019593523812491445e-04
-2.892091361338231968e-04
-2.239055776988373267e-04
-7.271945346403089843e-05
-3.081943564448201361e-04
-3.524963357895636836e-04
-3.671620194158005434e-04
-6.499270680342235590e-04
-6.833889349012736356e-04
-2.985595638966969680e-04
-2.059219399806696041e-04
3.409941391596502287e-04
5.447767002949868926e-04
5.422131865050200264e-04
6.604863690995423304e-04
-1.013823155491486508e-03
-1.590747724707082316e-03
-1.141130394995270182e-03
-5.577158594643072008e-04
-2.141186891563199408e-04
-7.515728730049172105e-04
-8.439180479323036676e-04
-8.098936674990071371e-04
2.683431283509456916e-04
-5.034392461197775013e-04
-6.619626498437201651e-04
-6.931885933292683847e-04
-1.115948882591067141e-03
-3.911563390672015959e-04
-2.925098594252194002e-04
-6.269510091943032454e-04
3.713396799227616915e-04
-8.827039158012578077e-05
4.485818763998321345e-04
-3.855741101535377450e-05
3.647628240522913850e-04
-7.513640936006758461e-04
-1.256495509500853234e-03
-1.068315853355115324e-03
-1.251317174129804814e-03
-9.744016235949102579e-04
-8.198213670372644967e-04
3.069064583005514995e-04
-1.343176313501412292e-04
-8.058906691462317754e-04
-8.260812814796202053e-04
-7.701373718079819203e-04
-2.527185567704523625e-04
2.866930975450715491e-04
-1.756508752247558293e-04
-5.635820423820589887e-04
-3.529704229847927845e-04
-3.037628237027025727e-04
-5.954807365873977494e-04
-6.437377854608128391e-04
-2.880720982107016722e-04
3.508850596549712830e-04
-3.868340754957370117e-04
-5.956872493109911402e-04
1.008932896585333899e-04
-4.718212577552744077e-04
-4.736200024873496906e-04
3.344216547755513263e-04
-1.468219534587673653e-04
1.635976549882750761e-05
-2.143867199815216982e-04
-7.667953252854745744e-04
-5.738558167769411801e-04
1.229869280862691636e-04
4.397486520123966612e-04
-6.235744744054653272e-04
-7.353468648968128091e-04
-7.682380073169427052e-04
-4.332485173766238663e-04
-6.290987398751691877e-04
2.062114482615654346e-04
-4.111811613918823268e-04
1.883212619082995473e-04
-1.980943308713418039e-04
-3.094065125376541082e-04
-2.522418902036869148e-04
-8.466452844901673543e-04
-3.005011828737894774e-05
-4.880580310820911466e-04
-7.131459645999336638e-04
3.032442862565556423e-05
-7.122389741055651109e-04
6.744311393333044641e-05
-6.762302351310605589e-04
-5.545793714334604088e-04
-4.507892424787765290e-04
-3.968988724687725960e-04
-5.887811408279567445e-04
-6.323956651634356219e-04
-5.597148190816924468e-04
-5.363430241493602436e-04
-5.151668143653160203e-04
-4.931256998187764614e-04
-5.174834861903162024e-04
2.771360946981607011e-04
-2.742313216990895650e-04
-4.842884145507843070e-04
-1.029146663122801125e-03
-9.941482013680403348e-04
-5.564423974904107945e-04
-5.330941436269537705e-04
-5.998958644692738628e-04
-6.482204785995938998e-04
-4.067547662552438285e-04
1.796258432910915949e-04
-3.534138601438792577e-04
-5.142263426509952572e-04
-5.428691398161893025e-04
2.134003375147921393e-04
4.909659521827682872e-04
-4.811651429770275073e-05
2.439440611594074275e-05
-9.774385871800387920e-05
-4.854133942742585553e-04
-3.222918519315423960e-04
2.436994736039029474e-04
-5.066714558081851966e-05
-4.520381905811768006e-04
1.629847581377232783e-04
4.976195773829816295e-04
-2.702822520589194164e-04
-2.562228576637756803e-04
-2.685895842034745633e-04
-2.760126842798425457e-04
-2.128016439333359450e-04
-2.769719352557947268e-04
1.564568016898960489e-04
-5.007789175429252192e-04
-3.068174342877676131e-04
-2.508593087085634644e-04
-4.921652523911477237e-04
-2.710687498453304817e-04
-4.197777356258893347e-04
-5.026500963490563309e-04
-5.544955867450224781e-04
-4.065404047795061855e-04
-4.722535157369047408e-04
-2.580304197114378266e-04
-4.953148283861248408e-04
-3.283143394931420009e-04
2.083961687787386945e-04
-1.231716120841259412e-04
-5.455222389271449949e-04
-5.666733557513047850e-04
-3.132535390774907535e-04
-1.707995917229369138e-04
-2.907114685672518685e-04
-4.320371331391094621e-04
-4.482336744050625325e-04
-1.796081715750422788e-04
-1.355562914842119041e-04
-3.757357783952145294e-04
-1.989288279131369358e-04
-1.676563573647647288e-04
2.366045687749201878e-04
-2.515005752718561601e-05
2.455337377022524564e-04
-1.339025464584136279e-04
-2.266832873895292865e-04
-2.600133845302045181e-04
-2.719343943135830760e-04
-4.494243785210890103e-04
-2.921571501094447597e-04
-1.655350393461478607e-04
-3.942228674695449886e-04
-4.395991311153657878e-04
-2.092047432799262665e-04
-3.749965748373043834e-04
-4.148181656509537948e-04
-4.160907371841944752e-04
-1.655667828581001706e-04
3.283532720876089863e-04
4.138733525983357689e-04
-2.849557645076487952e-05
-1.232626257922792565e-04
1.829142713074485979e-04
3.299849430830052071e-04
-8.701515176657694602e-05
-2.298178058742533954e-04
-2.736331574797757618e-04
-4.770816574798135618e-04
-2.734177855913630948e-04
-2.366523796643508852e-04
-2.346095247095737670e-04
-4.086303990442953786e-04
1.170772325667929898e-04
-9.222182396350474948e-05
-1.797923558789950988e-04
1.888897539530635017e-04
-1.053233209687286947e-04
2.309747828239684100e-04
-2.764342778463354470e-04
-2.269603053379267181e-04
1.886803578543987450e-04
-1.051140715929792089e-04
-3.782402031058970746e-04
-2.558108235349716405e-04
-2.244972377187818495e-04
-1.724048622903679589e-04
-2.267169905543739742e-04
-2.343101725507508665e-04
-2.235548158792552908e-04
-2.165931452853487791e-04
-4.986312737711253752e-04
1.776418383951642967e-05
-1.583659392092860198e-04
-2.368608980883545306e-04
-2.327313424473060992e-04
-1.782450063903894910e-04
-3.600995737596889663e-04
-2.302652190256347382e-04
-2.095328004351878972e-04
-1.839646411592856326e-04
-3.245713334178125173e-04
-1.950410198830420359e-04
-3.240871942954979060e-04
-1.779127891972122875e-04
1.660374698334351876e-04
-7.544212296663053413e-06
-2.858750594523057050e-04
-1.932820658343364060e-04
-1.182386358864560280e-04
-1.718248438797493369e-04
-1.980068788111253534e-04
-4.108027143786239523e-04
-3.045851588555286240e-04
-2.295105939589859613e-04
9.946365894372268608e-05
-1.169055445377026011e-04
-1.685954991962941183e-04
-4.460493307664238649e-04
-2.484251244765567010e-04
-2.485997414325068710e-04
-3.477215645791675966e-04
-2.204306789887650357e-04
-1.610420602394040622e-04
-1.052508472086091722e-04
-1.001697232234126719e-04
-1.648615551385938999e-04
-2.984142422290202005e-04
-1.102791221159666094e-04
1.099460723214358755e-04
-5.968038116230831789e-05
-1.211865592048771214e-04
-1.601451501370951584e-04
-1.594956547428086390e-04
-1.165385176551251331e-04
-1.124001140070853152e-04
-1.745309574912805414e-04
-1.715295631252960313e-04
-1.123795902322822008e-04
-1.585021509766623054e-04
-1.629919547318148178e-04
-1.567071330215985265e-04
-3.081155926242057580e-04
-3.110541993114301061e-04
-3.288104082264366678e-04
-3.171796679050974468e-04
-1.116224915463826000e-04
-4.127404122294301249e-05
-1.097116929258125476e-04
-1.349690251720792934e-04
-1.466827707699453484e-04
-1.483868410767570948e-04
-1.721886090259356521e-04
-1.574802600589994984e-04
-1.597848360614448750e-04
-1.621374046912141568e-04
-1.686633898657561822e-04
-1.247402998051648265e-04
-1.662279734147638799e-04
-1.224599443939277527e-04
-1.092344282876875870e-04
-1.605284155200231255e-04
-1.561367698965680990e-04
-1.492600153625995565e-04
-1.377144581342598206e-04
-1.395911088325163757e-04
-1.448628096326486266e-04
-1.436161652813537095e-04
-1.622854481597458274e-04
-1.702559418675653473e-04
-1.546823991854522789e-04
-3.484728750143477696e-04
-7.932966799507324513e-07
-1.221956705039684195e-04
-1.536891436148553173e-04
-1.630051111710235608e-04
-1.694954502149964440e-04
-2.826970479485775025e-04
-3.511617791186407052e-04
-4.460637792622450248e-04
-3.497761848858966247e-05
-1.349864931782883805e-04
-1.166838998157760694e-04
-1.685006676153825219e-04
-1.340954665389492199e-04
-1.709936675358851642e-04
-1.825255435501659277e-04
-1.156118252171517478e-04
-1.527355340957024321e-04
-1.027307921262265647e-04
-8.923512541436343277e-05
-1.443187620979182969e-04
-1.392275471241259395e-04
-1.332998081908436745e-04
-1.277761517834384564e-04
9.783673130548703630e-05
-5.541425417059859165e-05
-6.956170242125143358e-05
-1.525875394216133691e-04
-1.501021918118611200e-04
-1.646477667753817116e-04
-1.447194346502055518e-04
-1.482610830710337578e-04
9.415025968966824572e-05
-6.976198669856829425e-05
-1.276884043462485016e-04
-1.631007990774322413e-04
-1.191431715202617735e-04
-1.527603550380548310e-04
-2.627891364132214653e-04
-1.564961563424036234e-04
-2.496436274972685236e-04
7.042066722145411920e-05
-5.969853236186834367e-05
-5.891018161213269143e-05
-2.262388616043745689e-04
-1.443028058047060168e-04
-8.840369954080990909e-05
-7.411007533287902065e-05
-1.438367400110199333e-04
-2.358230894375309169e-04
-1.977399905876391767e-04
-1.199731994086198229e-04
-2.181541949263410989e-04
-1.034799141611231324e-04
-1.038265739466497062e-04
-9.713504493918412601e-05
-1.072207649454542217e-04
-2.320921115169052884e-04
-9.586746524362934306e-05
-1.195730128101111687e-04
-1.193802674669166013e-04
-1.399469893636294386e-04
-1.234546837668820641e-04
-2.558506716478266144e-04
-1.091380241842527426e-04
-1.219403444810297218e-04
-8.133281393089926892e-05
-2.247956368384985938e-04
-1.545631504404116241e-04
-7.500734674897031168e-05
-1.144239246478186243e-04
-1.185110895085318569e-04
-7.537028985984325902e-05
-2.370658978737378783e-04
-1.306793234603282922e-04
-2.413621786588230440e-04
6.485405235762000222e-05
-4.950908590588328769e-05
-4.938892799514499077e-05
-2.103300077149879643e-04
-1.326069582162460795e-04
-1.157842836092491104e-04
9.548710923339532133e-05
-4.513555607852793152e-05
-2.177402826710751174e-04
-1.404614281519297992e-04
-1.242486821707289562e-04
-1.255417023731170069e-04
-1.287148432021935210e-04
-1.379581890007335033e-04
-1.361203475313500972e-04
8.547207240062912282e-05
-8.071995867917040207e-05
-1.278009396424937400e-04
-1.446338978158849737e-04
6.101091175220651005e-05
-7.629350945394590378e-05
-1.315532798152656497e-04
-1.481660217498435481e-04
-1.451197146801859938e-04
-1.430510712613102171e-04
-1.123653209299174872e-04
6.188827365357325925e-05
-2.967473082288070847e-05
-1.301031579027867231e-04
-2.264441235297030841e-04
-1.426623176488075095e-04
-1.209871313692495296e-04
-2.146492323190245298e-04
-1.407665586491698253e-04
-7.296915652850464778e-05
-1.182652061290248395e-04
-1.328853974330729010e-04
1.088718146019362746e-04
-2.714630118125998954e-05
1.295734300549065499e-04
-5.128606884166735531e-05
-2.061438490094378889e-04
-1.184649021894118782e-04
5.815992826420345594e-05
-4.023551086917235420e-05
-4.668062139344725025e-05
-1.073315261436869473e-04
-1.459237985369344986e-04
-1.722877367126029492e-04
-2.900418799336076914e-04
-1.590972188945874747e-03
-3.605939062674455315e-03
-9.322200616383941388e-03
-1.776824774175587637e-02
-2.418772677652822334e-02
-3.014295948422666613e-02
-6.057830109147412101e-02
-4.779872757618443962e-02
-4.286074538809860057e-02
-3.693354210183615732e-02
-3.281610517834489260e-02
-3.788567067268285016e-02
-7.774506520120476327e-02
-4.299362014024309814e-02
-3.826402038932184835e-02
-3.551021601645126119e-02
-3.906233114732581002e-02
-3.634864203356232004e-02
-3.617520242062240154e-02
-3.890405846641991489e-02
-3.600636527189454705e-02
-2.869788875247119425e-02
-3.373992890994231136e-02
-2.721644343264555815e-02
-3.774087954505882941e-02
-2.827831006734547042e-02
-3.879866645732340386e-02
-2.579636396267296836e-02
-8.793034538551379453e-02
-5.807193774938834013e-02
-4.811938816257128188e-02
-3.987493995147903952e-02
-4.119560606505832251e-02
-4.148870909845404215e-02
-4.104927939035981493e-02
-3.740173887642943978e-02
-3.994902140965859993e-02
-4.051902525848631587e-02
-9.053672377788095360e-02
-5.669826872369430198e-02
-4.660153432862813860e-02
-3.788998567183327754e-02
-9.295919758750612050e-02
-5.637717066095668944e-02
-4.564866629575130980e-02
-3.291684985587197548e-02
-7.405051407324569901e-02
-4.041161236503768711e-02
-2.173774961500530775e-02
-3.937601131561736800e-02
-3.863751706754329357e-02
-3.781366450658871226e-02
-4.109124241132648681e-02
-2.375062700048925779e-02
-3.744293909848321611e-02
-4.040330883088780883e-02
-2.306927281531075472e-02
-8.888657472288610806e-02
-5.150660643611273959e-02
-2.616527002000286484e-02
-3.583124709954060155e-02
-1.002507535705220026e-01
-5.284307288609836617e-02
-4.479543062525366548e-02
-4.543899373850721762e-02
-4.095285706068715198e-02
-9.123667623848497055e-02
-4.987319441844841744e-02
-4.330443751685886244e-02
-1.012776045952276938e-01
-5.288662905157098804e-02
-4.481136326884212207e-02
-2.387236552266670114e-02
-6.683070875763977292e-02
-1.334912618107903792e-01
-1.373545515227660718e-01
-4.237263965990874237e-02
-1.198452989989992751e-01
-6.830774797208145899e-02
-4.920212688008709229e-02
-4.507168076940556989e-02
-2.138838598912377528e-02
-9.483207224066343699e-02
-6.046799214521052929e-02
-3.201176563214862270e-02
-3.630851804024410462e-02
-1.045838897488832187e-01
-5.149105152669331692e-02
-4.577567643818021559e-02
-4.180651878039953750e-02
-9.580306847896460920e-02
-4.322311464119373003e-02
-4.278076191505540693e-02
-2.892513724411621689e-02
-1.045783165071269838e-01
-5.208657039970315816e-02
-4.519793533223944587e-02
-1.123455982061054154e-01
-4.613412791881644354e-02
-4.411810463822685852e-02
-3.944898980180822079e-02
-2.812433887387164044e-02
-9.795390588804829546e-02
-1.480023444164366431e-01
-7.082146156714777541e-02
-2.539578598795439249e-02
-3.671466182434190983e-02
-4.187753605949946084e-02
-2.702363477538484784e-02
-2.245123575704446872e-02
-9.728548251675671332e-02
-5.136765181623520471e-02
-1.147231191092393521e-01
-1.554352376450589823e-01
-7.278569386947084108e-02
-1.190053351002269139e-01
-6.067924807050374680e-02
-4.810274523589514600e-02
-4.275672814189345611e-02
-3.650739021963062686e-02
-1.756221532554758796e-02
-9.646374326321466297e-02
-5.925732279190424473e-02
-4.548852308879196976e-02
-1.888570552648800513e-02
-9.811443637500655290e-02
-5.976334254270906921e-02
-4.526666833787713895e-02
-8.856985459898329693e-02
-1.030638728041531199e-01
-6.327795809215500111e-02
-4.766461918238039386e-02
-1.168818411491195780e-01
-4.509786007434262584e-02
-1.572556536606136562e-02
-4.055912057325988113e-02
-4.391794067889640690e-02
-8.953173277239315220e-02
-5.551744201649137095e-02
-4.426537439489729164e-02
-1.064357469556353464e-01
-6.081268549719869021e-02
-2.155423449135952449e-02
-1.080044791997290254e-01
-1.123912439636158000e-01
-1.693604865058927489e-01
-6.489391865093313561e-02
-4.523072674364551904e-02
-1.111866176482534385e-01
-6.185578589470322464e-02
-4.065169039048965871e-02
-1.092230723235490530e-01
-5.538845111773441771e-02
-2.103949709177656627e-02
-1.084376363503958135e-01
-1.493918073544946157e-01
-1.760994742832275584e-01
-4.514737935095011062e-02
-1.282174535606512844e-01
-6.063630200572653339e-02
-4.549310008285071399e-02
-4.267703669424793844e-02
-4.613732375205630704e-02
-3.649168748126216388e-02
-4.404518718763636431e-02
-3.582688933656697633e-02
-4.338352842907143569e-02
-3.833134571329276791e-02
-4.366990244963332712e-02
-1.772224867115135619e-02
-1.358307159979877353e-02
-1.047909853867212415e-01
-1.493095433099841662e-01
-6.807848012687564565e-02
-4.626911038152205918e-02
-3.814459377154801739e-02
-1.674779754409382038e-02
-3.962018297051182053e-02
-1.086324091231780087e-01
-5.566544590115185542e-02
-4.201797049289229119e-02
-1.113260523022376047e-01
-1.492283931316718826e-01
-1.728970176437453488e-01
-1.801230138453545349e-01
-4.885232601259004853e-02
-1.284075441500779069e-01
-1.669685955502044628e-01
-6.693184470680092757e-02
-5.132346292797353160e-02
-4.041638080783316322e-02
-4.409517330316804762e-02
-1.719778795784642281e-02
-9.969047542997061528e-02
-5.781386240161259793e-02
-1.946586796616093726e-02
-4.003330911061283442e-02
-2.624373320576983346e-02
-1.086518318479473728e-02
-1.091398328614457264e-01
-5.952677246622307267e-02
-4.084611949725530655e-02
-1.746475074992396431e-02
-4.128125409280775093e-02
-3.708282643283487140e-02
-2.461377689016412337e-02
-1.955622178164712066e-02
-3.393955188559039798e-02
-3.620351356172911428e-02
-2.521473607287928742e-02
-1.020598704427217243e-02
-1.096896933406907720e-01
-6.096539181716416345e-02
-4.113981613795393566e-02
-1.130099827903248838e-01
-5.074112191668245231e-02
-1.155411742959097793e-01
-4.167411543662871698e-02
-4.515390495433843632e-02
-3.799874722578619468e-02
-1.625464472171882918e-02
-4.103861091982272113e-02
-4.499925799846127977e-02
-2.793488789400245392e-02
-9.694722342806877738e-03
-1.479998166347702010e-02
-4.113476383889896199e-02
-3.631965852915413490e-02
-4.086882762496787946e-02
-2.537267098659808442e-02
-9.101090057687021007e-03
-3.960773410456672888e-02
-1.415659929885903362e-02
-4.060838391366836803e-02
-3.659284982850626033e-02
-1.550485272644467824e-02
-1.477300330976379951e-02
-3.444332253499546304e-02
-1.117391459350505767e-01
-1.467025207020196953e-01
-5.836697830271760784e-02
-4.672932917765275362e-02
-4.258229771208398018e-02
-1.028801395377278022e-01
-1.396592432130462080e-01
-3.355627141957327753e-02
-3.746532440170566997e-02
-3.675096232677383529e-02
-3.819228155190345503e-02
-1.744313918297477062e-02
-3.572628134917024689e-02
-1.008722961954831715e-01
-5.608815222392796868e-02
-3.798944512758187231e-02
-1.573159580766847823e-02
-4.013771595515473745e-02
-1.100556048277870763e-01
-4.784133994364594966e-02
-2.527528148645141401e-02
-1.086888252446495569e-02
-3.891610191076154412e-02
-1.102572959980920586e-01
-3.798893963738068924e-02
-1.177564723839018279e-01
-1.433040765374922199e-01
-6.459187729571642944e-02
-1.165994212625858228e-01
-5.438573731338616768e-02
-9.349172716826613383e-02
-5.600243962218167532e-02
-1.152074370544281107e-01
-2.863660021423891991e-02
-3.925361685625437108e-02
-1.087581358169747020e-01
-3.804328210682299954e-02
-1.155710125013861972e-01
-5.865155285597167117e-02
-1.164909631155648662e-01
-3.751374953794290451e-02
-1.196498264869961109e-01
-1.510960397572633784e-01
-1.615106028452879261e-01
-2.991537735103428838e-02
-3.011359695794037922e-02
-5.814859402652301779e-02
2.300441004421800457e-03
5.870271839620283712e-03
-1.046696029599990599e-02
-5.285928437933630833e-03
-2.238839645150300303e-02
-1.195033840344526289e-02
-2.781794177328824561e-03
-3.735719920495819517e-03
-3.730264017685819451e-03
-1.504408630252243063e-02
-8.530913417928517525e-03
-1.841253232492559870e-03
-8.839060106104789163e-03
2.667665087916876090e-03
-1.093619075781301388e-02
-4.409335507352068681e-03
-5.462142108103233522e-03
-2.354271868002130470e-03
4.314279805823030556e-03
-3.492695958153675412e-03
-8.022373261986235835e-03
-1.043684634436875189e-02
-1.217285271736259951e-02
-6.104712980924921137e-03
-4.290952711000847394e-03
3.896930688375998836e-03
4.566983519525866057e-03
5.204344413725848356e-03
-1.371002837269417931e-03
-3.746603456508426806e-03
-2.050623807423556082e-03
-2.366294019233232751e-03
-7.760204002889305695e-03
-2.391855850741285167e-03
-3.485565874222711948e-03
-3.368867563766533672e-03
-3.259557086684440608e-03
-2.411217802238943032e-03
-1.094520936776764968e-03
3.074526819856880037e-03
-2.528643591547643024e-03
-5.768447443972209154e-03
-1.441943885161163985e-03
-1.574166000798930039e-03
2.192382385392738654e-03
-2.503559304198955775e-03
-1.465457387394647048e-03
-1.824533869443806808e-03
-4.387596671740819770e-03
-9.067970627918760674e-04
1.279654144740941532e-03
-5.509946026088933906e-03
-2.656694755866396192e-03
-2.456543577085434828e-03
1.821639738854371896e-03
2.791042088995384501e-03
-1.470546939938462442e-03
-2.582966840982147978e-03
-1.159032195372633597e-03
-1.709150690133082401e-03
-1.588806942055226911e-03
-2.569525964569842856e-03
-2.374627697580239914e-03
-1.064629845855121935e-03
-1.084865334296993477e-03
-1.332893306481056387e-03
-9.664553317360863706e-04
-1.046358920272779259e-03
-7.181572684959371556e-04
1.284368876623594386e-03
-2.872733692717532351e-03
6.535566502705917290e-04
-1.812498047255048242e-03
-1.178918976409444336e-03
-1.405009935204815097e-03
-3.401436570188104500e-03
-1.683530493782787801e-03
-3.414837183536030985e-03
-1.658176618814893996e-03
-2.115739696501038429e-03
-1.573323454987438520e-03
-6.610701499772932100e-04
5.127433108855658462e-04
-3.523030953662526030e-03
-2.296999768517749528e-03
1.342088905414395763e-03
-2.442529895818002384e-03
6.762362695065176699e-04
-5.699001032640789574e-04
-1.500861034951291733e-04
-2.651276305832876105e-03
-1.831644638468798558e-03
-4.552449592528928508e-05
-1.691360833287471836e-03
-9.283517798099895878e-04
-2.696286387763764236e-03
4.627017791050151902e-04
-1.511794977171011974e-03
-1.808868640636669732e-03
-1.579248401478282587e-03
1.470390728227346502e-03
-1.160362880539522984e-04
-2.646107530388789285e-03
-2.456315099419361346e-03
-3.905979749734472817e-03
-8.097814272113751941e-04
1.392187378167079274e-03
-7.047288551411371067e-04
-8.242217209189059337e-04
-1.343088129605663535e-03
-2.515629754305310616e-03
3.904234855175825578e-04
-5.505936965454052761e-04
-4.888417996739072291e-04
8.753457553290620212e-04
-3.987560961119307533e-04
-4.789939310313111147e-04
6.502097142599987025e-04
-4.690472199786407687e-04
-6.405160600115424388e-04
-7.499149538495030343e-04
-1.385397416877971830e-03
-7.453649392357044982e-04
-2.131498193680023308e-03
-1.680551870930192728e-03
-8.299689204228949575e-04
-1.252832848078060633e-03
-1.248175821940879096e-03
-1.213491307287663549e-03
1.206767755411021796e-03
-5.014871553368652288e-05
-2.066684395888630961e-03
-3.030244022570307682e-03
-1.235836645291997493e-03
-3.310400988215015695e-03
5.485346503088458662e-05
-9.797527498320759542e-04
-1.364809371792481598e-03
-8.417064958379129455e-04
-6.601229131013840743e-04
-6.837959010315502149e-04
3.225283237011591789e-04
-1.669920152933408427e-04
-1.010276482110546636e-03
-9.028594127037141903e-04
-1.248598225870744486e-03
-1.140826210797113872e-03
1.185216524689203764e-03
1.747162299519533111e-05
-1.978146265113338905e-03
-1.588899980317621521e-03
-7.789107391641256943e-04
-2.426019825395478273e-03
-8.915787756223936440e-04
-7.380032596448466266e-04
-1.122615406347814973e-03
-6.300098377133257418e-04
-7.481258196330771047e-04
8.810675498489082928e-04
7.601216241405066342e-04
-3.869256064664057266e-04
-2.262389615352965264e-03
-9.721978534021634465e-04
6.912672568227870703e-04
-2.575962735548507736e-04
-1.971432782330731839e-03
2.483101356318768906e-04
-2.058434092162482552e-03
3.667535764849884253e-04
-3.057121031034045876e-04
4.926140922260776288e-04
6.650620334215845203e-04
-5.707858365533882792e-04
-7.089398168323769213e-04
-6.969064061792911140e-04
-2.046347024316655903e-03
-5.836189200060539189e-04
-1.358640118409204685e-03
4.786895385486619075e-04
-2.083062053830620733e-04
-5.517293790205022013e-04
-1.199942977325846403e-03
2.635495195733957756e-04
-2.573911320074844683e-04
-4.183790459800087276e-04
-2.046174333049725056e-04
-8.083484486744712399e-04
-6.571361664965665386e-04
3.513883500807943273e-04
-1.071961098408200606e-03
-1.084206898360361897e-03
-6.788394644823297517e-04
-9.598561123389372316e-04
-9.460796786095436190e-04
-3.714930068639256356e-04
3.935784464482547807e-04
-4.556256694126047503e-04
6.481939332584701029e-04
-5.153275959017492719e-04
-6.802368675403513759e-04
4.269665805519778879e-04
-1.000952015361473210e-03
-5.268733220422322592e-04
3.488917921948199875e-04
8.573496470199526778e-04
-9.871662194073683463e-05
-1.450316523673887128e-03
-1.262151880049301213e-03
-5.645298342768772116e-04
-5.150552415606634475e-04
2.636757291475337860e-05
-2.862273616690004757e-04
-1.552980488420177161e-03
-1.110703764645103522e-03
-1.088937958812235445e-04
-2.713571410400520984e-04
-9.520249595200648476e-04
-4.235929762568440074e-04
-4.174311754536514534e-04
-7.712484155863343202e-04
-4.370347390958576397e-04
1.954018526758221155e-04
-9.926059690102202640e-05
-5.966647745362935054e-04
1.773420766053183180e-04
-4.066965784835780535e-04
-8.203463680403108018e-04
4.467700272015218306e-04
-1.310115811193968214e-04
-2.723775194575393452e-04
-1.282571064048771423e-03
-1.758657495373273927e-03
-5.710350518299665444e-04
-5.906411702103802263e-04
-7.744215947760801303e-04
-3.660777171443589510e-04
-9.757958075139634973e-05
-2.692261708095420886e-04
-3.373124060304067101e-04
-1.408318243445461472e-03
-8.492306081394224724e-04
-9.859591487553403047e-04
-1.164637414127134545e-03
-3.883293574382860837e-04
-1.282880139540433810e-03
-8.462661038288905044e-04
3.238970089529260936e-04
-2.779542223168157970e-04
5.256946739522338086e-04
-1.561413247312398852e-04
-1.380204550474105644e-03
1.034627003261102745e-04
-2.724562701835197306e-04
-1.400026603447283424e-03
2.326226547173233892e-04
5.354394598237005674e-04
-1.622391912066291190e-04
-1.335599667894524873e-03
-4.876035212458807409e-04
2.963563423295248142e-04
-6.839817058962736809e-04
2.247394731891948899e-05
-7.158980319162308028e-04
-4.904701370100437302e-04
4.959198429138919444e-04
-5.836387626535540635e-04
-4.475714655778231083e-04
-1.078351923105479821e-03
2.352491746283764398e-04
-3.388051549161294235e-04
-1.130440588974946205e-03
-9.523252606841264801e-04
-5.499846693713352679e-04
-6.338569067909163596e-04
-3.977866186823618682e-04
-3.781761415937581272e-04
6.798206104825553562e-05
-2.318611370874724585e-04
-1.164282383332222075e-03
9.138779342285189861e-05
-3.176533592583363395e-04
-3.026261378036356484e-04
-4.011228647359658971e-04
7.523893215292655695e-05
3.947962205797406633e-04
-2.310935268608077531e-04
-2.746036552575987773e-04
-1.071531873158108016e-03
1.145863418423161763e-04
-3.037819929267231395e-04
-2.781995006981277316e-04
-1.061584475423189063e-03
1.941207670919506878e-04
-2.854933349973939188e-04
-9.018337281985190591e-04
4.182652143656006362e-05
-9.565880521697974230e-04
-8.369385077432917085e-04
-1.306764721524929619e-03
1.635617958751036424e-04
5.986959727174283059e-04
-2.338336861240509351e-04
-4.252231190560003195e-04
-7.413732953266107190e-05
5.714794884665822406e-04
3.755612492914994489e-04
1.742577223966793498e-04
-2.199444443972169085e-04
-1.118294094789863170e-03
3.239148059955493305e-05
-5.820240983210647192e-04
-6.652566633452692592e-04
4.563365442798431493e-04
-4.592894120800432111e-05
-9.347071330147405056e-04
2.460237896517794023e-04
-2.706827884222520264e-04
-9.212350089845204419e-04
1.771921943879237334e-04
-2.902849556638114063e-04
-8.910005987775242815e-04
-3.875930661836331052e-04
-1.869215737951540992e-04
-6.532212958108177345e-04
3.701663599560898977e-04
6.599497077458279333e-04
6.108724017908301416e-04
7.045812730657788868e-04
8.564559393893268497e-04
-2.197406835376072463e-04
-4.095368995969560135e-04
-3.397258022404899447e-04
-3.979289187701113444e-04
2.824251852951644597e-04
-8.827549855879845151e-04
-2.068762240518143899e-04
-9.062290610897204540e-04
-1.334106047469997818e-03
-9.065309350758542131e-04
9.122052643432649406e-05
6.211660099260691713e-05
-6.529622368414336048e-04
1.917824672224882252e-04
-1.608671666367694091e-04
-3.447394537465269448e-04
2.559895820087456459e-04
-1.213639215087960652e-04
-5.602827927451174347e-04
-3.060071154281609118e-04
-3.343249751776315097e-04
-5.423270053102217719e-04
-5.627217200630771658e-04
-2.724705049416135580e-04
-2.002152795267733709e-04
-3.578537649943330616e-04
-2.637062188575838560e-04
-2.809474313786276215e-04
-9.452424682244098741e-04
-3.361788314439626891e-04
-5.062447157493451958e-04
2.160531135230582360e-04
-5.262625846691034934e-04
1.687617863033843480e-04
-7.401165081672915307e-04
-4.982812979024908246e-05
-1.745650815129092220e-04
-8.810547944033637674e-04
-7.190150054425645167e-04
-7.174250391989949035e-04
-3.198479077105684416e-04
-3.532806293699376548e-04
-5.253473152530385281e-04
-5.522424905952956053e-04
-2.350252418715862975e-04
-4.076164300404714084e-04
-5.472341670012578329e-04
-2.899069695276540004e-04
-6.320997711743273116e-04
2.153099038776516889e-04
-2.169119855327955061e-04
-2.853206722461271855e-04
2.612546105973273004e-04
-3.848400934757184935e-04
-3.030542981407677999e-04
-7.754937529623900667e-04
-4.470309846730811444e-04
-3.407607367762029377e-04
-3.167041763436518752e-04
5.240980708726430905e-05
-2.675192474332862332e-04
2.734669965689653036e-04
-2.661730266011834152e-04
2.452047555228542455e-04
-5.398315228053846525e-04
2.033908770448181614e-04
-2.239741615330689513e-04
-7.954002912129510324e-04
7.740620172385419772e-05
-1.223762800786069762e-04
1.841130408476823030e-05
-2.253052762692388483e-04
3.417778979523591475e-04
5.093862892872949837e-04
-1.444228055757193117e-04
-5.210738081940006995e-04
-1.414605931288984988e-04
-1.915383806242652008e-04
-2.463167591996783890e-04
-8.634439434716253492e-04
-4.310216835174432394e-04
-7.906211746760888380e-04
-6.711464886867825157e-04
1.570285529963778848e-04
-5.751994724552970863e-04
2.305967037760324728e-04
-2.115994513757202527e-04
-7.414419685505604105e-04
-3.827184367767715202e-06
-7.481421663762563394e-04
6.560004157860996224e-05
-4.225131683159851848e-04
-2.127700337525972993e-04
2.076974875089069282e-04
-5.048507723230546236e-04
6.104118345449568159e-05
3.065891267886438351e-04
3.460637972243672746e-04
-6.662746471720198699e-05
-6.902884613355402465e-04
1.415973304410939954e-05
-6.496287606475503393e-04
-5.955053568882898336e-04
-5.154098358187306174e-04
-4.614533326609576605e-04
-3.799801252905893496e-04
-1.465430159014128458e-04
-7.673130790454872141e-05
-4.480287669936634603e-04
-4.010125731540131440e-04
-4.954404155784367754e-04
-2.516541788787496218e-04
2.541087025006949452e-04
-4.602872065215144414e-04
-8.763728928664800150e-04
-4.993004694716279617e-04
-8.655258951774679778e-04
-5.988247734705368303e-04
-3.907230738666387640e-04
3.306975146903191765e-06
2.602824125943477653e-04
-9.802677552631161248e-05
-2.113946219311235741e-04
-6.453159128689223373e-05
-4.045100178074603823e-04
8.410383183595565788e-05
-1.393305417550416616e-04
-3.036231154288601447e-04
-4.250485079717474836e-04
-1.971746622348324483e-04
-2.972177190535674586e-04
-1.035325762435283011e-04
-1.200999052652970537e-04
-4.015584396938341781e-04
-7.814166457249415625e-04
1.435604934684646188e-04
-3.772272739301065696e-04
3.622108045083260769e-04
4.493285885121496353e-04
-4.458533767120908311e-05
-6.626626524677931788e-04
-2.816835349669355709e-04
-6.217535661370770595e-04
-9.293714603960508353e-04
-7.173967669122429400e-04
1.872482503475818511e-04
3.364147429696748184e-04
-4.798203258187243059e-05
-6.753918642165826405e-04
2.665528084964020685e-05
-6.748548043928784919e-04
4.961689071492502866e-05
4.213678911941616187e-04
4.364756149793221573e-04
-7.166751752659523099e-05
-3.631043793307256831e-04
2.307653405691355731e-04
-6.204095547709640194e-04
1.998134599201709777e-04
2.647328932976422363e-04
-1.747064218914887352e-04
-6.873412885124420774e-04
-3.230003323637185690e-04
-5.666062942239653843e-04
1.554282437249186819e-04
-1.972872232734290254e-04
-7.431874507456024889e-04
9.182845720174379251e-05
-2.446279230244944301e-04
-7.088993780638395970e-04
-3.598123579646914615e-04
-5.457529273708678578e-04
-9.364927558469805227e-04
-8.486345556942712174e-04
1.012984938118310441e-04
3.124213263533792803e-04
4.171865237798560219e-04
-6.669318610268510836e-05
-6.693060488032721248e-04
-4.479146741055128325e-04
1.688647926594404058e-04
-1.656327770756656171e-04
-3.275364103640467962e-04
-8.341496159660360564e-04
-3.631777289318882207e-04
-2.582843369443668939e-04
2.736576617750727963e-04
-1.263215451782560134e-04
-2.912860732055368770e-04
-4.495516274651181862e-04
-5.236986826505613630e-04
9.773608241196210229e-05
1.978691647435931831e-04
-6.314282644856398911e-05
-5.800291767410447859e-04
2.570632691372791762e-05
-5.897393044066507510e-04
-5.574475572662578287e-05
2.193360316014367065e-04
-7.063311569098002949e-05
3.015794054788863143e-04
-5.867578825274723047e-05
-2.956365617117917175e-04
2.669055196193902200e-04
3.622295817272663376e-04
3.098735999806778306e-04
3.888919907716321500e-04
-4.744405279212668327e-05
-7.016036104090253795e-04
-2.926853628291518623e-04
1.061030189725741733e-04
2.321323492776223337e-04
-7.296469362611546238e-05
1.968867814918581901e-04
-6.839618104396717182e-04
8.765858432837707315e-05
-3.831837818999001260e-04
-6.069399902776327063e-04
-8.325742909692889068e-04
8.166464622962431302e-06
3.731488669063053260e-04
-1.511091453055684057e-04
-8.075033851728207184e-04
-4.218427849506066474e-04
1.080997186960568735e-04
4.043325199536788308e-04
4.727409714049052758e-04
-1.062359614477259058e-04
-5.838418875527607611e-04
-4.023327722784412661e-04
-7.777006338470240053e-04
-1.941704833946569504e-04
-5.146982779634753273e-04
-1.204853100307838918e-04
9.289160572942678354e-05
-4.205077228601937717e-04
-3.300049678225159839e-04
-2.628519976806664694e-04
-1.146653272479136639e-04
-6.345042546914039620e-04
1.058445387793691128e-04
-5.384118936691941127e-05
2.280203416921239789e-04
-3.106761685956118822e-04
3.388506774842024152e-05
-3.389976689898319085e-04
2.180810240861095865e-04
-1.104656940380046594e-04
-1.877915363354743354e-05
-4.500825197991810520e-04
-7.840797163576350209e-04
-2.778157465523564966e-04
-2.856619303150274218e-04
-2.588061439974640604e-04
-3.012994652298711640e-04
-6.391931796219371470e-04
-8.646962174295105700e-04
-4.888051215849905902e-04
1.504474880599810250e-04
2.714060519589164139e-04
4.233649308946050194e-04
-1.169785864816890093e-04
-3.746583719834036506e-04
-2.535343109903998569e-04
-5.173928828485212673e-04
-3.210964951773519118e-04
-3.984740154339215632e-04
-3.725486479475232705e-04
-2.147906538816828710e-04
-2.322664180205300443e-04
1.802941811559347952e-04
-2.415712508369947519e-04
-9.715379111525044035e-05
2.734615809801261123e-04
-1.440080084450120178e-04
2.172279952365751036e-04
4.097641118616522269e-04
3.703584315979221628e-04
-4.211801658045739036e-04
-4.825036071840497955e-04
-2.787756594223646267e-04
-2.272997810487402848e-04
-4.995478216601563970e-04
-3.345664590265732164e-04
8.702841686855437278e-05
2.707025733749327629e-04
-3.682859730007434409e-04
-7.443095862610574134e-07
-5.199672843060406009e-04
2.294721991392194115e-05
-1.619083640411226276e-04
-6.653277019073295219e-04
5.189167427281823864e-05
-9.724918205387554550e-05
-1.255132479202071799e-04
-1.345606645444278812e-04
-4.732465949899987054e-04
-5.389103641211577880e-04
-3.182020444142909981e-04
-3.076086640967117176e-04
-3.209556716151029882e-04
-1.598852736491538653e-04
1.587675802850245196e-04
2.129751346856289011e-04
-2.309388489210044870e-05
-4.045989248235931320e-04
-4.206096968072755736e-04
-3.810689399969473365e-04
-1.805745363173021155e-04
1.954713413935767240e-04
2.526042153951426629e-04
3.014784196161437416e-04
-1.059970442292172617e-04
-5.000997951203287875e-04
-3.456014817927983247e-04
-1.445660384393932408e-04
-4.308125243005757549e-04
-4.281841587694711136e-04
-2.804606087206765208e-04
3.708164697816162994e-05
2.389161734089307839e-04
-1.274680434087789788e-04
-3.659126557027797544e-04
-4.003208109882976920e-04
-6.280609649556987068e-05
2.522090799995787224e-04
-3.423916211816660504e-04
-4.317449806739290718e-04
-2.339974148925201634e-04
1.935521454298839213e-04
3.470003259191451112e-04
2.849550564417889444e-04
-3.473628699434113472e-04
-7.729211919429416653e-04
-5.835165859110261460e-04
5.754559193568940789e-05
-1.855297685792175002e-04
5.374214408750606189e-07
-3.614605486426451754e-04
-3.862264077390484013e-04
-1.284807490432184148e-05
-1.338401233030533748e-04
-1.348739398711704010e-04
-5.122085792917048823e-04
-7.132087282474683029e-04
-2.405654128856839197e-06
-5.278084410171933038e-04
-3.395836390315867251e-04
-5.569359425175297819e-04
-3.476228731059004175e-04
-2.886584420781855955e-04
9.245525975070311916e-05
-1.083792147436915792e-04
-5.535387556530009046e-04
-2.831932909060278338e-04
1.013977613557991305e-04
1.381608098718590204e-04
-4.406998032492387331e-05
-1.345211818380072117e-04
5.569136738184141908e-05
1.694673149978638343e-04
2.897954414684612606e-04
2.772986621213853215e-04
-3.176015270532977987e-04
-2.868888263734796907e-04
-2.114873977850713241e-04
-2.065364930918682561e-04
-2.093317126518862798e-04
-2.869643817833308192e-04
-3.043329038028782813e-04
-1.328706779088629087e-04
-3.090057214035077859e-04
-2.057145732683106050e-04
-3.230677746719505723e-04
-1.818031516325343492e-04
-2.784290201829109660e-04
1.315574984944195449e-04
-3.205674458595141941e-04
-3.493511418396610794e-04
-1.662612869009686800e-04
-2.566654948372345526e-04
-2.897275099879505645e-04
-2.853021449083737392e-04
-2.852169089703222708e-04
-2.912222648385796669e-04
2.028302706675909144e-04
4.278729338416913385e-05
-8.721376911778927943e-05
2.264969334487777677e-04
