-4.066618865351258430e-05
-2.073206924777405550e-04
-8.110363874303978815e-04
-2.622567106760364131e-03
-7.010748006334797944e-03
-1.526916264900149596e-02
-2.710070160452219407e-02
-4.017122205225115428e-02
-5.165505303747572330e-02
-5.983863442394081467e-02
-6.441867659641743737e-02
-6.597078988967813862e-02
-6.535841868762115592e-02
-6.338414841647105336e-02
-6.066237727745542319e-02
-5.761293992808848297e-02
-5.449982099692843307e-02
-5.147653635470319372e-02
-4.862392808581748188e-02
-4.597757547450860571e-02
-4.354623051048226584e-02
-4.132362462268233255e-02
-3.928892920204858641e-02
-3.743296837078377570e-02
-3.573737246333164724e-02
-3.418392700238737786e-02
-3.275563903532002774e-02
-3.143701332536515125e-02
-3.021407379740897320e-02
-2.907427097541383579e-02
-2.800633903406599470e-02
-2.700013524557012129e-02
-2.604648097465503409e-02
-2.513701328276495353e-02
-2.426405128437313444e-02
-2.342047868224549426e-02
-2.259964207005440290e-02
-2.179526468422031404e-02
-2.100137318624603622e-02
-2.021223746496549067e-02
-1.942232093235474188e-02
-1.862624089878872971e-02
-1.781873789538588118e-02
-1.699465252071487992e-02
-2.674768546306295278e-02
-3.906307130546628203e-02
-2.977549054840313361e-02
-2.377783353439048147e-02
-3.746427477164063907e-02
-2.756933470610677464e-02
-4.251817685075467285e-02
-2.934412114486428108e-02
-4.481898938080070005e-02
-2.942147255554051696e-02
-4.499735298356005025e-02
-2.825770430210320511e-02
-4.096554930281821189e-02
-5.987584456161635510e-02
-3.397897461332190922e-02
-4.722190087490647781e-02
-2.144372958219569955e-02
-1.008859629859990524e-02
-3.262595942804823439e-03
-1.675765308459221600e-02
-3.042644581298578968e-02
-3.396291059220828829e-02
-1.469469086914730084e-02
-4.579682579202966689e-03
-7.698004632914326462e-03
-1.048078546013072113e-02
-1.279681911962068756e-02
-1.455033377811433895e-02
4.437838147887899890e-04
-1.428677516001517281e-03
-2.809164307682536412e-03
-3.621867486966050785e-03
-3.837358971631516479e-03
-3.460770114916164857e-03
-2.521330359087298537e-03
-1.063671990603718386e-03
8.588168193948775633e-04
3.188801226589615349e-03
5.868332022009927276e-03
8.841050476725623858e-03
1.205355846526829679e-02
1.545618785126881729e-02
1.900335672043256680e-02
2.265367191719263457e-02
4.255331907692318227e-02
4.314582112774930506e-02
4.412863286942837748e-02
4.552928447970246845e-02
4.729876051803403453e-02
4.920155799759629023e-02
5.144671649485298148e-02
5.388914229331662892e-02
5.644316258088477589e-02
5.904883246421156751e-02
6.166037972780807896e-02
6.442228812825866180e-02
6.700641343972631170e-02
6.946665740997284844e-02
7.181311144436842986e-02
7.404351474800457966e-02
7.615308983111265806e-02
7.813775020221074008e-02
7.999514104513016921e-02
8.172484092451241799e-02
8.332829250781968733e-02
8.480861599817655916e-02
8.617039454304310786e-02
8.741952331624135153e-02
8.856277042338155103e-02
8.960792034587813926e-02
9.056343077324031932e-02
9.143830701312187503e-02
9.224197195364235158e-02
9.298414271204392956e-02
9.981788520694413747e-02
1.008196082766504437e-01
-1.265902787142655223e-02
8.413093760274692121e-03
-1.327939531087724001e-01
-1.325757802376762995e-01
-1.250303479989947619e-01
-3.979926333321257698e-02
-6.058845973382034206e-02
-7.032929167475603094e-02
-3.149183135966372726e-02
-1.467039589813724093e-02
-9.380611129308821100e-03
-3.149207552296121038e-02
-1.726326548485445853e-02
-4.013684106048946709e-02
-2.112411662613176283e-02
-1.161558397914798368e-02
-3.093798477429824875e-02
-1.805801348480262636e-02
-3.347326934857270536e-02
-2.025437878201490419e-02
-3.368157781321115540e-02
-4.232787922785458123e-02
-7.500643308691588851e-02
-4.870418357805615661e-02
-2.751613002575419367e-02
-6.268648379000811566e-02
-3.372778630409715289e-02
-2.023583972274265591e-02
-5.747165024307553105e-02
-3.204175297949128642e-02
-6.802094383301884872e-02
-3.595433744114781560e-02
-2.141002619943354821e-02
-1.164279046124074880e-02
-8.354382509770750392e-03
-2.632219688890172216e-02
-6.234577879623445784e-02
-3.495960414250538079e-02
-7.063116079295823913e-02
-3.667913297548220514e-02
-2.113554999760765274e-02
-5.906952601563495581e-02
-9.771847095562111174e-02
-4.666708397697218180e-02
-2.694919174029010780e-02
-1.958328126403854549e-02
-1.144167918910900771e-02
-1.376669329329415804e-02
-4.995331000937069249e-02
-6.522876706650940215e-02
-3.553367182395720386e-02
-5.336383835687138338e-02
-5.384149483594899421e-02
-9.234761369435140477e-02
-4.455642274905967370e-02
-2.511073067256605271e-02
-6.440627386132936893e-02
-3.556100152908590883e-02
-5.383617134813618865e-02
-9.682654559325315491e-02
-4.447606786834204518e-02
-2.668005927468123512e-02
-4.563557524008606675e-02
-3.136880392564515840e-02
-5.194498714570481429e-02
-3.456721821944645084e-02
-5.640098677507695418e-02
-3.650861890147643479e-02
-4.564315070770377097e-02
-2.703240992069025003e-02
-4.769986591601199644e-02
-3.201676882697686299e-02
-4.156313471876586091e-02
-6.131403681033473219e-02
-3.411954306627409950e-02
-5.571717802916292123e-02
-3.215738550787489158e-02
-1.377702428106649356e-02
-4.503507713553642731e-03
-2.598493861317696663e-02
-1.732812152406104991e-02
-1.318874256755053070e-02
-5.528792976922813733e-03
-5.657308897599332316e-03
-5.603819362167421388e-03
-5.421017057123802413e-03
-2.550749881542974454e-02
-1.310141624652006939e-02
-6.939377241643267941e-03
-7.769832477412683992e-03
-1.440517075174046341e-02
-3.486715340520873951e-02
-5.718888333109393984e-02
-2.661442685523768628e-02
-5.024401066971886237e-02
-2.259330231919596046e-02
-5.582981950179950054e-02
-7.993629962522813548e-02
-6.763083118711683828e-02
-3.666447799815321373e-02
-4.210983030188399784e-02
-6.196813336028444280e-02
-5.492520509539815937e-02
-3.034405843842478273e-02
-2.284449614327718758e-02
-3.366737035337635797e-02
-3.813136252755194855e-02
-3.982159648183005579e-02
-4.010832254644472461e-02
-3.973059402502763376e-02
-3.907674668523961753e-02
-3.834486683544015284e-02
-3.763113869324732907e-02
-3.697801201781873714e-02
-3.640022503477793880e-02
-1.956497040036257393e-02
-2.749943882215412361e-02
-3.166493722851087406e-02
-3.373004393315461730e-02
-3.464169260271952183e-02
-3.493703681027508084e-02
-3.491756250982538945e-02
-3.474947918115397355e-02
-1.884898105506535582e-02
-2.672990012558368322e-02
-3.087300736403052540e-02
-3.293730845963298293e-02
-3.386309480991429866e-02
-3.418158574541279443e-02
-3.418965737672389343e-02
-3.405031981318738105e-02
-3.385096956952466513e-02
-3.356679577463746872e-02
-3.325696453292866644e-02
-3.295793740455955217e-02
-3.268528947761837472e-02
-3.244385772729860284e-02
-2.249758011535681057e-02
-1.786064370106147173e-02
-4.233138495887851099e-02
-3.944776659959495918e-02
-3.743085300722691355e-02
-3.601505145039266692e-02
-3.500020724741516320e-02
-3.425354176174862098e-02
-3.368966711691464416e-02
-3.325359098142790376e-02
-3.290930620634811149e-02
-3.263265040540275913e-02
-3.240694148224766008e-02
-3.222032008456025831e-02
-3.206411960634653752e-02
-3.193185122249714292e-02
-3.181855820416285702e-02
-3.172039406788882548e-02
-3.163433855939438294e-02
-3.155800026335059405e-02
-3.148947508546073165e-02
-3.142724185501945267e-02
-3.137008336867381370e-02
-3.131702545850875707e-02
-3.126728920783515553e-02
-3.122025300819316132e-02
-3.117542217054005207e-02
-3.113240441845387813e-02
-3.109089003574222118e-02
-1.800523674805854651e-02
-2.464743764568072537e-02
-1.453441169365768566e-02
-9.284772265373535810e-03
-1.275193154741692363e-02
-7.190266324591171494e-03
-3.637488819888849007e-03
-5.652685097137618436e-03
-1.885651018026802180e-03
6.271656033278411946e-04
-1.750942362160761356e-03
1.588648329536499881e-03
-3.746904374813858673e-04
-8.987856927452322203e-03
-2.454552059655751729e-03
-2.685935586119108948e-03
2.249288043534367412e-03
-2.320116743971461712e-02
-6.834942164397952991e-02
-1.065411994846190979e-01
-7.319869598285991263e-02
-4.173942257719039095e-02
-7.506899613920868519e-02
-8.685893939099488537e-02
-9.883340441933988196e-02
-5.131420552442664262e-02
-3.247457485968339302e-02
-3.637544892984446998e-02
-3.839639974322335558e-02
-2.055135810490249515e-02
-5.370406983842582194e-02
-8.408451863798065140e-02
-6.108391942398318925e-02
-4.824791768433060041e-02
-3.157682137584637283e-02
-2.451182632919907817e-02
-2.140511113573928884e-02
-2.778964894394671606e-02
-3.031082765235316306e-02
-5.710794673246102904e-02
-3.783950961844113892e-02
-3.483084830797258252e-02
-3.306125860477378969e-02
-3.198682729721940426e-02
-3.131172590193549710e-02
-3.087235748993865520e-02
-3.058001426212644119e-02
-3.037520639768503949e-02
-3.022685390403788072e-02
-3.011567682356055750e-02
-2.886596431375839170e-02
-3.075164664997709699e-02
-5.251359903411931956e-02
-3.575928387791592333e-02
-2.943193593819734902e-02
-2.899559351306651642e-02
-2.889956693534943138e-02
-2.887613042591396714e-02
-5.063727343381838053e-02
-2.763995712685937689e-02
-2.682150898558867402e-02
-2.827820085408706482e-02
-2.896184495191757302e-02
-2.735382652554433497e-02
-2.087324186857942784e-02
-4.119003780615699412e-02
-2.256314216692338614e-02
-1.305719152816455300e-02
-4.199572352174862910e-02
-2.975191643101309652e-02
-3.168753020395695397e-02
-1.938343727123140875e-02
-2.349175540799482848e-02
-5.358799672106868972e-02
-3.621526818448497775e-02
-2.880294741589806487e-02
-2.266386159925948968e-02
-1.980309590410000639e-02
-1.869982114649203220e-02
-1.868752416825623930e-02
-1.876179876661985754e-02
-1.887885040742809731e-02
-1.897480951802526725e-02
-1.902049575164033862e-02
-1.897762813170478582e-02
-1.874612814866629187e-02
-4.366424756999295193e-02
-6.551676175741526220e-02
-2.788623620518906193e-02
-1.700762541278488457e-02
-1.612372280929112028e-02
-1.187214791856175226e-02
-8.651766948123503290e-03
-5.377524165228358619e-03
-6.482922647141301821e-03
-6.408731056946965349e-03
-6.078153184436672733e-03
-4.660004617841173764e-03
-4.852387267681100916e-03
-4.558255736708564584e-03
-2.638563866186235604e-03
-2.462855142534054343e-03
2.357156592588152601e-03
4.654904650518547631e-04
-2.336689807438410271e-03
-3.461614370871955986e-03
-3.746034969504096444e-03
-2.763835839472602186e-03
-3.316177341705871078e-03
-2.402676921685682494e-03
-3.102010469195980776e-03
-1.975127201425846621e-03
-2.700195728958390464e-03
-1.947757974723946569e-03
-2.664762429917657237e-03
-2.800851300997728947e-03
-1.614025221080274148e-03
-1.435605039218087933e-03
-1.104684142676596974e-03
-1.024946017526466493e-03
-2.048583002077084252e-03
-1.283368035907142069e-03
-2.096264382800507031e-03
-1.318046043925412370e-03
-2.039627720216951202e-03
-1.295542002070072416e-03
-9.912607752203511213e-04
-9.632639026392300803e-04
-1.857300800016326286e-03
-2.160303144236631456e-03
-1.406116221732416505e-03
-1.065083686049433497e-03
-1.634923530411351708e-03
-9.748770632782030685e-04
-7.069862391004109623e-04
-1.417272065827561087e-03
-9.143785501682138083e-04
-7.161458499163596845e-04
-1.060096906033364175e-03
-7.588618563348061225e-04
-1.063295045844981582e-03
-7.214894347593968490e-04
-7.920226624404275726e-04
-1.008087623117094123e-03
-1.380058882008003722e-03
-7.862207117275949548e-04
-1.827507500770235525e-03
-9.150410052320212062e-04
-5.095983240133320023e-04
-1.613618795063265048e-03
-7.870355768890872298e-04
-4.248301130501640210e-04
-1.516399257470894737e-03
-7.257163621990360110e-04
-1.622025970560605872e-03
-7.226430860946048878e-04
-3.306710842671870248e-04
-1.376569014652556525e-03
-6.199769202739188658e-04
-2.934744348737725744e-04
-1.329996949369064005e-03
-7.564367070951303652e-04
-9.448721201102662720e-04
-5.525291346964568504e-04
-8.382369322945643726e-04
-5.209911301618463074e-04
-4.140287878077174863e-04
3.755397357244062402e-04
-4.433867980890198926e-05
-3.036392925720812785e-04
-4.680637675459982838e-04
-5.760173079756073216e-04
-6.499000280608253867e-04
-7.027652869207483884e-04
-7.422284059974720198e-04
-6.163115992687501037e-04
-6.102077675709083977e-04
2.647036201342666678e-04
-1.080059720682663145e-04
-3.527393998158078739e-04
6.324729156128198549e-04
-2.705740673371034377e-04
-3.293773063485583383e-04
-4.914612948600225774e-04
-5.893952866374029854e-04
4.115418527203394032e-04
-3.693799504069812255e-04
-7.793007864264928520e-04
-7.497867076486183129e-04
-7.362625781009558921e-04
-7.323502917319534749e-04
-7.339961397279033987e-04
-6.220886555731951467e-04
-8.223451795206945759e-04
-6.967055766632670967e-04
-9.169017611415129039e-04
-7.362789492569682100e-04
-6.459162700443628075e-04
-1.227739404512864872e-03
-7.957766190714081695e-04
-9.002599733333552538e-04
-8.738870128589915987e-04
-9.062007517525404437e-04
-6.484609967721003060e-04
-1.148881400388947508e-03
-8.279460771958443120e-04
-6.599585107962453474e-04
-4.831086668600718254e-04
-6.581652762104952831e-04
-5.151571576426989445e-04
-4.549262661415470342e-04
-9.945310543985135757e-04
-6.762744890074361441e-04
-7.425983707068671341e-04
-5.518905154005818896e-04
-4.593434553028984883e-04
-6.352855645335929143e-04
-5.153123744281500268e-04
-4.574383006585963337e-04
-9.570848286825902945e-04
-1.221371416619926450e-03
-1.750501222942950569e-03
-1.246685724191528557e-03
-1.771637549721378829e-03
-1.260585285976211509e-03
-1.782547646868656507e-03
-1.267264093689478635e-03
-7.505308285198910526e-04
-5.356396764917966888e-04
-6.188429400873481177e-04
-6.348892239561114946e-04
-6.117575052803076027e-04
-6.008432977057894843e-04
-5.964305617146292444e-04
-5.952370754712514068e-04
-6.312135180447245655e-04
-4.306811594844869558e-04
-5.694866353205625589e-04
-3.557109622157344662e-04
-3.798056318508687048e-04
-8.396975968803569151e-04
-6.006015409913715783e-04
-4.752284371411144960e-04
-5.652022185788747270e-04
-6.117807917468618935e-04
-6.134138731586880836e-04
-4.202484121103090050e-04
-3.906482674889444101e-04
-3.174510712972925127e-04
-2.246676553682374169e-04
-2.326326738181306913e-04
-4.873529198039176346e-04
-6.019669807083614195e-04
-4.975006252208308407e-04
-4.433464622367662314e-04
-5.071000718038791606e-04
-4.690741975694461295e-05
-5.115717639896051388e-04
-3.430778807926331193e-04
-4.317287207391388732e-04
-4.808107157316966469e-04
-5.059861850853691672e-04
-5.548528137043393614e-04
-5.572592770792233335e-04
-3.841871428821164300e-04
-3.659239380242047921e-04
-3.605587236497599332e-04
-3.573635225210620363e-04
-4.390875304128493903e-04
-3.677319301644085164e-05
-1.226531648679985592e-04
-2.807731481814308878e-04
-3.765543459437720284e-04
-4.324829210021245924e-04
-4.631435694513070796e-04
-3.528444481804238696e-04
-3.001817536126791014e-04
-4.470718433929424013e-04
-4.065214766112368793e-04
-3.812716353159981359e-04
-1.021178904061477129e-03
-7.372864819169107570e-04
-5.669263984764402525e-04
-4.099100361293434784e-04
-3.235583456993754788e-04
-4.274685597040951040e-04
-3.921250150485540409e-04
-4.440222836620660841e-04
-3.040796760494001230e-04
-2.324764649836672534e-04
-2.800158835052702407e-04
-3.078507015412966009e-04
-2.580707331931663372e-04
-4.110123456399728480e-04
-9.805080500277568376e-04
-1.401297619114611273e-03
-9.568091075755799342e-04
-6.268540027696529278e-04
-5.638270319715323357e-04
-4.385145862433838444e-04
-9.498353295514643533e-04
-6.705746380932050719e-04
-5.029302250282703885e-04
-5.129506688420141895e-04
-4.711312398409296816e-04
-4.429324545581121730e-04
-4.237077966031371876e-04
-4.104320149605857927e-04
-3.958354761951038913e-04
-3.263224517887725008e-04
-2.887969989216033302e-04
-2.227537661064430275e-04
-3.116253955603049959e-04
-3.752444528510014902e-04
-8.626683043264508953e-04
-5.973960789594358160e-04
-1.025944879783865973e-03
-8.005727929603123670e-04
-6.524525645297926842e-04
-5.557963727394535629e-04
-4.933162186546637563e-04
-3.281774828483019490e-04
-2.390908829835502525e-04
-1.941028121368837368e-04
-3.311306193845073428e-04
-3.228047224073994658e-04
-3.667200508304484783e-04
-4.008400453605747977e-04
-3.359371921100164451e-04
-3.948969195438249225e-04
-4.191474006875222009e-04
-3.889805724648347381e-04
-5.243680542924536621e-04
-4.571607630169889679e-04
-2.935435644834787365e-04
-3.176920386858075483e-04
-3.613488439965470726e-04
-3.474925895373728304e-04
-3.478526327832719644e-04
-2.369987691012062885e-04
-1.765487926291724251e-04
-2.168701607667951423e-04
-2.955128851175975956e-04
-3.372085056926099394e-04
-3.848021786550152672e-04
-3.150217406197241502e-04
-3.340456590234218166e-04
-3.493396677837194860e-04
-4.846062286194756743e-04
-3.176936130706126365e-04
-3.457248587410754266e-04
-3.719717141591552274e-04
-3.429775144577574880e-04
-2.789085759423655972e-04
-3.094572473472827537e-04
-2.592833742920631272e-04
-2.981895033957443876e-04
-3.027364471242512622e-04
-3.135531585900193700e-04
-2.574433400249156621e-04
-4.703555046515596819e-04
-3.038624572063347074e-04
-3.198521310799578958e-04
-5.067629821072056843e-04
-4.187249711717024492e-04
-2.639515772498773546e-04
-4.653293776381252551e-04
-4.087106475151910511e-04
-2.524337597551329793e-04
-2.731068246707330795e-04
-2.683432872893344004e-04
-2.234839944950656047e-04
-2.796110467522396428e-04
-2.873239875364708108e-04
-2.342042207630223470e-04
-2.660099057764896678e-04
-2.274687384839155235e-04
-2.666920964507220435e-04
-2.882217291639181190e-04
-4.265435801605090829e-04
-3.779261519175805117e-04
-2.863144561827318042e-04
-2.942510178495537972e-04
-1.999635195818088077e-04
-2.543290484109609739e-04
-2.281284603494588789e-04
-2.709082700149281027e-04
-2.923911712794048027e-04
-2.057605517877334064e-04
-2.636497689461835513e-04
-2.397670030510133232e-04
-2.814412444114765223e-04
-3.014578633970327261e-04
-2.556558022277592972e-04
-2.851855599501270386e-04
-2.460051835141620238e-04
-2.797156580257495451e-04
-2.430950314444299347e-04
-2.599881156919274516e-04
-2.296625867233421090e-04
-2.159288091924765852e-04
-2.640336028581409555e-04
-3.022965189649510576e-04
-2.562015557836814562e-04
-1.980930685081161880e-04
-2.116451964940903644e-04
-2.838511786572630322e-04
-3.044799091436278630e-04
-3.134172218452104127e-04
-4.500954734884466584e-04
-1.543246035970728311e-04
-1.164293467259721584e-04
-1.872440893617751529e-04
-1.812250935573935223e-04
-2.317949300616088475e-04
-2.135744206483809130e-04
-2.516124616821759584e-04
-2.274204516353833219e-04
-1.296290029462807808e-04
-3.642341530592798054e-05
-2.731227704195893897e-04
-1.442409158800509329e-05
-3.675440868996126853e-05
-9.047880833667362147e-05
-1.032082499763685353e-04
-1.561044525608389641e-04
-2.200410824994621529e-04
-1.558440695158861376e-04
-2.137705711351276167e-04
-2.164568613008673948e-04
-2.656084414965327687e-04
-2.216400644132031502e-04
-2.301148101320375848e-04
-2.817527117232753895e-04
-3.089487564432056243e-04
-2.819263800282930657e-04
-2.923653119430196976e-04
-2.605787984885828959e-04
-2.856525159463791622e-04
-2.566452905705319978e-04
-2.823964801597399557e-04
-2.540433354643571056e-04
-2.794359899182397976e-04
-2.224720282095964769e-04
-2.655235511179584377e-04
-2.493361369889912356e-04
-2.655738997864378627e-04
-2.858373415802598939e-04
-2.943904173026313663e-04
-2.949683658762830454e-04
-2.531426340434319439e-04
-2.679332186522735714e-04
-2.081770054974950196e-04
-2.086842651566438980e-04
-2.467283216510731130e-04
-2.300812102608151691e-04
-2.562793178227162146e-04
-2.329506038797572048e-04
-2.549942760226413534e-04
-2.298571091592621738e-04
-1.837253902139649071e-04
-2.291238214844659499e-04
-2.183681080275674217e-04
-2.472321585756710478e-04
-2.267433418120208880e-04
-2.134598482699420719e-04
-2.406517985452389502e-04
-2.200498335734873555e-04
-1.760971866334835748e-04
-2.211650110461694596e-04
-2.116280383939059479e-04
-2.396532311913254602e-04
-2.200890786952881600e-04
-2.072553558285314011e-04
-1.993774861842082750e-04
-2.283794880358043316e-04
-2.105032826536911024e-04
-1.685347328525445959e-04
-2.040845686858066904e-04
-1.651066277225840236e-04
-2.121513869444291574e-04
-2.380291141447715231e-04
-2.167139827275002301e-04
-2.060535725505346937e-04
-1.983720044861847162e-04
-1.932388585748738845e-04
-2.214986122435063938e-04
-2.049127704805053709e-04
-1.628647596344822747e-04
-1.971937427615331540e-04
-2.212133251256133870e-04
-2.011124172987770035e-04
-1.919327998124306320e-04
-1.543966766625682393e-04
-1.986179711199224051e-04
-2.233049515652462107e-04
-2.058617828588205480e-04
-2.239504700616212415e-04
-2.007279707368684024e-04
-1.892319792889091243e-04
-1.506721104265155845e-04
-1.924584256883951573e-04
-2.158263944084280262e-04
-1.986624366281643727e-04
-2.161331961059453108e-04
-2.372056576190501335e-04
-2.324621426582056539e-04
-2.275343813890887341e-04
-2.239003482101814134e-04
-2.203916126049058877e-04
-2.098494156559331644e-04
-2.130719186465744532e-04
-2.142827972810864667e-04
-2.144137823672516809e-04
-2.137370863714804466e-04
-2.132175012719455577e-04
-2.045804556780615507e-04
-2.090636128767729869e-04
-2.109825167441352952e-04
-2.036091166609414001e-04
-2.088550736036934850e-04
-2.110606031802009924e-04
-2.115681636371728811e-04
-2.035475756553739221e-04
-2.083521492801298971e-04
-2.101173865496264626e-04
-1.619552201557498624e-04
-1.873829837107885159e-04
-1.969358944229043090e-04
-1.963229139361438822e-04
-2.053904094804816509e-04
-1.826402842918056454e-04
-1.973498265160833953e-04
-2.056971591299707489e-04
-2.094957494047493827e-04
-2.870743816230500651e-04
-2.548050262061234638e-04
-2.336930330938941753e-04
-2.115588667986207370e-04
-2.066966019346081699e-04
-2.025183942929387410e-04
-1.539889070782342513e-04
-1.750990728196269951e-04
-1.877576835067924636e-04
-1.950449784566177149e-04
-1.984023694584146290e-04
-2.102415192086969325e-04
-2.050962272919961945e-04
-2.123225628166550475e-04
-1.790359994431989601e-04
-1.855011134254846061e-04
-1.892392546118566992e-04
-2.024487403905337777e-04
-1.912390999757587946e-04
-1.932202250117177238e-04
-1.938298387567211317e-04
-1.944618706589054799e-04
-1.943037321439419079e-04
-2.050321069379389843e-04
-1.752913714841686211e-04
-1.828082266231962445e-04
-1.871705301402973960e-04
-1.902463330074117740e-04
-1.905378527697376733e-04
-2.008869458903400672e-04
-1.735772089521495640e-04
-1.586218390659035202e-04
-1.724332958985210114e-04
-1.813570432207394520e-04
-1.660565788118815729e-04
-1.715073177380214097e-04
-1.831910231545307575e-04
-1.892519160775878997e-04
-1.924792433605754911e-04
-1.932288675101640331e-04
-1.932474149911378230e-04
-1.921438591994287335e-04
-1.911789387973096305e-04
-1.890071300435869708e-04
-1.969152758202256622e-04
-1.893984470920472409e-04
-1.784592342635442797e-04
-1.798422809995611207e-04
-1.738957590626607369e-04
-1.783254933234545536e-04
-1.806732343947552969e-04
-1.813615220622817516e-04
-1.817518125111378677e-04
-1.811338944175440587e-04
-1.808579653637486088e-04
-1.797766883558261236e-04
-1.800729366371456167e-04
-1.604405822625794623e-04
-1.679683121753376381e-04
-1.721443159155727786e-04
-1.741049717914127607e-04
-1.757755916836670174e-04
-1.755112913892610484e-04
-1.553756386188101188e-04
-1.563207689196837238e-04
-1.222836327595056211e-04
-1.557768150224526785e-04
-1.235397514131010230e-04
-1.504561617827443302e-04
-1.745976264597976608e-04
-1.360573610031121170e-04
-1.660011085055899960e-04
-1.306396319262694982e-04
-1.555582817942375792e-04
-1.251978938258474169e-04
-1.512342660535112083e-04
-1.659909246597582138e-04
-1.742261351575384630e-04
-1.774013417876029038e-04
-1.775157990979220530e-04
-1.758943453968764444e-04
-1.560359674030937821e-04
-1.181190138147814435e-04
-1.383937252087575492e-04
-1.512759192140363267e-04
-1.576899315214271339e-04
-1.614945598302722370e-04
-1.620650357798832076e-04
-1.622861505519533750e-04
-1.443662710029230305e-04
-1.318348022907862675e-04
-1.434032094245888181e-04
-1.500067873672255366e-04
-1.534329630854753873e-04
-1.541703784578638665e-04
-1.541702048203662842e-04
-1.376402475485448852e-04
-1.261800710313021659e-04
-1.383547476276418260e-04
-1.456259509549038276e-04
-1.458726448322729343e-04
-1.501599451690934601e-04
-1.515452214223053499e-04
-1.520520189745314056e-04
-1.520587864917465938e-04
-1.518104765922271887e-04
-1.358239579947142139e-04
-1.247893546526710417e-04
-1.368445905137151354e-04
-1.402442644433921320e-04
-1.468948263348773483e-04
-1.498850391328641234e-04
-1.514625484381230350e-04
-1.521723475203570070e-04
-1.372081249430330161e-04
-1.266088725091722299e-04
-1.384062028830423594e-04
-1.415656596459153823e-04
-1.480781379914605171e-04
-1.509929260627047311e-04
-1.503035032052729291e-04
-1.500743573209578293e-04
-1.502102627779318877e-04
-1.504293215113001330e-04
-1.506889936562507098e-04
-1.509575110627138614e-04
-1.368139734677969110e-04
-1.377488254053407660e-04
-1.446074099343090929e-04
-1.992247753737312469e-04
-1.846252061270447966e-04
-1.677977875632934092e-04
-1.480934251546667279e-04
-3.727254401442951087e-05
-6.940113437262533994e-05
-6.361515749048534069e-05
2.584846496860113496e-05
-3.356071216806835012e-05
5.363200292983559114e-05
7.666539430133285170e-06
-4.186584055433759284e-05
-7.405408852052519891e-05
-9.200617265186884840e-05
7.923572062175875718e-06
-4.045799529801409979e-05
4.941645160701708440e-05
1.490386944914131111e-06
-4.616071052058806287e-05
-6.684340870058326099e-05
-6.422189761083317593e-05
-9.850612690292203082e-05
-1.204934501174800994e-04
-1.219389953091335702e-04
-1.083218432738043907e-04
-1.377272582608843625e-04
-1.365165960405001510e-04
-1.355766053752324100e-04
-3.657548258979997110e-05
-1.180806824049370770e-04
-1.306192654179388793e-04
-1.256262243490291204e-04
-2.707392447557044709e-05
5.214762872311533916e-05
-6.694364223740760109e-06
-3.626277142046183073e-05
-5.866664432115543411e-05
-8.789878143330991003e-05
-1.561846444294029011e-04
-1.536387535182933025e-04
-1.387392584086121904e-04
-3.641553672049424367e-05
-3.943932553170981687e-05
-6.183916286325954234e-05
-9.089156396159535389e-05
-1.543437399837970121e-04
-1.594540365857053939e-04
-1.491129380465940329e-04
-1.421336850911252307e-04
-1.343635086964229308e-04
-1.886817214390890292e-04
-1.485647379492013214e-04
-2.009197880343789404e-04
-9.566531294308081837e-05
-1.033919461194097728e-04
-1.106068753462472598e-04
-1.666772863431608017e-04
-1.523447868007747911e-04
-1.376353713186907399e-04
-1.296972252068303048e-04
-1.217911895163351608e-04
-1.254416773749735838e-04
-1.213951907298190360e-04
-1.776228962928202916e-04
-1.541435605712150212e-04
-1.997671198324546418e-04
-1.637212116407627221e-04
-1.475126699515947768e-04
-1.414395169174389869e-04
-1.366642202140722290e-04
-1.183877577849261207e-04
-1.090227472384458301e-04
-1.008296142178994080e-04
-1.095212853415793278e-04
-9.020968608437970068e-05
-1.051056794070805801e-04
-1.052848888722982793e-04
-1.035955984767893530e-04
-8.777522084641226270e-05
-9.285418985864707614e-05
-9.913868670721719806e-05
-1.126954262980321979e-04
-1.104665245590079884e-04
-1.064724407522404297e-04
-1.072135545606803817e-04
-1.048416844055930522e-04
-1.575874960945169143e-04
-1.385435313572051211e-04
-1.276826339399154834e-04
-1.753392732645700665e-04
-1.499429591636843452e-04
-1.899236306610890433e-04
-1.584155251043566645e-04
-1.444560379879659636e-04
-1.340112750058951871e-04
-1.262975956608842652e-04
-1.207372940655643858e-04
-1.168580012980506002e-04
-1.142761814125068038e-04
-1.126825906438414833e-04
-1.017079938687963104e-04
-1.058708624077472671e-04
-9.975736133315084634e-05
-1.106641732549533760e-04
-8.860465041972962526e-05
-7.225229367582714488e-05
-9.095827618053695530e-05
-1.035086342089775428e-04
-1.124257868514539293e-04
-1.179886264763373280e-04
-1.212621810264601985e-04
-1.223824573117489702e-04
-1.228390815840975446e-04
-1.228489851542456971e-04
-1.225676714589888001e-04
-1.221055693464077581e-04
-1.215401695477877613e-04
-1.209250131525346832e-04
-1.094572547939617598e-04
-1.108776519231745447e-04
-1.119569312966006247e-04
-1.159372170773982641e-04
-1.149267549483814013e-04
-1.174097098016033987e-04
-1.556159012272113548e-04
-1.355890793918095656e-04
-1.253448160752746831e-04
-9.643364509582411993e-05
-9.263230818292364217e-05
-1.403101651097719003e-04
-1.224797841915421510e-04
-1.210538743656072556e-04
-1.600966440216339346e-04
-1.435343776555619453e-04
-1.304597871527673710e-04
-1.208205193661754449e-04
-1.138183133314037918e-04
-1.088610988893568270e-04
-1.054763265927236270e-04
-9.439773245948478587e-05
-9.702240145610240441e-05
-9.891015049022799943e-05
-9.104375045468759834e-05
-9.586424808385985395e-05
-9.927432841428265149e-05
-9.770238118423220331e-05
-1.014835885908920397e-04
-8.185589047538064256e-05
-9.239843947625454694e-05
-9.055399302645876297e-05
-9.886784355045729656e-05
-1.003025831994918082e-04
-1.416052539864678136e-04
-1.336557402743484061e-04
-1.182318504179634801e-04
-1.163326675042173291e-04
-1.055435847351207180e-04
-1.071194141179569964e-04
-9.898981407943230738e-05
-9.379010080210447838e-05
-9.921383944548263533e-05
-1.380211386712177908e-04
-1.671180137984895403e-04
-1.246660250594805073e-04
-1.102326061448129425e-04
-1.087734495073539839e-04
-9.854972670803098544e-05
-9.175393170756838360e-05
-9.588329350149894629e-05
-1.337709349536714374e-04
-1.001547559646794630e-04
-1.010869526182426312e-04
-1.014695483194864682e-04
-9.333778462007468618e-05
-1.317714709069730389e-04
-1.226943069075645085e-04
-9.362291914848471950e-05
-9.587664631477596478e-05
-8.925431023775791070e-05
-8.502231426002016066e-05
-9.101245349052810413e-05
-7.220329262464914813e-05
-8.258285393725854086e-05
-8.183015430682122099e-05
-8.168469668186811904e-05
-8.976920708897543092e-05
-1.282845914099367231e-04
-1.213077351348211091e-04
-1.073017351327201140e-04
-9.752320316560290654e-05
-9.865670806732966178e-05
-9.119098642020261297e-05
-1.286377675015935786e-04
-1.199072058154333157e-04
-9.136635850676604130e-05
-9.311191636907008599e-05
-9.443234055385305503e-05
-8.741996662075897828e-05
-9.063407091976883679e-05
-8.493562538641280741e-05
-1.229447005436851484e-04
-1.149955386023664887e-04
-1.010285248172005442e-04
-1.347041391075453644e-04
-1.222563072295794267e-04
-9.169873335410022662e-05
-9.144294400023613106e-05
-9.106466562009873282e-05
-8.355400458186321589e-05
-6.382913948463093262e-05
-7.386489768867573655e-05
-7.375485806909183985e-05
-8.162841831386607506e-05
-1.195830162594935312e-04
-1.127773907307634668e-04
-1.426565346085836232e-04
-1.273940642502973232e-04
-9.527187882514948330e-05
-8.709726273297235095e-05
-6.571367510015165675e-05
-7.508793573081728816e-05
-7.433281838228230341e-05
-8.145046905554084217e-05
-6.420430396992493865e-05
-6.848982661406045913e-05
-7.899436277967527436e-05
-8.524258704423492733e-05
-8.223224539059488297e-05
-8.756351723940576756e-05
-1.234171401020337758e-04
-1.151072149324392180e-04
-1.436801918138723281e-04
-1.275724378514023021e-04
-1.074458575383246370e-04
-9.325708901724889951e-05
-8.349921952054503325e-05
-1.192516360529498256e-04
-1.088260627230385597e-04
-9.995482186163580677e-05
-8.624076365649256204e-05
-7.709635476665497222e-05
-7.871162457090070724e-05
-7.084355101656516563e-05
-7.571865899337632954e-05
-7.151816069512223636e-05
-7.678839762343198029e-05
-7.291017436455760102e-05
-7.081118964434529540e-05
-6.994320055940381935e-05
-6.842630124631422848e-05
-6.963832352657930568e-05
-6.900831518832194883e-05
-7.796449995791441114e-05
-8.390451641184341078e-05
-8.049600288353052824e-05
-8.591009936118637505e-05
-8.218083300321561615e-05
-8.733505103178683176e-05
-8.345146319868138062e-05
-8.113367807949959721e-05
-7.989454183769361382e-05
-8.663954785340330388e-05
-8.387465603236507277e-05
-8.224046380297407978e-05
-8.847097307847188335e-05
-8.579744950996125478e-05
-1.208048262903204718e-04
-1.474371703581194753e-04
-1.254218525385512200e-04
-1.165943934997739457e-04
-1.453614779393361310e-04
-1.667516373078530055e-04
-1.828698831911962570e-04
-1.926663083612180989e-04
-1.505545016404676723e-04
-1.261452954975969651e-04
-1.084242697595409489e-04
-1.362391351826929963e-04
-1.146950359571384564e-04
-9.928007169381138108e-05
-1.288539034488367732e-04
-1.087740611850684990e-04
-1.331636867502784425e-04
-9.527756184023949634e-05
-7.956892421930035584e-05
-7.629467730824456310e-05
-7.292740835229018898e-05
-7.061586598532531981e-05
-6.420712457463716291e-05
-1.013147166001561396e-04
-8.552452703643766130e-05
-1.179144298868409918e-04
-8.490744268048222880e-05
-7.524848173175031061e-05
-7.547155591467515643e-05
-6.935988094761991738e-05
-6.566602899223086180e-05
-1.050962292167649650e-04
-9.069391998392201755e-05
-1.214580178442632729e-04
-1.019661334729705292e-04
-9.508225591119751541e-05
-8.284597485004856904e-05
-7.441916264481687878e-05
-6.904484718573019025e-05
-6.561975143415096966e-05
-6.386712303811117007e-05
-6.920102513480785368e-05
-6.637300192594519871e-05
-7.180914305679979423e-05
-7.301838971005094367e-05
-7.072110366820550601e-05
-6.945264781793255605e-05
-7.290076898252908512e-05
-7.885323518089988625e-05
-7.995610003748487903e-05
-8.414272698115043080e-05
-8.390311417066847002e-05
-8.709012689769868309e-05
-8.609029692256282818e-05
-8.872014363601566994e-05
-8.729433089043504162e-05
-9.123689474739293543e-05
-9.171439375661902228e-05
-9.100517625939100760e-05
-8.454502159860208211e-05
-8.022888439852414628e-05
-8.106065209909896186e-05
-7.896247325413028185e-05
-8.090149446581466452e-05
-7.961849003871565621e-05
-7.757799200980347771e-05
-7.650246200260031409e-05
-8.023828872724144247e-05
-7.894832344012333442e-05
-7.820774352644336810e-05
-8.001550781182163079e-05
-8.287422729561423498e-05
-8.502612502197943165e-05
-8.488205426501811593e-05
-8.609381078209367519e-05
-8.536077661986301917e-05
-8.612781899658319539e-05
-8.676238292970704787e-05
-9.082272953187298689e-05
-8.953969320068479903e-05
-8.718937008866171044e-05
-8.666274557621828176e-05
-8.641315566894905908e-05
-8.992329792537736091e-05
-8.826084681488177838e-05
-8.584026851612978676e-05
-8.515118374004330666e-05
-8.853828910139604634e-05
-8.678316061569682125e-05
-8.884538905277898689e-05
-8.462749665795494408e-05
-8.678818766509003441e-05
-8.285714909882520144e-05
-8.527459685904364485e-05
-3.741181115948878562e-05
-4.944873153034437519e-05
-5.868445264637094268e-05
-1.445969484702293200e-05
-3.178069905765842999e-05
-3.967314428603214873e-05
-7.614489287374928272e-05
-1.027524924882631239e-04
-9.241721812849541578e-05
-9.006430964852529635e-05
-8.814328260683276469e-05
-3.991674157150561377e-05
-7.334340987575324372e-05
-7.125937673454711262e-05
-2.640980418333481984e-05
-3.827352546775642216e-05
-4.486650172685420935e-05
-5.083014535733529192e-05
-5.870459665213640158e-05
-6.173587708399570035e-05
-6.745245986193540053e-05
-2.391841622911277130e-05
-3.242109417991191617e-05
-4.468494281980488133e-05
-5.403059025447689678e-05
-5.621340587860666267e-05
-6.340293220431223776e-05
-6.920558498596133612e-05
-7.301592905397699771e-05
-7.636455836062669888e-05
-7.837717699988971910e-05
-8.036370524452861818e-05
-8.132982419737748165e-05
-8.247124607790267379e-05
-7.790995648261658216e-05
-8.118920460267823594e-05
-3.544575878161919190e-05
-4.222161106956307463e-05
-3.106047002160533523e-06
-4.486491351094613726e-05
-4.765808385624005017e-05
-5.666172268167013389e-05
-1.460888194582678214e-05
-2.448134543732062579e-05
1.168248425704263574e-05
-9.885228458591199696e-06
-2.194992214186532490e-05
-6.055989406908254987e-05
-6.004789829124516996e-05
-6.622102350721931197e-05
-6.921192972217622490e-05
-7.203151298227561058e-05
-2.823849182880054559e-05
-3.603640467787746956e-05
-4.653976096020453324e-05
-5.607375888952212921e-05
-6.160029102177610148e-05
-6.126735644626334206e-05
-6.793332483444370110e-05
-7.102038056343827361e-05
-6.880069458920899000e-05
-7.398779314500492294e-05
-7.576096010990895468e-05
-7.268041676092990011e-05
-7.706506250744433800e-05
-7.838110590896110600e-05
-7.913692046832339767e-05
-7.530965290073525996e-05
-7.908249911017838432e-05
-7.953170497700618260e-05
-7.551070529704750445e-05
-7.915696090645513942e-05
-7.942208894534814303e-05
-7.530405828579614803e-05
-7.890131267649061106e-05
-7.934133384473965203e-05
-7.940933541146068882e-05
-8.185572400112183953e-05
-3.835252690141362149e-05
-4.245514378729124298e-05
-5.279329343578728650e-05
-1.414125156724682349e-05
-4.972869523810262513e-05
-1.119075977403612474e-05
-2.481125910789378487e-05
-3.139422988307982113e-05
-4.157551171816455376e-05
-5.411316656748344075e-05
-5.898148855120975822e-05
-8.535213163123541737e-05
-8.181880926186534629e-05
-7.960327963654971852e-05
-7.332156988920670551e-05
-7.322413738972771648e-05
-7.354382814184823910e-05
-7.406550796850047723e-05
-7.902604352623983483e-05
-3.706927891157319946e-05
-6.723855139127856524e-05
-2.661666349286553868e-05
-3.143110372041218022e-05
2.999465382881091118e-06
1.009539483563601750e-06
-1.303111322156920111e-05
-1.352033826455721285e-05
-3.001327661826558459e-05
-2.874845363224879947e-05
-2.879120250318849280e-05
-4.598261873369932065e-05
-5.659614691288897043e-05
-6.250490091685744268e-05
-5.366831998538700504e-05
-6.134103859202355981e-05
-6.456360624598444218e-05
-6.874649230965110302e-05
-7.422581083360356251e-05
-7.239813776532291972e-05
-7.086494930450721339e-05
-6.956039536162469635e-05
-6.843600523203418663e-05
-6.745608881904615196e-05
-6.659429575502747638e-05
-6.583105896640386299e-05
-6.515170711233649861e-05
-6.454507762131452681e-05
-6.400250764537206995e-05
-6.210108099137428618e-05
-6.235230158408715966e-05
-6.240069463911289860e-05
-6.231711554544646769e-05
-6.068285654375652844e-05
-6.117855311794595193e-05
-6.139768271846826120e-05
-6.143576239125819445e-05
-6.553146294381482714e-05
-6.395324163747915266e-05
-6.282715757043854927e-05
-6.192041334836775781e-05
-5.984120975237289903e-05
-6.421407075761507760e-05
-6.287917004419201676e-05
-6.049037138813674776e-05
-6.459792345119480311e-05
-6.309751199311288664e-05
-6.059907774411350188e-05
-6.459486681306769262e-05
-6.304602949360943779e-05
-6.052492867087704725e-05
-6.447398992753073993e-05
-6.292548849573768725e-05
-6.041623549906534297e-05
-6.434293615484777565e-05
-6.281244941124889129e-05
-6.177586099850882818e-05
-6.095247053282524288e-05
-6.039601434709747357e-05
-6.405174271480724535e-05
-6.242920142102899327e-05
-6.479256982807746342e-05
-6.180430318928073561e-05
-6.504976416844477000e-05
-6.321389260813340934e-05
-6.530376723959451044e-05
-6.335530216892222739e-05
-6.534687814195623968e-05
-6.334941866547825486e-05
-6.552880872768409107e-05
-6.225877721617377014e-05
-6.464241394915650981e-05
-6.288062352770527874e-05
-6.541619431484202028e-05
-6.326621528517406047e-05
-6.513380994702840641e-05
-6.311962474576627246e-05
-6.035846608049239768e-05
-6.369468315680557036e-05
-6.217301077762398085e-05
-5.980310239120943986e-05
-6.350935520987306237e-05
-6.211113497631112247e-05
-5.980931470197308158e-05
-6.352064088479023951e-05
-6.214060280184859617e-05
-5.983806696076695376e-05
-6.350814292076794210e-05
-6.211865509828843159e-05
-5.980207388174751590e-05
-6.342472525294206068e-05
-6.202604239756166326e-05
-5.970045104236594666e-05
-6.328174281112892399e-05
-6.188146537366423223e-05
-6.426272899601511302e-05
-6.400702340947395672e-05
-6.244488377406325020e-05
-6.121158818107894984e-05
-6.028418090146385352e-05
-6.298174914841585378e-05
-6.138561808678524054e-05
-6.360329585761456499e-05
-6.326753453480994519e-05
-6.172594062001507387e-05
-6.052700925673671934e-05
-5.964336144103698307e-05
-6.233596755492512836e-05
-6.080561328228011454e-05
-6.302856337410014497e-05
-6.119207343271577926e-05
-5.164987184645796327e-05
-5.513475440042432961e-05
-5.643982485853028135e-05
-5.735426980430523346e-05
-5.797369571348170623e-05
-5.837217724856687382e-05
-5.860685717324616806e-05
-5.872159553687378503e-05
-5.874986263003904472e-05
-5.871702705495824974e-05
-5.864216258931095047e-05
-5.853947131025381460e-05
-5.841940375499211777e-05
-5.828953594999217429e-05
-5.815525672211677860e-05
-5.802030244256361840e-05
-5.788717234115339582e-05
-5.646651459241288886e-05
-5.684607099664288834e-05
-6.055390556032031439e-05
-5.956816140787289654e-05
-5.751492825176755732e-05
-6.077098264469474223e-05
-5.960435673934403223e-05
-5.741298725645148826e-05
-6.056493458971875756e-05
-5.804655964970830979e-05
-6.077483924460910824e-05
-5.940361053735048732e-05
-5.705062408863078108e-05
-5.681785012103974115e-05
-5.656183643843992997e-05
-5.630534206351340285e-05
-5.606282158934425952e-05
-5.574321411053884671e-05
-5.429575960837118624e-05
-7.529272904115001013e-05
-9.164897575500723006e-05
-1.042639595012145257e-04
-9.295510557422300910e-05
-8.418110870580934081e-05
-8.027639241366867290e-05
-6.414885455766919863e-05
-6.213481771072184591e-05
-7.516579877905493377e-05
-7.144550566215692659e-05
-3.711661485335673394e-05
-3.829706580975530565e-05
-4.031011806696922485e-05
-4.137092224930407074e-05
-4.178311536790839896e-05
-4.254105316926989504e-05
-4.583409532875575547e-05
-4.597128578170215366e-05
-4.825762151157706917e-05
-4.164625990286797259e-05
-4.487847670310848516e-05
-4.742506557947206324e-05
-4.115654123275918908e-05
-5.054161135936031523e-05
-5.077065782108272478e-05
-5.269475958534977221e-05
-5.327333553489909654e-05
-5.490037578998713361e-05
-5.508169069359506760e-05
-5.509679710712053925e-05
-5.499969047711289732e-05
-5.767647625358096646e-05
-5.655330142828575245e-05
-5.565765153003384157e-05
-5.493414582071886877e-05
-5.718534615038427791e-05
-5.699924392835550884e-05
-4.964612125676721934e-05
-5.093243659605612165e-05
-5.183722375313617569e-05
-5.244969925837716593e-05
-5.284043940645184614e-05
-5.306502208215006756e-05
-5.315831040241601854e-05
-5.316676938188679222e-05
-4.551192984127195744e-05
-4.798456278070316328e-05
-4.977983410608295554e-05
-5.104012561287947221e-05
-5.190095645111856984e-05
-5.245852703385441593e-05
-5.278832468849532506e-05
-5.294932684099578685e-05
-5.298737695467223529e-05
-5.293789603545564977e-05
-5.282805738654987445e-05
-5.273894576084277151e-05
-5.253447081839850499e-05
-5.239115540855290919e-05
-5.215933607634881122e-05
-4.442038876059732747e-05
-3.910525560834745515e-05
-5.200594341949831250e-05
-7.124756409361732059e-05
-7.148702258537093966e-05
-7.141139559625545843e-05
-6.761744484305926613e-05
-6.369784838782570010e-05
-6.062467039126566746e-05
-5.917483516890311687e-05
-4.977119703020445009e-05
-5.113766018778368811e-05
-5.084565920710583170e-05
-5.235080137476840243e-05
-5.251047039398975489e-05
-5.241388982600862691e-05
-5.225594382906918078e-05
-5.196035406298858081e-05
-5.157679988282873698e-05
-5.113836509109744049e-05
-5.330559942326468524e-05
-5.202560646101347209e-05
-5.099216190580710260e-05
-5.015900719728566705e-05
-4.948891878455238423e-05
-4.895187158342307563e-05
-4.851593785279654093e-05
-5.077846197359313580e-05
-5.078750776725598294e-05
-6.831279097890904527e-05
-6.516238792638884422e-05
-6.272439697561319350e-05
-5.820378201580255574e-05
-4.714737919450857125e-05
-4.562538878646393777e-05
-4.799570260939991123e-05
-4.966250178911730363e-05
-4.749215987140618505e-05
-4.699529486175912739e-05
-4.918664862494177478e-05
-4.860109909239191631e-05
-4.750715565142493349e-05
-4.679417872671891000e-05
-4.684105790652327991e-05
-4.682586121161510351e-05
-4.619236022434891300e-05
-4.503110071882112406e-05
-4.845545175487535919e-05
-4.652119675080160200e-05
-4.857487866895513368e-05
-5.119286228412826269e-05
-4.260516014788801612e-05
-4.393548205574648798e-05
-4.359138418696429528e-05
-4.359950655555415612e-05
-4.792299627822501127e-05
-4.662708256015527869e-05
-5.006603760162323591e-05
-4.801776265684217740e-05
-4.769170215639163167e-05
-5.020409926816543362e-05
-4.970492133393956464e-05
-5.147520370813850348e-05
-3.819218195483335801e-05
-4.474599491239908129e-05
-3.124496126117330192e-05
-5.407706632545914680e-05
-7.455363795320762434e-05
-7.153233536389155638e-05
-6.775996729513438486e-05
-6.456467460473515189e-05
-7.841326789281524061e-05
-7.434035814661236607e-05
-7.069474721342066553e-05
-6.538000798654176730e-05
-8.343244232124032763e-05
-7.584130737364852787e-05
-6.996655965805042665e-05
-6.772215184645515506e-05
-6.414506717780752310e-05
-6.071283839610264849e-05
-5.733544032665799459e-05
-5.490089190590474255e-05
-5.315515035977973001e-05
-5.524478916506620960e-05
-5.410361085251688473e-05
-5.327901932138589744e-05
-5.307084397884661306e-05
-7.243230342606110552e-05
-6.852019830281497951e-05
-6.757931308266009623e-05
-6.143932747968362167e-05
-5.681782470397930346e-05
-5.562737868500510088e-05
-5.305780582447698076e-05
-2.623421282309601959e-05
-3.141241270977368792e-05
-7.551246545209257350e-06
-1.650482952119513498e-05
-2.361092187070346456e-05
-2.958991496446754428e-05
-4.846412280599651426e-05
-4.643603682175172334e-05
-2.001271209975847036e-05
-4.069297254379617698e-05
-3.982162162297026513e-05
-3.990596515384465420e-05
-3.958766362229038577e-05
-4.010100213035023897e-05
-4.007689582767180909e-05
-4.080062428921091863e-05
-4.090165201238100311e-05
-6.142476117887535575e-05
-5.818876878804902201e-05
-5.587415450624085743e-05
-5.407983148089588304e-05
-5.524541793613092452e-05
-5.322161492642971315e-05
-5.439753651687057750e-05
-5.232190561099308624e-05
-5.086628965602571094e-05
-5.260981900888004031e-05
-4.867316383171068256e-05
-4.825989872561626615e-05
-3.411571657375764814e-05
-3.753359388498062987e-05
-3.996819092420493384e-05
-4.225410631543165664e-05
-4.190665142261345086e-05
-1.670259051135333382e-05
-2.406913138308440397e-05
-2.692573751012191630e-05
-3.273214873965369541e-05
-5.085690478750120355e-05
-4.880302121996239897e-05
-4.727642661051298769e-05
-4.669757756147765136e-05
-4.575836884217601084e-05
-6.489282171267427783e-05
-5.319600227035495532e-05
-5.107297130087527564e-05
-4.891741499842215511e-05
-4.735782423349001375e-05
-4.674594173126173216e-05
-4.575181912897413909e-05
-6.450867810167345857e-05
-7.805421566002524684e-05
-9.049830465429534838e-05
-1.020367293609895020e-04
-9.029485391467780464e-05
-8.075064814158598573e-05
-7.489855590150946301e-05
-7.018703639520115409e-05
-6.624640088102470793e-05
-6.112695813051605880e-05
-5.938215403427145068e-05
-5.572216845640024321e-05
-5.224675240535567181e-05
-4.975363043150050408e-05
-6.436028599201212299e-05
-6.044935874345957729e-05
-5.902755701449390551e-05
-5.604380656427755745e-05
-5.539007235342468041e-05
-5.216877428016422787e-05
-4.975222644551573420e-05
-4.790495597125320193e-05
-4.884552192109698225e-05
-4.695794985868151426e-05
-4.562156931144073214e-05
-4.465137968758451081e-05
-4.606873159645189013e-05
-4.488272393267433367e-05
-4.409757190972637893e-05
-4.355781726537777859e-05
-4.530021825501201455e-05
-4.437373800827728286e-05
-4.378619436151692931e-05
-4.547855379619968795e-05
-4.450848731545804137e-05
-4.600262199826749151e-05
-4.415409643551169381e-05
-4.805866831566601847e-05
-4.864319663803076368e-05
-4.872493333813739087e-05
-4.874327341295468173e-05
-4.872135451079097237e-05
-4.867604799115479827e-05
-4.861879204365374796e-05
-4.855706466831192055e-05
-4.849549988800663536e-05
-4.843672782407148033e-05
-4.838662954810754038e-05
-4.834003318877850902e-05
-4.829678601444680744e-05
-4.825640443660863355e-05
-4.821823722302506229e-05
-4.706033773950134405e-05
-4.470811495880823292e-05
-4.472028572017523344e-05
-3.867913759041258779e-05
-4.007528530417876533e-05
-3.486336922099506080e-05
-3.753879521973627764e-05
-4.243303142149937979e-05
-4.282533024500908452e-05
-3.699839806482133341e-05
-3.990716522972209863e-05
-4.342233592535235290e-05
-4.396603549327219278e-05
-4.422446993820869691e-05
-4.434703182797412207e-05
-4.436619813442854352e-05
-4.613301700698937719e-05
-4.964188027194215216e-05
-4.963154592203082040e-05
-4.672587904650688119e-05
-4.546048874949527044e-05
-4.866313523020203441e-05
-4.863961825510027258e-05
-4.849418357330176929e-05
-4.804988536105295167e-05
-4.768974448420884289e-05
-4.542727059233885007e-05
-4.575556207370203303e-05
-4.328554032345035966e-05
-4.160290924060336008e-05
-4.203147996196960061e-05
-4.177425222705997461e-05
-4.153208520948369650e-05
-4.138390008755856347e-05
-4.318970904549380296e-05
-4.252563789144404285e-05
-4.202652477965842929e-05
-4.165047235195139903e-05
-4.137006820724427423e-05
-4.116367704568920521e-05
-4.101425613996988819e-05
-4.090840897524767201e-05
-4.083562953422743911e-05
-4.078770044772203504e-05
-4.075821362750121235e-05
-3.519812516572013881e-05
-4.337049867087969506e-05
-5.751664939748206716e-05
-5.499130144578863498e-05
-4.674892999821832142e-05
-4.681624765056813697e-05
-4.035308774888611078e-05
-3.618690841181364210e-05
-3.255223333452635879e-05
-3.776983306727428645e-05
-2.062226678808462888e-05
-5.252698466656061599e-06
8.538756984087270772e-06
4.426355048930869808e-06
-8.358394747316689517e-06
-9.896396371412507045e-06
-1.863964733049649659e-05
-3.386602617282344002e-06
-1.183411284987807018e-05
-1.211515977899208147e-05
-2.169996475518177234e-05
-2.065733405421514601e-05
-2.725783689623480447e-05
-3.230000082792538736e-05
-4.809386115070226264e-05
-6.078381355920501374e-05
-5.634250656342895008e-05
-5.249839937013938053e-05
-4.936624125865938004e-05
-4.745757329128045860e-05
-3.952138309413669143e-05
-3.951694144201204777e-05
-4.121592759291712037e-05
-4.108878089357514849e-05
-3.947980418697695840e-05
-3.908339211895420765e-05
-4.051282131565371272e-05
-3.947296714325394178e-05
-4.053007406973232178e-05
-3.930354847434942665e-05
-3.828158583097845605e-05
-3.753325820968366378e-05
-3.697314269911067258e-05
-3.840310639804641793e-05
-3.749554924999348135e-05
-3.119524023825353431e-05
-3.439192787760540787e-05
-3.492277621241791094e-05
-3.536583193248278047e-05
-3.645795107793417490e-05
-3.669190656292850485e-05
-3.723396205205530999e-05
-3.903057600693349966e-05
-3.848549381422958069e-05
-3.989951981349962952e-05
-3.908969689536849127e-05
-4.030856367583143509e-05
-3.936158227816590800e-05
-4.048223231294274387e-05
-3.947113318959228500e-05
-4.056254749703763773e-05
-1.379782121902517070e-05
-1.844748829087587745e-05
-2.228617894344374502e-05
-2.539021932129755221e-05
-2.221130847552986039e-05
-2.796447094549303378e-05
-3.238490646186193838e-05
-3.318426092146652042e-05
-3.545183377884855198e-05
-3.069858658903484253e-05
-3.516224316330253581e-05
-3.842081425018707957e-05
-3.969620902628813420e-05
-4.180108212711163847e-05
-5.474096024854712111e-05
-5.143550787324665684e-05
-2.981051734849192127e-05
-3.141439237730613048e-05
-3.394928899017920891e-05
-3.406954320233355257e-05
-3.423608547239793325e-05
-3.437547705188187953e-05
-3.640824555365111697e-05
-3.791574315168112178e-05
-3.724684227137923132e-05
-3.858398045153372874e-05
-4.156180627942947654e-05
-4.366491204587280616e-05
-4.286889581579739959e-05
-4.229657920387600581e-05
-4.190177552545998980e-05
-4.164644402724232983e-05
-4.149938083188745242e-05
-4.143510641048418275e-05
-4.143292242308234673e-05
-4.147611432136089765e-05
-4.155127776718939243e-05
-4.165164194491433139e-05
-4.176415820118419681e-05
-4.188237905174458536e-05
-4.200137914340657089e-05
-4.211746945789959388e-05
-4.222796012686469186e-05
-3.994223074833897277e-05
-3.838735778418458672e-05
-3.877676178164854735e-05
-3.919176912288479723e-05
-4.148977056921171236e-05
-4.042981117252453178e-05
-4.132327806226312637e-05
-4.192275872241448827e-05
-3.989537670160876612e-05
-5.240410215523114146e-05
-5.169626519490171123e-05
-4.826492385744961163e-05
-6.231886912433332948e-05
-5.302713548062397869e-05
-5.356267525658149202e-05
-5.011331710512832190e-05
-4.890279817439367884e-05
-4.996100823530501424e-05
-4.771080293972119731e-05
-4.595966376602956551e-05
-4.459930808213311243e-05
-4.521171135272611136e-05
-4.390649400553653338e-05
-4.456966343094043278e-05
-4.391766156742067775e-05
-4.447135803421445349e-05
-4.491590650307287542e-05
-4.534077745940097198e-05
-4.430027601116014126e-05
-4.302775402878434365e-05
-4.374053441931808239e-05
-4.274494423739954874e-05
-4.252340184870043958e-05
-4.418497844618153483e-05
-5.252930136774920818e-05
-7.470967720168846286e-05
-1.349256019080919582e-04
-3.084444918235016873e-04
-7.449438172134638641e-04
-1.658546826940878946e-03
-3.165048876117350276e-03
-4.933676099555367109e-03
-7.361029316706883645e-03
-1.008883937934054904e-02
-1.303505910868413969e-02
-1.400044659614632127e-02
-1.710793045544654195e-02
-2.017956791632320723e-02
-1.929761454241730317e-02
-2.234677769078999288e-02
-2.525239276026922455e-02
-2.207654876781344963e-02
-2.494658764753063945e-02
-2.759990909841295026e-02
-2.999132036690256575e-02
-3.212763649187032333e-02
-3.397910075246122347e-02
-3.557291120800241263e-02
-3.686521354511133886e-02
-3.790743084220975223e-02
-5.159693653051960344e-02
-5.015614508319388154e-02
-4.881091342902962177e-02
-4.754900063367293456e-02
-4.691827467111522876e-02
-3.326608790667597015e-02
-3.232480339013431986e-02
-2.550825359695108388e-02
-2.843846946100792375e-02
-2.333797546181326857e-02
-2.661470475264513316e-02
-2.225358796955890367e-02
-2.571322361814220095e-02
-2.213107464075915465e-02
-1.830026240529999959e-02
-3.276189713450367025e-02
-3.447943008182022956e-02
-3.563551264487483522e-02
-2.590642209906901874e-02
-2.204049727417606644e-02
-2.139134689209610043e-02
-1.896907857308955878e-02
-1.922284658313334546e-02
-1.927188158666845799e-02
-1.494968216137331982e-02
-2.919234408367766404e-02
-3.203099502266770759e-02
-2.455629847862028647e-02
-2.300088665523701906e-02
-2.163617080586015956e-02
-1.870260914103628186e-02
-3.427142232031878816e-02
-2.601558790232614757e-02
-2.357695150526148073e-02
-2.020213494319176087e-02
-3.660155191270450525e-02
-5.497200901918789656e-02
-3.495803081368705628e-02
-2.642373859022509319e-02
-2.182751230956948840e-02
-1.925416362234372639e-02
-3.591863616896066175e-02
-2.693836914070937144e-02
-2.215847789271213272e-02
-1.948722689042959796e-02
-3.642974217993973085e-02
-2.720958918501099541e-02
-2.308334512656747342e-02
-4.508673177966444207e-02
-4.228639112094304681e-02
-6.563439493585498941e-02
-3.970053824979444951e-02
-3.855454615932996792e-02
-3.761682026458668809e-02
-3.683021952841331048e-02
-3.615822171684231895e-02
-3.557622281355727473e-02
-3.507255621312854038e-02
-3.461507203936188548e-02
-3.421235214171425981e-02
-3.385820492453323755e-02
-3.353975122037332335e-02
-3.325173857166876384e-02
-3.299725204072928575e-02
-3.275218156916326340e-02
-3.254118200296046703e-02
-5.164753949446789644e-02
-4.501515652335599110e-02
-4.062591795870730549e-02
-3.769925576316547622e-02
-3.574206287199793025e-02
-3.440791872142565100e-02
-3.427897412973079927e-02
-3.397942811977004013e-02
-2.803895094801204732e-02
-2.921302076057678138e-02
-4.842224745552982379e-02
-6.865476755467188330e-02
-4.088626577395790274e-02
-3.794161184050032914e-02
-3.594836573402412222e-02
-3.445595499944171386e-02
-3.341701587980700633e-02
-3.355896941175218195e-02
-2.749041442987719408e-02
-2.063982788222308573e-02
-2.523957309105443261e-02
-2.793402146976668374e-02
-2.058482366649970127e-02
-1.588978859050916084e-02
-1.654606851565655276e-02
-1.695907244749595560e-02
-1.720630895826085263e-02
-1.718437722536427653e-02
-4.234071382022009528e-02
-3.869498123477684015e-02
-3.612153111265177519e-02
-2.570026372219876010e-02
-1.901273608029780543e-02
-1.838519725326181325e-02
-1.807161424078740017e-02
-1.791864066296533844e-02
-1.790261274186500176e-02
-1.790600951171163885e-02
-4.322616523912431452e-02
-3.888380708894727950e-02
-3.591964407299443052e-02
-2.513596494174887355e-02
-2.832840378466020340e-02
-2.995718502500992891e-02
-3.064383251881571540e-02
-2.430768639678164769e-02
-2.103145487030122149e-02
-2.524966445089237704e-02
-2.751255483485961356e-02
-2.867156850972441690e-02
-2.923106872403010217e-02
-2.945191478786014089e-02
-2.924616782256322586e-02
-4.969598875746859823e-02
-3.344042656098464295e-02
-2.578608285364097918e-02
-2.764610117594834202e-02
-2.025228518080948378e-02
-1.937482624277963791e-02
-1.893919761771570287e-02
-1.832013095404371947e-02
-1.841957634301668797e-02
-1.848329790712488138e-02
-1.852687001032461353e-02
-3.863943965980081580e-02
-3.662761664475941426e-02
-3.370533235041948961e-02
-5.522030560354174861e-02
-3.605288647962289622e-02
-2.749065713315589077e-02
-2.870090172643431983e-02
-4.013839289750389255e-02
-3.643466611068028882e-02
-3.434166465619811065e-02
-3.285715416773780928e-02
-3.180095625737248272e-02
-3.107923655632935378e-02
-3.037886412086754709e-02
-2.986188167973696447e-02
-2.965631897678607312e-02
-2.926132141819997104e-02
-2.916723353289742832e-02
-2.886036358646124414e-02
-2.884103407195106467e-02
-2.867529860822163115e-02
-2.841916317323814334e-02
-2.827306550872811172e-02
-2.818324626007070663e-02
-2.829951810012264202e-02
-2.822058481483417577e-02
-2.811025573386360596e-02
-2.799175003899779038e-02
-2.787613595436115935e-02
-2.776840237209547702e-02
-2.766945285451247183e-02
-2.758139746414315849e-02
-2.750299620809535175e-02
-2.736493002858303089e-02
-2.720677734971490430e-02
-2.734065268973516830e-02
-2.736778228446121869e-02
-2.734741999279849747e-02
-2.730671483587013629e-02
-2.725918117021503342e-02
-2.721127428525233621e-02
-2.716584241858028756e-02
-2.712392947039090479e-02
-2.708570919850045514e-02
-2.705096344054306809e-02
-2.701932325411446692e-02
-2.699038456717527124e-02
-2.696376267219714046e-02
-2.693911260390809831e-02
-2.691613659789705154e-02
-2.689458179473565302e-02
-2.687423593475171679e-02
-2.685492206949326860e-02
-2.683649330474133579e-02
-2.681882797919399666e-02
-2.680182546505632812e-02
-2.678540256778060707e-02
-2.676949050080059886e-02
-2.673968922808521789e-02
-2.673848901260224981e-02
-2.672675351480617231e-02
-2.671173087264586132e-02
-2.669635857044242583e-02
-2.668162721722534825e-02
-2.666771162216909768e-02
-2.665418447014928846e-02
-2.756573834916610510e-02
-3.860922610591923515e-02
-5.759803496704735820e-02
-7.712308894392416736e-02
-5.457819457654870809e-02
-7.794562036904648106e-02
-9.675135890368367908e-02
-6.514209070881142594e-02
-4.872652842932164580e-02
-7.316419982450740600e-02
-4.574514347475286402e-02
-5.725248570787035834e-02
-8.464105770983154642e-02
-5.057705500783082203e-02
-6.218077405455443851e-02
-9.213801569070706465e-02
-6.266375110652104563e-02
-3.873545157327087929e-02
-3.597569743463159553e-02
-3.410260196485119522e-02
-3.440353294268508333e-02
-2.946987006008560880e-02
-2.863487153767764470e-02
-2.831341596241483335e-02
-2.819885056805443088e-02
-2.815613075582122996e-02
-2.812924712223828505e-02
-2.809777593668547069e-02
-2.805657207344350312e-02
-2.800644510948060301e-02
-2.795003235880570355e-02
-2.789009752367717018e-02
-2.782893005610928561e-02
-2.776821851142850447e-02
-2.770910771855665880e-02
-2.765231063926284691e-02
-2.759822142942834622e-02
-2.754701086312029076e-02
-2.749870020077112634e-02
-2.907898586679912717e-02
-2.763310938181020790e-02
-2.707926737466126096e-02
-2.691271742727014207e-02
-2.690185004349140638e-02
-2.694351945469751833e-02
-2.699420120748948285e-02
-2.703742901204008939e-02
-2.682119478222236633e-02
-2.686169961541686954e-02
-2.689273914149011360e-02
-2.636927032890831399e-02
-1.739174586828385119e-02
-1.919928204577255396e-02
-1.971576845708779974e-02
-1.990674826587866125e-02
-1.996269951677936624e-02
-1.996606771455982157e-02
-2.009890659249907383e-02
-2.017217037882642824e-02
-2.000973671029107614e-02
-1.994536042321889274e-02
-1.991852581537154401e-02
-2.006074819661924843e-02
-2.012690293539346961e-02
-2.330612400047109636e-02
-2.475086472721079248e-02
-2.533694094725360071e-02
-1.785157241305489542e-02
-4.274734707226805763e-02
-3.085896288223328315e-02
-2.554733182109427889e-02
-2.290702785971905978e-02
-2.164137361388975694e-02
-2.084475097104888236e-02
-2.059361648711824019e-02
-2.022566109528785988e-02
-2.007867552195767222e-02
-2.001973338371123082e-02
-2.378030982046610078e-02
-2.459576336429757440e-02
-1.682635040303149046e-02
-1.892507317745342060e-02
-1.971878871606873654e-02
-4.472568142489972282e-02
-3.171512212313335605e-02
-2.597227320677403251e-02
-2.330194682010024512e-02
-2.203745456964207455e-02
-2.110003457814129887e-02
-2.057423240782788043e-02
-2.033335268025277323e-02
-2.391187403653114926e-02
-2.427126438566753336e-02
-1.864739585503634792e-02
-1.900202603109650557e-02
-1.151960707075798396e-02
-2.050494576976958500e-02
-1.358854473992352277e-02
-9.663516139980741007e-03
-7.305128174834365010e-03
-2.502969952197037218e-02
-6.048558512104174056e-02
-4.648515877001865859e-02
-3.973897961198737117e-02
-3.222132581827595599e-02
-2.583617385641382228e-02
-2.334952118330559448e-02
-5.337267604062559401e-02
-4.053220308722341875e-02
-3.445720514814750585e-02
-3.143113571291594743e-02
-4.429061417521749228e-02
-3.715474252605988070e-02
-3.336554912243838017e-02
-3.135342809547133486e-02
-4.433134742841630949e-02
-3.735011691375744736e-02
-6.767742817715954873e-02
-3.561113627532479925e-02
-3.397238959342827047e-02
-6.578687635317224947e-02
-8.773320929876912699e-02
-5.706808931069497215e-02
-4.293350684472685419e-02
-3.844194241767753123e-02
-2.814053436639081182e-02
-2.420356510051455481e-02
-5.416881709560528863e-02
-4.075049841838310899e-02
-6.850556098357961365e-02
-8.779906046152664845e-02
-5.663988628553996013e-02
-4.467760319644546035e-02
-7.008734253274589987e-02
-9.119042514507140484e-02
-5.843616993805893917e-02
-4.571249887209600377e-02
-3.139840806988922900e-02
-2.194474755869908755e-02
-1.214393700382834958e-02
-1.809691475708864045e-02
-1.093215358065854036e-02
-2.896251602362715644e-02
-2.638388691441600001e-02
-2.498963295678125959e-02
-5.773596326927703942e-02
-4.420810259067307207e-02
-3.104796449517842338e-02
-2.620012453821576881e-02
-2.368806108031240587e-02
-5.570429853138169490e-02
-4.151635387472601274e-02
-3.472293093695102972e-02
-3.132567810619155818e-02
-2.965114399272866103e-02
-2.834002022617884003e-02
-2.679005467485700773e-02
-2.426135106755766130e-02
-2.031440926434508604e-02
-1.339507692754750116e-02
-8.783392882404858493e-03
-1.008069241388529977e-02
-7.378942070345529194e-03
1.533199804248489267e-03
-4.371624089546568247e-03
-4.111627524079139971e-03
-1.074242355834015457e-02
-6.306011462305914292e-03
6.894056994008707995e-04
4.320528696308448963e-03
7.566964559187736071e-04
-2.265342960263421780e-03
-2.386232259355358220e-03
-4.753673208264217430e-03
-3.625818843376640930e-03
1.212212974063445192e-03
-2.676347269233997871e-03
-1.724471639446798019e-03
-5.253094196389800075e-03
1.736525182468084743e-04
-3.003174073410413980e-03
-5.629780643582089558e-03
-7.944100980126437422e-03
-1.373920488200648139e-03
2.106256679882077213e-03
-3.828684684639200751e-04
-2.015554601852439110e-03
-2.579739184133691098e-03
-2.691287981398081397e-03
-2.631712502078675971e-03
-1.791861302807052497e-03
-1.870601186660397156e-03
-3.248241265845721541e-03
-2.043638773980928358e-03
-3.625702475554555548e-03
-2.943878422918427742e-03
-3.565939152121868662e-03
-1.711032369303711878e-03
-1.366581303040407614e-03
-2.648078508725974865e-03
-1.219596915385161209e-03
-1.075682725725264285e-03
-1.368274947026023626e-03
-2.307813385841367242e-03
-2.508287418278066366e-03
-1.895659700872200613e-03
-3.114776479999294308e-03
-2.237562376049734118e-03
-3.312467400740354024e-03
-2.411133120170245916e-03
-1.695608762421178415e-03
-1.624028491266526607e-03
-2.831167281220864623e-03
-4.967821811594481593e-03
-1.410023113178549914e-03
-9.623733939436481932e-04
-1.954082445367377307e-03
-1.308716505782106217e-03
-1.285367480857858022e-03
-2.244386723191456497e-03
-4.244629677431439700e-03
-1.119678477747578079e-03
-1.146552697500583234e-03
-1.175440990592349719e-03
-1.006246106762900740e-03
-1.812113790277786315e-03
-9.529952187480581795e-04
6.132387708818317837e-04
-4.174737667826586003e-04
-1.416164774655676983e-03
-1.168277076163972599e-03
-9.850560213735593852e-04
-9.403309604795970786e-04
-5.977415760971489843e-04
-7.555841970047495445e-04
-1.630086555415841566e-03
1.063885692442529432e-04
-3.926744062522017210e-04
-3.213318506737883047e-04
-6.915912190268747343e-04
-1.384895577911122956e-03
-7.134265684613723445e-04
4.743574376568599838e-04
7.152689945617518260e-05
-1.300094155136456752e-03
-1.227650561598963132e-03
-1.158408984782933028e-03
-1.062691835031720575e-03
-8.059702035839461792e-04
-7.151304442290812736e-04
-1.417137646984356018e-03
-1.333079440117306133e-03
-1.121655756296422671e-03
-9.954624040245394281e-04
-9.101673288708060508e-04
-8.523986540082721056e-04
-8.133734094059597020e-04
-6.761410783658640400e-04
4.199519660801865565e-04
-2.392460665707909053e-04
-2.828932320152608348e-04
7.768540163876774558e-04
-5.614702518415416559e-04
-5.866480445641957019e-04
-1.313265035564423894e-03
-1.126125742110194216e-03
-1.761972860099040054e-03
-2.199674687760547285e-03
-1.532341343951627811e-03
-1.351570898888172518e-03
-1.566321918176917819e-03
-1.056807864380983559e-03
-9.039734147632195104e-04
-1.265647476162619920e-03
-6.659813918318850320e-04
-7.325243848645157131e-04
-1.608047099820865639e-04
-3.648866869649279522e-04
-5.610701973190954095e-04
-1.340836190564213696e-03
-9.920250975348544366e-04
-1.734716322580807197e-03
-4.450386150325694461e-04
-1.007859711166479927e-03
-7.587374800582686327e-04
-1.138297806793850614e-03
2.125181602865499076e-06
-3.281087386790887319e-04
-9.580989643104120129e-04
-1.345219136630859333e-03
-1.474324687669519799e-03
-1.458412973687593303e-03
-1.624943689147911267e-03
-9.986446686613967890e-04
-9.324556303889328969e-04
-7.264489676994759790e-04
-2.930690147833073050e-04
-8.883476813059788075e-04
7.600920454205874297e-05
-2.576846138054902620e-04
-3.605585638483823447e-04
-8.704126413220428758e-04
-7.281254043341994081e-04
-6.048339234153040072e-04
-3.852016773938022926e-04
-4.991182667079781862e-04
4.066385623594821340e-04
-4.577297745919183653e-04
-2.778865803099760459e-04
-5.113715620798866971e-04
-5.320242517335248408e-04
-3.362649795669868423e-04
-4.634800961264711502e-04
-5.190388100473636995e-04
-5.245604389815206004e-04
-8.611091050520820354e-04
-1.009038973467045550e-03
-1.237102223046930658e-03
-1.274103201006342818e-03
-7.693150585881632813e-05
-2.984074422283388458e-04
-7.375570749713200721e-04
-3.456108989927611942e-04
-8.101943922284021845e-04
-6.907469749763477064e-04
-5.551589604401783833e-04
-4.859062948232381217e-04
-9.339060890635534880e-04
-1.313048113273375742e-03
-2.093740998625171455e-03
-1.321553430955642750e-03
-7.602685381226084640e-04
-5.775320412769023191e-04
-1.842347112604620111e-04
-6.952903905785164616e-04
-5.614445202547178057e-04
-5.064123750135350122e-04
-4.887639132725226255e-04
-4.132984375126258860e-04
-3.178221669103100029e-04
-2.836057874529945540e-04
-7.186778960476940823e-04
-6.106588017744863555e-04
-5.618856416968986663e-04
1.138097354575548091e-04
5.425165812702981106e-04
8.857904306171294801e-05
-1.592711746242301424e-04
-2.917362642431492936e-04
-2.742478541852119613e-04
-4.730041864120443969e-04
-4.989880284554556707e-04
-5.034005828649321937e-04
-4.962912562391264297e-04
-4.858189747121968087e-04
-4.753511307424974994e-04
-4.660712338351278867e-04
-4.582249077517377327e-04
-4.516967989675794537e-04
-4.462648586822224759e-04
-4.417034723101317560e-04
-4.378186980697798525e-04
-4.344550185685828558e-04
-4.314915688853565123e-04
2.777784775113372297e-04
4.074661584799498171e-05
-2.897322455522547010e-04
-4.212276084353631109e-04
-6.651210476499636905e-04
-5.242631447418802295e-04
-4.138977423378042758e-04
-3.883081161188447605e-04
-3.908013030732652971e-04
-2.576017473253060111e-04
-5.755394207041012421e-04
-4.203032229965877930e-04
2.139354878703221346e-04
-9.764168609364195107e-05
-4.855424766429821846e-04
-6.771512244579270395e-04
-4.810319548455958025e-04
1.177265958284467252e-04
-3.013132517403347885e-05
3.339470651730228144e-04
2.276748439921660747e-05
-1.599909067381842563e-04
-2.811613182778499175e-04
-2.183795178169883075e-04
-5.496625694915152757e-04
-7.048013716200365181e-04
-4.957438220279419046e-04
-2.780839811883237733e-04
-1.884056659896212490e-04
-3.028142185986681294e-04
-3.691043585672383284e-04
-2.232073603596112165e-04
-8.524576852469813778e-04
-9.238716659115950086e-04
-6.132195068951978249e-04
-6.905575758344879031e-04
-3.813725751668586871e-04
-3.757135865503146788e-04
-6.349874280702234169e-04
-1.163752554624826636e-03
-1.191640406216006032e-03
-1.087218195833322687e-03
-7.150526999430957629e-04
-7.861550801391732624e-04
-5.072898280953709897e-04
-6.372778465938218513e-04
-4.453216652660253608e-04
-2.522720808753642395e-04
-2.972059326019768025e-04
-3.640875861750937333e-04
-2.388442103097631133e-04
-8.621018611284018670e-04
-2.559868030196845324e-04
-5.584448779496938020e-04
-4.875004013973644888e-04
-7.599957465674741456e-04
-5.897488668647097535e-04
-5.141896693468130759e-04
-4.955180608573488046e-04
-7.700442872145586704e-04
-6.100042790881197302e-04
-7.260007205919675804e-04
-8.804906388082476675e-04
-1.047360198185249246e-03
-1.190868308198209883e-03
-8.369291782498172868e-04
-1.346485790634472952e-03
-1.692699848687480736e-03
-1.094520179867144267e-03
-7.238478296330885841e-04
-5.542538029668608564e-04
-6.846706231753097111e-04
-8.099895627954915248e-04
-6.166151087215742147e-04
-4.760501173203081425e-04
-6.276910091226861046e-04
-4.539575392968653615e-04
-3.683518784839550112e-04
-3.601653844785031983e-04
-3.178163244729469454e-04
-2.138629958005974373e-04
-5.012447412350214690e-04
6.505698716296205969e-05
3.233685596164235523e-04
2.260098051298987631e-05
-4.166968429757461558e-05
2.157441456364433887e-04
-2.305251350025981096e-04
-2.885205669429788465e-04
-2.814119506430595719e-04
-1.987573280548257171e-04
-2.706576381242333526e-04
-4.895891069829820617e-04
-3.918524198731560340e-04
-3.522995232045331203e-04
-2.968069745046470528e-04
-4.961571748647890983e-04
-6.081679899855461837e-04
-6.585532083572293461e-04
-4.394163050439557345e-04
1.454489771195534488e-05
-8.454724758370249732e-05
-1.513472130986273124e-04
-4.089747206523299027e-04
-3.141775125656385442e-04
-2.962612565780205773e-04
-4.736041557537032029e-04
-6.376246428586363792e-04
-4.854153280243092127e-04
-6.073727464665058069e-04
-4.759243966630169595e-04
-5.653013921977172694e-04
-4.216666626257679061e-04
-5.183962824991260494e-04
-3.770018043813956024e-04
-3.079497809213047966e-04
1.192877558332942390e-04
-3.795979040506522424e-05
-1.357276801592728263e-04
-2.244285522423553200e-04
-2.399449902109468944e-04
-4.170352440826727552e-04
-5.644330450204981071e-04
-6.146192135866619796e-04
-4.123860105207879543e-04
-3.370628325329293206e-04
-5.124183182929292844e-04
-5.412229808207674351e-04
-5.845852319664589410e-04
-4.008164516168674033e-04
-3.262742841933912461e-04
-2.650157312338146114e-04
-2.407377931011703048e-04
-2.204350200385319768e-04
-2.184930640528162974e-04
-3.931547005778702900e-04
-2.393571812169653624e-04
-2.503681820869118994e-04
-4.519318192373967050e-04
-3.601774166623777679e-04
-3.229596892007309322e-04
-2.264578301036925206e-04
-2.812842441555205345e-04
-2.590605723380184802e-04
-2.778234206104231857e-04
-4.685876602700445493e-04
-1.846808623548994714e-05
-1.382266845184932399e-04
-2.043048020584566115e-04
-2.720957049077825114e-04
-4.077279973054789581e-04
-5.301894020114974711e-04
-3.887717412094352410e-04
-3.334925078506688649e-04
-6.830812726958887526e-04
-9.323641012518008682e-04
-3.972546700306496580e-04
-3.043532828473583191e-04
-2.578338347832828193e-04
-2.531283136605804525e-04
5.966098474766186733e-05
-5.771075686352966888e-05
-1.420065595565883697e-04
-1.130081081142007376e-04
-2.171920536274704421e-04
-2.283551657200061228e-04
-2.351627642856317943e-04
-2.668541120431659405e-04
-4.626686661357001578e-04
-6.248118347555943648e-04
-6.256478202235776515e-04
-4.889974605226328529e-04
-3.192262021298131408e-04
-5.020240913117363871e-04
-4.175890533316883521e-04
-2.881935432318886818e-04
-5.106412798224860971e-05
-1.443356628726394754e-04
-3.757723208283035056e-04
-3.259382409056112238e-04
-4.344117683030115419e-04
-3.544080490274421663e-04
-4.715459961661260684e-04
-3.701506262852283474e-04
1.263018945409153702e-05
-3.726942492694412085e-05
-3.263359254179176694e-04
-3.236353680173154751e-04
-4.332314662948649297e-04
-5.371567053699509301e-04
-3.976846800542235827e-04
-4.729256385534319354e-04
-3.292228735199381859e-04
-2.515344386457754990e-04
-3.869045369094228264e-04
1.134759551983077070e-06
1.818417340590192403e-04
-5.250962719774242503e-06
-9.739499185127172421e-05
-3.205949912101384910e-04
-2.974549645968602336e-04
-2.753382834070139742e-04
-2.630988215760647966e-04
-2.496528810303794035e-04
2.783566463116418153e-05
-2.310336412947937529e-04
-2.531681249428141913e-04
-2.709547948142227466e-04
-3.935557234215118446e-04
-4.600506206051986212e-04
-3.290978631386903873e-04
-4.290025154096677412e-04
-3.351234488467728966e-04
-2.700126497973673648e-04
-2.487530505794460084e-04
-2.252254971802149523e-04
-3.617797845221921711e-04
-2.823946200832848970e-04
-1.827028060036667767e-04
-2.172479531362272813e-04
-2.131781835161574682e-04
-1.501660056288580281e-04
-1.222784031768139261e-04
-1.708033160032207398e-04
-2.098690657600139225e-04
8.155637088068132625e-05
-8.419986169401338244e-05
-1.019804782509565333e-04
6.084260201272648504e-05
-4.589817408134982621e-05
-2.649575251211569709e-04
-4.421380027511062692e-04
-3.703713498450436495e-04
-4.327545644043719639e-04
-5.107173025119648557e-04
-4.118911389538063104e-04
-2.714445516455772796e-04
-2.791249157835873156e-04
-1.812352044012898684e-05
-3.930469289881737178e-05
-1.498322639604074034e-04
5.327810731544868969e-05
-4.994653783372362849e-05
-1.154919374008178532e-04
-1.469179480073540310e-04
-2.941764295098991066e-04
-2.294439327712060239e-04
-1.494032612679031921e-04
-1.210526265929519552e-04
1.117697565700614081e-04
-3.913754142973122356e-05
-2.276464460970679721e-04
-1.484031617511921339e-04
-1.761427821194031591e-04
-1.690948069915708212e-04
-2.967256071783975829e-04
-3.535227393714730575e-04
-5.734845473123949223e-04
-1.768582536581538142e-04
-1.661617140873855873e-04
3.319645908877010411e-05
-4.439767005709605973e-05
-2.111778098636397200e-04
-3.252558872075177274e-04
-2.056145642272288901e-04
-3.159608094366895539e-04
-1.923008038983174467e-04
-3.095846516792446481e-04
-2.476549682249892630e-04
8.799580408151304301e-06
-4.415847429629050170e-05
1.373456029428615256e-04
9.384510733464526813e-06
-8.285885878037282199e-05
-9.912187032254169805e-05
-2.426715731977102653e-04
-2.072352967713817244e-04
-1.903745373813649558e-04
-1.839148571472744103e-04
3.790204347706937441e-05
-5.456702689117367622e-05
-1.010739567995379003e-04
-1.403211710223339090e-04
-1.539471555210033648e-04
-2.550973637206217911e-04
-2.699979912823784038e-04
-2.426740327837558680e-04
-3.339874409013189800e-04
-2.541581444230103161e-05
-9.910992614258595085e-05
-8.195923285704814331e-05
-8.157909490233940437e-05
-2.782571564736004773e-04
-7.402869575299890481e-05
-1.384204544878297690e-04
4.060118037383402592e-05
-5.153893872518067068e-05
1.637666416399249794e-04
-4.660037949775090709e-07
-9.277705704753360402e-05
-1.405045391770265754e-04
-1.569578091655016877e-04
-1.659556789570605694e-04
-4.341985221483454544e-04
-4.429181726940167375e-04
-3.513008695474961556e-04
-2.451192301685920535e-04
1.255926087577416845e-05
-9.174813259058063500e-05
-1.640962521953383117e-04
-1.677508253737727308e-04
-1.285962026518748817e-04
-1.613760392253053714e-04
-1.261215168734782161e-04
-1.626963030602762174e-04
-1.259952068420967027e-04
-3.032694649663694969e-04
-2.157276943643691742e-04
-2.291694958636773902e-04
-4.675564913413653742e-04
-3.408135546419168989e-04
-4.202505113174021521e-04
-3.137878373470093262e-04
-2.741713684200444462e-04
-3.321836757348089835e-04
-2.479362059250323760e-04
1.983168319950446735e-05
-4.180012635627930755e-05
-8.130047200907669191e-05
-2.232555347718692055e-04
-1.335299644329280655e-04
-2.556013440454407855e-04
-3.105799416230220771e-04
-3.706772013928718635e-04
-2.872792989023859544e-04
-2.354162978100076493e-04
-2.136453626154009681e-04
-2.039243575726734778e-04
-1.934108884269952267e-04
1.645889474433873999e-05
-3.943605441142453036e-05
-1.087144754772533710e-04
-1.187758198875329068e-04
-1.590203266119146028e-04
-1.788549923184533385e-04
-1.882772947211539081e-04
-1.386766286975536105e-04
2.668446437083743796e-05
-5.982622085428680319e-05
8.121465432071060862e-05
-1.955272454180014458e-05
-1.725475929468395502e-04
-1.556890488146911737e-04
-1.615048304626153734e-04
-1.646143779287175023e-04
-1.524712322416993664e-04
-1.531512763960314941e-04
-1.526071423517036103e-04
-1.603125979807280507e-04
-1.501228106983899942e-04
-1.466543089032976577e-04
-2.490246565295380164e-04
-1.602077379762853525e-04
4.712077109402305108e-06
-5.388800846932463709e-05
-1.013543862743099071e-04
-1.147904358575855958e-04
3.989891708603101375e-05
-3.041991924279432551e-05
-7.578745417174746312e-05
-1.128878457193023608e-04
-1.489773727985362973e-04
-1.119210197948065016e-04
-1.515482047871622644e-04
-1.467160660682585260e-04
-1.588239584498147877e-04
-1.524990421574476764e-04
-2.871796227310709020e-04
-2.573917717804552886e-04
-3.397084846145353304e-04
-2.426720957063892758e-04
-2.425225269746279766e-04
-2.328986365711659156e-04
-3.265001341634230685e-04
-3.422699761488298708e-04
-3.617204036353839592e-04
-3.773034674364965759e-04
-4.155983387911791802e-04
-3.138845490207985557e-04
-2.201211508930501863e-04
-2.144010893381757149e-04
-2.770408762951280510e-05
-8.111877643819014137e-05
-1.082502189853129716e-04
-1.193135078296438161e-04
-1.320634442878589705e-04
-1.573893874820894310e-04
-1.621815321170667022e-04
-1.700444492984226044e-04
-1.500856176933270942e-04
-1.567025092892167476e-04
-2.240786288714843519e-04
-1.788914453974092811e-04
-1.252732475007207287e-04
-1.266811217838528477e-04
-2.314007038296451871e-04
-2.193469803816695471e-04
-1.879098854999266860e-04
-2.054788243644020858e-05
-6.839476749352832159e-05
-1.922933050594867693e-04
-1.256761721019410908e-04
-1.313567703641364760e-04
-1.279203753122240973e-04
-1.336159500827412269e-04
-1.243524286095774813e-04
-9.316078913977604960e-05
-1.115205754409203266e-04
-2.030530238519065293e-04
-6.079351754875676937e-06
