6.898716617406390472e-02
6.899024662654459905e-02
6.899386435155570318e-02
6.899726820022791807e-02
6.900014627612911788e-02
6.900254504380004539e-02
6.900464320233894167e-02
6.900849266861820708e-02
6.901168043079353165e-02
6.901426273885596929e-02
6.901645044410033292e-02
6.901843736911980609e-02
6.902034734774110947e-02
6.902224743170805310e-02
6.902416990940896113e-02
6.902612572826262449e-02
6.902811458341243100e-02
6.903013090206011615e-02
6.903216635350921393e-02
6.903421356841522860e-02
6.903642434161777475e-02
6.903846039269001533e-02
6.904045594142972642e-02
6.904254095711737094e-02
6.904479109236720535e-02
6.904699448198436951e-02
6.904904142874279671e-02
6.905122236473597297e-02
6.905352190379658583e-02
6.905565582756226228e-02
6.905785455964293107e-02
6.906021669330993096e-02
6.906234400101188275e-02
6.906463568695540844e-02
6.906698648705836274e-02
6.906947017452605420e-02
6.907172480543477544e-02
6.907396620099312545e-02
6.907615569026683000e-02
6.907833529431960107e-02
6.908050553468994548e-02
6.908266810559703097e-02
6.908482406043837953e-02
6.908697571887444100e-02
6.908912510857756484e-02
6.909127343880216987e-02
6.909342350617241058e-02
6.909578948013313238e-02
6.909822107764464205e-02
6.910128549964893174e-02
6.910342080978583434e-02
6.910570598982725132e-02
6.910802959835457560e-02
6.911035197792558815e-02
6.911338979386667802e-02
6.911539791236495645e-02
6.911761983417702426e-02
6.911988398325015492e-02
6.912177187134262157e-02
6.912392816857461375e-02
6.912614270465983202e-02
6.912838788712820370e-02
6.913101513223239569e-02
6.913396362188160837e-02
6.913558863930896470e-02
6.913778620016899912e-02
6.914040989973904705e-02
6.914331354979506850e-02
6.914495140852362776e-02
6.914716140380423870e-02
6.914974533456876016e-02
6.915262264317464935e-02
6.915446057925686563e-02
6.915665821920211065e-02
6.915955504413663635e-02
6.916156829986613852e-02
6.916379552857385149e-02
6.916606370397489212e-02
6.916834139391316028e-02
6.917062776441749994e-02
6.917292108240648274e-02
6.917522439527559741e-02
6.917753669920090331e-02
6.917985852508184985e-02
6.918219110517252746e-02
6.918453146532003994e-02
6.918688164745082081e-02
6.918923924851025364e-02
6.919160285256734100e-02
6.919397128412747844e-02
6.919634300120866555e-02
6.919850711317268588e-02
6.920117711332343657e-02
6.920315771264552718e-02
6.920551399101289303e-02
6.920820238145607151e-02
6.921065629544054243e-02
6.921300890701855002e-02
6.921543431257805301e-02
6.921761431572369394e-02
6.922031097675707123e-02
6.922266471789811915e-02
6.922543635903906367e-02
6.922776839009507632e-02
6.923049682378074055e-02
6.923275119595401206e-02
6.923556973843249251e-02
6.923788259914652465e-02
6.924074947012065495e-02
6.924302484716739203e-02
6.924596047763577344e-02
6.924823197682331011e-02
6.925123496231420928e-02
6.925350245529006410e-02
6.925656964590459763e-02
6.925923739618262964e-02
6.926174914131741356e-02
6.926421014363971784e-02
6.926672799773785083e-02
6.926962636960258546e-02
6.927207645114508150e-02
6.927499272292306220e-02
6.927771613702841946e-02
6.928077152641960723e-02
6.928377882649110198e-02
6.928661987179697557e-02
6.928927017403647970e-02
6.929249864684643156e-02
6.929559253269988728e-02
6.929848575306669922e-02
6.930176860323311594e-02
6.930465096866406105e-02
6.930767190306436065e-02
6.931018952165132752e-02
6.931329278476820732e-02
6.931639091429965538e-02
6.931949780037059694e-02
6.932261981181936372e-02
6.932549127000427192e-02
6.932932460667803887e-02
6.933322299422807478e-02
6.933709255014885997e-02
6.934013650660648953e-02
6.934309634831054003e-02
6.934716265934892654e-02
6.934989213857319090e-02
6.935394156561509871e-02
6.935761152639287330e-02
6.936092895901398159e-02
6.936447883488537636e-02
6.936838865757553874e-02
6.937202382261102585e-02
6.937591347304311595e-02
6.937942836138009939e-02
6.938407179985874029e-02
6.938768313477806926e-02
6.939192310467962033e-02
6.939610736991679019e-02
6.940056191595021795e-02
6.940458328381890474e-02
6.940758377000197377e-02
6.941185754577076927e-02
6.941573607465224838e-02
6.942048168527183150e-02
6.942516246866059504e-02
6.943003157895931421e-02
6.943316133098485776e-02
6.943727159955902228e-02
6.944075671649888037e-02
6.944594106004056688e-02
6.945154815495421796e-02
6.945720311270874026e-02
6.946060202909735970e-02
6.946619246227797584e-02
6.947080966964810922e-02
6.947580450960241794e-02
6.948053321829938955e-02
6.948615291216654610e-02
6.949128862661850536e-02
6.949653410765087302e-02
6.950016008674823886e-02
6.950608513935872812e-02
6.951023988363093375e-02
6.951694673604498498e-02
6.952300347537118674e-02
6.952904029281316289e-02
6.953357733349642411e-02
6.953923916124800375e-02
6.954576636352229058e-02
6.955078451016688534e-02
6.955641713339238974e-02
6.956005244934229670e-02
6.956633835112897846e-02
6.957274226029346031e-02
6.957892225915106310e-02
6.958598193643698859e-02
6.959202445034622098e-02
6.959589709583767492e-02
6.960000727057043257e-02
6.960562929222151307e-02
6.961285603119424237e-02
6.961925402037098809e-02
6.962579075833466580e-02
6.963381003474609920e-02
6.964171475584815529e-02
6.964965511386839170e-02
6.965762388198926125e-02
6.966387694569443900e-02
6.967200660346703489e-02
6.967700067367241235e-02
6.968433738776014241e-02
6.969242271664517763e-02
6.970038805128266068e-02
6.970820397838912996e-02
6.971626277429034124e-02
6.972266400285745402e-02
6.973088258233174630e-02
6.973962066046862640e-02
6.974418605766474766e-02
6.975251851270476700e-02
6.976043842625839764e-02
6.976853559484354206e-02
6.977556419931808807e-02
6.978471939825882375e-02
6.979306303374452347e-02
6.980110244871944036e-02
6.980880473285003274e-02
6.981642223563455651e-02
6.982589750427616038e-02
6.983550420497627864e-02
6.984511204574790633e-02
6.985199072455929026e-02
6.986157620613178687e-02
6.987074706723370165e-02
6.987849016163924509e-02
6.988873734856254627e-02
6.989706203649141691e-02
6.990597292055518441e-02
6.991456015193497908e-02
6.992128137381087294e-02
6.992748126483618043e-02
6.993729445082742802e-02
6.994517301241241769e-02
6.995338755413919862e-02
6.996342509894687423e-02
6.997188123038061702e-02
6.997812012709213325e-02
6.998880578459010238e-02
6.999702863783761886e-02
7.000776319706068784e-02
7.001835750331671104e-02
7.002904908891101343e-02
7.003704977711970592e-02
7.004447477562660007e-02
7.005457227729168512e-02
7.006636205543244345e-02
7.007547095902336154e-02
7.008716741914021442e-02
7.009438052644333117e-02
7.010172586400660599e-02
7.011330127845405435e-02
7.012549076546074900e-02
7.013466356376837907e-02
7.014304698851661635e-02
7.015646640855600913e-02
7.016976815845710203e-02
7.018173685782361226e-02
7.019300473352088621e-02
7.020494206855441843e-02
7.021707916828190399e-02
7.022689287166405947e-02
7.023776713914330061e-02
7.024754910999542190e-02
7.025718032980142469e-02
7.026910539579268866e-02
7.028089752979747862e-02
7.029137188201256548e-02
7.030214161070462431e-02
7.031283757380152322e-02
7.032404066915980134e-02
7.033772077557830238e-02
7.035120222277438384e-02
7.036522368322536969e-02
7.037503747600612480e-02
7.038577151021421785e-02
7.039885176375926257e-02
7.041050227835210507e-02
7.042414112983687302e-02
7.043645878580723219e-02
7.045087981626760310e-02
7.046270360311010506e-02
7.047689760444975082e-02
7.048703539149059338e-02
7.049808846386275418e-02
7.051085140102951454e-02
7.052390520702780941e-02
7.053841777277743141e-02
7.054925783616716739e-02
7.056038917593585036e-02
7.057417558870904273e-02
7.058391784313029771e-02
7.059764176360888710e-02
7.060745115125992288e-02
7.061817140630627376e-02
7.062880356381559532e-02
7.064051747607762166e-02
7.065621910695277230e-02
7.066818182704175111e-02
7.068208839305208102e-02
7.069334614787346760e-02
7.070382310178910390e-02
7.071623772479018744e-02
7.073233200005092647e-02
7.074456979835284931e-02
7.075773623172407212e-02
7.076916679340430893e-02
7.078257364526467643e-02
7.079506262296669794e-02
7.080676440712933839e-02
7.082032415808051096e-02
7.083788835721434307e-02
7.085351946790778566e-02
7.086707985146753486e-02
7.087891816406365064e-02
7.089460638607451848e-02
7.090400192334012086e-02
7.091671846468447504e-02
7.093518954912945984e-02
7.095065500849767615e-02
7.096360623973706205e-02
7.097812179549531364e-02
7.099100731477106518e-02
7.100638107385384701e-02
7.102037337508505799e-02
7.103034655096691907e-02
7.104122492696669788e-02
7.105458698083036428e-02
7.106795581106477300e-02
7.108588111477168181e-02
7.110422649959299846e-02
7.111664339257278700e-02
7.113467214561568219e-02
7.115060470403408721e-02
7.116285127865036586e-02
7.117504764650274540e-02
7.119146370780100874e-02
7.120626907926679017e-02
7.121886843899465080e-02
7.123183441605375477e-02
7.124375669856131132e-02
7.126038608444516809e-02
7.127683916076167636e-02
7.129301579875316208e-02
7.130759705741247789e-02
7.132803603618052823e-02
7.134582491698300555e-02
7.135963619047627771e-02
7.137258052903425187e-02
7.139137175903179089e-02
7.140931840824817078e-02
7.142420720203271345e-02
7.143902315250613699e-02
7.145844361175415771e-02
7.147732065799694556e-02
7.149717598352538228e-02
7.151502993583980228e-02
7.153541572246689684e-02
7.155580475790414285e-02
7.156831668757890341e-02
7.158376822649567539e-02
7.159851354437915538e-02
7.161119158480626357e-02
7.162887366264501787e-02
7.164635253110430979e-02
7.166180486057546761e-02
7.167991030417870946e-02
7.169775141334948365e-02
7.171620575042285395e-02
7.173550875962549089e-02
7.175760037592916751e-02
7.177418710576018157e-02
7.179068441255145872e-02
7.180569972346431684e-02
7.182628260800884290e-02
7.184375868030487555e-02
7.186509439680910383e-02
7.188421644647666198e-02
7.190262099653696448e-02
7.192491877111203968e-02
7.194193056404481201e-02
7.195843358820708247e-02
7.197252370877366134e-02
7.199329939083884411e-02
7.200970713586039851e-02
7.202965414267076261e-02
7.204777245747367997e-02
7.206767187693449705e-02
7.208509434094961810e-02
7.210098293785111023e-02
7.212166712251354139e-02
7.213972703164904521e-02
7.216016169174296890e-02
7.217430419299136757e-02
7.218916623017515577e-02
7.220824717920822089e-02
7.222856925169245101e-02
7.224791321089783780e-02
7.226000804547365319e-02
7.228045932854612610e-02
7.229787944758141183e-02
7.231280013286132957e-02
7.232981236631802480e-02
7.234924071428858183e-02
7.236080058235616619e-02
7.237828130325736631e-02
7.239874839030417675e-02
7.241571335872731829e-02
7.243157739451135113e-02
7.245387213739139243e-02
7.247514532901357109e-02
7.249344173916924539e-02
7.250568468457659066e-02
7.252550737413254733e-02
7.254876797722617510e-02
7.256858719784696488e-02
7.258731465484583034e-02
7.260138078686320662e-02
7.262134196560181276e-02
7.263767924049704949e-02
7.265811802654702223e-02
7.267872953078771681e-02
7.270017025192383742e-02
7.272118492123773315e-02
7.273802745867607999e-02
7.275571624264409731e-02
7.277427281633712386e-02
7.278918015249705165e-02
7.281189645082414286e-02
7.282966587796251001e-02
7.284737249179025487e-02
7.286516953650858108e-02
7.288574637858663552e-02
7.290572986405061129e-02
7.292742841236683760e-02
7.294858831104532315e-02
7.297181047251639907e-02
7.299761884195971051e-02
7.302000776329514720e-02
7.304394981123116248e-02
7.306065691229542136e-02
7.307780575496912456e-02
7.310172398171768671e-02
7.312553911444938382e-02
7.314656758423052074e-02
7.316212560211515781e-02
7.318160464886304395e-02
7.320190141407992290e-02
7.322409173922789227e-02
7.324286533557367029e-02
7.326192522538953200e-02
7.328275501041915663e-02
7.329800751924867019e-02
7.331232135827212004e-02
7.333599865563195097e-02
7.335833649112646904e-02
7.337713420386049457e-02
7.340380636631350930e-02
7.342355515041414094e-02
7.344988045587562409e-02
7.347237835600645139e-02
7.348841394288435636e-02
7.350324832711151168e-02
7.352813362173206413e-02
7.354218535541531820e-02
7.356297089576628589e-02
7.358441845983691720e-02
7.360282136961734945e-02
7.362214462916129298e-02
7.364146139990589146e-02
7.365757929416311134e-02
7.367694853723065485e-02
7.369619111741188000e-02
7.371825112535487778e-02
7.373866064235841400e-02
7.376088460876262243e-02
7.378154814329362932e-02
7.380079616189114122e-02
7.381902693844173691e-02
7.384211454068605185e-02
7.386188316506620000e-02
7.388052779295450900e-02
7.390153806003628423e-02
7.392492655947192903e-02
7.394806596666156362e-02
7.397124035174376666e-02
7.399062026969104033e-02
7.400595657636026281e-02
7.402133336029555200e-02
7.404198417486755612e-02
7.406029008089004551e-02
7.407776407926920659e-02
7.409693612284420916e-02
7.411194952512049905e-02
7.412860361721150537e-02
7.414417661996645925e-02
7.416938170395907803e-02
7.418303702787684695e-02
7.420014635172395012e-02
7.421918205739641561e-02
7.423275103010043563e-02
7.425454315208385170e-02
7.427229276120510260e-02
7.428449503024263378e-02
7.430125052496558413e-02
7.432389823469946755e-02
7.434407206036812432e-02
7.435972365485611635e-02
7.438426430042127668e-02
7.439740295064706244e-02
7.441154141864930738e-02
7.442704912690313590e-02
7.443910550264279391e-02
7.445447582890277194e-02
7.446604796288595896e-02
7.448632977246814890e-02
7.450253645946097736e-02
7.451544671509124917e-02
7.453247721660226366e-02
7.454764511253733628e-02
7.455967340093686002e-02
7.457547607335751616e-02
7.459282873251853185e-02
7.460671959591627656e-02
7.462512780704461113e-02
7.464162105528263091e-02
7.466134850423100655e-02
7.467753202664527412e-02
7.469536671475555945e-02
7.471249018846896905e-02
7.472769780522647842e-02
7.474259950552361587e-02
7.475846364894932206e-02
7.477342592316521541e-02
7.478501885497138013e-02
7.479913834712126341e-02
7.481286038227324964e-02
7.482812021857342122e-02
7.484082426206037364e-02
7.485636235734129118e-02
7.487169348978499339e-02
7.488416268103588458e-02
7.489981912658190411e-02
7.491446297910783758e-02
7.492792724631695822e-02
7.494460828801055574e-02
7.495713253527680475e-02
7.497003741784022401e-02
7.498089212014917571e-02
7.499322978687320007e-02
7.500491883773897916e-02
7.501887407698855370e-02
7.502794313377171564e-02
7.504577973545423220e-02
7.505845521756977778e-02
7.506980044030796273e-02
7.507864932034703787e-02
7.509253783993123654e-02
7.510453797228427986e-02
7.511622826394592778e-02
7.512956789446256778e-02
7.513827532396014086e-02
7.515154488511734121e-02
7.515930565946814246e-02
7.516827692289861085e-02
7.517908556330578362e-02
7.518644919439407270e-02
7.519704736747553908e-02
7.520994735128037900e-02
7.522052442490953506e-02
7.523321061140385291e-02
7.524783889130239045e-02
7.525542980704628959e-02
7.526799646468745886e-02
7.527662699186665751e-02
7.528564702909006090e-02
7.529661955646888005e-02
7.530721805976191285e-02
7.531611753910245899e-02
7.532944469708831303e-02
7.533907567702459451e-02
7.534744627197655087e-02
7.536123070673160507e-02
7.536940616129300663e-02
7.538109328579521706e-02
7.539043267903400292e-02
7.539893242148022756e-02
7.540751200709153168e-02
7.541730012003386441e-02
7.542606516158595342e-02
7.543768702905361001e-02
7.544636281526173605e-02
7.545609273723509480e-02
7.546508774722290869e-02
7.547269426387213931e-02
7.548246521601510717e-02
7.549191882119864194e-02
7.549926407922946670e-02
7.550839671486345162e-02
7.551691781599198516e-02
7.552460880353947803e-02
7.553427617817738693e-02
7.554636833679301278e-02
7.555392718241386862e-02
7.556087097733206470e-02
7.557376739947742339e-02
7.558146803591341001e-02
7.559081323121545626e-02
7.560009539740424056e-02
7.561085823157168151e-02
7.561840241384254480e-02
7.562818532967345575e-02
7.563666607301355871e-02
7.564447577898218700e-02
7.565115468141229982e-02
7.566042030335598523e-02
7.566921512266568117e-02
7.567786306845236677e-02
7.568429689699544827e-02
7.569266000354472890e-02
7.570048946066365581e-02
7.570972633254589856e-02
7.571720015580209184e-02
7.572471472852324026e-02
7.573728880164810884e-02
7.574621767353258150e-02
7.575352158103131062e-02
7.576390886597708652e-02
7.577138362196292332e-02
7.577772322808969119e-02
7.578596809590541772e-02
7.579236987422269256e-02
7.580120448122318333e-02
7.580820387138617611e-02
7.581626848647089745e-02
7.582443941971235557e-02
7.582792320068042213e-02
7.583423626061469580e-02
7.584227377495995903e-02
7.584957994609195508e-02
7.585670012235472270e-02
7.586276302290592688e-02
7.587085355043254875e-02
7.587745467523826504e-02
7.588417429819442617e-02
7.589424528183426333e-02
7.590173462593306775e-02
7.591029022372541846e-02
7.591672925346117096e-02
7.592475355840817841e-02
7.593230009995591279e-02
7.593835780343896613e-02
7.594507128222269254e-02
7.595447008233660591e-02
7.596096557309678365e-02
7.596685560394728087e-02
7.597198352367683094e-02
7.597836374901925649e-02
7.598580332459063669e-02
7.599271556715686549e-02
7.599919642710357970e-02
7.600657820017138466e-02
7.601297978163855384e-02
7.601806882692710432e-02
7.602391523991956779e-02
7.602879448433691456e-02
7.603366510461798122e-02
7.603856598236226338e-02
7.604615048913913877e-02
7.605263520136133770e-02
7.606059859316492699e-02
7.606615767830565700e-02
7.607223825418167606e-02
7.607900083427315829e-02
7.608382715742639801e-02
7.608996821545034595e-02
7.609582188070922182e-02
7.610205715468493226e-02
7.610788623734751623e-02
7.611537139238433447e-02
7.612156171834356944e-02
7.612751087950117568e-02
7.613155468453206010e-02
7.613774526268093923e-02
7.614333110053576881e-02
7.614936853797696359e-02
7.615487022303589482e-02
7.616059358886337338e-02
7.616635249045115852e-02
7.617229229540271873e-02
7.618099922201561347e-02
7.618885199005298592e-02
7.619318240483059779e-02
7.619881832838161506e-02
7.620475159587071501e-02
7.620960941041712844e-02
7.621594574749548934e-02
7.622209799517207229e-02
7.622736694579738959e-02
7.623452882137862763e-02
7.624015678495732473e-02
7.624484383986727953e-02
7.625160565935781842e-02
7.625636630394280746e-02
7.626157284232698563e-02
7.626760703284805876e-02
7.627317430843634505e-02
7.627837493492567456e-02
7.628418615158281957e-02
7.628966725765996826e-02
7.629474576927172680e-02
7.630000131207223535e-02
7.630532844332121867e-02
7.631046568314669987e-02
7.631563773121288752e-02
7.632079648805112360e-02
7.632691473755452705e-02
7.633160786041753854e-02
7.633600546928243080e-02
7.634004025463579646e-02
7.634417390186758190e-02
7.634875179980941950e-02
7.635370514961743738e-02
7.635800685658038212e-02
7.636272220120189635e-02
7.636720973308333549e-02
7.637087115735090304e-02
7.637547047970563718e-02
7.637969545256358128e-02
7.638629795437798520e-02
7.639106663653998097e-02
7.639825807401136315e-02
7.640311953683205648e-02
7.640667344288039342e-02
7.641145542497249088e-02
7.641677851683477407e-02
7.642255702880097756e-02
7.642643036076543495e-02
7.643090503127081270e-02
7.643493540114040807e-02
7.643787576826842345e-02
7.644189215603315601e-02
7.644787649881404357e-02
7.645026525835607600e-02
7.645405462419578579e-02
7.645751287070529090e-02
7.646161642842230766e-02
7.646529997809539680e-02
7.646935097439945539e-02
7.647431907425909781e-02
7.647843651618527194e-02
7.648171518568450122e-02
7.648499408983568115e-02
7.648954107955915904e-02
7.649455253718841219e-02
7.649869345867257864e-02
7.650255602491980167e-02
7.650791388891345357e-02
7.651214833160888129e-02
7.651552411596357350e-02
7.651926809240228167e-02
7.652332336736239471e-02
7.652719064742630195e-02
7.653242564139244031e-02
7.653697554966948369e-02
7.654283088709132321e-02
7.654668417799273539e-02
7.655158670926853759e-02
7.655433432876827815e-02
7.655674131458058140e-02
7.656025785410018603e-02
7.656545261689368109e-02
7.657007128636360294e-02
7.657247191910325490e-02
7.657650202834637154e-02
7.657928629560280254e-02
7.658275069569897564e-02
7.658628735894019990e-02
7.658993057344620770e-02
7.659367865107645501e-02
7.659781786778714630e-02
7.660205050589893871e-02
7.660568378367099696e-02
7.661094710328990309e-02
7.661422258069258695e-02
7.661822287646302687e-02
7.662301546889216386e-02
7.662657534755407118e-02
7.663020857289198906e-02
7.663453593638400174e-02
7.663859891548105430e-02
7.664227829693584515e-02
7.664691281395255573e-02
7.665171241382874590e-02
7.665467722368705938e-02
7.665872587691767437e-02
7.666283981903579403e-02
7.666693928008651293e-02
7.667039768209725492e-02
7.667284724050611733e-02
7.667568876894295671e-02
7.668068475471470635e-02
7.668401903621981097e-02
7.668590655738087569e-02
7.668977236191874824e-02
7.669261111155539767e-02
7.669643132605415137e-02
7.669933781076877788e-02
7.670181510925300206e-02
7.670608314185303755e-02
7.670864578522429422e-02
7.671266873771453998e-02
7.671675974751886173e-02
7.671943471469849785e-02
7.672209672393862090e-02
7.672590970693846102e-02
7.672842665355199265e-02
7.673139612209738114e-02
7.673532912272873485e-02
7.673895559494027518e-02
7.674099641221096557e-02
7.674435211908625654e-02
7.674717207200965063e-02
7.675071412965636664e-02
7.675473527556159192e-02
7.675672734166009981e-02
7.676090841020524747e-02
7.676318826446226762e-02
7.676676759235218084e-02
7.676931746402640422e-02
7.677278755706477831e-02
7.677612578358218587e-02
7.677819471663106798e-02
7.678137403395318694e-02
7.678473415161012061e-02
7.678717242440273594e-02
7.678903962767022473e-02
7.679354809603035348e-02
7.679670268715477199e-02
7.679939374113831096e-02
7.680212331098247580e-02
7.680413670605412690e-02
7.680642795223278918e-02
7.680939292199523427e-02
7.681164041237724394e-02
7.681413057942751421e-02
7.681836530600059942e-02
7.682060020759184926e-02
7.682197151101148591e-02
7.682466616797764547e-02
7.682885239515435671e-02
7.683226848235015505e-02
7.683605356800164710e-02
7.683988668164443148e-02
7.684259808517579504e-02
7.684669533882233783e-02
7.684959942126405597e-02
7.685209117963136272e-02
7.685470764311476410e-02
7.685647319375875364e-02
7.685968496086344193e-02
7.686262320117297209e-02
7.686520112893534262e-02
7.686808756125411424e-02
7.687098620892819645e-02
7.687391497173855226e-02
7.687733306197971905e-02
7.688007462707215078e-02
7.688172466089220058e-02
7.688401272769465611e-02
7.688780088588931250e-02
7.688891510372157512e-02
7.689163365523583871e-02
7.689304455087871137e-02
7.689467080541129151e-02
7.689798354309691775e-02
7.690017322279082967e-02
7.690275018639847193e-02
7.690555175291535761e-02
7.690916975042272341e-02
7.691011448050256993e-02
7.691251381297610490e-02
7.691506200543965499e-02
7.691849912280129820e-02
7.692140815758141681e-02
7.692385924609523862e-02
7.692547179977421434e-02
7.692725892232048224e-02
7.692965149463983077e-02
7.693160241322263837e-02
7.693498651405465683e-02
7.693683066750155175e-02
7.693822557705684573e-02
7.694002447757875007e-02
7.694163219682460808e-02
7.694435342763190910e-02
7.694687025161042748e-02
7.694803787612354562e-02
7.694890933489959006e-02
7.694994345530188629e-02
7.695216413689644208e-02
7.695385084535892595e-02
7.695539619074483195e-02
7.695755972432209713e-02
7.696085329587974699e-02
7.696284486780566314e-02
7.696427932810454009e-02
7.696609397238191042e-02
7.696833463788514684e-02
7.697131800199909224e-02
7.697414642739554280e-02
7.697542798992586255e-02
7.697803339660470867e-02
7.698021439230319507e-02
7.698247702745164567e-02
7.698422677962947491e-02
7.698556444554621736e-02
7.698738996418699743e-02
7.698978493326191774e-02
7.699153694062171871e-02
7.699341667902569186e-02
7.699636248697148966e-02
7.699772720362779710e-02
7.699921579042175168e-02
7.700045482720291323e-02
7.700120338715751855e-02
7.700337856250656643e-02
7.700519646762811476e-02
7.700616603828872031e-02
7.700771375325045354e-02
7.701032610415158020e-02
7.701236901484648234e-02
7.701426009129139216e-02
7.701726275959816514e-02
7.701942151170779183e-02
7.702216194129564431e-02
7.702461752253453309e-02
7.702642425367989265e-02
7.702838104873210856e-02
7.702999844396728191e-02
7.703184382561113763e-02
7.703407638864093188e-02
7.703567937246598440e-02
7.703685686273012423e-02
7.703797510611161414e-02
7.703947361377923297e-02
7.704000293881503592e-02
7.704182164746083139e-02
7.704423830126946871e-02
7.704687505284849025e-02
7.704854105415480381e-02
7.705097482424032307e-02
7.705242146407394188e-02
7.705409318868670920e-02
7.705543191928623803e-02
7.705642274282441251e-02
7.705793450252794441e-02
7.705899337390846593e-02
7.706015835841673045e-02
7.706210133303349752e-02
7.706432090821810355e-02
7.706517062428236420e-02
7.706593833134106619e-02
7.706790351176459608e-02
7.706826492708165888e-02
7.707080624638604216e-02
7.707303416535117579e-02
7.707376650640621052e-02
7.707599747382219701e-02
7.707705095866838885e-02
7.707788801485340735e-02
7.707923649753048445e-02
7.708086636367840472e-02
7.708248996903012407e-02
7.708420323921588713e-02
7.708556529583181216e-02
7.708565118248483783e-02
7.708696962106863226e-02
7.708889394309625942e-02
7.709142027470838876e-02
7.709227779321302376e-02
7.709394595240114112e-02
7.709524054663541293e-02
7.709690435799060326e-02
7.709816283789668045e-02
7.709992091962203364e-02
7.710151633293400864e-02
7.710337171916903376e-02
7.710389071919550308e-02
7.710468124775428367e-02
7.710644737459629305e-02
7.710767108249910740e-02
7.710909019201532544e-02
7.710997181252141064e-02
7.711209531739623979e-02
7.711377623597900910e-02
7.711491174436969909e-02
7.711668912113496532e-02
7.711729092621771864e-02
7.711887780542329984e-02
7.711999995778889838e-02
7.712125937064083503e-02
7.712237284215668620e-02
7.712413895366967975e-02
7.712434812867860479e-02
7.712534851670890812e-02
7.712636219962754058e-02
7.712785883654629804e-02
7.712888404182570434e-02
7.712995497639314746e-02
7.713142591052583874e-02
7.713274409414923316e-02
7.713386608603016448e-02
7.713501363195425509e-02
7.713627878673620653e-02
7.713772450178053852e-02
7.713965245438866858e-02
7.714036226534091989e-02
7.714200712256599757e-02
7.714342543437273381e-02
7.714529227049352067e-02
7.714718491126407174e-02
7.714938378012045628e-02
7.715082181944125927e-02
7.715231686306990577e-02
7.715368026122271239e-02
7.715451156335995098e-02
7.715526485118960609e-02
7.715734931179088485e-02
7.715864607260836117e-02
7.715947690281840798e-02
7.715967000066543957e-02
7.716139423301321409e-02
7.716255393839639709e-02
7.716393513302161056e-02
7.716487796740408023e-02
7.716515899017503677e-02
7.716636543172251950e-02
7.716730706556090835e-02
7.716839735668955258e-02
7.716960666492952980e-02
7.717068887624484175e-02
7.717202660790038748e-02
7.717329725705077137e-02
7.717392148041939126e-02
7.717457508797927190e-02
7.717598268512447512e-02
7.717794525753962631e-02
7.717989753988691026e-02
7.718151758042327004e-02
7.718388210789227377e-02
7.718424811128533902e-02
7.718534239008445486e-02
7.718638379753647860e-02
7.718743283991327808e-02
7.718814177432054002e-02
7.718965782740364046e-02
7.719072955718836448e-02
7.719048173360829046e-02
7.719150183822894029e-02
7.719227921769632184e-02
7.719310725543415685e-02
7.719384564518105840e-02
7.719464037147838464e-02
7.719583394307863444e-02
7.719714577156054636e-02
7.719744760715614718e-02
7.719802034822083325e-02
7.719884442698236870e-02
7.719886608331716360e-02
7.719993247193586428e-02
7.720108334015721163e-02
7.720167231452250423e-02
7.720284424483725427e-02
7.720443435918741826e-02
7.720588139470765943e-02
7.720637759622123175e-02
7.720766972798510930e-02
7.720877221129637813e-02
7.720912569882081022e-02
7.721067895722466545e-02
7.721173873299722046e-02
7.721263009474252370e-02
7.721405546350777749e-02
7.721412638607107193e-02
7.721454988125103780e-02
7.721533228569261997e-02
7.721608857854959929e-02
7.721615671388634694e-02
7.721725997003035802e-02
7.721794393889215569e-02
7.721844724762219614e-02
7.721921765350492350e-02
7.722064864417609031e-02
7.722170583954671153e-02
7.722213605440086948e-02
7.722250386737987415e-02
7.722295034702046646e-02
7.722411373632666332e-02
7.722490770433136642e-02
7.722628684239195296e-02
7.722699606787210291e-02
7.722715243255805218e-02
7.722823704551215473e-02
7.722880650459795771e-02
7.722975715433738619e-02
7.723096632094621217e-02
7.723170430953008037e-02
7.723248040745570031e-02
7.723325438555621314e-02
7.723436231384953055e-02
7.723582038064880084e-02
7.723679977619185566e-02
7.723799557264009186e-02
7.723880788465267710e-02
7.723969360150370611e-02
7.724019070915386087e-02
7.724089797485785003e-02
7.724122203446454060e-02
7.724231870937679767e-02
7.724266526691843382e-02
7.724321559941769999e-02
7.724362784172972285e-02
7.724457365207305914e-02
7.724513596151816319e-02
7.724643182827488352e-02
7.724692676474999298e-02
7.724715292236145059e-02
7.724804455302136663e-02
7.724858490964199575e-02
7.725003366750912703e-02
7.725101489377313169e-02
7.725181251846714725e-02
7.725269646688123770e-02
7.725338534367762189e-02
7.725374430468154308e-02
7.725438353053680485e-02
7.725456243118340727e-02
7.725470503205207617e-02
7.725516290252762430e-02
7.725591360107471328e-02
7.725638393203276832e-02
7.725725818662231015e-02
7.725798142090464782e-02
7.725878408504593953e-02
7.725960466914810754e-02
7.725982003198728076e-02
7.726033340940646754e-02
7.726146087141284868e-02
7.726183133787997703e-02
7.726161850997788350e-02
7.726124470053108428e-02
7.726083928814825308e-02
7.726154986357665344e-02
7.726252393965453436e-02
7.726294373866510190e-02
7.726350596023971729e-02
7.726442035806435626e-02
7.726479506869537994e-02
7.726521525009436009e-02
7.726616505411650071e-02
7.726609476521828501e-02
7.726637045432989404e-02
7.726645653782160394e-02
7.726735783855580297e-02
7.726801822029820410e-02
7.726928346506251044e-02
7.726926608822759501e-02
7.726968310913691351e-02
7.726997849232176974e-02
7.727052589413471728e-02
7.727121099317714459e-02
7.727217172543060508e-02
7.727251602287442400e-02
7.727386318912350671e-02
7.727485669852907080e-02
7.727560868657444570e-02
7.727718660740483247e-02
7.727782808777527990e-02
7.727881109986962926e-02
7.727927080089411205e-02
7.727921586413181998e-02
7.727933808560477624e-02
7.728028735254909021e-02
7.728110401100733717e-02
7.728125583113153174e-02
7.728185356725253419e-02
7.728204695873251706e-02
7.728225676588505733e-02
7.728277616632685254e-02
7.728360929195450535e-02
7.728395230250309500e-02
7.728440463073195377e-02
7.728491283382540877e-02
7.728560600205273967e-02
7.728619356688101738e-02
7.728700163044369131e-02
7.728653108931823890e-02
7.728756265874475728e-02
7.728733369436933953e-02
7.728748537693327925e-02
7.728795515452692444e-02
7.728851030689481982e-02
7.728954326057628499e-02
7.729064510839371571e-02
7.729090674226210544e-02
7.729193200184296397e-02
7.729221708662271928e-02
7.729229429258856199e-02
7.729253519322731858e-02
7.729305616950730984e-02
7.729353975709700453e-02
7.729410090637063580e-02
7.729488730697153809e-02
7.729527258795974853e-02
7.729556165463291606e-02
7.729629961500590618e-02
7.729698050692750122e-02
7.729712456806188403e-02
7.729687179618821569e-02
7.729787582577314631e-02
7.729801648979357787e-02
7.729856906107850090e-02
7.729983033136321458e-02
7.730035616918094765e-02
7.730165255202281482e-02
7.730224932054896581e-02
7.730250982509896673e-02
7.730283640229068665e-02
7.730318731385832365e-02
7.730307726166787963e-02
7.730316253081528921e-02
7.730358169803967783e-02
7.730358454205391028e-02
7.730344411397874205e-02
7.730449911344400293e-02
7.730495433177787812e-02
7.730530727386285272e-02
7.730594731575765599e-02
7.730575924189710124e-02
7.730601323005767411e-02
7.730646382101417913e-02
7.730779373210990013e-02
7.730846401909458043e-02
7.730887918570239492e-02
7.730918987708493284e-02
7.730919750317673256e-02
7.730935475404555890e-02
7.731017404140433369e-02
7.731063907611929187e-02
7.731100666668519472e-02
7.731181687394907132e-02
7.731244579440439690e-02
7.731296561690025049e-02
7.731393395866340001e-02
7.731366817498720734e-02
7.731376392117245144e-02
7.731435757578754286e-02
7.731502705210813176e-02
7.731557142700652696e-02
7.731607285373613692e-02
7.731666784852693486e-02
7.731693871412964603e-02
7.731745453253854872e-02
7.731752329713359462e-02
7.731846982144102709e-02
7.731866611504570330e-02
7.731920030136993360e-02
7.731981264680208576e-02
7.732012726337758601e-02
7.732046590741971370e-02
7.732104228344210961e-02
7.732062988298041284e-02
7.732150140656164627e-02
7.732151818661479881e-02
7.732171945444281380e-02
7.732163975330358374e-02
7.732209090343819535e-02
7.732201842690666904e-02
7.732197527966146178e-02
7.732236043966073114e-02
7.732251451843408230e-02
7.732246913700185909e-02
7.732277895547681745e-02
7.732268924235539964e-02
7.732241857331384471e-02
7.732209363516136247e-02
7.732217985184028364e-02
7.732206208240384460e-02
7.732252707007046533e-02
7.732269364214718055e-02
7.732298812128340915e-02
7.732317463935198254e-02
7.732335077957526448e-02
7.732371029286273789e-02
7.732415275900829388e-02
7.732471620230509102e-02
7.732474405734093836e-02
7.732558457923977002e-02
7.732616851632369281e-02
7.732666645331696953e-02
7.732684351074348150e-02
7.732712070662234316e-02
7.732755268782554037e-02
7.732768281828533707e-02
7.732831743290931314e-02
7.732861929279535862e-02
7.732887951314276753e-02
7.732926916369239900e-02
7.732963092629394075e-02
7.732971458787045449e-02
7.732960390889358215e-02
7.733065468883990046e-02
7.733087171352499845e-02
7.733074237019062214e-02
7.733068031148059018e-02
7.733147469188901557e-02
7.733165149788984172e-02
7.733197094106458724e-02
7.733199743869999254e-02
7.733179970309056461e-02
7.733189509455620780e-02
7.733246048753403268e-02
7.733205213513878740e-02
7.733225340251033419e-02
7.733271979351308278e-02
7.733260434111155490e-02
7.733290367481598926e-02
7.733316135816217796e-02
7.733314781680185324e-02
7.733321343430876738e-02
7.733313758748956712e-02
7.733347578984663129e-02
7.733352686580478863e-02
7.733352994974215799e-02
7.733392366073235658e-02
7.733446414927866441e-02
7.733505392191540595e-02
7.733519745804581791e-02
7.733509481436023902e-02
7.733579502728997468e-02
7.733582382041424841e-02
7.733586541070446019e-02
7.733596711351475861e-02
7.733570863967915987e-02
7.733607044204021674e-02
7.733654283618909830e-02
7.733714778128703005e-02
7.733704551548882533e-02
7.733710783685675272e-02
7.733733836101402970e-02
7.733681615580367819e-02
7.733665123164432109e-02
7.733655885231760507e-02
7.733654496612729634e-02
7.733754042389724692e-02
7.733772098530974914e-02
7.733771558108859523e-02
7.733757346784300712e-02
7.733832612749708124e-02
7.733862275793694507e-02
7.733855357589199120e-02
7.733892103212547386e-02
7.733955098716388532e-02
7.733958298257438690e-02
7.733989530152164671e-02
7.734003809705662646e-02
7.734046681181246108e-02
7.734042921463568643e-02
7.734059191926495602e-02
7.734042448623305865e-02
7.734096170397854186e-02
7.734099320865997496e-02
7.734088103234403044e-02
7.734094110007960765e-02
7.734137861260721725e-02
7.734094456472451196e-02
7.734122692074832384e-02
7.734175459687323007e-02
7.734238350184935440e-02
7.734182358530131141e-02
7.734213529873566750e-02
7.734239486011568188e-02
7.734234866374503636e-02
7.734301590823991490e-02
7.734342783215145123e-02
7.734326415420511580e-02
7.734345263692600503e-02
7.734404889767429458e-02
7.734417081053875098e-02
7.734488056460941952e-02
7.734565118311312326e-02
7.734597528350452278e-02
7.734638991151104870e-02
7.734693611925660961e-02
7.734731101335412529e-02
7.734734907631583833e-02
7.734725627167561568e-02
7.734731229562891164e-02
7.734760999718386099e-02
7.734814280650222085e-02
7.734818622129821519e-02
7.734848646848671572e-02
7.734865294688313131e-02
7.734838478631378411e-02
7.734857773651346302e-02
7.734850247843604032e-02
7.734907185691483611e-02
7.734941384375665363e-02
7.734897675889113033e-02
7.734871970527171237e-02
7.734867537075791610e-02
7.734882297328719847e-02
7.734876304712114126e-02
7.734903595672083798e-02
7.734907882211324026e-02
7.734952577490085412e-02
7.734943827275826689e-02
7.734942537675541796e-02
7.734942140530244592e-02
7.734958155458503126e-02
7.734964317988576865e-02
7.734986915087860293e-02
7.735057874942206924e-02
7.735068826752118654e-02
7.735111328044802503e-02
7.735130545856873374e-02
7.735157808799429657e-02
7.735234433983757818e-02
7.735255200236709761e-02
7.735235923948811931e-02
7.735250548787987734e-02
7.735237098292989388e-02
7.735227689154568209e-02
7.735203016006329813e-02
7.735229833109388831e-02
7.735281467894351837e-02
7.735302432233068237e-02
7.735297582333794386e-02
7.735347254244041848e-02
7.735367383285930709e-02
7.735400772412613646e-02
7.735403208395343067e-02
7.735446782123887866e-02
7.735424025153153638e-02
7.735402976342990733e-02
7.735380687696191693e-02
7.735369187745309849e-02
7.735391861900028920e-02
7.735452788763577670e-02
7.735467913345593638e-02
7.735449856094911425e-02
7.735470493204095466e-02
7.735496058525423435e-02
7.735527049467230687e-02
7.735564098712106873e-02
7.735525596836498319e-02
7.735536887844191023e-02
7.735585505125275319e-02
7.735603523603419573e-02
7.735599379949643917e-02
7.735633202079546245e-02
7.735625154276629112e-02
7.735629405027610872e-02
7.735617172061558244e-02
7.735637711128312555e-02
7.735662576800576840e-02
7.735675376983568163e-02
7.735616960555091737e-02
7.735618435410089588e-02
7.735612052541905592e-02
7.735607789666186507e-02
7.735619690423085892e-02
7.735612468945203546e-02
7.735579198678046997e-02
7.735587988869579990e-02
7.735608437979712981e-02
7.735585276045907344e-02
7.735598266077432783e-02
7.735638437377695409e-02
7.735681057885013256e-02
7.735661981923648567e-02
7.735650702668143974e-02
7.735674611087611785e-02
7.735653271314210655e-02
7.735659753991883103e-02
7.735690124888776331e-02
7.735714944587737674e-02
7.735729288903842038e-02
7.735744842423888934e-02
7.735725906780237249e-02
7.735742712010459932e-02
7.735778884629172791e-02
7.735778903233131443e-02
7.735792749269516932e-02
7.735786914318738827e-02
7.735795476995152575e-02
7.735794595657656536e-02
7.735834937626384633e-02
7.735836691807908283e-02
7.735796083036157456e-02
7.735814775874512439e-02
7.735817311729803469e-02
7.735818438918198869e-02
7.735785481422569054e-02
7.735756775353053172e-02
7.735819008216933412e-02
7.735850976103601784e-02
7.735849320102994309e-02
7.735871813562933408e-02
7.735892860416641870e-02
7.735897219290202576e-02
7.735926804254646127e-02
7.735918898968154045e-02
7.735919638802052356e-02
7.735915448646316084e-02
7.735917180418475092e-02
7.735902223868316996e-02
7.735881288661855537e-02
7.735894940840050416e-02
7.735949973396921697e-02
7.735968162747970667e-02
7.735995325816788504e-02
7.735974997951949872e-02
7.736000797495271031e-02
7.735957959727780830e-02
7.735941293527527629e-02
7.735941187288986054e-02
7.735942470315435027e-02
7.735948972431992698e-02
7.736000584714781969e-02
7.735980279818807648e-02
7.736020431355333793e-02
7.736045376901654058e-02
7.736045295826401991e-02
7.736045999295729225e-02
7.736030397768867140e-02
7.736020514410045512e-02
7.736055641168423924e-02
7.736045872830986381e-02
7.736077859998599648e-02
7.736078670798431089e-02
7.736091209680896752e-02
7.736065792541034492e-02
7.736036680504920771e-02
7.735975511816248207e-02
7.736019741973783337e-02
7.736009216800217303e-02
7.736020211678981684e-02
7.736043010068334447e-02
7.736059367476715021e-02
7.736100512126188600e-02
7.736095495356450080e-02
7.736083543249858141e-02
7.736097368340784375e-02
7.736117826832400457e-02
7.736102155439548989e-02
7.736058807738559195e-02
7.736014201344550145e-02
7.736020568036633405e-02
7.736018740242533998e-02
7.736022908663359177e-02
7.736016645149038085e-02
7.736038924415340745e-02
7.736032310671368817e-02
7.736028161462736585e-02
7.736065300913215481e-02
7.736057174164585881e-02
7.736068492105974137e-02
7.736086198433937688e-02
7.736113329963832663e-02
7.736062874895913155e-02
7.736114170713240257e-02
7.736118377980873151e-02
7.736107540860111265e-02
7.736097615012949014e-02
7.736079863893514930e-02
7.736145333041395677e-02
7.736107093256963663e-02
7.736080320018105805e-02
7.736093219607018123e-02
7.736070803057398804e-02
7.736069436485938644e-02
7.736066420193188353e-02
7.736085551342644639e-02
7.736094547008622035e-02
7.736087878776626292e-02
7.736095280504413918e-02
7.736114138524798067e-02
7.736122689400541652e-02
7.736080057039157465e-02
7.736121475929221003e-02
7.736105820789340726e-02
7.736120521720708798e-02
7.736110521220286584e-02
7.736099217054168142e-02
7.736091871088755789e-02
7.736095863543716866e-02
7.736105842099784413e-02
7.736148031073451781e-02
7.736142585362382196e-02
7.736148143987604808e-02
7.736117930900231199e-02
7.736131623618910935e-02
7.736141896287646036e-02
7.736138353030043435e-02
7.736111007965353059e-02
7.736146694597381690e-02
7.736143069579810849e-02
7.736184915039454046e-02
7.736178362232461192e-02
7.736174905369185006e-02
7.736122611773506297e-02
7.736117843786768922e-02
7.736194658768567878e-02
7.736223215334536718e-02
7.736209274079187959e-02
7.736230117255607497e-02
7.736230661582703394e-02
7.736189382283949201e-02
7.736154067896826303e-02
7.736123144947279484e-02
7.736094390873432536e-02
7.736070126870207841e-02
7.736053796859811149e-02
7.736063381371932612e-02
7.736101469850387158e-02
7.736103739493348230e-02
7.736094761415171495e-02
7.736094932427906024e-02
7.736081432242979117e-02
7.736072383250193474e-02
7.736071615485021202e-02
7.736070848242575237e-02
7.736085551856662634e-02
7.736084939093114399e-02
7.736058063484921310e-02
7.736082448597249306e-02
7.736077271290503488e-02
7.736059689928870275e-02
7.736047205833296303e-02
7.736056673387339822e-02
7.736068561468141536e-02
7.736094117575842422e-02
7.736100522758962428e-02
7.736108844609800028e-02
7.736090242205906353e-02
7.736093955743651718e-02
7.736055743831465881e-02
7.736023803914841845e-02
7.735996953139429033e-02
7.735964555962729361e-02
7.735966246993289386e-02
7.735970603825774450e-02
7.735984512493916665e-02
7.735989541057378127e-02
7.735970167829082922e-02
7.735958200290465880e-02
7.735901576653786416e-02
7.735862950862446019e-02
7.735887120979993703e-02
7.735901144576366739e-02
7.735886431393892981e-02
7.735914062419395332e-02
7.735936178144067754e-02
7.735907476985227904e-02
7.735923275508073405e-02
7.735893860467421557e-02
7.735861748696508389e-02
7.735839670526145628e-02
7.735835537034878306e-02
7.735844521768156512e-02
7.735802452748580249e-02
7.735770036379564785e-02
7.735767571940758980e-02
7.735757303025220244e-02
7.735752010454025052e-02
7.735780717316208255e-02
7.735739572248138962e-02
7.735701745550002673e-02
7.735753663609594433e-02
7.735734554312437283e-02
7.735731865550030117e-02
7.735684661713036758e-02
7.735683539789092733e-02
7.735674118531285504e-02
7.735707011607219352e-02
7.735725870792098391e-02
7.735713610160332987e-02
7.735679866254574488e-02
7.735681552804185568e-02
7.735653913131736170e-02
7.735647209913640299e-02
7.735621672752682199e-02
7.735594010066987325e-02
7.735613073489669422e-02
7.735632546485947392e-02
7.735615953878269280e-02
7.735586446307186892e-02
7.735595955005514224e-02
7.735580183162220347e-02
7.735596048665492608e-02
7.735574987504609257e-02
7.735551199647922038e-02
7.735497953299909357e-02
7.735499353804248246e-02
7.735508927434509019e-02
7.735492556442702394e-02
7.735491388557580450e-02
7.735490803557712458e-02
7.735503586376495100e-02
7.735484510424296689e-02
7.735480523995072466e-02
7.735497844155408975e-02
7.735450436540668162e-02
7.735420594939960981e-02
7.735392216729937431e-02
7.735403682846880846e-02
7.735429766363589865e-02
7.735437510446774301e-02
7.735421213350786307e-02
7.735427313223612600e-02
7.735430045996158355e-02
7.735457602619714990e-02
7.735448927011170928e-02
7.735451612192284498e-02
7.735428823843754076e-02
7.735386744169392426e-02
7.735349269486876955e-02
7.735334538604241028e-02
7.735339039519054105e-02
7.735363813782826503e-02
7.735355291690715340e-02
7.735346621151908963e-02
7.735372412627401773e-02
7.735359541566881603e-02
7.735321313227259965e-02
7.735278529702761807e-02
7.735265129414177487e-02
7.735277329175110905e-02
7.735288378153859501e-02
7.735307141132038988e-02
7.735274200051982241e-02
7.735259983089765035e-02
7.735231715065768454e-02
7.735209638574556956e-02
7.735179789488789981e-02
7.735166516774205636e-02
7.735139327043628887e-02
7.735152371350664802e-02
7.735114346800506246e-02
7.735123595821490061e-02
7.735132867859219330e-02
7.735151147165650332e-02
7.735150137403039305e-02
7.735115334468756210e-02
7.735108115941299878e-02
7.735084346827550417e-02
7.735075387193797447e-02
7.735082196006304311e-02
7.735053053253397592e-02
7.735043496660784501e-02
7.735034044626823424e-02
7.735056623340499926e-02
7.735037211945920699e-02
7.735062333807316004e-02
7.735052601591907440e-02
7.735060225315175397e-02
7.735044155855277936e-02
7.735047260024190130e-02
7.735029950387824205e-02
7.735033501883019358e-02
7.735050084110335622e-02
7.735036826861929615e-02
7.735021795489564755e-02
7.735021768664754327e-02
7.735045454906376572e-02
7.735023881192568118e-02
7.735037002891270719e-02
7.735020723829255651e-02
7.734976569590990003e-02
7.734937800313652911e-02
7.734923651207109563e-02
7.734913054332009930e-02
7.734905602192032603e-02
7.734861841910754821e-02
7.734856813821680555e-02
7.734878305036080315e-02
7.734859352741520200e-02
7.734835588100635873e-02
7.734811556601052518e-02
7.734771317773513066e-02
7.734743770145673103e-02
7.734745730760966831e-02
7.734746589976382314e-02
7.734756627338006119e-02
7.734701922651604500e-02
7.734679565378015098e-02
7.734688917322064816e-02
7.734647387557512521e-02
7.734642836443632319e-02
7.734615024389918103e-02
7.734591273603728945e-02
7.734581316255302597e-02
7.734582694189802432e-02
7.734580967488766112e-02
7.734578749120249452e-02
7.734605154699665530e-02
7.734576324847905471e-02
7.734566819976411434e-02
7.734557783692951050e-02
7.734524787491221798e-02
7.734533944687585483e-02
7.734519744628626237e-02
7.734512917386172914e-02
7.734513291495732912e-02
7.734497430271970730e-02
7.734493386905348655e-02
7.734507461582415533e-02
7.734493061310428186e-02
7.734477832547741183e-02
7.734442744134213676e-02
7.734435593945122867e-02
7.734405531008607670e-02
7.734377797104673158e-02
7.734367459859252392e-02
7.734334475077998816e-02
7.734362386112150767e-02
7.734345777936077471e-02
7.734336800423639857e-02
7.734328981891830379e-02
7.734306663571664797e-02
7.734293346296332305e-02
7.734243138616006541e-02
7.734217368008115823e-02
7.734187487724070165e-02
7.734187936682890285e-02
7.734193829859506431e-02
7.734177375979366109e-02
7.734154164309912927e-02
7.734169175479195524e-02
7.734142152912309998e-02
7.734136369592246874e-02
7.734102735071812784e-02
7.734110426280023376e-02
7.734098844706870091e-02
7.734086771832841822e-02
7.734074873323622257e-02
7.734057692689942642e-02
7.734052429024919351e-02
7.734039764466578426e-02
7.734010863133039537e-02
7.734014369378927611e-02
7.733980800789787280e-02
7.733986668230793948e-02
7.733965318437399650e-02
7.733967528891452781e-02
7.733926627242990182e-02
7.733913575788499417e-02
7.733932317026331882e-02
7.733939159945096842e-02
7.733908517587062548e-02
7.733866801948457992e-02
7.733866004375160308e-02
7.733824251369114666e-02
7.733803637087989513e-02
7.733801585896823982e-02
7.733830167419708523e-02
7.733805632072202063e-02
7.733769422848363329e-02
7.733750211422095455e-02
7.733747325793247085e-02
7.733725296846764852e-02
7.733705018395882480e-02
7.733687838879561849e-02
7.733671901798598591e-02
7.733660750889015389e-02
7.733672010253264673e-02
7.733661906313141210e-02
7.733647848683040948e-02
7.733653209790947169e-02
7.733639429966911172e-02
7.733596113876826939e-02
7.733590065250935119e-02
7.733559680245542800e-02
7.733525487520197250e-02
7.733498710489844497e-02
7.733441303026973579e-02
7.733424334479979678e-02
7.733409578178558619e-02
7.733387612368185227e-02
7.733397749131321053e-02
7.733381129733139792e-02
7.733326781915242365e-02
7.733297603019199939e-02
7.733282344981816381e-02
7.733270621175199200e-02
7.733249366811140169e-02
7.733236035668789032e-02
7.733234602763697230e-02
7.733241189888732936e-02
7.733220803867653370e-02
7.733200511698301582e-02
7.733190599234505969e-02
7.733175532241949590e-02
7.733160522840351603e-02
7.733145526138850145e-02
7.733126753902569428e-02
7.733106405589980359e-02
7.733090055445665523e-02
7.733032299363246098e-02
7.733021530362847729e-02
7.733012081703466434e-02
7.733005051193318768e-02
7.732986093259121285e-02
7.732988115237512949e-02
7.732938509579341535e-02
7.732903912104316380e-02
7.732923560646381977e-02
7.732885035259684514e-02
7.732858435637555983e-02
7.732820394006832687e-02
7.732781107451168479e-02
7.732752623963207173e-02
7.732739164204333049e-02
7.732698511933271124e-02
7.732683622572060489e-02
7.732657617927904403e-02
7.732655011630629183e-02
7.732655263546195368e-02
7.732626783125755299e-02
7.732616569635554493e-02
7.732602499465869583e-02
7.732563407036403824e-02
7.732525372721379964e-02
7.732478572310494402e-02
7.732459187467043138e-02
7.732438813610874317e-02
7.732419396089940111e-02
7.732389318899893227e-02
7.732371863932742395e-02
7.732328611683651765e-02
7.732293756429377274e-02
7.732276745859467670e-02
7.732266455809513883e-02
7.732233890760427386e-02
7.732210286810810296e-02
7.732198637076709291e-02
7.732153800164862090e-02
7.732140365967048179e-02
7.732119458613795349e-02
7.732116755554539755e-02
7.732092481093649772e-02
7.732075513595250416e-02
7.732030631497971429e-02
7.732015902344302472e-02
7.731995308476231898e-02
7.731967570402355217e-02
7.731939643340314527e-02
7.731910671759989473e-02
7.731873263277339037e-02
7.731840246097686220e-02
7.731792631530821913e-02
7.731761411801167660e-02
7.731720806104021293e-02
7.731693251924860733e-02
7.731678163806095239e-02
7.731665290846939653e-02
7.731647083543323473e-02
7.731633500567849926e-02
7.731606231850196576e-02
7.731599616148364384e-02
7.731581522189534539e-02
7.731553949907556123e-02
7.731527077288251337e-02
7.731538489560248195e-02
7.731506585895568662e-02
7.731492486081646687e-02
7.731478813518576076e-02
7.731451239194804537e-02
7.731424886218550563e-02
7.731390447848587866e-02
7.731349577120870398e-02
7.731332073951564798e-02
7.731328383131047532e-02
7.731334179552154517e-02
7.731278037617177190e-02
7.731249919430847883e-02
7.731213070382213226e-02
7.731175390114501667e-02
7.731149176697731107e-02
7.731103951632375959e-02
7.731069399063249248e-02
7.731039804370241908e-02
7.731026873426795343e-02
7.731015644527451658e-02
7.730962810982439093e-02
7.730946554789161484e-02
7.730917203152234962e-02
7.730923212155196844e-02
7.730872016622818144e-02
7.730847371443774763e-02
7.730814657494129716e-02
7.730810193362729066e-02
7.730780092184839913e-02
7.730752908094365439e-02
7.730719764179053155e-02
7.730711070243054261e-02
7.730670933818638291e-02
7.730653823879844733e-02
7.730624319347585705e-02
7.730599052331561805e-02
7.730564830255268194e-02
7.730537189699412948e-02
7.730499196866277845e-02
7.730469422033652005e-02
7.730436883795674397e-02
7.730412800083273639e-02
7.730385943560499906e-02
7.730348714957063772e-02
7.730296367644379218e-02
7.730274597932414171e-02
7.730257403656877468e-02
7.730201613189263687e-02
7.730169029060196539e-02
7.730129936209015340e-02
7.730096752314891129e-02
7.730096026750657434e-02
7.730054878729039625e-02
7.730026034893283660e-02
7.730000558748630068e-02
7.729992068272605044e-02
7.729936926291995636e-02
7.729912021142598677e-02
7.729893317245510598e-02
7.729897062019348841e-02
7.729858082345433812e-02
7.729808771839344339e-02
7.729780907460465089e-02
7.729760392808511515e-02
7.729757211810635298e-02
7.729742825197001566e-02
7.729695830684334135e-02
7.729663005529094355e-02
7.729636597875134962e-02
7.729615098939826567e-02
7.729560153488686247e-02
7.729533649344982882e-02
7.729497096547927049e-02
7.729491178831572606e-02
7.729491704217637815e-02
7.729472838650333633e-02
7.729452004232005569e-02
7.729419495902827009e-02
7.729366973315332512e-02
7.729336146384560569e-02
7.729280356314432998e-02
7.729223708262600301e-02
7.729225635741224232e-02
7.729230275752425883e-02
7.729225931946327732e-02
7.729192011433941301e-02
7.729177385186797311e-02
7.729138080000247379e-02
7.729101855636158480e-02
7.729077346598786646e-02
7.729035667112836572e-02
7.729019532116039592e-02
7.729003020182760586e-02
7.728972077843873634e-02
7.728913748866260425e-02
7.728884820260843724e-02
7.728866163951790547e-02
7.728843914175505259e-02
7.728797802995583666e-02
7.728747847692604700e-02
7.728711111442010395e-02
7.728687381271802381e-02
7.728647864541421386e-02
7.728631809510552730e-02
7.728615094819064890e-02
7.728568520426760957e-02
7.728552216743873882e-02
7.728513062668752875e-02
7.728469200854595766e-02
7.728451134926418720e-02
7.728417089990248512e-02
7.728409196054925046e-02
7.728368549586794867e-02
7.728360970572921429e-02
7.728324944898481985e-02
7.728296525424530050e-02
7.728257763776212597e-02
7.728214849651640628e-02
7.728195911280065500e-02
7.728172734131535937e-02
7.728150921737353407e-02
7.728122114236399276e-02
7.728092049809551223e-02
7.728063339683455268e-02
7.728043869465112126e-02
7.728013662240466874e-02
7.727976028663931241e-02
7.727941595139707631e-02
7.727903868288167610e-02
7.727866296271730662e-02
7.727835153658642320e-02
7.727845983563508270e-02
7.727834573443788380e-02
7.727776872725029833e-02
7.727728371755387959e-02
7.727693466685858770e-02
7.727653480159281385e-02
7.727601338455351854e-02
7.727563890926210377e-02
7.727540767831389545e-02
7.727509060749300496e-02
7.727477429086188065e-02
7.727443694221153292e-02
7.727426000760172220e-02
7.727416735125201830e-02
7.727376689292832224e-02
7.727324158290051204e-02
7.727286857439727430e-02
7.727269610724671334e-02
7.727238656504946401e-02
7.727206048696938501e-02
7.727173932137267054e-02
7.727131196870629104e-02
7.727097819473985330e-02
7.727080694773304226e-02
7.727054051155575476e-02
7.727042036402603786e-02
7.726981501283075593e-02
7.726960737884240593e-02
7.726924042969400552e-02
7.726900103651936080e-02
7.726903349076487404e-02
7.726853129149925670e-02
7.726821965615240928e-02
7.726810822253481204e-02
7.726773688374133364e-02
7.726721086437529640e-02
7.726698245055259318e-02
7.726646930688020609e-02
7.726626399828676051e-02
7.726602141397255485e-02
7.726562771511559513e-02
7.726536018055801813e-02
7.726485941299585103e-02
7.726471898411792216e-02
7.726455962874538563e-02
7.726411086915635495e-02
7.726359596594159496e-02
7.726313115260190212e-02
7.726264924530246159e-02
7.726218176186992748e-02
7.726191905100628088e-02
7.726150238797917236e-02
7.726119814988913204e-02
7.726095487502358805e-02
7.726046803151079279e-02
7.726021229946325453e-02
7.725975324621990603e-02
7.725969248632025277e-02
7.725936167949881694e-02
7.725914008237830255e-02
7.725878756373814882e-02
7.725847561837927147e-02
7.725817106991314520e-02
7.725774552837134934e-02
7.725741663042214047e-02
7.725703839580080889e-02
7.725681367937552169e-02
7.725652679978031734e-02
7.725621588819800434e-02
7.725579361208731455e-02
7.725551077383650822e-02
7.725548392685764598e-02
7.725504913265208995e-02
7.725469527991420116e-02
7.725432777709992371e-02
7.725398540635948497e-02
7.725363272713986484e-02
7.725328803715136861e-02
7.725303937287120171e-02
7.725274913065047211e-02
7.725241232256435664e-02
7.725202859172149161e-02
7.725155502523463336e-02
7.725110945556296072e-02
7.725065397829697367e-02
7.725030114716251173e-02
7.725010899949817655e-02
7.724978346366200010e-02
7.724929961493816333e-02
7.724906442739432055e-02
7.724877163043153416e-02
7.724818876371990217e-02
7.724784975608105231e-02
7.724766638742755487e-02
7.724737473342913052e-02
7.724710438340778862e-02
7.724687542856853439e-02
7.724666625411161225e-02
7.724612245889488082e-02
7.724575270953161488e-02
7.724553858962518449e-02
7.724539926014795110e-02
7.724496338880207369e-02
7.724476435681144892e-02
7.724480297959250563e-02
7.724460558985969671e-02
7.724422362018458499e-02
7.724360268751598313e-02
7.724337972911317352e-02
7.724309456193868828e-02
7.724282218647529619e-02
7.724255261922348403e-02
7.724201674459207911e-02
7.724142829851521341e-02
7.724098970247757212e-02
7.724054117140050080e-02
7.724013070847925155e-02
7.723951041336500623e-02
7.723919137688803338e-02
7.723881004398493177e-02
7.723842936308578100e-02
7.723829139353581563e-02
7.723801999155258113e-02
7.723761362724022861e-02
7.723708039221917343e-02
7.723694367017433504e-02
7.723657772042225034e-02
7.723638019262624166e-02
7.723601389329791400e-02
7.723569946264488562e-02
7.723546090046660983e-02
7.723525772959571878e-02
7.723481821403700709e-02
7.723438595671580642e-02
7.723418999306028154e-02
7.723362340591212460e-02
7.723345394527465768e-02
7.723309317624142689e-02
7.723256349387316866e-02
7.723197757106972650e-02
7.723158246099338931e-02
7.723133975739274182e-02
7.723095878243485535e-02
7.723074275618539708e-02
7.723049640222580392e-02
7.723011372342467040e-02
7.722969626227738082e-02
7.722943606739461619e-02
7.722909077494603813e-02
7.722886099292577966e-02
7.722851497314757452e-02
7.722811498063719693e-02
7.722770810605580905e-02
7.722735148742887468e-02
7.722703831993686652e-02
7.722673747755270934e-02
7.722644697147125481e-02
7.722598379193884588e-02
7.722575181603445749e-02
7.722537001828261305e-02
7.722494357452587554e-02
7.722470314887208698e-02
7.722419869981038409e-02
7.722367891534756557e-02
7.722320534391774460e-02
7.722275883508336602e-02
7.722236952574491886e-02
7.722218166524817684e-02
7.722175354055380025e-02
7.722113221957874196e-02
7.722076725580545586e-02
7.722044002763620019e-02
7.722018026442954708e-02
7.721998740259101990e-02
7.721963412667522120e-02
7.721930820937748796e-02
7.721885566098507514e-02
7.721866009926982299e-02
7.721836535959399062e-02
7.721790090750557667e-02
7.721747311469882857e-02
7.721701362747573905e-02
7.721674336509239123e-02
7.721630112471794538e-02
7.721594080556103135e-02
7.721534928175341483e-02
7.721516463571441447e-02
7.721494444646845312e-02
7.721458548727354321e-02
7.721411284951182341e-02
7.721367222491427873e-02
7.721311655871317126e-02
7.721264502407998442e-02
7.721227231586981488e-02
7.721193742139927096e-02
7.721161721604498374e-02
7.721120760601496436e-02
7.721094418123278236e-02
7.721060773235739749e-02
7.721033265313988203e-02
7.721002059199914835e-02
7.720952920339912984e-02
7.720927218531940806e-02
7.720919679899405919e-02
7.720890299248461819e-02
7.720841343302202453e-02
7.720813719362561167e-02
7.720788062376106320e-02
7.720745115448300611e-02
7.720733783009695039e-02
7.720703267393244640e-02
7.720666156810848668e-02
7.720658391526247222e-02
7.720610636548773387e-02
7.720568766731930599e-02
7.720532045364625340e-02
7.720502686566896311e-02
7.720467310404618977e-02
7.720408971882578020e-02
7.720351222769311628e-02
7.720317748647634315e-02
7.720269040024774210e-02
7.720230680664758038e-02
7.720207979111745611e-02
7.720166016831574163e-02
7.720114503234010161e-02
7.720083000617156133e-02
7.720046253553305982e-02
7.720030366924052201e-02
7.719991417562485636e-02
7.719952119377838928e-02
7.719901812646397243e-02
7.719888524733063695e-02
7.719837904171598930e-02
7.719814452616574618e-02
7.719777528744797834e-02
7.719721337587505394e-02
7.719720835383062085e-02
7.719699856071599031e-02
7.719673967339307774e-02
7.719630789614424782e-02
7.719607326785288270e-02
7.719585375073742539e-02
7.719536035857448020e-02
7.719489228015086191e-02
7.719454447843487888e-02
7.719422864176979371e-02
7.719405691038726258e-02
7.719392230125531051e-02
7.719359286540988796e-02
7.719328364398292397e-02
7.719306063015353436e-02
7.719261821040825089e-02
7.719212211592912931e-02
7.719175017168801445e-02
7.719124403441067483e-02
7.719088232466173038e-02
7.719046266062982997e-02
7.719006511919873637e-02
7.718953856379610901e-02
7.718894420475728990e-02
7.718851230989336176e-02
7.718816509845162488e-02
7.718761505947821511e-02
7.718722686568128821e-02
7.718681633198086478e-02
7.718636221122536500e-02
7.718597211295762095e-02
7.718568052060525986e-02
7.718527633610515470e-02
7.718499270769295373e-02
7.718441369201851920e-02
7.718408876879487290e-02
7.718381497770547550e-02
7.718335548749256925e-02
7.718279354407789339e-02
7.718225594729252736e-02
7.718182387947808420e-02
7.718140674088377895e-02
7.718122369081149847e-02
7.718080620993714169e-02
7.718050604972474804e-02
7.718023012384997439e-02
7.717993236622959496e-02
7.717950614615619320e-02
7.717904140559347925e-02
7.717870649146266193e-02
7.717828026127523944e-02
7.717784063398935857e-02
7.717752686429170395e-02
7.717713085179141175e-02
7.717655773461588875e-02
7.717614514655521396e-02
7.717572876579997798e-02
7.717536030968387417e-02
7.717519501280173388e-02
7.717495101045862560e-02
7.717462884217315966e-02
7.717405449913826432e-02
7.717383569039963642e-02
7.717354347510210766e-02
7.717315299606967993e-02
7.717280122951862553e-02
7.717253935676846033e-02
7.717204986074750750e-02
7.717140288382046132e-02
7.717091174498633133e-02
7.717049098540837426e-02
7.717022258041278393e-02
7.716992048148417493e-02
7.716956901038383998e-02
7.716929658327323360e-02
7.716890266100093210e-02
7.716851752338436954e-02
7.716804052883619036e-02
7.716770461506480827e-02
7.716730897936485700e-02
7.716671301129046645e-02
7.716637478761381730e-02
7.716596523606361613e-02
7.716579381078948752e-02
7.716539338156198913e-02
7.716495705619738632e-02
7.716478201640460111e-02
7.716423649385301120e-02
7.716397811095888903e-02
7.716350239857792948e-02
7.716327104335256315e-02
7.716276514058059699e-02
7.716226098550381385e-02
7.716185058545170505e-02
7.716150474584791696e-02
7.716104491942323007e-02
7.716061084328487696e-02
7.716043049914696195e-02
7.716010735527284448e-02
7.715971363801654714e-02
7.715951567505169306e-02
7.715926649782187119e-02
7.715890831308291897e-02
7.715851325709358055e-02
7.715810712426794671e-02
7.715785820642026560e-02
7.715759862152871129e-02
7.715713481346522795e-02
7.715663235319754343e-02
7.715633259013397749e-02
7.715585144758056735e-02
7.715561721373814796e-02
7.715513793511727392e-02
7.715456557909110280e-02
7.715408270096860144e-02
7.715379028623545188e-02
7.715333161524701167e-02
7.715279965319400690e-02
7.715230136096518088e-02
7.715223520188665973e-02
7.715183161447336513e-02
7.715168947704588442e-02
7.715130886375838604e-02
7.715076629003481123e-02
7.715039672841803031e-02
7.714997489928344943e-02
7.714945885509819079e-02
7.714897837799997160e-02
7.714866843354077630e-02
7.714834080468746524e-02
7.714807023241566919e-02
7.714753663313009269e-02
7.714718774424959846e-02
7.714675664243270115e-02
7.714639891693432505e-02
7.714594840560427824e-02
7.714567364401436755e-02
7.714531800267140915e-02
7.714499013018290274e-02
7.714464557891338725e-02
7.714424183859702744e-02
7.714382355547497183e-02
7.714334173828708840e-02
7.714283174241509666e-02
7.714249922358107359e-02
7.714223369437818445e-02
7.714195384533967248e-02
7.714163423530620567e-02
7.714126982615464312e-02
7.714066626983440145e-02
7.714021414562305390e-02
7.714014841956001733e-02
7.713958705582120434e-02
7.713920346213605506e-02
7.713860382892738510e-02
7.713826492297139181e-02
7.713787428478117991e-02
7.713751756111758562e-02
7.713732625164740342e-02
7.713695777714182911e-02
7.713643140257574193e-02
7.713604975116303275e-02
7.713554150754770022e-02
7.713509461772495579e-02
7.713462110595817323e-02
7.713431205694304404e-02
7.713378872074708181e-02
7.713340034165212800e-02
7.713304118701561074e-02
7.713259477421796628e-02
7.713239241978155081e-02
7.713191273422052852e-02
7.713162479750078349e-02
7.713141926134471638e-02
7.713117644117954697e-02
7.713059977413504187e-02
7.713022004591614522e-02
7.712982370468363102e-02
7.712928741376254282e-02
7.712896768940183390e-02
7.712860103002459888e-02
7.712804913689048913e-02
7.712758639272652983e-02
7.712727956021661613e-02
7.712686133350146744e-02
7.712651412141648122e-02
7.712615712921012945e-02
7.712573692056307051e-02
7.712548980280675703e-02
7.712514425093781878e-02
7.712477536185018134e-02
7.712426262928007148e-02
7.712406130654565761e-02
7.712373376250747370e-02
7.712332544447517146e-02
7.712304285633882206e-02
7.712271885070058619e-02
7.712250103606843599e-02
7.712217086859680937e-02
7.712189970655257409e-02
7.712156549768102443e-02
7.712121029574976749e-02
7.712063977708820406e-02
7.712029023201798228e-02
7.712013148843697985e-02
7.711990867020554474e-02
7.711964612635127669e-02
7.711917246212052213e-02
7.711880200079131165e-02
7.711855387318966581e-02
7.711809181185574902e-02
7.711793209178001429e-02
7.711740662795667223e-02
7.711709117263230995e-02
7.711677943779467193e-02
7.711651751179927905e-02
7.711615633721967400e-02
7.711577010990028347e-02
7.711545456237343943e-02
7.711492370230252358e-02
7.711470716241780599e-02
7.711424916587387990e-02
7.711380188590853668e-02
7.711349273090124801e-02
7.711295999223381770e-02
7.711253775868984195e-02
7.711228558991785331e-02
7.711180800802359958e-02
7.711148107380937089e-02
7.711099941353194431e-02
7.711061955289483238e-02
7.711030380400972495e-02
7.710986924187802904e-02
7.710950086581297436e-02
7.710891841001900338e-02
7.710839551652780288e-02
7.710814210859517903e-02
7.710765438176458986e-02
7.710736079658569997e-02
7.710713566284004006e-02
7.710687380139671920e-02
7.710637978866444198e-02
7.710599180530940122e-02
7.710560402734135954e-02
7.710521432242954665e-02
7.710493013738296819e-02
7.710442250325311164e-02
7.710399034198779644e-02
7.710372486502875544e-02
7.710326961526922651e-02
7.710290335826142094e-02
7.710254747390950236e-02
7.710230411391046090e-02
7.710194716595886177e-02
7.710144866596230218e-02
7.710114870650922048e-02
7.710077511790379423e-02
7.710054579169998978e-02
7.710014069801447711e-02
7.709983652323509906e-02
7.709933260979955072e-02
7.709912381095179734e-02
7.709867426397901125e-02
7.709842155118987184e-02
7.709790619337618389e-02
7.709742633820268476e-02
7.709711658817759716e-02
7.709674369154538576e-02
7.709643315065871361e-02
7.709601867718580970e-02
7.709559666661248978e-02
7.709530731785306512e-02
7.709479777432419467e-02
7.709437756618529869e-02
7.709386301493506566e-02
7.709351244084911015e-02
7.709329464020495126e-02
7.709303246895252149e-02
7.709277096920424954e-02
7.709245362505022514e-02
7.709214576317600931e-02
7.709194454975054622e-02
7.709145845525970653e-02
7.709094051946041581e-02
7.709054864542098928e-02
7.709005131349956630e-02
7.708977132737415694e-02
7.708951179611532589e-02
7.708909432949319351e-02
7.708874022308197238e-02
7.708835502484437385e-02
7.708800050473159360e-02
7.708758850356069170e-02
7.708725152248287193e-02
7.708704676586251858e-02
7.708679764110648591e-02
7.708643969545507513e-02
7.708606730826511599e-02
7.708568588523663501e-02
7.708532112575187945e-02
7.708491487613869375e-02
7.708452638453128225e-02
7.708415484620252667e-02
7.708355281649813262e-02
7.708316485051104616e-02
7.708276253521813282e-02
7.708234012616979602e-02
7.708219309622080240e-02
7.708173900909758014e-02
7.708133464370105215e-02
7.708096085830878907e-02
7.708061552612738287e-02
7.708038821403256913e-02
7.707990622584921792e-02
7.707947526346002609e-02
7.707889703520590108e-02
7.707840050899271434e-02
7.707795244345676255e-02
7.707749627925340741e-02
7.707700399119257750e-02
7.707650588274270187e-02
7.707607126233828598e-02
7.707568257673198808e-02
7.707532864652011373e-02
7.707505039344192399e-02
7.707466558354916786e-02
7.707427209116222977e-02
7.707382702686456366e-02
7.707333698797336208e-02
7.707282035768649175e-02
7.707230197661635307e-02
7.707176394530600161e-02
7.707148755862913703e-02
7.707094865543717699e-02
7.707056073289075826e-02
7.707015239317092925e-02
7.706974676665227786e-02
7.706939238248969315e-02
7.706893734808253904e-02
7.706855540612593536e-02
7.706814675347108123e-02
7.706766735714504213e-02
7.706741933252718446e-02
7.706699521460046165e-02
7.706671765643252625e-02
7.706636544017807233e-02
7.706588581047785214e-02
7.706545031854832029e-02
7.706504676908471074e-02
7.706472321552627902e-02
7.706437782874273057e-02
7.706408191281671760e-02
7.706351992905564885e-02
7.706311336326747419e-02
7.706274229114298824e-02
7.706245150110768716e-02
7.706201799278214470e-02
7.706186117258079227e-02
7.706156076608471073e-02
7.706108242302835143e-02
7.706064846940824387e-02
7.706013140952497342e-02
7.705954538326109660e-02
7.705900661077451363e-02
7.705863864779123606e-02
7.705828195122342572e-02
7.705785485559890624e-02
7.705742102470067301e-02
7.705709336060891090e-02
7.705655344565028042e-02
7.705598576348356155e-02
7.705562711060134906e-02
7.705508871675055549e-02
7.705486308078494939e-02
7.705464242078648163e-02
7.705420192114763311e-02
7.705384780235562114e-02
7.705351288999769122e-02
7.705316745320464622e-02
7.705277184419130621e-02
7.705244543285856562e-02
7.705187887748217446e-02
7.705157537719581340e-02
7.705130289434897195e-02
7.705082100375890142e-02
7.705044572517477652e-02
7.705000919466785392e-02
7.704948863716230834e-02
7.704912243098736846e-02
7.704879057525892971e-02
7.704839365017672470e-02
7.704801531732673181e-02
7.704775123889773258e-02
7.704726289784606663e-02
7.704684506303056957e-02
7.704637420371159007e-02
7.704594631409956984e-02
7.704550580053876052e-02
7.704514096435614856e-02
7.704462910704643064e-02
7.704426799941778425e-02
7.704399555371717334e-02
7.704364713080477656e-02
7.704333568781393526e-02
7.704277094255315705e-02
7.704236217359572425e-02
7.704190246444614365e-02
7.704139188328615329e-02
7.704095694382168125e-02
7.704055851394955856e-02
7.704023700114422113e-02
7.703986813829963309e-02
7.703947955558805571e-02
7.703914605702934237e-02
7.703860304245312152e-02
7.703817181912055168e-02
7.703780218883259090e-02
7.703744021601038883e-02
7.703694069301673941e-02
7.703657608054335915e-02
7.703622536206494731e-02
7.703588191972053634e-02
7.703550856556391768e-02
7.703512792464815850e-02
7.703489831842069702e-02
7.703449303739173804e-02
7.703408576563526566e-02
7.703376192325650518e-02
7.703354791610095287e-02
7.703313621905398534e-02
7.703282960107613042e-02
7.703262870266805451e-02
7.703214729967103325e-02
7.703160825311833326e-02
7.703132952300953407e-02
7.703098878006590933e-02
7.703077344548596439e-02
7.703034344052379911e-02
7.702988948942086911e-02
7.702945817411185891e-02
7.702902279635534533e-02
7.702872870887687851e-02
7.702850979103995077e-02
7.702786193623394062e-02
7.702747565961651222e-02
7.702707787326948385e-02
7.702669502771664067e-02
7.702641339936530662e-02
7.702607701461221257e-02
7.702559550987607417e-02
7.702505767202820486e-02
7.702459902503228095e-02
7.702410767843455297e-02
7.702375572608019527e-02
7.702342846369424068e-02
7.702291991909111790e-02
7.702256500962691155e-02
7.702209723459364776e-02
7.702173372122404771e-02
7.702130062444460801e-02
7.702092551717895641e-02
7.702071552312933500e-02
7.702016016122381625e-02
7.701986486917254682e-02
7.701946490024254299e-02
7.701909957215673230e-02
7.701858404925970847e-02
7.701802802997012587e-02
7.701762819469101795e-02
7.701718460145831613e-02
7.701688504154793891e-02
7.701669817852625777e-02
7.701637312016032522e-02
7.701584077657099014e-02
7.701546563726274774e-02
7.701501490335613265e-02
7.701463087985999101e-02
7.701428887005618007e-02
7.701381856813188653e-02
7.701337995545527726e-02
7.701303895008480838e-02
7.701255976706272710e-02
7.701215294087893071e-02
7.701187966508556138e-02
7.701142274070488236e-02
7.701108170556156263e-02
7.701069342753960600e-02
7.701027300752751048e-02
7.700989649517532565e-02
7.700952098944596758e-02
7.700924052997905334e-02
7.700894848610692622e-02
7.700853868899659727e-02
7.700811533714332913e-02
7.700779589787902502e-02
7.700746707666292212e-02
7.700697144894429191e-02
7.700659089456796114e-02
7.700619637202374412e-02
7.700577242440551085e-02
7.700545532946344307e-02
7.700508739345593434e-02
7.700464369863123382e-02
7.700416257798982367e-02
7.700397987517874909e-02
7.700379867788985366e-02
7.700339613219646384e-02
7.700292485923257435e-02
7.700255868756490651e-02
7.700224969658611696e-02
7.700183143283641229e-02
7.700150028136112934e-02
7.700104553651418438e-02
7.700059849095403086e-02
7.700013139155086062e-02
7.699970265108117828e-02
7.699915886951022581e-02
7.699889729209261069e-02
7.699842178294404038e-02
7.699793594043577438e-02
7.699738649611079233e-02
7.699685999528867175e-02
7.699650904346279356e-02
7.699612269807558362e-02
7.699562948496133097e-02
7.699523109913328223e-02
7.699488289060528456e-02
7.699459191636584543e-02
7.699416837891046028e-02
7.699387198579667191e-02
7.699346765496589695e-02
7.699311711501610755e-02
7.699270056098289627e-02
7.699230625207584278e-02
7.699188889921247669e-02
7.699159915428811785e-02
7.699125278318820487e-02
7.699080005722526432e-02
7.699045856513304920e-02
7.699014413994027806e-02
7.698969220753004716e-02
7.698910861992958043e-02
7.698884013509914304e-02
7.698843284473244619e-02
7.698816232926722347e-02
7.698779135695542342e-02
7.698741907678346985e-02
7.698686542728336302e-02
7.698657409671781637e-02
7.698618993840970759e-02
7.698588534580506904e-02
7.698555738673860949e-02
7.698515383600812445e-02
7.698486561712784837e-02
7.698441795996259496e-02
7.698383321884842700e-02
7.698346568632477571e-02
7.698305446654502004e-02
7.698272445019346821e-02
7.698246406777585482e-02
7.698209191214068492e-02
7.698177281852108811e-02
7.698143854671476993e-02
7.698112167320200760e-02
7.698092737123012064e-02
7.698059474808802150e-02
7.698024618838367195e-02
7.697977445172907163e-02
7.697931964698297158e-02
7.697894158470616754e-02
7.697840026920763079e-02
7.697787092341905335e-02
7.697748845536650508e-02
7.697700629088835567e-02
7.697673116721012732e-02
7.697642484911225436e-02
7.697606579791867187e-02
7.697559088524881521e-02
7.697531468243816455e-02
7.697489284051414749e-02
7.697440447010461817e-02
7.697393212732307755e-02
7.697346981869454541e-02
7.697303377035376315e-02
7.697270230841962713e-02
7.697230999730529655e-02
7.697193682325138842e-02
7.697149772520550659e-02
7.697106400035766405e-02
7.697062236242979694e-02
7.697006778226964108e-02
7.696976463890846387e-02
7.696936778207856544e-02
7.696898939644021553e-02
7.696874864968604457e-02
7.696826144891813493e-02
7.696782769474630470e-02
7.696731289409260157e-02
7.696707018603209105e-02
7.696688383700130143e-02
7.696631428631153793e-02
7.696594036519417703e-02
7.696550249959006884e-02
7.696505312011514555e-02
7.696466188149472809e-02
7.696413255996224778e-02
7.696387533051361751e-02
7.696362375181363402e-02
7.696312252890410988e-02
7.696274816932011098e-02
7.696249600630060417e-02
7.696217094025886718e-02
7.696167266272227470e-02
7.696135782549665127e-02
7.696096724292923741e-02
7.696044877450713972e-02
7.696010225075781974e-02
7.695972042179968775e-02
7.695937287035481411e-02
7.695905244699088876e-02
7.695868421034905704e-02
7.695820431556203711e-02
7.695785117005447817e-02
7.695737439975364191e-02
7.695692713030936882e-02
7.695658965658069839e-02
7.695607046902333548e-02
7.695572348329801637e-02
7.695529700855097133e-02
7.695487701472501774e-02
7.695438471588415819e-02
7.695404327781259213e-02
7.695383216042683827e-02
7.695328276953394830e-02
7.695291287265809688e-02
7.695262436790067939e-02
7.695229087009727853e-02
7.695178228775581553e-02
7.695122140265198141e-02
7.695066268599577708e-02
7.695031280476709312e-02
7.694994871599702968e-02
7.694967402881097707e-02
7.694939018719741675e-02
7.694908560717383939e-02
7.694875535215370266e-02
7.694829997167702829e-02
