1.032259284787097369e-08
1.032260004100130056e-08
1.032260681602889374e-08
1.032260488813833984e-08
1.032261212260522614e-08
1.032261888591433853e-08
1.032262608261824612e-08
1.032263326696471559e-08
1.032264043860799041e-08
1.032264766525696941e-08
1.032265481163257974e-08
1.032266194515641394e-08
1.032266930955112828e-08
1.032267649874103802e-08
1.032268362642792021e-08
1.032269071998681593e-08
1.032269785983543522e-08
1.032270491353775645e-08
1.032271439613652802e-08
1.032272144668386492e-08
1.032272852264218363e-08
1.032273558611098829e-08
1.032274263392283395e-08
1.032274960294216773e-08
1.032275655975789748e-08
1.032276357376365402e-08
1.032277057574409869e-08
1.032277756550685410e-08
1.032277558766419973e-08
1.032278245096114433e-08
1.032278932127524569e-08
1.032279563428659359e-08
1.032280252224894901e-08
1.032280942152234914e-08
1.032281635246228942e-08
1.032282327441820121e-08
1.032283019673083630e-08
1.032283644235097899e-08
1.032284350607368674e-08
1.032285038450402968e-08
1.032285721358424126e-08
1.032286336872033255e-08
1.032287267988406928e-08
1.032287943474969256e-08
1.032288624601815287e-08
1.032289297754108832e-08
1.032289976540110162e-08
1.032290654156191239e-08
1.032291330585607281e-08
1.032292007099682777e-08
1.032292920315321725e-08
1.032293585151044612e-08
1.032294244483529589e-08
1.032294913266391765e-08
1.032295582711712287e-08
1.032296249446736490e-08
1.032296850197842816e-08
1.032297515550900340e-08
1.032298169379078691e-08
1.032298849732234737e-08
1.032299511547077152e-08
1.032300412233556449e-08
1.032300208312631608e-08
1.032300856355872714e-08
1.032301503470542537e-08
1.032301299413239601e-08
1.032301956642375011e-08
1.032302606936135509e-08
1.032303256148815117e-08
1.032303907230560936e-08
1.032304560923748705e-08
1.032305213515111715e-08
1.032305865003648911e-08
1.032306515390331736e-08
1.032307406573573519e-08
1.032308049968381522e-08
1.032308712937637200e-08
1.032309350835874534e-08
1.032309144569689997e-08
1.032309787808757261e-08
1.032310448363520542e-08
1.032311084109643861e-08
1.032311724826424355e-08
1.032312364739668699e-08
1.032313003564570500e-08
1.032313641344090376e-08
1.032314278063481683e-08
1.032315155348485934e-08
1.032315782015959908e-08
1.032316410301789259e-08
1.032317058740888566e-08
1.032317688699223679e-08
1.032318317612910081e-08
1.032318934451504229e-08
1.032319550328293457e-08
1.032320169863417654e-08
1.032320729895041113e-08
1.032321283493658118e-08
1.032321901023747299e-08
1.032322513976605098e-08
1.032323125973471238e-08
1.032323736046175646e-08
1.032324349804460696e-08
1.032324962564385235e-08
1.032325823120976649e-08
1.032326438857614681e-08
1.032327053583953339e-08
1.032327667306582769e-08
1.032327457662245715e-08
1.032328313361991900e-08
1.032328924697562874e-08
1.032329525075738461e-08
1.032330377735583487e-08
1.032330978483792365e-08
1.032331828218588936e-08
1.032332428229958559e-08
1.032333031001317543e-08
1.032333634032360285e-08
1.032334224005711361e-08
1.032334823904768882e-08
1.032335667132038795e-08
1.032336263746909366e-08
1.032336859413660557e-08
1.032337454132536053e-08
1.032338041709888174e-08
1.032338634542606255e-08
1.032339220258848651e-08
1.032339801376700219e-08
1.032340381646489000e-08
1.032340970852896741e-08
1.032341576295187181e-08
1.032342163439911434e-08
1.032342743527932570e-08
1.032343322701035369e-08
1.032343900963395935e-08
1.032344478400515297e-08
1.032345056073715645e-08
1.032345637711257826e-08
1.032346213558028327e-08
1.032346783619464536e-08
1.032347352828508164e-08
1.032347924858355802e-08
1.032348495678533851e-08
1.032349072003182142e-08
1.032349641380673326e-08
1.032350215916815024e-08
1.032350806750501600e-08
1.032351373245174878e-08
1.032351944914361181e-08
1.032351726962222080e-08
1.032352288334217606e-08
1.032352859331983226e-08
1.032353418811256334e-08
1.032353202093043067e-08
1.032353771643262963e-08
1.032353553876010805e-08
1.032353335623852634e-08
1.032353841554412538e-08
1.032354406720591897e-08
1.032354912161257557e-08
1.032355476137632400e-08
1.032356045237394219e-08
1.032356603800184958e-08
1.032357165276165359e-08
1.032357722169587831e-08
1.032358283103761953e-08
1.032358843400070303e-08
1.032359401114695188e-08
1.032359960761007330e-08
1.032360519321116514e-08
1.032361081974213970e-08
1.032361636566241968e-08
1.032362190302126287e-08
1.032362738591644838e-08
1.032362519914682438e-08
1.032362302262498052e-08
1.032362084881691607e-08
1.032362645229667478e-08
1.032363205475180157e-08
1.032363754555226781e-08
1.032364306954407248e-08
1.032364859010988861e-08
1.032365410963028741e-08
1.032366212031247723e-08
1.032365991953989149e-08
1.032366546015306669e-08
1.032367095394759754e-08
1.032367642686207141e-08
1.032368130002881036e-08
1.032368677576651617e-08
1.032369163433031612e-08
1.032369649252555913e-08
1.032370193891800701e-08
1.032370678458147863e-08
1.032371227914506410e-08
1.032371776619301227e-08
1.032372318547744288e-08
1.032373110355114326e-08
1.032373649244416738e-08
1.032374187318582618e-08
1.032374724585395901e-08
1.032375196361025262e-08
1.032375727561288158e-08
1.032376258634395360e-08
1.032376793131023950e-08
1.032377332847685977e-08
1.032377871753115598e-08
1.032378409850190080e-08
1.032378948355687802e-08
1.032379484797204955e-08
1.032380017025261103e-08
1.032380546152656697e-08
1.032380325816736595e-08
1.032380860196294645e-08
1.032381388766575163e-08
1.032381922273482151e-08
1.032382389715955817e-08
1.032382869118851013e-08
1.032383348390793426e-08
1.032383880093207396e-08
1.032384357855068239e-08
1.032384882683119477e-08
1.032385664037122737e-08
1.032386185955095009e-08
1.032386712783278067e-08
1.032387173469473997e-08
1.032387693562179934e-08
1.032388170454698934e-08
1.032388689038407734e-08
1.032389212563674654e-08
1.032389729666406068e-08
1.032390181309947418e-08
1.032390697705834801e-08
1.032391220277760844e-08
1.032391735181991774e-08
1.032392506576951555e-08
1.032392972258233952e-08
1.032393437481136197e-08
1.032393902340634341e-08
1.032394361466286217e-08
1.032395122478853963e-08
1.032395584770311332e-08
1.032396092941305641e-08
1.032396601559443184e-08
1.032397109421587775e-08
1.032397622067030816e-08
1.032398132709117852e-08
1.032398642621429921e-08
1.032399151782861179e-08
1.032399654646828130e-08
1.032400162325979192e-08
1.032400620978406830e-08
1.032401127490199088e-08
1.032401562615262070e-08
1.032402068206161431e-08
1.032402567621745087e-08
1.032403013116163406e-08
1.032403511450574356e-08
1.032404009117327964e-08
1.032404511568083457e-08
1.032404960114529237e-08
1.032405461490622927e-08
1.032405956697937790e-08
1.032406390922755958e-08
1.032406885200908599e-08
1.032407384297786514e-08
1.032407882346432867e-08
1.032408631231379909e-08
1.032409126857752742e-08
1.032409622912983651e-08
1.032410111576650366e-08
1.032410604933548964e-08
1.032411114701684445e-08
1.032411601039072944e-08
1.032412092089548637e-08
1.032412582450373745e-08
1.032413013587609085e-08
1.032413502942586538e-08
1.032413986243952363e-08
1.032414468865909420e-08
1.032414950798823870e-08
1.032415383921002670e-08
1.032415870353903729e-08
1.032416304079177433e-08
1.032416736179095331e-08
1.032417221268367712e-08
1.032417700484533006e-08
1.032418132199388733e-08
1.032418610318405154e-08
1.032419087815210362e-08
1.032419516607108583e-08
1.032419993125789757e-08
1.032420415592899577e-08
1.032420838121223245e-08
1.032421318518340567e-08
1.032421799810709512e-08
1.032422523683352482e-08
1.032423000678066834e-08
1.032423472113446039e-08
1.032423948089349658e-08
1.032424365969689050e-08
1.032424835712215834e-08
1.032425304817979809e-08
1.032426023332427517e-08
1.032425796968591325e-08
1.032426263743575897e-08
1.032426730644244939e-08
1.032427149929779399e-08
1.032427615831808011e-08
1.032428081089621745e-08
1.032428546968001098e-08
1.032429016164224056e-08
1.032429484728036665e-08
1.032429947390962153e-08
1.032430409406037633e-08
1.032430876026511485e-08
1.032431288262594059e-08
1.032431683295639636e-08
1.032432090459293199e-08
1.032432573002482644e-08
1.032433037656737923e-08
1.032433501671374635e-08
1.032433894219477008e-08
1.032434303583131229e-08
1.032434761462122991e-08
1.032435218720203207e-08
1.032435621748387645e-08
1.032436029632276797e-08
1.032436485857012385e-08
1.032436941512097472e-08
1.032437401769533596e-08
1.032437856151603106e-08
1.032438309907018781e-08
1.032438763035598312e-08
1.032439149741687482e-08
1.032439607292436606e-08
1.032440058821993791e-08
1.032440444149546104e-08
1.032440829309991720e-08
1.032441227981742112e-08
1.032441612792496959e-08
1.032442059220709380e-08
1.032442509320631784e-08
1.032442959013148214e-08
1.032443358985782725e-08
1.032443808224369898e-08
1.032444207360354233e-08
1.032444661703512835e-08
1.032445109117028887e-08
1.032445551507576200e-08
1.032446245665369991e-08
1.032446641773191356e-08
1.032447019601563444e-08
1.032447397307855585e-08
1.032447842495515463e-08
1.032448285860644988e-08
1.032448662293611855e-08
1.032449104674614497e-08
1.032449551871151810e-08
1.032449940161127575e-08
1.032450386205047434e-08
1.032450827056138339e-08
1.032451267217131649e-08
1.032451706748604944e-08
1.032452096268874559e-08
1.032452540000605072e-08
1.032452978138829111e-08
1.032453415677612564e-08
1.032453852948004199e-08
1.032454289297703114e-08
1.032454725055296717e-08
1.032455159966836424e-08
1.032455532676889506e-08
1.032455972276932269e-08
1.032456428159470186e-08
1.032456861352720014e-08
1.032457298918241420e-08
1.032457730925522534e-08
1.032458167324957338e-08
1.032458531718826054e-08
1.032458967460110964e-08
1.032459331191542343e-08
1.032459783232684598e-08
1.032460217748956380e-08
1.032460580168006492e-08
1.032461013939234711e-08
1.032461442515093207e-08
1.032461892156736707e-08
1.032462319157050725e-08
1.032462679014264576e-08
1.032463110408193748e-08
1.032463469628091573e-08
1.032463895428343042e-08
1.032464254001983680e-08
1.032464625976102276e-08
1.032465051183580734e-08
1.032465480676760361e-08
1.032465856019621799e-08
1.032466279846766762e-08
1.032466703128596216e-08
1.032467125850550953e-08
1.032467548014448456e-08
1.032467969610267265e-08
1.032468323814130606e-08
1.032468749377442972e-08
1.032469174767825786e-08
1.032469599582062414e-08
1.032469968620284414e-08
1.032470387830313332e-08
1.032470801872165262e-08
1.032471153101454530e-08
1.032471576129566513e-08
1.032471993971745251e-08
1.032472362200443966e-08
1.032472779366915571e-08
1.032473217580261671e-08
1.032473638203867809e-08
1.032474053574826930e-08
1.032474400948734234e-08
1.032474820462234377e-08
1.032475239590522961e-08
1.032475653255794797e-08
1.032476066342848028e-08
1.032476478974286208e-08
1.032476890952494729e-08
1.032477302410252293e-08
1.032477659771460062e-08
1.032478070518900594e-08
1.032478485579198636e-08
1.032478828198880241e-08
1.032479259201255528e-08
1.032479669535363834e-08
1.032480077969552755e-08
1.032480487115712904e-08
1.032480894455347487e-08
1.032481234177718651e-08
1.032481645774563988e-08
1.032482052109316733e-08
1.032482463909117781e-08
1.032482802081672596e-08
1.032483161523972487e-08
1.032483520807713931e-08
1.032483871947027454e-08
1.032484281532419847e-08
1.032484685878518068e-08
1.032485043824789029e-08
1.032485452168953237e-08
1.032485801462534157e-08
1.032486153488263855e-08
1.032486556405429571e-08
1.032486963552947817e-08
1.032487310018750271e-08
1.032487733387726842e-08
1.032488156099821752e-08
1.032488489113777007e-08
1.032488889541086727e-08
1.032489294206801912e-08
1.032489693638020905e-08
1.032490097340068195e-08
1.032490500426961281e-08
1.032490847526993054e-08
1.032491246492220345e-08
1.032491597686493071e-08
1.032491999442074199e-08
1.032492345206611790e-08
1.032492746366395567e-08
1.032493147017364172e-08
1.032493542587501761e-08
1.032493942174925871e-08
1.032494341281191592e-08
1.032494684009570851e-08
1.032495073412321757e-08
1.032495411030262062e-08
1.032495825884213283e-08
1.032496168876377296e-08
1.032496565732228677e-08
1.032496957800721309e-08
1.032497370904247842e-08
1.032497694243260756e-08
1.032498031115125011e-08
1.032498426553186837e-08
1.032498838440246672e-08
1.032499228074491849e-08
1.032499638760956266e-08
1.032500031808622128e-08
1.032500419722588222e-08
1.032500755956166995e-08
1.032501164846375625e-08
1.032501484046011151e-08
1.032501870682450391e-08
1.032502203010079995e-08
1.032502610778490597e-08
1.032502928802047677e-08
1.032503314416671036e-08
1.032503704165719783e-08
1.032504093435821691e-08
1.032504482194541022e-08
1.032504870460684886e-08
1.032505275173330494e-08
1.032505657675310266e-08
1.032505989986792809e-08
1.032506376123708760e-08
1.032506762122860924e-08
1.032507147651502002e-08
1.032507477632173047e-08
1.032507857966758461e-08
1.032508237733634270e-08
1.032508638739280551e-08
1.032509022168558079e-08
1.032509400473284126e-08
1.032510020587941317e-08
1.032510342829559355e-08
1.032510740281749228e-08
1.032511115662994493e-08
1.032511490467665919e-08
1.032511801428435969e-08
1.032512175843039128e-08
1.032512549826175450e-08
1.032512927880180406e-08
1.032513300952087451e-08
1.032513678042983686e-08
1.032514071795548713e-08
1.032513845663845870e-08
1.032514222036312086e-08
1.032513996092693405e-08
1.032514364106369994e-08
1.032514681161053401e-08
1.032515058203684971e-08
1.032515430356579135e-08
1.032515806492873871e-08
1.032516182157715527e-08
1.032516499043612399e-08
1.032516874180427282e-08
1.032517248904153130e-08
1.032517623164548317e-08
1.032517996947881312e-08
1.032518365803655393e-08
1.032518734193963031e-08
1.032519103350232969e-08
1.032519475271466104e-08
1.032519842304330818e-08
1.032520153536207493e-08
1.032520469634187369e-08
1.032520836089230526e-08
1.032521202251422960e-08
1.032521572282712508e-08
1.032521937437352799e-08
1.032522234588541542e-08
1.032522599368769447e-08
1.032522985325973628e-08
1.032523349306787719e-08
1.032523712144927068e-08
1.032524075064492754e-08
1.032524391262015544e-08
1.032524707326646972e-08
1.032525074049266844e-08
1.032525380525760429e-08
1.032525742397996345e-08
1.032526036302802773e-08
1.032526402277053154e-08
1.032526767867067884e-08
1.032527078643629609e-08
1.032527440554109889e-08
1.032527805184467557e-08
1.032528164698590052e-08
1.032528528445114996e-08
1.032528840905773269e-08
1.032529199839127789e-08
1.032529558265321828e-08
1.032529937715116478e-08
1.032530540543550924e-08
1.032530896155670894e-08
1.032531187575173633e-08
1.032531538216020840e-08
1.032531897536528808e-08
1.032532205578175002e-08
1.032532564370612191e-08
1.032532918431702834e-08
1.032533272061253518e-08
1.032533629609789571e-08
1.032533930878289168e-08
1.032534287975839238e-08
1.032534640047475805e-08
1.032534945457820765e-08
1.032535297011946506e-08
1.032535652906993844e-08
1.032536008373471793e-08
1.032536363411500790e-08
1.032536713700777212e-08
1.032537063591460608e-08
1.032537412656987833e-08
1.032537783136878107e-08
1.032538063873297739e-08
1.032538416772615694e-08
1.032538786361330197e-08
1.032539133619290436e-08
1.032539480895548572e-08
1.032539832019888803e-08
1.032540182845032843e-08
1.032540533151822001e-08
1.032540900135372358e-08
1.032541250631223075e-08
1.032541543968959640e-08
1.032541892799375500e-08
1.032542181528870674e-08
1.032542525731857696e-08
1.032542869605783337e-08
1.032543213066596783e-08
1.032543577462894101e-08
1.032543924167253624e-08
1.032544198504962869e-08
1.032544544919806034e-08
1.032544908118682984e-08
1.032545249009749345e-08
1.032545589563086465e-08
1.032545929660203533e-08
1.032546269902201450e-08
1.032546609244246052e-08
1.032546948739051226e-08
1.032547291741883718e-08
1.032547651438345936e-08
1.032547939065928174e-08
1.032548277233186716e-08
1.032548619150187158e-08
1.032548960694040140e-08
1.032549297182415191e-08
1.032549633793212477e-08
1.032549914771372666e-08
1.032550255205484770e-08
1.032550523354816301e-08
1.032550863678606665e-08
1.032551199387571611e-08
1.032551778410954554e-08
1.032552116290237445e-08
1.032552453692043232e-08
1.032552790708065215e-08
1.032553127330819232e-08
1.032553459397911758e-08
1.032553795253535000e-08
1.032554076473982843e-08
1.032554353792348586e-08
1.032554685259612911e-08
1.032555016299099955e-08
1.032555296785349896e-08
1.032555631701129037e-08
1.032555966196281377e-08
1.032556300305562730e-08
1.032556631111681444e-08
1.032556960278571540e-08
1.032557289093185597e-08
1.032557621674223637e-08
1.032557949749943226e-08
1.032558277447960070e-08
1.032558604803912586e-08
1.032558937102851265e-08
1.032559195897575245e-08
1.032559526752878284e-08
1.032559788995951479e-08
1.032560068691393923e-08
1.032560399399180715e-08
1.032560657725072952e-08
1.032560984179908639e-08
1.032561314431498043e-08
1.032561589719256316e-08
1.032561919698710909e-08
1.032562194293361974e-08
1.032562523828830186e-08
1.032562848953365887e-08
1.032563173675337435e-08
1.032563498052698260e-08
1.032563754081161197e-08
1.032564099541722154e-08
1.032564422635098987e-08
1.032564751310587386e-08
1.032565006198079241e-08
1.032565329431278218e-08
1.032565605096413161e-08
1.032565927900104891e-08
1.032566271592056423e-08
1.032566541341950510e-08
1.032566862732780365e-08
1.032567184447926233e-08
1.032567509875821821e-08
1.032567836163998151e-08
1.032568160831058472e-08
1.032568502266006508e-08
1.032568825977815000e-08
1.032569145290121956e-08
1.032569463944206888e-08
1.032569782537145140e-08
1.032570048721197610e-08
1.032570370763352458e-08
1.032570709966506321e-08
1.032571268743845708e-08
1.032571588559241100e-08
1.032571905215939293e-08
1.032572224306056438e-08
1.032572560229733318e-08
1.032572878099605865e-08
1.032573192037375447e-08
1.032573509528349974e-08
1.032573826682708975e-08
1.032574143499648597e-08
1.032574459965399260e-08
1.032574776087032531e-08
1.032575087860223644e-08
1.032575403303326448e-08
1.032575714407249367e-08
1.032576046369061654e-08
1.032576356283807391e-08
1.032576669849755979e-08
1.032576979448125645e-08
1.032577292754540856e-08
1.032577601011844782e-08
1.032577909663876648e-08
1.032578217992684216e-08
1.032578525671955157e-08
1.032578833377408183e-08
1.032579140738751097e-08
1.032579447075753576e-08
1.032579757819746884e-08
1.032580068233609266e-08
1.032580395528761690e-08
1.032580705079053964e-08
1.032581009650367130e-08
1.032581319832578243e-08
1.032581628449110496e-08
1.032581881010615632e-08
1.032582131540016598e-08
1.032582435766195767e-08
1.032582741286080120e-08
1.032583066382250640e-08
1.032583369817583270e-08
1.032583694106846548e-08
1.032584017898340822e-08
1.032584323902381432e-08
1.032584629577635285e-08
1.032584879380515743e-08
1.032585184833514438e-08
1.032585490017250126e-08
1.032585737189983102e-08
1.032586059409196622e-08
1.032586359991411101e-08
1.032586608574524741e-08
1.032586930129673033e-08
1.032587162330348414e-08
1.032587408713866548e-08
1.032587714070885987e-08
1.032587962274187406e-08
1.032588266224139867e-08
1.032588571126737710e-08
1.032588870569450510e-08
1.032589190917938661e-08
1.032589510757764667e-08
1.032589812760146349e-08
1.032590114447026952e-08
1.032590407342486752e-08
1.032590725903897842e-08
1.032591022971881149e-08
1.032591323154242971e-08
1.032591619293426692e-08
1.032591860001216433e-08
1.032592159911285287e-08
1.032592460699554923e-08
1.032592756080075056e-08
1.032593051159485399e-08
1.032593347155732641e-08
1.032593662849730575e-08
1.032593960668346869e-08
1.032594254334976566e-08
1.032594551543766362e-08
1.032594793123847506e-08
1.032595086008601934e-08
1.032595378161701711e-08
1.032595674730656549e-08
1.032595967172394382e-08
1.032596259313246095e-08
1.032596554999124915e-08
1.032596850394974855e-08
1.032597141682890033e-08
1.032597432745458712e-08
1.032597655780218021e-08
1.032597946722098568e-08
1.032598241248813791e-08
1.032598531672188248e-08
1.032598825615990286e-08
1.032599119271065759e-08
1.032599412631341837e-08
1.032599701913081978e-08
1.032599937194685849e-08
1.032600230073143448e-08
1.032600522710287647e-08
1.032600811253105692e-08
1.032601099505376879e-08
1.032601340757665703e-08
1.032601628786286442e-08
1.032602150840869246e-08
1.032602440837933013e-08
1.032602726858502174e-08
1.032603016288113589e-08
1.032603301660337097e-08
1.032603586977178216e-08
1.032603803902519495e-08
1.032604089060035205e-08
1.032604327144229728e-08
1.032604615833383468e-08
1.032604904292451463e-08
1.032605192464081969e-08
1.032605422866074449e-08
1.032605660253759073e-08
1.032605944585244780e-08
1.032606232542171294e-08
1.032606520130892586e-08
1.032606807432193762e-08
1.032607090699739416e-08
1.032607318686890759e-08
1.032607549931156755e-08
1.032607837075851134e-08
1.032608068229966685e-08
1.032608351112894199e-08
1.032608634069481320e-08
1.032608920524181833e-08
1.032609206688683729e-08
1.032609437134848151e-08
1.032609651441426930e-08
1.032609933999614751e-08
1.032610220098258016e-08
1.032610448155433011e-08
1.032610730417344093e-08
1.032610960237947716e-08
1.032611246064012139e-08
1.032611531652170981e-08
1.032612049874404335e-08
1.032612329875956215e-08
1.032612614534499872e-08
1.032612894067335813e-08
1.032613173197756493e-08
1.032613384049523793e-08
1.032613662304289919e-08
1.032613945001575438e-08
1.032614223735908127e-08
1.032614502215533045e-08
1.032614784099513576e-08
1.032615062026166435e-08
1.032615339676242191e-08
1.032615565116247672e-08
1.032615795378433890e-08
1.032616076717598694e-08
1.032616354118102976e-08
1.032616630312636654e-08
1.032616910950681350e-08
1.032617186659481338e-08
1.032617466807068977e-08
1.032617743011386383e-08
1.032618018919050019e-08
1.032618294573811290e-08
1.032618590975895013e-08
1.032618865911799605e-08
1.032619144234145228e-08
1.032619422281841907e-08
1.032619628345075365e-08
1.032619847072716970e-08
1.032620074322438783e-08
1.032620352700766998e-08
1.032620632096552678e-08
1.032620841307405070e-08
1.032621119457464853e-08
1.032621397393329030e-08
1.032621675055245877e-08
1.032621944166906263e-08
1.032622217693034364e-08
1.032622721946541989e-08
1.032622993890579304e-08
1.032623214352907493e-08
1.032623506865072146e-08
1.032623779227379624e-08
1.032624049741632933e-08
1.032624319352833647e-08
1.032624534105663794e-08
1.032624808323135058e-08
1.032625078703798699e-08
1.032625348768061288e-08
1.032625617616854429e-08
1.032625887281549078e-08
1.032626156922691579e-08
1.032626430695827888e-08
1.032626699576745084e-08
1.032626920804870632e-08
1.032627135280003178e-08
1.032627409009922773e-08
1.032627184670064033e-08
1.032626960091439774e-08
1.032627229147441658e-08
1.032627448678132371e-08
1.032627718083181808e-08
1.032627992010477121e-08
1.032628283015033804e-08
1.032628573563863435e-08
1.032629072718186396e-08
1.032629343899518188e-08
1.032629610178615695e-08
1.032629877405483182e-08
1.032630096927405780e-08
1.032630363903502711e-08
1.032630630639950198e-08
1.032630829003234950e-08
1.032631095781795361e-08
1.032631362409326323e-08
1.032631628766849816e-08
1.032631894860550175e-08
1.032632160827665595e-08
1.032632425369583230e-08
1.032632690821098115e-08
1.032632976946182870e-08
1.032633240614271539e-08
1.032633451094072426e-08
1.032633715793576737e-08
1.032633983536404583e-08
1.032634251375207714e-08
1.032634515396394971e-08
1.032634779220519516e-08
1.032635047520241416e-08
1.032635331721349561e-08
1.032635598086172924e-08
1.032635860626123226e-08
1.032636126504101001e-08
1.032636388563291284e-08
1.032636649297865139e-08
1.032636842839119370e-08
1.032637036683519579e-08
1.032637302629769533e-08
1.032637564731908853e-08
1.032637826598645806e-08
1.032638091781625273e-08
1.032638297425043393e-08
1.032638579891788383e-08
1.032638841151533419e-08
1.032639101730819334e-08
1.032639362393311017e-08
1.032639622832525972e-08
1.032639886585503059e-08
1.032640099102050089e-08
1.032640359154659355e-08
1.032640563312667063e-08
1.032640828109605971e-08
1.032641091490865130e-08
1.032641282834257625e-08
1.032641546343864940e-08
1.032641806041661204e-08
1.032642064384144202e-08
1.032642276064290534e-08
1.032642535438851084e-08
1.032642794629293141e-08
1.032643002465126509e-08
1.032643193179376845e-08
1.032643401377303563e-08
1.032643664552518318e-08
1.032643927526854247e-08
1.032644186826630225e-08
1.032644449283113205e-08
1.032644707986537456e-08
1.032644969950837550e-08
1.032645159718546765e-08
1.032645439109441823e-08
1.032645718143843708e-08
1.032645975513090317e-08
1.032646180272012811e-08
1.032646458886763803e-08
1.032646719586863914e-08
1.032646908158523731e-08
1.032647169033548553e-08
1.032647426116105115e-08
1.032647630224825763e-08
1.032648114044728614e-08
1.032648369615364948e-08
1.032648628449493166e-08
1.032648887049047190e-08
1.032649162811731708e-08
1.032649417224520491e-08
1.032649671105440908e-08
1.032649928541916786e-08
1.032650182269035873e-08
1.032650435774598768e-08
1.032650689046084770e-08
1.032651173116004615e-08
1.032651428128053161e-08
1.032651679145895676e-08
1.032651933734546532e-08
1.032652180240112353e-08
1.032652430448964122e-08
1.032652681179590337e-08
1.032652934737558599e-08
1.032653184824374758e-08
1.032653455583563526e-08
1.032653636806088387e-08
1.032653891226191763e-08
1.032654136181968201e-08
1.032654317301115172e-08
1.032654565835345416e-08
1.032654836339148457e-08
1.032655085663785014e-08
1.032655334635809696e-08
1.032655583415171275e-08
1.032655831973838254e-08
1.032656012009716609e-08
1.032656264089929849e-08
1.032656512598622381e-08
1.032656781734402030e-08
1.032657033032030115e-08
1.032657285403899795e-08
1.032657553674856985e-08
1.032657800315649796e-08
1.032658067970087935e-08
1.032658260323921584e-08
1.032658510341588918e-08
1.032658777573179937e-08
1.032659026912178666e-08
1.032659276012277211e-08
1.032659453337714324e-08
1.032659648476874372e-08
1.032659894475047440e-08
1.032660161232984583e-08
1.032660427566403041e-08
1.032660693499342171e-08
1.032660941489521499e-08
1.032661184634962378e-08
1.032661449816986782e-08
1.032661698236156864e-08
1.032661946423540848e-08
1.032662121723752624e-08
1.032662365379619527e-08
1.032662612397604547e-08
1.032662855709918692e-08
1.032663102214336883e-08
1.032663345121814443e-08
1.032663587515757765e-08
1.032663830005009499e-08
1.032664075701961273e-08
1.032664313214167184e-08
1.032664555156300981e-08
1.032664795703478386e-08
1.032665040679186072e-08
1.032665282105572923e-08
1.032665455242536501e-08
1.032665696775087517e-08
1.032665939413871833e-08
1.032666180597002402e-08
1.032666421616019510e-08
1.032666665782759281e-08
1.032666909750887527e-08
1.032667151346036759e-08
1.032667394568163567e-08
1.032667634519776555e-08
1.032667412027175739e-08
1.032667652273527904e-08
1.032667824666628141e-08
1.032668065496112032e-08
1.032668306192181450e-08
1.032668550059725361e-08
1.032668790352236520e-08
1.032669051359297566e-08
1.032669291062401841e-08
1.032669551542089255e-08
1.032669790610218425e-08
1.032670032849320484e-08
1.032670274886256128e-08
1.032670516725887523e-08
1.032670754998298391e-08
1.032670996432101578e-08
1.032671237759497243e-08
1.032671410067632631e-08
1.032671651411840080e-08
1.032671889293834768e-08
1.032672147901850850e-08
1.032672402685353694e-08
1.032672634992243532e-08
1.032672870445825862e-08
1.032673059810935521e-08
1.032673299921035653e-08
1.032673539886334841e-08
1.032673712376260043e-08
1.032673952423099883e-08
1.032674413239197084e-08
1.032674649586078724e-08
1.032674887862001635e-08
1.032675125952430287e-08
1.032675363523468261e-08
1.032675601228218989e-08
1.032675838736632112e-08
1.032676093660411553e-08
1.032676328447116242e-08
1.032676565158262084e-08
1.032676801683036194e-08
1.032676579239605475e-08
1.032676813919583681e-08
1.032677050975301038e-08
1.032677287928817749e-08
1.032677524580121210e-08
1.032677757749387535e-08
1.032677993726283198e-08
1.032678159823593010e-08
1.032678393035692566e-08
1.032678621473521852e-08
1.032678854362906156e-08
1.032679087072725597e-08
1.032679318298285399e-08
1.032679550706189211e-08
1.032679782936182685e-08
1.032680018282087110e-08
1.032680250148599391e-08
1.032680485124533390e-08
1.032680719585969982e-08
1.032680952113748973e-08
1.032681183227904256e-08
1.032681345865763925e-08
1.032681577148160134e-08
1.032681811265154914e-08
1.032681974224195249e-08
1.032682223066048172e-08
1.032682457372490804e-08
1.032682622964501953e-08
1.032682854107654714e-08
1.032683088417236662e-08
1.032683314720277396e-08
1.032683548730068410e-08
1.032683779289411819e-08
1.032684009665077952e-08
1.032684239875242120e-08
1.032684469868696548e-08
1.032684720566037346e-08
1.032684902638302517e-08
1.032685132230727210e-08
1.032685361689570837e-08
1.032685522897883736e-08
1.032685752520768198e-08
1.032685985269263296e-08
1.032686210034629368e-08
1.032686460084218925e-08
1.032686688909349394e-08
1.032686850772527783e-08
1.032687100610495258e-08
1.032687332516542801e-08
1.032687564245846994e-08
1.032687793731910985e-08
1.032688020465906531e-08
1.032688251360495985e-08
1.032688474589993627e-08
1.032688636928627823e-08
1.032688868207236538e-08
1.032689099446002940e-08
1.032689322590445075e-08
1.032689551386097804e-08
1.032689726295139012e-08
1.032689953912118098e-08
1.032690184655409104e-08
1.032690432790323698e-08
1.032690595631881224e-08
1.032690821502692129e-08
1.032691051611242783e-08
1.032691278619067041e-08
1.032691508688628868e-08
1.032691736556935534e-08
1.032691980464610608e-08
1.032692209448683004e-08
1.032692435024081243e-08
1.032692656157105174e-08
1.032692902555542503e-08
1.032693123214324268e-08
1.032693348303941335e-08
1.032693573251660697e-08
1.032693818845699291e-08
1.032693976502757572e-08
1.032694222046852324e-08
1.032694467296013679e-08
1.032694627351065081e-08
1.032694851384743579e-08
1.032695093183059454e-08
1.032695317044279728e-08
1.032695543955446443e-08
1.032695771908046287e-08
1.032695998442663512e-08
1.032696224780330191e-08
1.032696447750782494e-08
1.032696673762193423e-08
1.032696915211893532e-08
1.032697140651216589e-08
1.032697583909492743e-08
1.032697805479525622e-08
1.032698029127499230e-08
1.032698252649656352e-08
1.032698472815752304e-08
1.032698696013073117e-08
1.032698915859050999e-08
1.032698694828380081e-08
1.032698914963456098e-08
1.032699138591135657e-08
1.032699358869964084e-08
1.032699578974790107e-08
1.032699798902502698e-08
1.032700021885933795e-08
1.032700236969198609e-08
1.032700459765496305e-08
1.032700674580235131e-08
1.032700893850064842e-08
1.032701116160361999e-08
1.032701330558741449e-08
1.032701552600688477e-08
1.032701791910109540e-08
1.032702030868702129e-08
1.032702252024305444e-08
1.032702472997018960e-08
1.032702690667048445e-08
1.032702911305887878e-08
1.032703128670097274e-08
1.032703350225940862e-08
1.032703562688025494e-08
1.032703779605553224e-08
1.032703996061712034e-08
1.032704208127780473e-08
1.032704424661448257e-08
1.032704645440558827e-08
1.032704861680429263e-08
1.032705080892045807e-08
1.032705229115838941e-08
1.032705448560571525e-08
1.032705664771311969e-08
1.032705876229344920e-08
1.032706095329679864e-08
1.032706311134456276e-08
1.032706529938420347e-08
1.032706767470869519e-08
1.032706985727137454e-08
1.032707203828651643e-08
1.032707421769186890e-08
1.032707639561384830e-08
1.032707867016799991e-08
1.032708084339423214e-08
1.032708301619276732e-08
1.032708515533775210e-08
1.032708746895650406e-08
1.032708960291051360e-08
1.032709189742621258e-08
1.032709420366199046e-08
1.032709636115097256e-08
1.032709781101583735e-08
1.032709997078271770e-08
1.032710209857058381e-08
1.032710425592217452e-08
1.032710638084273484e-08
1.032710850393153678e-08
1.032711062584301586e-08
1.032711277845207076e-08
1.032711424870201758e-08
1.032711637146696177e-08
1.032711866763782268e-08
1.032712078301846267e-08
1.032712303037887132e-08
1.032712532158875787e-08
1.032712743271016713e-08
1.032712957316549368e-08
1.032713171240126484e-08
1.032713404097176795e-08
1.032713614405538710e-08
1.032713819990439758e-08
1.032714030059826051e-08
1.032714243113753779e-08
1.032714452937100989e-08
1.032714665708388876e-08
1.032714892961387482e-08
1.032715103383406992e-08
1.032715312402427927e-08
1.032715524396149330e-08
1.032715736346816478e-08
1.032715946203165382e-08
1.032716167762400245e-08
1.032716376864593034e-08
1.032716587998185566e-08
1.032716799008027742e-08
1.032717009884183966e-08
1.032717217534785126e-08
1.032717428139843657e-08
1.032717631184101143e-08
1.032717841380985747e-08
1.032718048587463709e-08
1.032718258716829530e-08
1.032718486532199780e-08
1.032718696200485201e-08
1.032718898105607616e-08
1.032719104484982225e-08
1.032719310755487622e-08
1.032719515069027289e-08
1.032719721134358311e-08
1.032719930173835423e-08
1.032720131438544682e-08
1.032720341478191681e-08
1.032720563309818609e-08
1.032720771722186442e-08
1.032720977841790273e-08
1.032721182928774418e-08
1.032721390931997875e-08
1.032721598500950186e-08
1.032721803220016637e-08
1.032722007804933418e-08
1.032722212263470732e-08
1.032722416601015677e-08
1.032722623854348954e-08
1.032722827921732078e-08
1.032723031916118168e-08
1.032723238801838649e-08
1.032723461540408404e-08
1.032723685458745334e-08
1.032723906286734834e-08
1.032724109015842794e-08
1.032724247219397626e-08
1.032724453255946568e-08
1.032724659238106565e-08
1.032724862044051828e-08
1.032725086926820141e-08
1.032725288952296674e-08
1.032725491168171489e-08
1.032725269723578895e-08
1.032725475373061243e-08
1.032725681320330265e-08
1.032725882238421234e-08
1.032726087990267347e-08
1.032726309703214040e-08
1.032726514990886926e-08
1.032726715580496698e-08
1.032726913056855898e-08
1.032727118106906429e-08
1.032727323043579945e-08
1.032727543906742819e-08
1.032727766020887825e-08
1.032727987826139934e-08
1.032728189510259542e-08
1.032728406469766522e-08
1.032728606884982799e-08
1.032728826329522981e-08
1.032729248387047704e-08
1.032729450022701641e-08
1.032729648536492567e-08
1.032729849951677064e-08
1.032730051236341724e-08
1.032730249401249539e-08
1.032730450470272019e-08
1.032730648424934511e-08
1.032730846301499408e-08
1.032731047084456030e-08
1.032731244727904060e-08
1.032731445300037491e-08
1.032731642765966439e-08
1.032731843109430918e-08
1.032732043361826286e-08
1.032732253762493948e-08
1.032732453663620782e-08
1.032732668355164125e-08
1.032732864842247076e-08
1.032733061220296703e-08
1.032733274851099362e-08
1.032733484170629721e-08
1.032733693264592062e-08
1.032733891473761651e-08
1.032734091122787823e-08
1.032734222585104882e-08
1.032734636654821550e-08
1.032734852119724833e-08
1.032735046314831424e-08
1.032735244591516652e-08
1.032735452899297422e-08
1.032735642086047088e-08
1.032735838714251022e-08
1.032736027780774122e-08
1.032736219401859255e-08
1.032736435232046655e-08
1.032736631517162375e-08
1.032736828827909924e-08
1.032737024804479666e-08
1.032737220689280832e-08
1.032737416567503100e-08
1.032737612255875671e-08
1.032737807846202029e-08
1.032738000402435524e-08
1.032738197010853794e-08
1.032738389346625292e-08
1.032738517800483155e-08
1.032738710461260865e-08
1.032738903114509411e-08
1.032739095661078459e-08
1.032739291062561798e-08
1.032739487607833265e-08
1.032739679849930034e-08
1.032739872101624248e-08
1.032740068339293715e-08
1.032740263235189871e-08
1.032740472407642884e-08
1.032740664008347611e-08
1.032740858468548382e-08
1.032741066223024401e-08
1.032741257381950160e-08
1.032741465796217531e-08
1.032741660804058024e-08
1.032741847090592687e-08
1.032742040727995579e-08
1.032742234295631577e-08
1.032742424827526804e-08
1.032742615269075711e-08
1.032742805322057186e-08
1.032742998532641003e-08
1.032743124982832669e-08
1.032743536279440891e-08
1.032743728688383794e-08
1.032743913412431355e-08
1.032744105607265670e-08
1.032744297813389512e-08
1.032744489843467647e-08
1.032744681782383364e-08
1.032745091441223439e-08
1.032745279046298557e-08
1.032745470733964450e-08
1.032745658194997148e-08
1.032745862807651776e-08
1.032746052822977343e-08
1.032746242760476463e-08
1.032746429411852701e-08
1.032746550129737812e-08
1.032746740366135503e-08
1.032746930563711293e-08
1.032747120697995192e-08
1.032747241596699338e-08
1.032747432080399714e-08
1.032747636780800173e-08
1.032747841353406852e-08
1.032748028380908731e-08
1.032748215357365791e-08
1.032748405156482393e-08
1.032748587423398051e-08
1.032748777117596552e-08
1.032748963834986104e-08
1.032749153383867005e-08
1.032749342816598347e-08
1.032749463060111093e-08
1.032749645602354976e-08
1.032749832334203976e-08
1.032750017201228547e-08
1.032750206941868112e-08
1.032750393718541864e-08
1.032750583306401335e-08
1.032750769915278025e-08
1.032750956447330481e-08
1.032751145852896385e-08
1.032751335102796989e-08
1.032751524261701605e-08
1.032751713308160777e-08
1.032751899413123008e-08
1.032752087973725571e-08
1.032752207593014409e-08
1.032752416078230384e-08
1.032752602173513940e-08
1.032752809024862752e-08
1.032752994724143185e-08
1.032753180335522940e-08
1.032753368790047695e-08
1.032753555159515652e-08
1.032753740525080986e-08
1.032753923791310729e-08
1.032754128256300383e-08
1.032754532404837103e-08
1.032754716108711068e-08
1.032754902611187682e-08
1.032755089031707405e-08
1.032755267939620439e-08
1.032755451385443501e-08
1.032755637646117520e-08
1.032755819247722381e-08
1.032756003426157970e-08
1.032756187830073068e-08
1.032756373818415406e-08
1.032756557753059528e-08
1.032756758570052482e-08
1.032756941231028546e-08
1.032757126663284490e-08
1.032757312044025776e-08
1.032757507741735562e-08
1.032757689957822295e-08
1.032757874971644790e-08
1.032758061125106772e-08
1.032758245958756756e-08
1.032758427874517866e-08
1.032758627606758572e-08
1.032758804603682063e-08
1.032758988986801840e-08
1.032759165899696023e-08
1.032759347355777315e-08
1.032759531611499532e-08
1.032759646895951347e-08
1.032759828666535642e-08
1.032760028321327263e-08
1.032760209883379325e-08
1.032760394147120231e-08
1.032760576702747730e-08
1.032760757920820374e-08
1.032760941941592857e-08
1.032761123035533980e-08
1.032761306903422310e-08
1.032761487848162881e-08
1.032761664179868550e-08
1.032761865589806571e-08
1.032762066765540643e-08
1.032762249914799272e-08
1.032762432676515016e-08
1.032762612952166561e-08
1.032762813629341838e-08
1.032762993534578927e-08
1.032763171553744957e-08
1.032763351288181987e-08
1.032763547171784403e-08
1.032763729484182090e-08
1.032763908563318533e-08
1.032764108759139876e-08
1.032764290650893061e-08
1.032764472472296850e-08
1.032764651397150047e-08
1.032764834295347118e-08
1.032765013123389742e-08
1.032765194742801651e-08
1.032765376199045567e-08
1.032765557585250942e-08
1.032765735759768771e-08
1.032765914186435072e-08
1.032766092563006489e-08
1.032766270870073228e-08
1.032766451943268496e-08
1.032766632943520662e-08
1.032766827265431062e-08
1.032767005169326662e-08
1.032767185824119583e-08
1.032767385743309395e-08
1.032767563184923528e-08
1.032767736033849583e-08
1.032767913132126356e-08
1.032768090166241210e-08
1.032768267478834689e-08
1.032768447521247440e-08
1.032768624388726264e-08
1.032768804330855938e-08
1.032768981373521359e-08
1.032769158371108579e-08
1.032769335312032769e-08
1.032769531441708182e-08
1.032769710840863930e-08
1.032769890155449889e-08
1.032770079975878138e-08
1.032770259044838936e-08
1.032770457342362663e-08
1.032770628668069865e-08
1.032770800001569605e-08
1.032770978712879509e-08
1.032771154592732805e-08
1.032771330400199526e-08
1.032771508931515425e-08
1.032771619022994356e-08
1.032771817235137659e-08
1.032771993136176705e-08
1.032772168671231509e-08
1.032772344456941561e-08
1.032772520183307358e-08
1.032772695859425077e-08
1.032772866917185483e-08
1.032773042544637023e-08
1.032773238958564451e-08
1.032773414260667162e-08
1.032773592293103486e-08
1.032773769922355765e-08
1.032773947930762657e-08
1.032774123090292352e-08
1.032774300865419091e-08
1.032774495118491852e-08
1.032774672558030589e-08
1.032774849928201133e-08
1.032775024474438774e-08
1.032775198938802242e-08
1.032775376095553075e-08
1.032775553212633483e-08
1.032775727520927326e-08
1.032775897190132394e-08
1.032776074211647633e-08
1.032776267727353728e-08
1.032776444387921759e-08
1.032776613679585548e-08
1.032776787213129953e-08
1.032776963779571447e-08
1.032777132976035681e-08
1.032777306719349119e-08
1.032777483205984393e-08
1.032777676173810884e-08
1.032777868783494309e-08
1.032778044608525714e-08
1.032778217301605151e-08
1.032778393048652614e-08
1.032778561408401821e-08
1.032778734335259705e-08
1.032778909962076301e-08
1.032779082802488516e-08
1.032779258325244468e-08
1.032779433812953439e-08
1.032779619849714463e-08
1.032779795078102478e-08
1.032779989583611405e-08
1.032780161694501109e-08
1.032780354648283563e-08
1.032780529300085662e-08
1.032780719122576072e-08
1.032780890604229980e-08
1.032781064774791138e-08
1.032781238908444985e-08
1.032781426531424427e-08
1.032781597656304914e-08
1.032781783112345940e-08
1.032781956746925990e-08
1.032782127663173495e-08
1.032782301177837833e-08
1.032782471925546626e-08
1.032782642593959735e-08
1.032782815991718471e-08
1.032782989338170172e-08
1.032783162635203457e-08
1.032783335876538204e-08
1.032783501760982680e-08
1.032783674956740271e-08
1.032783848127515685e-08
1.032784031937952020e-08
1.032784202128689997e-08
1.032784372213673099e-08
1.032784542268530117e-08
1.032784715056653764e-08
1.032784885044713962e-08
1.032785054992259351e-08
1.032785227645186117e-08
1.032785400219437585e-08
1.032785572778872924e-08
1.032785745275700948e-08
1.032785914990627101e-08
1.032786103922350863e-08
1.032786286777742661e-08
1.032786458706138123e-08
1.032786630591859835e-08
1.032786795129630286e-08
1.032786964310687123e-08
1.032787136115824568e-08
1.032787305225236149e-08
1.032787474200991556e-08
1.032787645551826354e-08
1.032787817198884125e-08
1.032787986162948822e-08
1.032788092214002841e-08
1.032788279573884253e-08
1.032788448639285028e-08
1.032788635776870916e-08
1.032788805751722198e-08
1.032788977168158209e-08
1.032789159308147303e-08
1.032789327774503216e-08
1.032789496200664107e-08
1.032789667318852704e-08
1.032789831100497522e-08
1.032790002179050602e-08
1.032790170173799084e-08
1.032790341190146196e-08
1.032790509427710239e-08
1.032790680320493111e-08
1.032790850865720829e-08
1.032791021698276349e-08
1.032791185192257529e-08
1.032791288270081808e-08
1.032791456818666753e-08
1.032791628093960606e-08
1.032791796600606336e-08
1.032791984360360919e-08
1.032792152537945268e-08
1.032792320673472611e-08
1.032792491487303741e-08
1.032792663471476985e-08
1.032792835372736292e-08
1.032793021136212724e-08
1.032793188777990169e-08
1.032793291437339309e-08
1.032793459527588937e-08
1.032793627584344036e-08
1.032793798344729703e-08
1.032793969058055906e-08
1.032794139715652471e-08
1.032794310317521050e-08
1.032794478149709351e-08
1.032794648662150111e-08
1.032794832648742002e-08
1.032795002900068478e-08
1.032795173114623632e-08
1.032795359960393931e-08
1.032795527130219507e-08
1.032795707730228422e-08
1.032795877376526708e-08
1.032796064931253989e-08
1.032796234268794372e-08
1.032796338263518416e-08
1.032796527512765051e-08
1.032796697011815758e-08
1.032796878308982916e-08
1.032797047548930712e-08
1.032797216773657226e-08
1.032797385949576775e-08
1.032797555076513500e-08
1.032797742399970677e-08
1.032797923072560058e-08
1.032798091686794855e-08
1.032798255680784050e-08
1.032798421554528284e-08
1.032798587398608828e-08
1.032798748660645619e-08
1.032798917180721619e-08
1.032799085682286971e-08
1.032799254134816726e-08
1.032799422539310283e-08
1.032799608886194719e-08
1.032799774291048645e-08
1.032799939631412261e-08
1.032800105043546534e-08
1.032800270338432421e-08
1.032800451888795925e-08
1.032800619625183808e-08
1.032800784647581512e-08
1.032800945154209174e-08
1.032801129619367236e-08
1.032801294049808521e-08
1.032801454271124550e-08
1.032801621684502539e-08
1.032801789070026875e-08
1.032801956413048356e-08
1.032802137304365302e-08
1.032802297250634016e-08
1.032802479611013969e-08
1.032802647712883830e-08
1.032802814536895964e-08
1.032802981403358014e-08
1.032803148142896478e-08
1.032803330108240117e-08
1.032803491971719931e-08
1.032803673700913100e-08
1.032803839913484078e-08
1.032804025678530003e-08
1.032804188918223124e-08
1.032804354880912930e-08
1.032804534381718918e-08
1.032804697364456157e-08
1.032804876653515819e-08
1.032805042093827338e-08
1.032805207492505864e-08
1.032805372855828870e-08
1.032805535511535291e-08
1.032805718864455217e-08
1.032805879323223202e-08
1.032806037149899003e-08
1.032806199580126411e-08
1.032806361994513973e-08
1.032806543841218074e-08
1.032806705661993862e-08
1.032806867736734281e-08
1.032807032564279666e-08
1.032807194576061384e-08
1.032807359239485864e-08
1.032807521214355143e-08
1.032807683132149787e-08
1.032807845042715037e-08
1.032808029219080855e-08
1.032808190504474580e-08
1.032808354749752642e-08
1.032808537052354195e-08
1.032808698378769295e-08
1.032808862301569838e-08
1.032809026211209772e-08
1.032809187416537045e-08
1.032809344022718110e-08
1.032809505248464336e-08
1.032809670319466181e-08
1.032809829219282930e-08
1.032809990064713680e-08
1.032810153881840080e-08
1.032810314993498909e-08
1.032810471521378726e-08
1.032810652199222028e-08
1.032810815730052946e-08
1.032810979225835229e-08
1.032811162323002821e-08
1.032811258710921012e-08
1.032811440448257443e-08
1.032811605137319228e-08
1.032811783501117653e-08
1.032811946722729929e-08
1.032812109902455268e-08
1.032812270399345360e-08
1.032812433488299869e-08
1.032812593931998608e-08
1.032812755546548840e-08
1.032812537298613756e-08
1.032812700917719404e-08
1.032812862114529860e-08
1.032813025956941186e-08
1.032813208127321723e-08
1.032813369126584244e-08
1.032813530005929233e-08
1.032813690538849161e-08
1.032813853991647169e-08
1.032814035810664212e-08
1.032814198997693556e-08
1.032814359500689730e-08
1.032814519979804703e-08
1.032814680428454118e-08
1.032814840874202114e-08
1.032815001238374882e-08
1.032815175296174944e-08
1.032815338111420516e-08
1.032815500898061191e-08
1.032815661032098747e-08
1.032815823775085957e-08
1.032815986491476664e-08
1.032816141982978417e-08
1.032816302049603234e-08
1.032816464829576833e-08
1.032816624843007485e-08
1.032816785708145316e-08
1.032816948359086350e-08
1.032817126589234721e-08
1.032817286255659632e-08
1.032817449747361764e-08
1.032817612057030245e-08
1.032817772820096801e-08
1.032817933536729904e-08
1.032818028998502436e-08
1.032818202602969141e-08
1.032818377012936551e-08
1.032818539266426399e-08
1.032818702706546375e-08
1.032818861898492215e-08
1.032819016867612205e-08
1.032819176397779624e-08
1.032819338558191305e-08
1.032819493499644420e-08
1.032819655642156740e-08
1.032819815145377261e-08
1.032819974586893748e-08
1.032820136670769385e-08
1.032819919761799169e-08
1.032820100678072485e-08
1.032820261936281249e-08
1.032820421922287555e-08
1.032820577320859867e-08
1.032820737295403104e-08
1.032820899893450901e-08
1.032821055262995129e-08
1.032821219063384357e-08
1.032821393607236408e-08
1.032821553003022712e-08
1.032821708214919220e-08
1.032821867925720054e-08
1.032822027296799631e-08
1.032822200590772843e-08
1.032822378379281710e-08
1.032822555619907995e-08
1.032822717262739035e-08
1.032822878870492488e-08
1.032823037815811616e-08
1.032823199353434215e-08
1.032823360869277481e-08
1.032823515151526709e-08
1.032823692006738278e-08
1.032823850656686098e-08
1.032824004711276693e-08
1.032824163357928363e-08
1.032824324623012488e-08
1.032824478651323885e-08
1.032824655577775889e-08
1.032824752335533645e-08
1.032824911194186413e-08
1.032825072705523033e-08
1.032825249862492571e-08
1.032825411098056274e-08
1.032825572291479260e-08
1.032825733449734166e-08
1.032825905605992080e-08
1.032826059360288815e-08
1.032826221538308855e-08
1.032826379534332846e-08
1.032826557416589401e-08
1.032826718055168087e-08
1.032826878652461031e-08
1.032827039227312234e-08
1.032827197162604294e-08
1.032827368701377671e-08
1.032827540092449512e-08
1.032827697644320859e-08
1.032827857773991562e-08
1.032827951567600533e-08
1.032828131807304132e-08
1.032828292164762344e-08
1.032828449873007884e-08
1.032828610141728145e-08
1.032828767801140913e-08
1.032828923433870520e-08
1.032829081073369246e-08
1.032829259460917514e-08
1.032829416869013952e-08
1.032829574206984830e-08
1.032829731215899786e-08
1.032829891130191352e-08
1.032830051011008243e-08
1.032830210862951071e-08
1.032830381742082319e-08
1.032830538784236039e-08
1.032830695822534767e-08
1.032830852811452466e-08
1.032831009751628548e-08
1.032831169373501842e-08
1.032831326270854948e-08
1.032831483145017385e-08
1.032831643790840188e-08
1.032831800587702927e-08
1.032831959948674357e-08
1.032832119365902836e-08
1.032832276060305194e-08
1.032832435327971643e-08
1.032832612956275974e-08
1.032832769350174700e-08
1.032832928306645050e-08
1.032833105393672001e-08
1.032833262686104270e-08
1.032833421320726087e-08
1.032833577332308551e-08
1.032833735906828087e-08
1.032833891869110422e-08
1.032834047800723215e-08
1.032834203706727820e-08
1.032834359269496973e-08
1.032834515137807454e-08
1.032834670681557409e-08
1.032834829072741461e-08
1.032835004439407935e-08
1.032835159967182220e-08
1.032835335051829735e-08
1.032835492882294189e-08
1.032835650684573456e-08
1.032835822272798337e-08
1.032835998335390554e-08
1.032836167851860693e-08
1.032836325015103563e-08
1.032836479590426521e-08
1.032836647901941172e-08
1.032836802277307115e-08
1.032836958878508883e-08
1.032837115767814680e-08
1.032837272656731703e-08
1.032837426942685211e-08
1.032837581209697772e-08
1.032837735469771115e-08
1.032837889707207833e-08
1.032837980550465226e-08
1.032838139013706967e-08
1.032838296282136440e-08
1.032838464703607217e-08
1.032838632963268562e-08
1.032838801054889159e-08
1.032838974862529620e-08
1.032839131324141516e-08
1.032839285200428201e-08
1.032839439049475002e-08
1.032839592903014220e-08
1.032839749357650502e-08
1.032839905713612409e-08
1.032840062048006740e-08
1.032840215478189792e-08
1.032840369207950696e-08
1.032840525469127465e-08
1.032840679128734354e-08
1.032840832471461089e-08
1.032840989900976707e-08
1.032841143480489187e-08
1.032841297075373329e-08
1.032841453188913083e-08
1.032841606751377535e-08
1.032841760251283310e-08
1.032841909277627588e-08
1.032842062829621091e-08
1.032842216335494644e-08
1.032842372403260539e-08
1.032842525875042504e-08
1.032842681877916907e-08
1.032842839090597384e-08
1.032842995123507874e-08
1.032843151043573226e-08
1.032843302342648183e-08
1.032843459464577352e-08
1.032843615343083496e-08
1.032843768328104412e-08
1.032843921600325911e-08
1.032844077401817900e-08
1.032844230624463818e-08
1.032844381791691976e-08
1.032844537579043478e-08
1.032844693352561377e-08
1.032844849097704003e-08
1.032845002257830287e-08
1.032845157954047330e-08
1.032845330645947042e-08
1.032845501631635697e-08
1.032845670621718699e-08
1.032845825615516962e-08
1.032845973442138332e-08
1.032846148181861955e-08
1.032846302936417581e-08
1.032846453069460532e-08
1.032846604957259122e-08
1.032846775573081742e-08
1.032846945975662990e-08
1.032847097407841234e-08
1.032847251658488854e-08
1.032847405907999597e-08
1.032847561344268019e-08
1.032847712987481048e-08
1.032847883053218634e-08
1.032848036979805180e-08
1.032848192099771812e-08
1.032848343396075053e-08
1.032848497241593597e-08
1.032848651062821321e-08
1.032848806071277390e-08
1.032848973699909116e-08
1.032849124749743636e-08
1.032849278315036549e-08
1.032849445739650960e-08
1.032849612989695685e-08
1.032849761619207343e-08
1.032849912312862027e-08
1.032850063031280018e-08
1.032850216215327042e-08
1.032850385346986638e-08
1.032850531216996641e-08
1.032850684231557335e-08
1.032850830131075517e-08
1.032850976059112571e-08
1.032851126622708324e-08
1.032851276864613702e-08
1.032851429958023403e-08
1.032851583034688817e-08
1.032851733563624710e-08
1.032851903747992900e-08
1.032852053993096325e-08
1.032852206748248215e-08
1.032852360695892629e-08
1.032852530593154204e-08
1.032852680185293991e-08
1.032852843889646391e-08
1.032852993631157957e-08
1.032853145871660239e-08
1.032853298113149844e-08
1.032853450333727827e-08
1.032853602511450740e-08
1.032853752180427500e-08
1.032853838941726744e-08
1.032854008794426611e-08
1.032854161232999938e-08
1.032854313747603901e-08
1.032854480021147851e-08
1.032854650789768928e-08
1.032854802778383961e-08
1.032854952225693852e-08
1.032855120156279754e-08
1.032855269026211623e-08
1.032855439064226913e-08
1.032855590554153779e-08
1.032855743238048692e-08
1.032855891848016057e-08
1.032855978020264106e-08
1.032856129927300601e-08
1.032856279355392440e-08
1.032856432499769701e-08
1.032856581956244423e-08
1.032856733829885652e-08
1.032856885685170088e-08
1.032857037519462500e-08
1.032857189339680931e-08
1.032857356041865573e-08
1.032857507651654715e-08
1.032857656728755622e-08
1.032857808299574465e-08
1.032857957437605993e-08
1.032858104372121012e-08
1.032858251347895139e-08
1.032858402960160695e-08
1.032858554570144886e-08
1.032858717465361288e-08
1.032858867603938242e-08
1.032859016143682274e-08
1.032859165015949108e-08
1.032859315098486727e-08
1.032859466418371398e-08
1.032859613140266093e-08
1.032859761973215213e-08
1.032859914533763434e-08
1.032860064552713528e-08
1.032860213291963764e-08
1.032860379385055451e-08
1.032860529163381352e-08
1.032860677375333064e-08
1.032860828384661873e-08
1.032860916175198792e-08
1.032861065133867288e-08
1.032861209570678519e-08
1.032861359828892425e-08
1.032861511334933928e-08
1.032861660011881085e-08
1.032861808989925956e-08
1.032861960546346397e-08
1.032862127677280423e-08
1.032862276392341581e-08
1.032862427588705688e-08
1.032862575954634093e-08
1.032862727079506302e-08
1.032862878310245553e-08
1.032863022444253424e-08
1.032863171085124423e-08
1.032863322233200372e-08
1.032863491850808229e-08
1.032863660997369319e-08
1.032863811645168749e-08
1.032863962271815187e-08
1.032864131398375545e-08
1.032864281771880065e-08
1.032864432089788453e-08
1.032864579915180632e-08
1.032864730218130285e-08
1.032864877685865449e-08
1.032865041844611983e-08
1.032865191951886106e-08
1.032865339224351721e-08
1.032865486807093942e-08
1.032865636844984486e-08
1.032865786889228936e-08
1.032865938126927754e-08
1.032866085637091328e-08
1.032866235588170094e-08
1.032866383052331176e-08
1.032866532979378361e-08
1.032866680399644773e-08
1.032866827826547821e-08
1.032866975193008946e-08
1.032867125057671989e-08
1.032867272436880795e-08
1.032867422252552246e-08
1.032867588035626896e-08
1.032867737616274829e-08
1.032867905710007548e-08
1.032868052538041427e-08
1.032868194780710423e-08
1.032868337067812915e-08
1.032868503723814409e-08
1.032868664225451856e-08
1.032868810733616316e-08
1.032868959714023283e-08
1.032869105896198676e-08
1.032869266179079608e-08
1.032869412492937853e-08
1.032869561274750667e-08
1.032869645046082668e-08
1.032869794284376427e-08
1.032869936508158573e-08
1.032870085825553298e-08
1.032870228066352535e-08
1.032870374926962606e-08
1.032870521456023303e-08
1.032870663721506105e-08
1.032870813102799374e-08
1.032870959971893837e-08
1.032871106864202794e-08
1.032871253697223414e-08
1.032871403026398018e-08
1.032871549858732078e-08
1.032871716276629467e-08
1.032871865296234043e-08
1.032872011841523527e-08
1.032872158347190067e-08
1.032872307296507120e-08
1.032872456245250110e-08
1.032872602715317775e-08
1.032872749124891405e-08
1.032872898014726397e-08
1.032872981798836519e-08
1.032873128653420249e-08
1.032873278028565415e-08
1.032873427384683111e-08
1.032873574262447419e-08
1.032873723526746082e-08
1.032873872806161801e-08
1.032874019608615617e-08
1.032874166366844386e-08
1.032874313097332991e-08
1.032874462288592102e-08
1.032874609006198363e-08
1.032874771915428197e-08
1.032874920899067952e-08
1.032875069848586837e-08
1.032875235990127154e-08
1.032875401893466752e-08
1.032875547807333871e-08
1.032875693727313855e-08
1.032875842097480072e-08
1.032875991664970704e-08
1.032876137511556772e-08
1.032876297105838794e-08
1.032876463753426538e-08
1.032876609168586631e-08
1.032876757038014101e-08
1.032876916220614950e-08
1.032877075254712230e-08
1.032877220316326064e-08
1.032877367822860466e-08
1.032877515317858841e-08
1.032877662785621633e-08
1.032877810238730921e-08
1.032877958879154084e-08
1.032878105033552090e-08
1.032878251218227719e-08
1.032878391455984618e-08
1.032878536352150750e-08
1.032878683715344016e-08
1.032878831056182560e-08
1.032878978348444427e-08
1.032879124410322447e-08
1.032879269308234426e-08
1.032879432290299829e-08
1.032879579406193224e-08
1.032879723622795906e-08
1.032879868164963808e-08
1.032880012682951401e-08
1.032880159647844464e-08
1.032880303817035801e-08
1.032880448301621344e-08
1.032880595196390170e-08
1.032880742101935836e-08
1.032880888986669803e-08
1.032881033405756042e-08
1.032881177803514422e-08
1.032881322179861728e-08
1.032881468983187392e-08
1.032881613351104570e-08
1.032881757668892286e-08
1.032881899838258521e-08
1.032882044187183467e-08
1.032882190989734724e-08
1.032882357491045006e-08
1.032882496965220894e-08
1.032882636491999512e-08
1.032882783192904996e-08
1.032882929803814553e-08
1.032883076393599736e-08
1.032883220514621202e-08
1.032883364293807965e-08
1.032883508390338929e-08
1.032883647870519652e-08
1.032883814196005747e-08
1.032883953474534229e-08
1.032884097378756951e-08
1.032884243818193455e-08
1.032884390155021679e-08
1.032884536464405373e-08
1.032884675801813895e-08
1.032884819675946433e-08
1.032884964867177815e-08
1.032885111137932175e-08
1.032885257404986390e-08
1.032885403644022344e-08
1.032885549861646397e-08
1.032885696030648939e-08
1.032885853457489951e-08
1.032885997034412359e-08
1.032886140581139531e-08
1.032886285429043976e-08
1.032886431354825473e-08
1.032886574829213551e-08
1.032886720729141849e-08
1.032886859566719868e-08
1.032887005565540256e-08
1.032887149036372449e-08
1.032887313094901089e-08
1.032887458757730968e-08
1.032887604385990489e-08
1.032887747538652623e-08
1.032887908838666764e-08
1.032888052990934317e-08
1.032888214288913759e-08
1.032888359468262858e-08
1.032888502116472204e-08
1.032888665410369478e-08
1.032888810244538092e-08
1.032888953852681440e-08
1.032889098607821383e-08
1.032889240940653066e-08
1.032889399513633550e-08
1.032889555431263517e-08
1.032889699851642308e-08
1.032889841832249071e-08
1.032889983883689791e-08
1.032890128259683726e-08
1.032890269903775714e-08
1.032890432494769479e-08
1.032890574209448428e-08
1.032890718329646850e-08
1.032890855415143835e-08
1.032890997113183715e-08
1.032891138944532354e-08
1.032891301320524673e-08
1.032891445228322304e-08
1.032891586716984904e-08
1.032891730578643890e-08
1.032891872024863522e-08
1.032892011262534741e-08
1.032892155130535058e-08
1.032892299108727248e-08
1.032892443065867030e-08
1.032892584524546814e-08
1.032892746585534032e-08
1.032892890198333414e-08
1.032893031393219842e-08
1.032893174937934815e-08
1.032892965610340273e-08
1.032893125711242958e-08
1.032893267475120956e-08
1.032893409231318416e-08
1.032893553368394796e-08
1.032893696320257016e-08
1.032893837992797896e-08
1.032893975079301395e-08
1.032894119201751402e-08
1.032894258714649765e-08
1.032894398261304210e-08
1.032894540071310431e-08
1.032894679656297088e-08
1.032894839647919288e-08
1.032894999715919376e-08
1.032895162039484326e-08
1.032895322887580251e-08
1.032895461594436933e-08
1.032895600330361403e-08
1.032895741354630249e-08
1.032895885968954108e-08
1.032896029357393653e-08
1.032896165707631299e-08
1.032896306714090119e-08
1.032896468378629687e-08
1.032896609175424360e-08
1.032896747696572377e-08
1.032896890881628889e-08
1.032897034101200504e-08
1.032897177300112787e-08
1.032897320484642881e-08
1.032897461263601390e-08
1.032897621708148651e-08
1.032897764612414734e-08
1.032897900481759846e-08
1.032898040679917293e-08
1.032898119329136175e-08
1.032898262742301307e-08
1.032898423492769737e-08
1.032898564285838293e-08
1.032898705069001691e-08
1.032898864032054579e-08
1.032898999958533055e-08
1.032899159004772850e-08
1.032899301775931840e-08
1.032899444532628571e-08
1.032899584879127460e-08
1.032899745889469899e-08
1.032899889594728718e-08
1.032900032063010068e-08
1.032900174510630597e-08
1.032900314545019683e-08
1.032900454550137659e-08
1.032900594566543839e-08
1.032900752805956296e-08
1.032900913296151519e-08
1.032901075044387372e-08
1.032901214352219554e-08
1.032901354873383255e-08
1.032901489537545240e-08
1.032901647131183914e-08
1.032901786253238279e-08
1.032901863751630885e-08
1.032902003334278109e-08
1.032902142965967549e-08
1.032902280363636707e-08
1.032902422418369771e-08
1.032902559857353954e-08
1.032902717799208865e-08
1.032902860900002142e-08
1.032903000364490918e-08
1.032903135208899198e-08
1.032903290954695296e-08
1.032903428074778357e-08
1.032903585717736021e-08
1.032903744628059287e-08
1.032903886043375617e-08
1.032904024965277585e-08
1.032904166268835362e-08
1.032905922185596472e-08
1.032906063257004687e-08
1.032906204314605603e-08
1.032906342976131794e-08
1.032906499934516437e-08
1.032906639572222954e-08
1.032909194633700080e-08
1.032908533475841730e-08
1.032908671648362732e-08
1.032908807594219238e-08
1.032908943573702456e-08
1.032909084244448039e-08
1.032909224915758421e-08
1.032909384191299630e-08
1.032909519989028106e-08
1.032910477269240526e-08
1.032910617511885069e-08
1.032909975791379135e-08
1.032910115787344689e-08
1.032911069086895498e-08
1.032910404924779037e-08
1.032910558737956142e-08
1.032910709986034092e-08
1.032910847189276928e-08
1.032910986854348069e-08
1.032911921141499749e-08
1.032912079139031690e-08
1.032911416502776593e-08
1.032911555909764405e-08
1.032912492004892028e-08
1.032912629023430232e-08
1.032912785957104509e-08
1.032912925216902147e-08
1.032913064357440029e-08
1.032913203195002993e-08
1.032913343550746288e-08
1.032913482683348364e-08
1.032912820073595141e-08
1.032912956823331740e-08
1.032913093579628543e-08
1.032913230328775858e-08
1.032913369451808282e-08
1.032913508577677273e-08
1.032913646622987326e-08
1.032913785692297843e-08
1.032914717136157781e-08
1.032914856260994947e-08
1.032914993010000815e-08
1.032914330427273733e-08
1.032914488199870947e-08
1.032914622477347337e-08
1.032914761430441790e-08
1.032914919035649743e-08
1.032915055094941828e-08
1.032915195040755752e-08
1.032916132064358541e-08
1.032916270736535014e-08
1.032916407065279198e-08
1.032915746390659101e-08
1.032915885046683218e-08
1.032916037672403676e-08
1.032916176187982121e-08
1.032916314702735038e-08
1.032916450846026818e-08
1.032916584717578384e-08
1.032917517981243445e-08
1.032917649602235915e-08
1.032917781273299281e-08
1.032917118306399744e-08
1.032917274443145554e-08
1.032917410624014495e-08
1.032917547981595172e-08
1.032917702406808837e-08
1.032917840683696375e-08
1.032917979044475412e-08
1.032918914315043593e-08
1.032919068541003015e-08
1.032919204231531862e-08
1.032918544119259254e-08
1.032918682136209586e-08
1.032918840008723766e-08
1.032918977751630649e-08
1.032919112853235851e-08
1.032919269025874351e-08
1.032919403925692317e-08
1.032920340823868552e-08
1.032920476027566701e-08
1.032920613578253684e-08
1.032919944807158484e-08
1.032920082420927749e-08
1.032920220037750966e-08
1.032920371602677306e-08
1.032920523013563425e-08
1.032920657648872357e-08
1.032920792613071610e-08
1.032920929928192278e-08
1.032921886536528072e-08
1.032922021280623001e-08
1.032921358961133576e-08
1.032921496022937296e-08
1.032922452341864597e-08
1.032921787448577715e-08
1.032921942711852727e-08
1.032922079310259941e-08
1.032922227525773328e-08
1.032922383986094326e-08
1.032923319558664660e-08
1.032923455854900812e-08
1.032922792699768716e-08
1.032922942958635598e-08
1.032923079100716717e-08
1.032923212792755201e-08
1.032923344226726932e-08
1.032923478020367017e-08
1.032923611802086107e-08
1.032923746825411568e-08
1.032924682299008584e-08
1.032924818427017540e-08
1.032924171277985973e-08
1.032924306872541355e-08
1.032925239824883426e-08
1.032924576402885825e-08
1.032924709682937244e-08
1.032924863176471247e-08
1.032924998883531464e-08
1.032925134569460690e-08
1.032926062714164521e-08
1.032926198481120886e-08
1.032926345916746553e-08
1.032925682178860919e-08
1.032925817801457392e-08
1.032925951124626593e-08
1.032926105509056119e-08
1.032926240942056840e-08
1.032926374054112674e-08
1.032926507178023330e-08
1.032927379007888736e-08
1.032927512626902226e-08
1.032927585549813765e-08
1.032927719697333131e-08
1.032927056847229016e-08
1.032927193375317606e-08
1.032928126917885801e-08
1.032927461748779018e-08
1.032927595939953007e-08
1.032927746464000097e-08
1.032927884032520268e-08
1.032928015741346249e-08
1.032928970180923665e-08
1.032929104050325719e-08
1.032929237884299959e-08
1.032928574703350895e-08
1.032929524252762261e-08
1.032928860915564569e-08
1.032928996931839623e-08
1.032929132926612778e-08
1.032929280559087744e-08
1.032929416420890623e-08
1.032930009069067852e-08
1.032930138487165193e-08
1.032930275234177555e-08
1.032930429568104892e-08
1.032930566082716229e-08
1.032929923168931289e-08
1.032930057098454981e-08
1.032930193354429771e-08
1.032930329615961063e-08
1.032930465864388492e-08
1.032930599788494151e-08
1.032930736035172257e-08
1.032930883920665395e-08
1.032931814741209834e-08
1.032931943932147330e-08
1.032931292383778009e-08
1.032931425840291372e-08
1.032931573511490633e-08
1.032931707156245488e-08
1.032931843078144858e-08
1.032931995346667718e-08
1.032932068211477263e-08
1.032932204372291044e-08
1.032933156310099244e-08
1.032933292333205982e-08
1.032933428440323665e-08
1.032932765067919016e-08
1.032932901077287277e-08
1.032933037072817633e-08
1.032933173067747291e-08
1.032933306726073533e-08
1.032933440394395425e-08
1.032933593990819115e-08
1.032933730941036171e-08
1.032934663395078851e-08
1.032934799075438505e-08
1.032934133114592324e-08
1.032934270041173851e-08
1.032934401101284595e-08
1.032934536841274211e-08
1.032934670360459574e-08
1.032934806113632298e-08
1.032934955861259706e-08
1.032935105460935770e-08
1.032936033399222801e-08
1.032936168882479211e-08
1.032936321987167519e-08
1.032935657968760951e-08
1.032935811698549979e-08
1.032935945622252470e-08
1.032936080704575596e-08
1.032936215709424323e-08
1.032936350792263279e-08
1.032936504536036126e-08
1.032937439871067320e-08
1.032937572325257645e-08
1.032937704746634873e-08
1.032937051832620304e-08
1.032937186437652441e-08
1.032937341031183465e-08
1.032937475474918856e-08
1.032937609833807023e-08
1.032937741884958889e-08
1.032937876241421266e-08
1.032938809946078314e-08
1.032938944390005777e-08
1.032939076531343821e-08
1.032938429979566931e-08
1.032938559495041131e-08
1.032939511507884538e-08
1.032938843863437291e-08
1.032938977929974518e-08
1.032939109642757235e-08
1.032939241331940324e-08
1.032939373043095976e-08
1.032940322530003755e-08
1.032940454128574006e-08
1.032939788580094566e-08
1.032939922398300096e-08
1.032940070313275274e-08
1.032940222786156413e-08
1.032940355909248160e-08
1.032940488282051192e-08
1.032940617074588562e-08
1.032940770589705857e-08
1.032941696293492511e-08
1.032941829607867955e-08
1.032941981512663286e-08
1.032941312677550262e-08
1.032941464657842038e-08
1.032941594980237046e-08
1.032941725647916764e-08
1.032941877196254327e-08
1.032942009940640291e-08
1.032942135880800828e-08
1.032943065754473605e-08
1.032943196311116403e-08
1.032943329130824771e-08
1.032942681463213825e-08
1.032942830277367416e-08
1.032942960409455132e-08
1.032943092843567964e-08
1.032943222991766842e-08
1.032943355417274017e-08
1.032943487873395974e-08
1.032943619246694173e-08
1.032944569669471781e-08
1.032944699621109053e-08
1.032944829259705779e-08
1.032944155284765894e-08
1.032944285329217463e-08
1.032944357281349173e-08
1.032944490112387434e-08
1.032944620389754535e-08
1.032944751025970784e-08
1.032944900411125001e-08
1.032945030515366839e-08
1.032945960297903834e-08
1.032946104809679301e-08
1.032946256250782824e-08
1.032945589226950330e-08
1.032945721585185554e-08
1.032945853950071474e-08
1.032945984048963770e-08
1.032946116404781641e-08
1.032946248783922035e-08
1.032946392990320286e-08
1.032946542963323971e-08
1.032947472048348690e-08
1.032947597261720052e-08
1.032946929972892969e-08
1.032947062070761018e-08
1.032947993529511034e-08
1.032947326274248790e-08
1.032947456119628096e-08
1.032947604742519165e-08
1.032947399331823347e-08
1.032947529475703515e-08
1.032947662194905799e-08
1.032947794939133440e-08
1.032947925398477629e-08
1.032948855244019813e-08
1.032948987981346452e-08
1.032948321379630346e-08
1.032948454138310156e-08
1.032949386263505032e-08
1.032948719634392043e-08
1.032948868918669764e-08
1.032949001466233560e-08
1.032949131729166691e-08
1.032949264279612715e-08
1.032950213999638354e-08
1.032950344052454704e-08
1.032950469479758630e-08
1.032950601859433382e-08
1.032949934990628928e-08
1.032950065111313793e-08
1.032950209350406028e-08
1.032950336656233816e-08
1.032950466696636832e-08
1.032950616834602004e-08
1.032950746691094812e-08
1.032951678144149854e-08
1.032951808013772996e-08
1.032951937865661055e-08
1.032951270618607256e-08
1.032951422896006922e-08
1.032951573424539150e-08
1.032951721430911499e-08
1.032951851514317816e-08
1.032951994871152609e-08
1.032952140440684954e-08
1.032953091200210601e-08
1.032953219864560619e-08
1.032953350810884728e-08
1.032952701108296152e-08
1.032952829592024004e-08
1.032953755092073756e-08
1.032953084302733631e-08
1.032953212953211333e-08
1.032953360189416989e-08
1.032953486228400960e-08
1.032953616934879088e-08
1.032954547037924747e-08
1.032954692045790868e-08
1.032954021038094913e-08
1.032954151629534221e-08
1.032955081697972959e-08
1.032954410703632994e-08
1.032954536390341255e-08
1.032954664821364632e-08
1.032954813415509687e-08
1.032954941631645603e-08
1.032955888140431365e-08
1.032956011586856099e-08
1.032956162121330462e-08
1.032955510775445195e-08
1.032955655011165675e-08
1.032955782534570088e-08
1.032955912325469293e-08
1.032956042218836820e-08
1.032956169470043391e-08
1.032956313595020766e-08
1.032956443291462397e-08
1.032957370103487602e-08
1.032957499825879213e-08
1.032957627317843318e-08
1.032956950916838117e-08
1.032957080734877449e-08
1.032957210663453257e-08
1.032957335557300630e-08
1.032957465470441744e-08
1.032957595412928083e-08
1.032957723126631517e-08
1.032957850790765491e-08
1.032958780218525217e-08
1.032958903325929150e-08
1.032959031215027630e-08
1.032958361906925453e-08
1.032958489723312772e-08
1.032958619804832951e-08
1.032958747647034592e-08
1.032958875482927988e-08
1.032959005581059444e-08
1.032959135713491101e-08
1.032959263618653594e-08
1.032960193105030648e-08
1.032960335134938699e-08
1.032960482939211799e-08
1.032959833496614361e-08
1.032960760169416632e-08
1.032960090340771845e-08
1.032960218951025740e-08
1.032960348484935810e-08
1.032960478027553777e-08
1.032960605025077950e-08
1.032960732376228948e-08
1.032961659178040955e-08
1.032961786499780223e-08
1.032961135693112821e-08
1.032961262835399888e-08
1.032961392341273333e-08
1.032961517144568583e-08
1.032961644362460619e-08
1.032961773966382595e-08
1.032961900930274266e-08
1.032962028241617033e-08
1.032962155528994722e-08
1.032963103374106150e-08
1.032963232726861019e-08
1.032962562719996199e-08
1.032962708465724466e-08
1.032963634758673157e-08
1.032962964552326784e-08
1.032963091503270431e-08
1.032963240831304849e-08
1.032963362941447924e-08
1.032963491959078013e-08
1.032964439060191268e-08
1.032964565667517472e-08
1.032964689548455549e-08
1.032964016856418366e-08
1.032964143563097233e-08
1.032964270275754466e-08
1.032964339536569680e-08
1.032964466754642869e-08
1.032964594016767065e-08
1.032964723529041234e-08
1.032964867266382915e-08
1.032965016777043922e-08
1.032965961919255844e-08
1.032966090844116800e-08
1.032965418200223348e-08
1.032965563787642812e-08
1.032965690300954810e-08
1.032965835712630488e-08
1.032965957411177920e-08
1.032966102706854255e-08
1.032966247828242477e-08
1.032966373478212008e-08
1.032967301041928661e-08
1.032967429257466857e-08
1.032967575516681550e-08
1.032966899231885796e-08
1.032967039344091733e-08
1.032967167307177052e-08
1.032967293058540067e-08
1.032967421026681445e-08
1.032967566962664726e-08
1.032967694736085638e-08
1.032967820301320441e-08
1.032968745249351542e-08
1.032968873054309045e-08
1.032968194698855887e-08
1.032969062470595541e-08
1.032968389270868316e-08
1.032969317064513386e-08
1.032968646179185072e-08
1.032968792621739220e-08
1.032968922072903436e-08
1.032969043472433017e-08
1.032969164932843257e-08
1.032970110631783135e-08
1.032970255508029599e-08
1.032970399947658373e-08
1.032969728332873721e-08
1.032969856092123705e-08
1.032970000356963260e-08
1.032970128017129579e-08
1.032970272127680097e-08
1.032970399500462862e-08
1.032970526887289333e-08
1.032970654260375011e-08
1.032971574304101891e-08
1.032971718543948349e-08
1.032971065541083002e-08
1.032971185890708959e-08
1.032971311694286095e-08
1.032971437839131979e-08
1.032971564982649725e-08
1.032971691240359440e-08
1.032971818393921310e-08
1.032971938738798753e-08
1.032972065975983123e-08
1.032972990398527723e-08
1.032973117695046089e-08
1.032973242794930421e-08
1.032972568534704049e-08
1.032972695965330396e-08
1.032972823311026635e-08
1.032972950676475616e-08
1.032973075530365864e-08
1.032973202901209882e-08
1.032973327772165362e-08
1.032973450569624058e-08
1.032974394136895178e-08
1.032974521433247446e-08
1.032974641920488463e-08
1.032973967722543663e-08
1.032974095103870376e-08
1.032974234536084053e-08
1.032974360469814254e-08
1.032974485506083434e-08
1.032974614001037615e-08
1.032974757999321360e-08
1.032974885063372196e-08
1.032975809294870996e-08
1.032975929542429978e-08
1.032976056703044390e-08
1.032975384519832140e-08
1.032975509511691813e-08
1.032975636695793356e-08
1.032975763907582950e-08
1.032975891126454865e-08
1.032976035068045140e-08
1.032976162083290500e-08
1.032976289105737956e-08
1.032977215474395015e-08
1.032977359240779668e-08
1.032977483860576479e-08
1.032976829362303084e-08
1.032976953442468274e-08
1.032977077569673240e-08
1.032977204206449721e-08
1.032977348836883419e-08
1.032977468474875141e-08
1.032977592770330960e-08
1.032977717127129169e-08
1.032978661061809433e-08
1.032978787382480993e-08
1.032978911494038018e-08
1.032978238575329689e-08
1.032978364937747400e-08
1.032979290681141943e-08
1.032978615503969815e-08
1.032978758667965812e-08
1.032978903909832725e-08
1.032979023073380448e-08
1.032979149118975743e-08
1.032980073577539095e-08
1.032980197425875668e-08
1.032980318901010881e-08
1.032979645696234214e-08
1.032979771559667960e-08
1.032979896854486999e-08
1.032980023034080093e-08
1.032980149235075493e-08
1.032980274466208407e-08
1.032980400652821618e-08
1.032980524667670310e-08
1.032981391040839620e-08
1.032981534472041259e-08
1.032981661016749891e-08
1.032981785364196327e-08
1.032981112547506334e-08
1.032981239120478734e-08
1.032981363503726375e-08
1.032981490096180036e-08
1.032981631011670330e-08
1.032981757465294630e-08
1.032981883925970314e-08
1.032982008190581064e-08
1.032982934030308399e-08
1.032983077024496127e-08
1.032983198691877379e-08
1.032982523467938279e-08
1.032982666577550294e-08
1.032982790218272806e-08
1.032982933152817669e-08
1.032983059206474169e-08
1.032983184288061266e-08
1.032983308047018658e-08
1.032983433134422324e-08
1.032984358537525185e-08
1.032984484520886884e-08
1.032984605903422867e-08
1.032983932589441320e-08
1.032984077410768120e-08
1.032985021408486825e-08
1.032984345501629066e-08
1.032984468668839646e-08
1.032984594421186674e-08
1.032984715504737729e-08
1.032984839065746333e-08
1.032985762013501685e-08
1.032985887817723691e-08
1.032986013619011688e-08
1.032985340080471780e-08
1.032985459111382582e-08
1.032985601479801229e-08
1.032985725000286752e-08
1.032985846074460721e-08
