4.314668987435085362e-07
4.309389970950197134e-07
4.304645277829813895e-07
4.297440347844402871e-07
4.300006751733489711e-07
4.297042255398562536e-07
4.294600643365996728e-07
4.292750858161779737e-07
4.292049008873697601e-07
4.291891782548705493e-07
4.292269180897692694e-07
4.293149321684976384e-07
4.294530488431606464e-07
4.296391817607235406e-07
4.305239513055301891e-07
4.303514022427012925e-07
4.302772505721439047e-07
4.304065079414115112e-07
4.307692458941836711e-07
4.311734182327333930e-07
4.313112357955880262e-07
4.319163149486874776e-07
4.322973694382365942e-07
4.325337515292959305e-07
4.331349716438604426e-07
4.337676613769013765e-07
4.340926317305547000e-07
4.352089815448888306e-07
4.360621465195289330e-07
4.373072059234099763e-07
4.377259234136518454e-07
4.387577643656876100e-07
4.395326104083541708e-07
4.401824537232779059e-07
4.409923850218719817e-07
4.416796927465441508e-07
4.424426004085147706e-07
4.433397566245332339e-07
4.441192662080664636e-07
4.447873793103293893e-07
4.453800636968585572e-07
4.460748891829595634e-07
4.466947014671739195e-07
4.474148984059574149e-07
4.480479725333364068e-07
4.489079474309077146e-07
4.496612555430010761e-07
4.503179390393622694e-07
4.510714182510902486e-07
4.519682018013465598e-07
4.527366831453723482e-07
4.534318973599778359e-07
4.542210521519355338e-07
4.547420330376736668e-07
4.556069316252157434e-07
4.564363183763490341e-07
4.569919317748116174e-07
4.578467177219075886e-07
4.584251722449994285e-07
4.593036747144864556e-07
4.603407743696502141e-07
4.614272519192083108e-07
4.624685439361832113e-07
4.628245820040711143e-07
4.637274845923720311e-07
4.645381904483665158e-07
4.654470213415598111e-07
4.662780853846223671e-07
4.674266018267025708e-07
4.680635470395565175e-07
4.692062026235484304e-07
4.702907090725404729e-07
4.713774365950149098e-07
4.723026115464568034e-07
4.726928449196036327e-07
4.736353245548807254e-07
4.740360245887142670e-07
4.750473668854155930e-07
4.757253267929956577e-07
4.766002549281861029e-07
4.774568893777197111e-07
4.785327268257569351e-07
4.789067580890371757e-07
4.798983507372499592e-07
4.803083588117605004e-07
4.812544620965130890e-07
4.818832703746139541e-07
4.828532567201233952e-07
4.838277441871043710e-07
4.847951984437755409e-07
4.854686873613188117e-07
4.866667827114189783e-07
4.877874079667809262e-07
4.878811669205821875e-07
4.887952039477716864e-07
4.894644672885185807e-07
4.905219674591078081e-07
4.911886700156714191e-07
4.922451660198066660e-07
4.930800018248773934e-07
4.932062856134997475e-07
4.941405305501381781e-07
4.947649387082352536e-07
4.958814863670433655e-07
4.964860577830715418e-07
4.975082205674034041e-07
4.987349304626996450e-07
4.997853588107136567e-07
5.003634053069587367e-07
5.009578843489756231e-07
5.015511930092133636e-07
5.021273439420667688e-07
5.027272679259180668e-07
5.033992714264133499e-07
5.040697076922488820e-07
5.046595759634261937e-07
5.052484678447072055e-07
5.058363510956181944e-07
5.064222279223617938e-07
5.070073177053467221e-07
5.074097319601203614e-07
5.080357983856951743e-07
5.084733371100511077e-07
5.093972819718696478e-07
5.104826213598993039e-07
5.115970464509742972e-07
5.122331116092395487e-07
5.133271342630996411e-07
5.143896366238853917e-07
5.150081890269512110e-07
5.160709551209681748e-07
5.171492074942433845e-07
5.181960548090454792e-07
5.190938118244171993e-07
5.200172136305748113e-07
5.208137908686556868e-07
5.218896685460028741e-07
5.224564961334862805e-07
5.230831483010075379e-07
5.243960018456473169e-07
5.252338105749227683e-07
5.259984677084267748e-07
5.265252358580954261e-07
5.270471248869587395e-07
5.275687290576356162e-07
5.279162451414640470e-07
5.284811460146188419e-07
5.290431873939551277e-07
5.296804123097912638e-07
5.302384296974680856e-07
5.308730494398853167e-07
5.314262824444319942e-07
5.319790806993605624e-07
5.329545534418121900e-07
5.335829152574104840e-07
5.342063356936235380e-07
5.348248905047799917e-07
5.353697973574873044e-07
5.359784114987259771e-07
5.366025843956825778e-07
5.372244772618630713e-07
5.378446030619000813e-07
5.384638718537152219e-07
5.390808332517666581e-07
5.396972178638792265e-07
5.406170001715995606e-07
5.412424011897401139e-07
5.421245657666020098e-07
5.428085882832455292e-07
5.436873577316219168e-07
5.445240231210432747e-07
5.453590897659157106e-07
5.461911154764377329e-07
5.466052143376267491e-07
5.474465602553983906e-07
5.482312341185871629e-07
5.488145244709169684e-07
5.495955179330526784e-07
5.501681625460659008e-07
5.509149411521197897e-07
5.516666069886827296e-07
5.526249802495199124e-07
5.535038632333033772e-07
5.539658525663261405e-07
5.546807578350004547e-07
5.554753282919833623e-07
5.561148636515451345e-07
5.569172438378800065e-07
5.574824410902201265e-07
5.581079798015965519e-07
5.584879177806506919e-07
5.591421703913115924e-07
5.597226392142879829e-07
5.603681084361281591e-07
5.609358579941921619e-07
5.615001773534984527e-07
5.619542511217555214e-07
5.624396996846593973e-07
5.628933362284202330e-07
5.633451418117102191e-07
5.639596174018054997e-07
5.645604479840342278e-07
5.652249292785725277e-07
5.658678499900038535e-07
5.662692891188556261e-07
5.667184957102848530e-07
5.675578104934370629e-07
5.685038797766922915e-07
5.694998515114725863e-07
5.699556087550741329e-07
5.709383051186049892e-07
5.719824958962482235e-07
5.723823485869579806e-07
5.729656215442614158e-07
5.735894607970912391e-07
5.739983347333544783e-07
5.752362984589474109e-07
5.756844377812405420e-07
5.761577926961493568e-07
5.772524358836543136e-07
5.778916140208828299e-07
5.784497817676355674e-07
5.789065870155523134e-07
5.801207692815594886e-07
5.805978575911723050e-07
5.818087314846487430e-07
5.824823191489548267e-07
5.828073696258302937e-07
5.838926844588988046e-07
5.846783190669642099e-07
5.855485837276232126e-07
5.867393483237961738e-07
5.869741257998352151e-07
5.874247186350261761e-07
5.883542339191831610e-07
5.891239621928872919e-07
5.903053350349312832e-07
5.909260352935658715e-07
5.916716254168174707e-07
5.927083433122948432e-07
5.933850092790495473e-07
5.943598777736881661e-07
5.953143311333352042e-07
5.962130307053664183e-07
5.970725674403653154e-07
5.979590843826717522e-07
5.988148358475825816e-07
5.992902250283240775e-07
5.999884267771070116e-07
6.007205192218783997e-07
6.016739087431420290e-07
6.020576478438775579e-07
6.026783428113054830e-07
6.031399679142450371e-07
6.040380261817148654e-07
6.046503859207845542e-07
6.054335278759847699e-07
6.061118697295699876e-07
6.066460678014541801e-07
6.074673897395416911e-07
6.079969886620087883e-07
6.088722008803696877e-07
6.096027778710064887e-07
6.101060149261623368e-07
6.104093562577585491e-07
6.108595567888231319e-07
6.118072113634940430e-07
6.126878752178078884e-07
6.134806451647276013e-07
6.141199898826444978e-07
6.145595331704415234e-07
6.152476414316613035e-07
6.160728299397038860e-07
6.167744974436652607e-07
6.175584744308960917e-07
6.183539528499074767e-07
6.190706879788591213e-07
6.194967163218813151e-07
6.198587498118736235e-07
6.206826751958910719e-07
6.215032734721232618e-07
6.219142952555854198e-07
6.226227615079000757e-07
6.235116271288814382e-07
6.241501718239090260e-07
6.250167821686466364e-07
6.257695173961152417e-07
6.264219336625506448e-07
6.270832300174299709e-07
6.277180436612478709e-07
6.285226416267129716e-07
6.291921435399011592e-07
6.298014451597789372e-07
6.304535173098720584e-07
6.310612484296080318e-07
6.316020047500136690e-07
6.324396855460967916e-07
6.327910819531165655e-07
6.334148420596464657e-07
6.338833486765131753e-07
6.343935000049684262e-07
6.348731320472135096e-07
6.353889815151193116e-07
6.359031779251533204e-07
6.364152140995522920e-07
6.368958392243740904e-07
6.374152134997844308e-07
6.379277067196408716e-07
6.384388228199570161e-07
6.389495541151090354e-07
6.394628835912607733e-07
6.399700823275655464e-07
6.405732483498029030e-07
6.409326637378323821e-07
6.413740506653379272e-07
6.419717546582858234e-07
6.425857677217748097e-07
6.429900669476195824e-07
6.437165554258939827e-07
6.442651964725524569e-07
6.448490825935697851e-07
6.454308967555278167e-07
6.459869889423356506e-07
6.465921896274625467e-07
6.467710640791892779e-07
6.472519568676979343e-07
6.478951921840395078e-07
6.486382388183490542e-07
6.493795892177389778e-07
6.499663515292270731e-07
6.504459130175364956e-07
6.509001638001010164e-07
6.515224382311836699e-07
6.521711749004819104e-07
6.526371934058559770e-07
6.531534242940083935e-07
6.535918228005132194e-07
6.540612011241485444e-07
6.544341966928717781e-07
6.549481622333262117e-07
6.553164933378326371e-07
6.557411882881739914e-07
6.566148865446378345e-07
6.572728512876641688e-07
6.581240232850982685e-07
6.587256682686195373e-07
6.591663672218911289e-07
6.596214759859366926e-07
6.599826531769798049e-07
6.603610151109281704e-07
6.608482073454352287e-07
6.615041389819478419e-07
6.619422216019678066e-07
6.625702578185767850e-07
6.632255362486473126e-07
6.636680126460027016e-07
6.642771995758998386e-07
6.648275426749625803e-07
6.654234543530700881e-07
6.662373203046755623e-07
6.668824952803658388e-07
6.677145140022182778e-07
6.684150141887113881e-07
6.686726494048266309e-07
6.690849326793705611e-07
6.697398433801053204e-07
6.702321243980451496e-07
6.706186248357448474e-07
6.709956637413862901e-07
6.715274299316729490e-07
6.720931740808069474e-07
6.726349881670985276e-07
6.731054419453417114e-07
6.734503863867227480e-07
6.739397823602598562e-07
6.744301632916244378e-07
6.750403892964202088e-07
6.752479782117358819e-07
6.758693358008748392e-07
6.760739179414817923e-07
6.765958447019595719e-07
6.770064655220434388e-07
6.776010562215165842e-07
6.780426307697922907e-07
6.786434395260461873e-07
6.788507690520809897e-07
6.790584254190198385e-07
6.791864983765277818e-07
6.795377339852367396e-07
6.796822712621049105e-07
6.799189182793396692e-07
6.801670207146107526e-07
6.805926903020604711e-07
6.810591847388887468e-07
6.813721586667022391e-07
6.817873985009941573e-07
6.822059488866480274e-07
6.827227612077291375e-07
6.834293183401649776e-07
6.840029077246998902e-07
6.846978265421295001e-07
6.851963402466931372e-07
6.858033877202599259e-07
6.860263439057327854e-07
6.865303039630029093e-07
6.868659717785373683e-07
6.872538834636292740e-07
6.875147662208738704e-07
6.879146393494122777e-07
6.881166920353050889e-07
6.885044604811164445e-07
6.888955139595284620e-07
6.895746939115426891e-07
6.900821804830896931e-07
6.905843586665140399e-07
6.911199582260818986e-07
6.915151423985433425e-07
6.920358087081256671e-07
6.924869179890765763e-07
6.927936409064306767e-07
6.931481024145935970e-07
6.933465515604418713e-07
6.935844993136971786e-07
6.938132831992647535e-07
6.941899248614828396e-07
6.945460550365278379e-07
6.947549766342156500e-07
6.951473232816142662e-07
6.954915188925422179e-07
6.959001480481546555e-07
6.962570618535630371e-07
6.966102631340058963e-07
6.968604992614268903e-07
6.971218987446627564e-07
6.975676159039451402e-07
6.979357416557976541e-07
6.983202379901465571e-07
6.988524459573309997e-07
6.994077626909783718e-07
6.999211401221527285e-07
7.004767401776344718e-07
7.009852123318332847e-07
7.014842251506642176e-07
7.020350328919536817e-07
7.025859234979839319e-07
7.029850899522182364e-07
7.033511754739477919e-07
7.035323693012733319e-07
7.038936392048091294e-07
7.041016221179348516e-07
7.043795912381573523e-07
7.049206130867177925e-07
7.054163379931566391e-07
7.059087756513249816e-07
7.064931889935284526e-07
7.070659626080550497e-07
7.076199081561305292e-07
7.079295389633672368e-07
7.083001505423214979e-07
7.087150623032565261e-07
7.093111816148928074e-07
7.098353341284379587e-07
7.103430740139097374e-07
7.109127449664586693e-07
7.114083521462178910e-07
7.118997550119702432e-07
7.123897391114424256e-07
7.128669989018897848e-07
7.131658112136259156e-07
7.136581881708211253e-07
7.143080855076063943e-07
7.147791187356439611e-07
7.151662649221840044e-07
7.156394335844830968e-07
7.161657837453418665e-07
7.165217283496714875e-07
7.169807528112071925e-07
7.174944472717206382e-07
7.179396578408139339e-07
7.185407182704926507e-07
7.189796706922289583e-07
7.193907206924789246e-07
7.197271069748976899e-07
7.201271070354374941e-07
7.204526711004867713e-07
7.208447674807299715e-07
7.210389458809612633e-07
7.213571165078987057e-07
7.215067120482727163e-07
7.217900665322593918e-07
7.221767164317553224e-07
7.226232931761242777e-07
7.226580813534230820e-07
7.230699093269398049e-07
7.234739524094656743e-07
7.239354974410113899e-07
7.243274620113222694e-07
7.247203815946298869e-07
7.251725194952604886e-07
7.254391952683393572e-07
7.257092881817600515e-07
7.259803716030652923e-07
7.263710216211677571e-07
7.267634644319635063e-07
7.271552763840594264e-07
7.275773601867043387e-07
7.279695699478637473e-07
7.283631672716768105e-07
7.285366135598566238e-07
7.288135436871870441e-07
7.291526548331834623e-07
7.296353073659943970e-07
7.300039571797237215e-07
7.304855773305726284e-07
7.306932566939525399e-07
7.309990680624714080e-07
7.314731904551313985e-07
7.318200403823886671e-07
7.321438186029726552e-07
7.326031683622982654e-07
7.330598563770578627e-07
7.333934979154267923e-07
7.337068233257497470e-07
7.341523689297902962e-07
7.345949561207311467e-07
7.350379579656293092e-07
7.352469030127882502e-07
7.355857318780760796e-07
7.360109842934065553e-07
7.363785290570823886e-07
7.364915260907873497e-07
7.367885574085095663e-07
7.372352041001175168e-07
7.376806786020214110e-07
7.380067439372314407e-07
7.382255971954894632e-07
7.386535978733641694e-07
7.387596713500490214e-07
7.390162786327830646e-07
7.393485513926792840e-07
7.395457093415293755e-07
7.398258518694549274e-07
7.402649035278181889e-07
7.405075911604851632e-07
7.409453611472463888e-07
7.413344920785235251e-07
7.416805998723471196e-07
7.421722962781273431e-07
7.423961767734107253e-07
7.428132002799462220e-07
7.429617252369616899e-07
7.431735147170442986e-07
7.435687937587545874e-07
7.439956562926826098e-07
7.444685286539457543e-07
7.448418083146914658e-07
7.452140031564568878e-07
7.454176642873971246e-07
7.458263912195447326e-07
7.461128257530150224e-07
7.465071995989821374e-07
7.467320955395993146e-07
7.470967686815186215e-07
7.474961552777576330e-07
7.477742606374099479e-07
7.481598471760206708e-07
7.485951896832145897e-07
7.489358124430072675e-07
7.493101442948467928e-07
7.496714846730268618e-07
7.496816315608447217e-07
7.497697153057523662e-07
7.498623212872675394e-07
7.499664206705023559e-07
7.501998848863109606e-07
7.506029537051110710e-07
7.510103543625590725e-07
7.514152686525050828e-07
7.517094551998143651e-07
7.519980628936102516e-07
7.524129186907751109e-07
7.527110478708799500e-07
7.531138640153008423e-07
7.533255135923159114e-07
7.537328917289618138e-07
7.539431388408904639e-07
7.540433182408930069e-07
7.542182551030832309e-07
7.544623161052750031e-07
7.546584384032790111e-07
7.551318192783698543e-07
7.554219104302657024e-07
7.558163393095075415e-07
7.562572794612994368e-07
7.566940034758923824e-07
7.570628478631285139e-07
7.574298502475770486e-07
7.576993369793472116e-07
7.580351323610205302e-07
7.583720829659547477e-07
7.587094141797013096e-07
7.590984526601758487e-07
7.592426860986073575e-07
7.593846245569082870e-07
7.597242289814136794e-07
7.599763517378394994e-07
7.602259430297022948e-07
7.605464112170803252e-07
7.608735754554038309e-07
7.612021456331201356e-07
7.615316292106607967e-07
7.617767558927876725e-07
7.620856494410381008e-07
7.623185522913207310e-07
7.625996524710879824e-07
7.629174033280101813e-07
7.630609658451587924e-07
7.633057803045498114e-07
7.635769883735353276e-07
7.638644888772880510e-07
7.641391407857093658e-07
7.643373380334701419e-07
7.644662062522369526e-07
7.646104745792586626e-07
7.649600006445441514e-07
7.653090543994664800e-07
7.656554519910563987e-07
7.660030685089914836e-07
7.663995148138825305e-07
7.665698873684087500e-07
7.667963618842557493e-07
7.670065058030226091e-07
7.673962296779529238e-07
7.674851575780988287e-07
7.676752062635060502e-07
7.677628161717072220e-07
7.678397195902111400e-07
7.680336339216262941e-07
7.681254338763886078e-07
7.684682361099551521e-07
7.686747514989270122e-07
7.690484176564034668e-07
7.692138228412713608e-07
7.692978104291099450e-07
7.696666152926188993e-07
7.698625290217243322e-07
7.700218630054085608e-07
7.704614071709349018e-07
7.709249470831401707e-07
7.713021600185246419e-07
7.715897544260048945e-07
7.718384458594247006e-07
7.720079301210305767e-07
7.723214664334540170e-07
7.724072894043007689e-07
7.725963761404973608e-07
7.727918161999457237e-07
7.730899556319982199e-07
7.733403338161453138e-07
7.736616065920364939e-07
7.738530635584547559e-07
7.739310520622333108e-07
7.741472593690800385e-07
7.745720871423749428e-07
7.748702385487699016e-07
7.751739641107630097e-07
7.754932543068921230e-07
7.756803810974890723e-07
7.758276664770040995e-07
7.760143709238275964e-07
7.760930968682878799e-07
7.762467149516357167e-07
7.767786133513440215e-07
7.770876926136625301e-07
7.773385394762218202e-07
7.776117713977056906e-07
7.779123662733246831e-07
7.779899909634694947e-07
7.781822427755918367e-07
7.784052299554040875e-07
7.784792666148722322e-07
7.787483156004639698e-07
7.789434835069554070e-07
7.790242744266158097e-07
7.794445148495435658e-07
7.796861158800979947e-07
7.799207109732384143e-07
7.801215293807622883e-07
7.803288211501785294e-07
7.804440704180929873e-07
7.806335599265141407e-07
7.807169349327196614e-07
7.809857415587111538e-07
7.813627290210038261e-07
7.816744090186664787e-07
7.818732459275950100e-07
7.820841363151998533e-07
7.822785221778805450e-07
7.824917287769873286e-07
7.827022456032112627e-07
7.828954139068805229e-07
7.829492714926293417e-07
7.830104864866368239e-07
7.835081373790046519e-07
7.838837233357274985e-07
7.840723938398740938e-07
7.842774371023535019e-07
7.843286651725677800e-07
7.845130720469725843e-07
7.847070953300211761e-07
7.849028110514246673e-07
7.851173416870365974e-07
7.851737550357641646e-07
7.856590813972881616e-07
7.858896897370340079e-07
7.861159563118943087e-07
7.861782409869922619e-07
7.865091300736195382e-07
7.868937130225435665e-07
7.871515020700738710e-07
7.873163886818231002e-07
7.876039730893874904e-07
7.878125314619380281e-07
7.881821164069907091e-07
7.885170496183201399e-07
7.888392471135194976e-07
7.890491303487374491e-07
7.892613413769777922e-07
7.894780189290504158e-07
7.896316475127990960e-07
7.897587448339388725e-07
7.900239853388647744e-07
7.901533144463644683e-07
7.903432129420103545e-07
7.906107370974023139e-07
7.908316797111449841e-07
7.909798036826791537e-07
7.911141268647042049e-07
7.913446207585052138e-07
7.916860553841603586e-07
7.919033366346583038e-07
7.922296760595168594e-07
7.923959247962906570e-07
7.926004175755065510e-07
7.929140580542107711e-07
7.930716498552121554e-07
7.932567347054257229e-07
7.932743502543173137e-07
7.934026606262038461e-07
7.936072092358367474e-07
7.938840383348753715e-07
7.940260834618364583e-07
7.941503469117896072e-07
7.943068129749464628e-07
7.944882803666307171e-07
7.947052283291457814e-07
7.949820457413253487e-07
7.951031316899216182e-07
7.952094648005623370e-07
7.954287479426481743e-07
7.956386091961241588e-07
7.957623065321258179e-07
7.960414264788241362e-07
7.961661658500245353e-07
7.963847397783497191e-07
7.965957649612290946e-07
7.966337572120633576e-07
7.967781378327531730e-07
7.971724911962155203e-07
7.973482234374033561e-07
7.975830586223732880e-07
7.978166147553738502e-07
7.979529628933860506e-07
7.979855562714587471e-07
7.980173802158583729e-07
7.981455007232518057e-07
7.983178843341199991e-07
7.985147293808876580e-07
7.988023459929085536e-07
7.988769584943459449e-07
7.990583435198888988e-07
7.991105818905078166e-07
7.991742454138830309e-07
7.993786841107890435e-07
7.996812875617879662e-07
7.998293397266174402e-07
8.000127799930584072e-07
8.001619636566256185e-07
8.002116834283390629e-07
8.004962499178184849e-07
8.007409096996292802e-07
8.009724860836535793e-07
8.010706487357767386e-07
8.012134518378675585e-07
8.013643226806808960e-07
8.014429761549773874e-07
8.015960624739198970e-07
8.017573100269124968e-07
8.019022214451839046e-07
8.019438756063702611e-07
8.020965596644779985e-07
8.022471277234185284e-07
8.024580272323486980e-07
8.026295903372586911e-07
8.027585877704866652e-07
8.029073157807862181e-07
8.030545273904005475e-07
8.030983970152862911e-07
8.034050376131643597e-07
8.035574365006854039e-07
8.036263298559108333e-07
8.037446229913150641e-07
8.040798980564013679e-07
8.042678589430523376e-07
8.044099678856858407e-07
8.046140844189076032e-07
8.048174220239185115e-07
8.050193710429070755e-07
8.051889939235790225e-07
8.053422511740759611e-07
8.054256247914943083e-07
8.054693582819088431e-07
8.055185961847614622e-07
8.058034512156881528e-07
8.060706304816392127e-07
8.061724022309104491e-07
8.063176838368491718e-07
8.064427383343391968e-07
8.066809380418766032e-07
8.069173312497604046e-07
8.071338094652999754e-07
8.073534346916838780e-07
8.076008977996883353e-07
8.077880252102278516e-07
8.080570317742041288e-07
8.083144580286943940e-07
8.084241933195783829e-07
8.086178016368644468e-07
8.088158310637541883e-07
8.090309648384821383e-07
8.092736539156071031e-07
8.094267849563804503e-07
8.094687930098282530e-07
8.096991243514418608e-07
8.099354233908802201e-07
8.100609846022647892e-07
8.102357309766994011e-07
8.104089675259067960e-07
8.106047268648324019e-07
8.107816522088017431e-07
8.109785871362538087e-07
8.110919434736479593e-07
8.113018460152876658e-07
8.114013261715670716e-07
8.114529820216047345e-07
8.115712745921419628e-07
8.116248841936336834e-07
8.117631666589387010e-07
8.118729362441694094e-07
8.121032042158522663e-07
8.122729720426047395e-07
8.125015871973677717e-07
8.127230890527005599e-07
8.128471611708941392e-07
8.130171598673233846e-07
8.132144239291496328e-07
8.133289581306423614e-07
8.135197890835650119e-07
8.135892321457910344e-07
8.136638689181335780e-07
8.137312508029533555e-07
8.139039399564967593e-07
8.141021282321648032e-07
8.142299014250738669e-07
8.143597719142931445e-07
8.144893968118171974e-07
8.146744086985086093e-07
8.147471945801398524e-07
8.148735339529498065e-07
8.149222453608882721e-07
8.150909711504411017e-07
8.152363544976143819e-07
8.154139236495791485e-07
8.154600180719583970e-07
8.156405079611245293e-07
8.157389783435601858e-07
8.159422673965548895e-07
8.160642281262569850e-07
8.163598581244011880e-07
8.164989654853307047e-07
8.165498570192990636e-07
8.165873457422650162e-07
8.167348877579570314e-07
8.168558522039444752e-07
8.170288332251712746e-07
8.171129543657984421e-07
8.173112960798680011e-07
8.174744337103713950e-07
8.175792603803684649e-07
8.176135332873822697e-07
8.177910337654988340e-07
8.179685462265957970e-07
8.181700524472914743e-07
8.182898368497470968e-07
8.184051572532408704e-07
8.186114981531811213e-07
8.186874616662895981e-07
8.187814133062023251e-07
8.188236214742803514e-07
8.190899141872484552e-07
8.192244905452555774e-07
8.193990276095352943e-07
8.196886929010563080e-07
8.198285365127178702e-07
8.199688288116335213e-07
8.199996642128900145e-07
8.200709671888295027e-07
8.203550484355060181e-07
8.205963526028963776e-07
8.206608980428948797e-07
8.208724857453706558e-07
8.209350563142985135e-07
8.210068430956236675e-07
8.210521383314270351e-07
8.210838811378379237e-07
8.211342473469910657e-07
8.211874723357008075e-07
8.212783964498353335e-07
8.214512884859506376e-07
8.216244961951892385e-07
8.217952230069661539e-07
8.219321873340296606e-07
8.220750091189041696e-07
8.221400851229354694e-07
8.221993519420249580e-07
8.222316812660523948e-07
8.223327883491277979e-07
8.223481962549501102e-07
8.224038577553330223e-07
8.224223924211800093e-07
8.225946321871705414e-07
8.227041318420950942e-07
8.227375639207469107e-07
8.229133503541025776e-07
8.229450586423122441e-07
8.229823106262135656e-07
8.230959311052584172e-07
8.231355811134160260e-07
8.231989086921891525e-07
8.232371719657078351e-07
8.233154033851638709e-07
8.233598611697000939e-07
8.234121090888477343e-07
8.235173072250113678e-07
8.237032017286737665e-07
8.238625729119909836e-07
8.239922904923365811e-07
8.240362346065356333e-07
8.240661846109928380e-07
8.241348855157927663e-07
8.242427232567324623e-07
8.243626083038522005e-07
8.244929540224877339e-07
8.246238398634599712e-07
8.247279211036652684e-07
8.249336626770298995e-07
8.250461734616710004e-07
8.251185169612497116e-07
8.251758427582380460e-07
8.253516510961231211e-07
8.254416135356510756e-07
8.254753343967789975e-07
8.255918587484081231e-07
8.256322537703468018e-07
8.256842202598248430e-07
8.257219081894826973e-07
8.257767613270087986e-07
8.258170569947250335e-07
8.258941132995486853e-07
8.259368511817250507e-07
8.259667938495461376e-07
8.260747276623310929e-07
8.262058301868765369e-07
8.262535438298813422e-07
8.263356386532257000e-07
8.264679722805921744e-07
8.265440038045396374e-07
8.265862622074270248e-07
8.266386480090594028e-07
8.267561290708147732e-07
8.268749285006822086e-07
8.269897192632579016e-07
8.270442855716300367e-07
8.271560062940319968e-07
8.272582017757046168e-07
8.272828616819117977e-07
8.273338736530711419e-07
8.274188452939481459e-07
8.275544083618255000e-07
8.275993326667136465e-07
8.276787537297314176e-07
8.277975202108835078e-07
8.278759613185527715e-07
8.279546764877277855e-07
8.280719490297829013e-07
8.281896562631823773e-07
8.282891963661578997e-07
8.283296930891834682e-07
8.283569451088718674e-07
8.284582835465857686e-07
8.285742345150541797e-07
8.286797704533987297e-07
8.287531724187889427e-07
8.287930511470585798e-07
8.288194813035174776e-07
8.288651530522060585e-07
8.289453655632683763e-07
8.290318757884341805e-07
8.290886444926171295e-07
8.292056976461512023e-07
8.292881373070027521e-07
8.293872351938875549e-07
8.295478577675129865e-07
8.296661549846005364e-07
8.296953904700483123e-07
8.297119028265992836e-07
8.298851462282701876e-07
8.299976431914801826e-07
8.300456612033397165e-07
8.300658023507606176e-07
8.301514720891027292e-07
8.302618229354277336e-07
8.304511231023564925e-07
8.306127768939858984e-07
8.307222879825498555e-07
8.307609974337320343e-07
8.308031923012742534e-07
8.309656037825570311e-07
8.310253570350695361e-07
8.311307389047003089e-07
8.311932001016582287e-07
8.312757802669318532e-07
8.314378877870046725e-07
8.315113744589082303e-07
8.316106499847052274e-07
8.317645705106682617e-07
8.318322657361688964e-07
8.319845681678341419e-07
8.320513395634946265e-07
8.322111140314910205e-07
8.323219074093918950e-07
8.323799973907700032e-07
8.324226957538433560e-07
8.324901354170205501e-07
8.326306954465025573e-07
8.326738898850975787e-07
8.327440518922997728e-07
8.328502435038032637e-07
8.329042891929419237e-07
8.329920548456117147e-07
8.330465788375976217e-07
8.331084510494924191e-07
8.332585404123197397e-07
8.333333547651257103e-07
8.334375169652894069e-07
8.334808048895987627e-07
8.335873179491446718e-07
8.336892458789349711e-07
8.337727109269735522e-07
8.338046293411959074e-07
8.338086073096677835e-07
8.338654431366916111e-07
8.339077524441449342e-07
8.340528323333917282e-07
8.341272913491988472e-07
8.341905282637895023e-07
8.342546752472171673e-07
8.343034153844111856e-07
8.343617521761016081e-07
8.344133336438610692e-07
8.344521869425640756e-07
8.344878087306073615e-07
8.345744118808668855e-07
8.346234391612077601e-07
8.346949055101446213e-07
8.347201871307106199e-07
8.347680778460562808e-07
8.348183436731172621e-07
8.348710833747992366e-07
8.349678470747744707e-07
8.350203627011891319e-07
8.351618028422272999e-07
8.351894166638424869e-07
8.352413289645347936e-07
8.352575614048571547e-07
8.353522720434904389e-07
8.354613277057941085e-07
8.355576818929427725e-07
8.356910128768753002e-07
8.357755504269267751e-07
8.359151814034253014e-07
8.360253604307373294e-07
8.360976264387427314e-07
8.362015259862733680e-07
8.363827950546183818e-07
8.364167965909956321e-07
8.365400368131887103e-07
8.365927297244694523e-07
8.366474593755702380e-07
8.366419413290323367e-07
8.366881226087908225e-07
8.367043100316416953e-07
8.367291114256372390e-07
8.368149727285528079e-07
8.368524918865499088e-07
8.369656230367149747e-07
8.370597717354774068e-07
8.371629164541938396e-07
8.372211053113865831e-07
8.373064200432258996e-07
8.374549130441397926e-07
8.376136597462941865e-07
8.377719054858334208e-07
8.379310306806946987e-07
8.380540312940050049e-07
8.382127211532453696e-07
8.383701266038437955e-07
8.384520292864481681e-07
8.385942378368435224e-07
8.386488804603878931e-07
8.387913338354479984e-07
8.389149056039470821e-07
8.390578725432244708e-07
8.391407896080631272e-07
8.391903780646186418e-07
8.393210920078010857e-07
8.393755910583470541e-07
8.394303623863831674e-07
8.395038179084457433e-07
8.395774100059171401e-07
8.396190323242397448e-07
8.396937543271316243e-07
8.398427324944292173e-07
8.399776939459436090e-07
8.400691765626380417e-07
8.401449944604778827e-07
8.402187075382712371e-07
8.403866760066758727e-07
8.404391993973382121e-07
8.405386526245831049e-07
8.406319527434943042e-07
8.407746955362315335e-07
8.408540106551736351e-07
8.409974040242498979e-07
8.410306240029225761e-07
8.410898418410037421e-07
8.410808446484376579e-07
8.410977443643585840e-07
8.411073226991694421e-07
8.412321598304192094e-07
8.412726578078102579e-07
8.414415831323874060e-07
8.414737427829656502e-07
8.415142418452520618e-07
8.415960630281260776e-07
8.417291042598665711e-07
8.417604804885486283e-07
8.418028778742651503e-07
8.419199974499467074e-07
8.419537623455619471e-07
8.420537126369011907e-07
8.421910158529935996e-07
8.422697478882426019e-07
8.423874141119500723e-07
8.425073727668808013e-07
8.426669533405341109e-07
8.427438185947545805e-07
8.428273600939769715e-07
8.428436873717076796e-07
8.429544837073247861e-07
8.430440405815276124e-07
8.430992757248603456e-07
8.431648459284041072e-07
8.432370399519765489e-07
8.433248767486789386e-07
8.433920473309606518e-07
8.434836688945897157e-07
8.436068797655712767e-07
8.436551739192022573e-07
8.437470728631326493e-07
8.437596678735305625e-07
8.437544521001262009e-07
8.437839022479527179e-07
8.439244390382227965e-07
8.439802487781155051e-07
8.440394042638392104e-07
8.441353469714233280e-07
8.441967190759646265e-07
8.441886155798527055e-07
8.441791667922521749e-07
8.442431231766884730e-07
8.442740878523557335e-07
8.443010725935158612e-07
8.443420569375882826e-07
8.443421895252091865e-07
8.443465202581531854e-07
8.443574263062343380e-07
8.444156112184267162e-07
8.444672363716294287e-07
8.444806490741891018e-07
8.444985029731831429e-07
8.445933164902024571e-07
8.446360200881097834e-07
8.446886485378368522e-07
8.447548567026851691e-07
8.448113989299059044e-07
8.448438451938584833e-07
8.448559159698346335e-07
8.448615035248015589e-07
8.449006185763090085e-07
8.449083117926973993e-07
8.449377214249531332e-07
8.449752978397520899e-07
8.450209484725480644e-07
8.450688162356999697e-07
8.451162605841886434e-07
8.451625682881893320e-07
8.452108721254652956e-07
8.452585449549542081e-07
8.453068094171433006e-07
8.453549693721290047e-07
8.454060419235935916e-07
8.454710428751619397e-07
8.455217158254337040e-07
8.455909060123785869e-07
8.456700927885417664e-07
8.457153222245634721e-07
8.457749540825633785e-07
8.458931778477238579e-07
8.460186055200456950e-07
8.460781317597673908e-07
8.461307764982955891e-07
8.461846838573012809e-07
8.462982025762452925e-07
8.463607319852448166e-07
8.464112881732415647e-07
8.464449126204011612e-07
8.464578381110007193e-07
8.465856411633480566e-07
8.466444049115929553e-07
8.466591057662242786e-07
8.467557193441826020e-07
8.468501850873493452e-07
8.469010768117087936e-07
8.469516084031498908e-07
8.469935635031531849e-07
8.470343370412979826e-07
8.470697056618006219e-07
8.471633353701979710e-07
8.471759352357261634e-07
8.471904984834083315e-07
8.472147259124587927e-07
8.472940756738000163e-07
8.473885241190486931e-07
8.474677130417825669e-07
8.475127557295125636e-07
8.475591353335719899e-07
8.476058483540261861e-07
8.476546721287358298e-07
8.476692850295103300e-07
8.477245644927232037e-07
8.477673681150537113e-07
8.477800607378511857e-07
8.478298542747637656e-07
8.478760613404994605e-07
8.479328263232718489e-07
8.479988743183320429e-07
8.480127218825956836e-07
8.480585413430875585e-07
8.480725335236754462e-07
8.481190642814289133e-07
8.481292914798177286e-07
8.481758879496525485e-07
8.482169051333775175e-07
8.482654586912277479e-07
8.482815329093489710e-07
8.482954253583633545e-07
8.483748527665937660e-07
8.484556319065244078e-07
8.485355256362283831e-07
8.486151294799378119e-07
8.486956871895720561e-07
8.487749688267104744e-07
8.488473394626742936e-07
8.488895896374918899e-07
8.489363054833823474e-07
8.489456952683132396e-07
8.490039997139859285e-07
8.490242482126261471e-07
8.489965208650432182e-07
8.490700112842508161e-07
8.491509609734041669e-07
8.492084841070341788e-07
8.492808169001669410e-07
8.492960251071750210e-07
8.493755047747383105e-07
8.494478894018220987e-07
8.495216148427612852e-07
8.495881147122629782e-07
8.496244093867798206e-07
8.496534070814313774e-07
8.496538128167619474e-07
8.497232088050913746e-07
8.497913963796928117e-07
8.497785515480466367e-07
8.497978960370138480e-07
8.498704800898144704e-07
8.499487025522045620e-07
8.500134228005877997e-07
8.501008465462727439e-07
8.502066420557774201e-07
8.503029486781985656e-07
8.503452659614335518e-07
8.504276028846826178e-07
8.504814490046346383e-07
8.505329906719901743e-07
8.506000746174048667e-07
8.506418317202220271e-07
8.507231017252665708e-07
8.507478001208975732e-07
8.507585497051080838e-07
8.507941132130669039e-07
8.508755204178935590e-07
8.509322410940453667e-07
8.509355266189630710e-07
8.509466277220750734e-07
8.510154668774604589e-07
8.510980554367359347e-07
8.511810733029547311e-07
8.512386081623750223e-07
8.512363154414213913e-07
8.512424657090972178e-07
8.512792187424889702e-07
8.512882527551942009e-07
8.513273381147704951e-07
8.514104075225364972e-07
8.514924341756302683e-07
8.515728211730194073e-07
8.516535348813246934e-07
8.517346168673789234e-07
8.518141868243319811e-07
8.518922845543544903e-07
8.519708719051351273e-07
8.520487052830356595e-07
8.520905817308876757e-07
8.520826421276698805e-07
8.520845758790586442e-07
8.521159007119401254e-07
8.521201826203123050e-07
8.521520482526834625e-07
8.521568211014577498e-07
8.521934890381529714e-07
8.522727081240981328e-07
8.523522636312555747e-07
8.524058200873745441e-07
8.524053049548671827e-07
8.524136192779831305e-07
8.525037153340627205e-07
8.525194796726672208e-07
8.525366994407157153e-07
8.525439149106999072e-07
8.525649238558193491e-07
8.525826426984957974e-07
8.526355318647169093e-07
8.526897389555309295e-07
8.527564297087944545e-07
8.528233030819043274e-07
8.528906305873558513e-07
8.529583714109551896e-07
8.529976404304751045e-07
8.530518716435662527e-07
8.530932590300513933e-07
8.531121094730635811e-07
8.531189270156195828e-07
8.531578648574773715e-07
8.532124830720096678e-07
8.532261100398993763e-07
8.532900973348515205e-07
8.533209871865934711e-07
8.533521368081357856e-07
8.534089686168889920e-07
8.534401187305423081e-07
8.534991366998917855e-07
8.535316617362626740e-07
8.535402825324069752e-07
8.535789476984000950e-07
8.536145659747292731e-07
8.536765301956445640e-07
8.537380643605298185e-07
8.538004740865589398e-07
8.538342862618575353e-07
8.538624307460808849e-07
8.538637365194362288e-07
8.538598638057825255e-07
8.539094294496511403e-07
8.539464482837838037e-07
8.540064871259013070e-07
8.540674661261344722e-07
8.541285263211400871e-07
8.541902484911277030e-07
8.542525773674304456e-07
8.543141805825802619e-07
8.543769352075105821e-07
8.544401517918827232e-07
8.545037979819400349e-07
8.545665524736727301e-07
8.546299923445673858e-07
8.546423743946479141e-07
8.547037439582297078e-07
8.547401265095457155e-07
8.547784082394884846e-07
8.548490246463383520e-07
8.549189356832467751e-07
8.549906486651847438e-07
8.550615464903664626e-07
8.551599836286982212e-07
8.551670544864569586e-07
8.551840464803937017e-07
8.552492904386761968e-07
8.552899251605606772e-07
8.553407619353213511e-07
8.553790466678156061e-07
8.553977468670412149e-07
8.554183614981391265e-07
8.554639233465471208e-07
8.554856475192635211e-07
8.554828749364211061e-07
8.555341368287172958e-07
8.554781341069762267e-07
8.555179300514432050e-07
8.555478147452829219e-07
8.556111717383407093e-07
8.556638197971844860e-07
8.556946480625411878e-07
8.557689867180848538e-07
8.558155002797647433e-07
8.558206802025713983e-07
8.558249439396312050e-07
8.558403485477338133e-07
8.559133174493250988e-07
8.559952386589695301e-07
8.560490805898189954e-07
8.561143140533967318e-07
8.561530907227450888e-07
8.562551470756307154e-07
8.563542114376975960e-07
8.563915063083543683e-07
8.564882878128845443e-07
8.565236036191271289e-07
8.565377285851609947e-07
8.565641300502795463e-07
8.566182074990187252e-07
8.566455190320908314e-07
8.566982330776623706e-07
8.567387507314119434e-07
8.567834416011216685e-07
8.568045367462701586e-07
8.568005839693640857e-07
8.568322533917937104e-07
8.568561822565040013e-07
8.569010892601190898e-07
8.569352106914844894e-07
8.569790656778692292e-07
8.570287350493403664e-07
8.570665550204462451e-07
8.570735784018619639e-07
8.571089812760992693e-07
8.571175606582400810e-07
8.571686745648661549e-07
8.571958447961372635e-07
8.572489570556546754e-07
8.572878497413574360e-07
8.572956952501677742e-07
8.573600931680718927e-07
8.573977988146629421e-07
8.574075970131555510e-07
8.574461393408750839e-07
8.575286680823980569e-07
8.575530353767218711e-07
8.575623143307267015e-07
8.576114121831041194e-07
8.576691798906715184e-07
8.577172796597225791e-07
8.577377658198799780e-07
8.577766392737472109e-07
8.578016555251167387e-07
8.578303282476125835e-07
8.578616898201547051e-07
8.579176853241407305e-07
8.579267989446180102e-07
8.579729271000689248e-07
8.579844776154543496e-07
8.580176682293405371e-07
8.580220813987989219e-07
8.580761926738538007e-07
8.581033248670396290e-07
8.581060996016167806e-07
8.581626243411072011e-07
8.582078157038261142e-07
8.582345980735755378e-07
8.582359109732098611e-07
8.582756605128293344e-07
8.582774588802658319e-07
8.583361407192350734e-07
8.583374638089470145e-07
8.583879499034924812e-07
8.583916150396215354e-07
8.584157331857779492e-07
8.584521738824022459e-07
8.585319629799352975e-07
8.586194462499333207e-07
8.586450148652510855e-07
8.586451392736913518e-07
8.587117564389815037e-07
8.587408970783025283e-07
8.587443901488156571e-07
8.588007979475570902e-07
8.588401442457242308e-07
8.588788443122588688e-07
8.589504090968837873e-07
8.590103688031033556e-07
8.590157770793109828e-07
8.591021148327759027e-07
8.591545119252005547e-07
8.592009673148568420e-07
8.592609412443510637e-07
8.592757516790253331e-07
8.592911568535992244e-07
8.593074924191238049e-07
8.593453669680087346e-07
8.593599892929557682e-07
8.594080396361340496e-07
8.594219445483993716e-07
8.595125768131649426e-07
8.595107153399995524e-07
8.595301963150346786e-07
8.595307991974466700e-07
8.595552689166399336e-07
8.595631333464570011e-07
8.595547579299770489e-07
8.596042355571499016e-07
8.596307753839557280e-07
8.596249729603916320e-07
8.596652360353432947e-07
8.597202645481895886e-07
8.597449622941814723e-07
8.597988777891231698e-07
8.598264749661416730e-07
8.598813571073758721e-07
8.598989917938955627e-07
8.600017435678264243e-07
8.600102166815287699e-07
8.600458730951864788e-07
8.600994942913201440e-07
8.601367412297328134e-07
8.601975220006298194e-07
8.602395677311492017e-07
8.602560243542107340e-07
8.603148624917912073e-07
8.603389643427026885e-07
8.603778701602377042e-07
8.604250984619952102e-07
8.604549617256664158e-07
8.604798872973379461e-07
8.605580866230427770e-07
8.605787279684129624e-07
8.606183225022723671e-07
8.606432777183728099e-07
8.606038843728892854e-07
8.606058413002841674e-07
8.606235993329577647e-07
8.607241755216097691e-07
8.607538067067236506e-07
8.607826081573854913e-07
8.608114662608930970e-07
8.608430442175974192e-07
8.609199891496477151e-07
8.609294375976150331e-07
8.609585967248584408e-07
8.609864882537012979e-07
8.610122876968488074e-07
8.610266357032639779e-07
8.610714532277503218e-07
8.611017537314132752e-07
8.611040884698020671e-07
8.610963108583868512e-07
8.611085464904989714e-07
8.611622044240645215e-07
8.612020950603703527e-07
8.612317131442997487e-07
8.612735874629802920e-07
8.613117229702883917e-07
8.613346866460160964e-07
8.613826692982207611e-07
8.614311971649891069e-07
8.614773377184806464e-07
8.615427271997550551e-07
8.615992161910172065e-07
8.616320620409937302e-07
8.616738815635981030e-07
8.616828926273689609e-07
8.617152532273257513e-07
8.617602180158662559e-07
8.617533871439275753e-07
8.617747767038303086e-07
8.617990922050007563e-07
8.618240909435861112e-07
8.618788038370915710e-07
8.619030950834070821e-07
8.619077494316180332e-07
8.619100214461142440e-07
8.619504843521174405e-07
8.619599665626956397e-07
8.619933134217416802e-07
8.620034020907326030e-07
8.620076462341832868e-07
8.620330930223493287e-07
8.620430387257983035e-07
8.620859365728854272e-07
8.621171268055317709e-07
8.621570859317996101e-07
8.621761464198794771e-07
8.621846045248651639e-07
8.622285506515606062e-07
8.622725293099590745e-07
8.622979626284338650e-07
8.623160033404476495e-07
8.623207179134374338e-07
8.623602494196566544e-07
8.623795443984879310e-07
8.624267022476051756e-07
8.624621647810702266e-07
8.625067844883991371e-07
8.625364012242186347e-07
8.625430330059129620e-07
8.625548399271368350e-07
8.626217651100486129e-07
8.626940771382201304e-07
8.627322905023223466e-07
8.627515134016842016e-07
8.627662869762569452e-07
8.627900846433404218e-07
8.627828635946345030e-07
8.628100878540135371e-07
8.628358367728291538e-07
8.628496077765346905e-07
8.629114412582043638e-07
8.629405501348608337e-07
8.629982432222010059e-07
8.630482350313321645e-07
8.630864497539519848e-07
8.631168561526069541e-07
8.631436673753113516e-07
8.631722454234746087e-07
8.631659259230015397e-07
8.631704904330344208e-07
8.631554309474838024e-07
8.631702591060957000e-07
8.632143208650744437e-07
8.632292972001107121e-07
8.632569663688597879e-07
8.632735293770171874e-07
8.633111372118142612e-07
8.633183590224261043e-07
8.633282033157004904e-07
8.633725193100821524e-07
8.633779840795200207e-07
8.634362507893043268e-07
8.634835510558920155e-07
8.635160631647821120e-07
8.635508284399758187e-07
8.635707847641138031e-07
8.635767349565489792e-07
8.635972391746820370e-07
8.636052903174974917e-07
8.636274713054812638e-07
8.636827389763212452e-07
8.637070632339372483e-07
8.637590602448094937e-07
8.637709080897490929e-07
8.637954614033440049e-07
8.638334261931044672e-07
8.638507809203720973e-07
8.638595897680071545e-07
8.638682673723986499e-07
8.638999620379603848e-07
8.639125111358182005e-07
8.639041634094533579e-07
8.638954085130840324e-07
8.638828412223029627e-07
8.639333445580510755e-07
8.639759140360566962e-07
8.640085817478008206e-07
8.639948943373184977e-07
8.640277341513772028e-07
8.640120421901295298e-07
8.640593469064582702e-07
8.641149613302157644e-07
8.641589662855165274e-07
8.641697140012792943e-07
8.641816783396271233e-07
8.642260324611552389e-07
8.642401102723160537e-07
8.642211870567222066e-07
8.642280490410580365e-07
8.642590764160425935e-07
8.642823963745486687e-07
8.642959058928561577e-07
8.642975278796518215e-07
8.643331548476005825e-07
8.643722547490499501e-07
8.643608255420095211e-07
8.643782352410731652e-07
8.643787076619598314e-07
8.643854003796875106e-07
8.644303157864446771e-07
8.644757042376447312e-07
8.644721376300150402e-07
8.644971408222116462e-07
8.644974534486958158e-07
8.644967426634383234e-07
8.645445808075189416e-07
8.645980661685143711e-07
8.646498082246085688e-07
8.647005140943000909e-07
8.647508950958159717e-07
8.647734202767449327e-07
8.647869464137284149e-07
8.648361640954986918e-07
8.648467567727038508e-07
8.649076946462661606e-07
8.649231985052250293e-07
8.649287375254533164e-07
8.649320229245457587e-07
8.649300393923840812e-07
8.649170255516684290e-07
8.649319789316960395e-07
8.648716387964973742e-07
8.648697998586382517e-07
8.648863845044441418e-07
8.649016600741444554e-07
8.649556877412538407e-07
8.649749254413905304e-07
8.650067751396216178e-07
8.650423868459095650e-07
8.650441673217416505e-07
8.650936289614045813e-07
8.650969959161342019e-07
8.651504023266166096e-07
8.652076623299715767e-07
8.652437742795923040e-07
8.653027187819527710e-07
8.653386453018926007e-07
8.653673143821568309e-07
8.653878983497648322e-07
8.653880967915390781e-07
8.654392372279155334e-07
8.654608692072014621e-07
8.654981730753558140e-07
8.655044709087721497e-07
8.655754574957341158e-07
8.656263448013131549e-07
8.656755706724207355e-07
8.657109135473364025e-07
8.657307480944226511e-07
8.657410946903169428e-07
8.657974879559248825e-07
8.658552408648330174e-07
8.659072612635962494e-07
8.659350730078942459e-07
8.659646270349459944e-07
8.660097168965588967e-07
8.660213301026154233e-07
8.660457016595823578e-07
8.660731162236809133e-07
8.660951267726328103e-07
8.661196635671156875e-07
8.661228634505902791e-07
8.661169595248630751e-07
8.661279483284586330e-07
8.661912206545591967e-07
8.662692224778272973e-07
8.663259993634229215e-07
8.663498672746063008e-07
8.663966810008710741e-07
8.664090277264573885e-07
8.664423485245670433e-07
8.664634966021944943e-07
8.665043049270424410e-07
8.665278804809408640e-07
8.665472157228581781e-07
8.665964023053508930e-07
8.665913898438754092e-07
8.665895851160999569e-07
8.666495127082685404e-07
8.666422773843295908e-07
8.666822520140000705e-07
8.667157601697846769e-07
8.667199072661563883e-07
8.667227673265681530e-07
8.667143362143822547e-07
8.667220175943926975e-07
8.667266196714855778e-07
8.667435882725248402e-07
8.667750991634229297e-07
8.667862273079888225e-07
8.668036651390479358e-07
8.668037834487350443e-07
8.668142366515612263e-07
8.668643847628670842e-07
8.668733119540443099e-07
8.668708555575434074e-07
8.668886509329961261e-07
8.669070794079285962e-07
8.669553507004311803e-07
8.669732848070364634e-07
8.670108584334160867e-07
8.669975552291779386e-07
8.670130416184334713e-07
8.670273379200660110e-07
8.670187430783535491e-07
8.670324056462122794e-07
8.670670807633335356e-07
8.670740259910777131e-07
8.671034468820905115e-07
8.671151711603129538e-07
8.671153474518406275e-07
8.671431976040263130e-07
8.671664929906641477e-07
8.672175271492076943e-07
8.672368998662364047e-07
8.672587514187321343e-07
8.673089534740310991e-07
8.673488302608732689e-07
8.673685317196017460e-07
8.673788720390680842e-07
8.673582868465007281e-07
8.673799537575661149e-07
8.673889268181131333e-07
8.674000027040357389e-07
8.674265956486150185e-07
8.674376118117658901e-07
8.674483318682732871e-07
8.674533813304181670e-07
8.674681713481976761e-07
8.674948264714031943e-07
8.674832375960777570e-07
8.675107514015934495e-07
8.675168937377824599e-07
8.675335685077905998e-07
8.675411087622660132e-07
8.675605316010660555e-07
8.675964061147401939e-07
8.676387282014520136e-07
8.676859279613648769e-07
8.676903081184305205e-07
8.677055448718095755e-07
8.677441025886183000e-07
8.677583899033121609e-07
8.677523418295627801e-07
8.677653143915972440e-07
8.677953499971643936e-07
8.678229426639742806e-07
8.678369090164543875e-07
8.678535551049437399e-07
8.678703457892111787e-07
8.678916762652394367e-07
8.679020435488223808e-07
8.679832473460151760e-07
8.679838369595379935e-07
8.679484062593778216e-07
8.679491372964732107e-07
8.679193938345410383e-07
8.679207049471308722e-07
8.679478410847862939e-07
8.679788227868147636e-07
8.680448337608187490e-07
8.680989890877183448e-07
8.681431549114829925e-07
8.681825450888827702e-07
8.682001654171018618e-07
8.682506261435782820e-07
8.682675281861664713e-07
8.682697340455699689e-07
8.682603413696163130e-07
8.682583664714078977e-07
8.682651854050380619e-07
8.683371208955168886e-07
8.683681791524052600e-07
8.684212722254464996e-07
8.684453436094239718e-07
8.684611246295005233e-07
8.684647573648825039e-07
8.684596898851941300e-07
8.684698265853633450e-07
8.684604787810120454e-07
8.684726075007029608e-07
8.685188643325536645e-07
8.685636656207727093e-07
8.686081938993039892e-07
8.686498359576745843e-07
8.686584441210769719e-07
8.686742583773639212e-07
8.686772511460269987e-07
8.686888433563018850e-07
8.687291512351588073e-07
8.687338111957014350e-07
8.687254791241831123e-07
8.687574754047037173e-07
8.687822055423320941e-07
8.687825632150201684e-07
8.688043632787592795e-07
8.688051385915927458e-07
8.688447460914242371e-07
8.688389101701563789e-07
8.688143482934701340e-07
8.687983442856994211e-07
8.687997019228216684e-07
8.688112819875390872e-07
8.688486105016853210e-07
8.689018419034303725e-07
8.688984008609240473e-07
8.689084378159511373e-07
8.689112589369154519e-07
8.689381093083346241e-07
8.689626063697364961e-07
8.689429596399663575e-07
8.689367460949068115e-07
8.689641976342806095e-07
8.689784643992991431e-07
8.689964234807556852e-07
8.690227095073023941e-07
8.690106802977482300e-07
8.690207702468219294e-07
8.690304695191924987e-07
8.690373882015140677e-07
8.690505738305727980e-07
8.690561101751559301e-07
8.690665662789426897e-07
8.690717167349814637e-07
8.691105791924038658e-07
8.691465066609848093e-07
8.691676774452882222e-07
8.691572884337820277e-07
8.691348154901235951e-07
8.691572027175604112e-07
8.691771698128044045e-07
8.691799019170594008e-07
8.691776138134188435e-07
8.691763473870772636e-07
8.692398158694608816e-07
8.692474297556959776e-07
8.692555645540114730e-07
8.692614513941312188e-07
8.692383712753243938e-07
8.692600416458311558e-07
8.692403336890557543e-07
8.692455400385019878e-07
8.692900348411055578e-07
8.693204755185746741e-07
8.693259585897996472e-07
8.693517057713609594e-07
8.693964994199643304e-07
8.694345978150514417e-07
8.694050361346624033e-07
8.693933166419272970e-07
8.693815062960381511e-07
8.694098199491675774e-07
8.693977251561893772e-07
8.693943464930132180e-07
8.693828317539029114e-07
8.694114589708327906e-07
8.693984757296926954e-07
8.693927116951062777e-07
8.693891604611006507e-07
8.693741514199046507e-07
8.693730364151402809e-07
8.693573473607513937e-07
8.693522820716342169e-07
8.693698591156002244e-07
8.694048633699175535e-07
8.694054151922690065e-07
8.694138602743741687e-07
8.694550485245231288e-07
8.694553735615742700e-07
8.694742993866788455e-07
8.694840126341637434e-07
8.694976522653773842e-07
8.695190148506457976e-07
8.695309348579433451e-07
8.695394957062430589e-07
8.695625623990691326e-07
8.695731807737546629e-07
8.695750264886695510e-07
8.696148575895507132e-07
8.696317554765663581e-07
8.696250071989689712e-07
8.696418717695844447e-07
8.696584300995341955e-07
8.696690617846206081e-07
8.696753354925119738e-07
8.696845748569241332e-07
8.697072792742834031e-07
8.697271340687747073e-07
8.697361551339444763e-07
8.697634995673485588e-07
8.697711947425186395e-07
8.697809613345957909e-07
8.698085756657679994e-07
8.698254688301601291e-07
8.698330942400347388e-07
8.698739169004065686e-07
8.698753793631551825e-07
8.699023914201378894e-07
8.698916238779044665e-07
8.699028623747736780e-07
8.699164945333381443e-07
8.699296974089035351e-07
8.699308014823567313e-07
8.699402621207836861e-07
8.699502182403855958e-07
8.699873397805131792e-07
8.699613914378050254e-07
8.699754776782582606e-07
8.699878156505442646e-07
8.700049768912874340e-07
8.700169418351925637e-07
8.700312111630838738e-07
8.700449648914170318e-07
8.700911862856722826e-07
8.701033350260125574e-07
8.701174165712857212e-07
8.701315288049455287e-07
8.701473931311413590e-07
8.701524353612755249e-07
8.701660809877408266e-07
8.701701480492043260e-07
8.701841510946205123e-07
8.702088134601304691e-07
8.702211783288113126e-07
8.702535725847939698e-07
8.702946002305789418e-07
8.703252724783302391e-07
8.703288510887791110e-07
8.703348787719668214e-07
8.703414972996472497e-07
8.703345812645898322e-07
8.703433322599658598e-07
8.703831151951646623e-07
8.703981432787393777e-07
8.704041207180718386e-07
8.703857184136297251e-07
8.703809067943146159e-07
8.704009996087226457e-07
8.704110613147272221e-07
8.704537964648178744e-07
8.704957056901823013e-07
8.705341660704961418e-07
8.705517080410087016e-07
8.705621266586495549e-07
8.705619855872364368e-07
8.705713025492798535e-07
8.705973039146559658e-07
8.706017993014711373e-07
8.705984102753819816e-07
8.706273598407297614e-07
8.706504806491483938e-07
8.706729358202050378e-07
8.706634841528496111e-07
8.706932407805086972e-07
8.707219175139414459e-07
8.707302382293875124e-07
8.707619115854621787e-07
8.707707633000977609e-07
8.707850211691450368e-07
8.707815664678978590e-07
8.708000390525327962e-07
8.708209815800138278e-07
8.708319655612600228e-07
8.708424934505483375e-07
8.708627362594864550e-07
8.708493958461471841e-07
8.708526081035030092e-07
8.708579645936882286e-07
8.708482107490000649e-07
8.708498702463307841e-07
8.708364452702922927e-07
8.708266810276646261e-07
8.708531385020593445e-07
8.708576022777902129e-07
8.708849108123860146e-07
8.708966740118721213e-07
8.709102023786552259e-07
8.709195548560227092e-07
8.709463781354779341e-07
8.709986759853861063e-07
8.710341536073221090e-07
8.710492733944214388e-07
8.710530008197380364e-07
8.710499725386281573e-07
8.710416928633610357e-07
8.710301057496875224e-07
8.710214424824763889e-07
8.710203289348174820e-07
8.710278771667328372e-07
8.710311534300971109e-07
8.710711518755831162e-07
8.711044359418074695e-07
8.711175583980540977e-07
8.711338942254093736e-07
8.711250569364723785e-07
8.711556150596633616e-07
8.711478423103883636e-07
8.711703114696962878e-07
8.711706531092248700e-07
8.711677572964881614e-07
8.711936789681793669e-07
8.712060023509036015e-07
8.711944939303905720e-07
8.712154074058782867e-07
8.712138965403477563e-07
8.712332177639912366e-07
8.712514234161210256e-07
8.712485841964315676e-07
8.712252024248604627e-07
8.712147964672087731e-07
8.712349043441466294e-07
8.712421802688873582e-07
8.712028943427644108e-07
8.712127412425656399e-07
8.712453788482826239e-07
8.712599930581590379e-07
8.712850926150090757e-07
8.713291762733722436e-07
8.713412697579441559e-07
8.713560882314862552e-07
8.713653206416523561e-07
8.713801860949800786e-07
8.714401741831152577e-07
8.714506318343619671e-07
8.714794980229426264e-07
8.715122177000746320e-07
8.715396048034604346e-07
8.715725603614592770e-07
8.715792214161257470e-07
8.715702853739625482e-07
8.715648631959548938e-07
8.715757887097558997e-07
8.715681651101204002e-07
8.715712463765084036e-07
8.715734767580083797e-07
8.715859445158246308e-07
8.716338443625446051e-07
8.716707399127060620e-07
8.716753745650335324e-07
8.716961250465735533e-07
8.716836427769060411e-07
8.716962072252114053e-07
8.716828898484630882e-07
8.716940554182896297e-07
8.717383245015478531e-07
8.717519203692898850e-07
8.717387653124533707e-07
8.717531389277191967e-07
8.717521170319067888e-07
8.717700576383421065e-07
8.717924674414838974e-07
8.718148183042342532e-07
8.718362526422806920e-07
8.718661661737102050e-07
8.718901681721328523e-07
8.719234974528931327e-07
8.719509236333399108e-07
8.719722444490377677e-07
8.719942251222846528e-07
8.720169656732971703e-07
8.720310744978452415e-07
8.720588688434628735e-07
8.720851110178163545e-07
8.721067068505841933e-07
8.721314775961727307e-07
8.721691242541771233e-07
8.721726004163215795e-07
8.721899380168434786e-07
8.722055212602823237e-07
8.722217232077297624e-07
8.722213026707521254e-07
8.722333373510667851e-07
8.722327401037527041e-07
8.722332533973620190e-07
8.722240317908779672e-07
8.722216999195049075e-07
8.722263996512029890e-07
8.722444763306436169e-07
8.722627936566959854e-07
8.722796090278808677e-07
8.723055653083079883e-07
8.723290575706701813e-07
8.723524284274027858e-07
8.723300564822166721e-07
8.723323116351544273e-07
8.723228020766399829e-07
8.723345584177008451e-07
8.723464355388970630e-07
8.723583128807741628e-07
8.723401180729637814e-07
8.723277296519470691e-07
8.723327702178480526e-07
8.723434308046070683e-07
8.723521401061013919e-07
8.723851512319457100e-07
8.724271091411886190e-07
8.724473808432121196e-07
8.724266630933218046e-07
8.724412170411740762e-07
8.724324758393347569e-07
8.724272216178125589e-07
8.724345372056984883e-07
8.724231544807171701e-07
8.724110028510197161e-07
8.724113062866831061e-07
8.724072193259458336e-07
8.724081741539465524e-07
8.724068818307063638e-07
8.724268899388867107e-07
8.724247847391609878e-07
8.724269251931534229e-07
8.724431982041077320e-07
8.724392654654129761e-07
8.724319748313854411e-07
8.724234773349338072e-07
8.724316196584274371e-07
8.724449984875467323e-07
8.724475275131984522e-07
8.724486637116831449e-07
8.724738773184878938e-07
8.724826435752632138e-07
8.724806873885962089e-07
8.724984977402387800e-07
8.724950990308530894e-07
8.725078145544570539e-07
8.725019985200910998e-07
8.725156204404898762e-07
8.724747506564224782e-07
8.724825599783022553e-07
8.724913358818332147e-07
8.725064568963668237e-07
8.725040453706385029e-07
8.725183409505945246e-07
8.724802066920897573e-07
8.724816233558159352e-07
8.724911411863798154e-07
8.725213426734113412e-07
8.725560494915349537e-07
8.725773617213409389e-07
8.726285813745432921e-07
8.726675220813667816e-07
8.726712825556052632e-07
8.726927717592715008e-07
8.726979178102573050e-07
8.727105754867142954e-07
8.727246757029161810e-07
8.727337688840600565e-07
8.727610541171982312e-07
8.727920095829704829e-07
8.728061902451541401e-07
8.728130233399232677e-07
8.728332977594660558e-07
8.728392245753148529e-07
8.728678528643505330e-07
8.728739113150370232e-07
8.728856519439837856e-07
8.729147759282230233e-07
8.729429038180369208e-07
8.729566305128997916e-07
8.729579517142805257e-07
8.729682469750079304e-07
8.729793752567167159e-07
8.729938949930408086e-07
8.730160211976385520e-07
8.730122140768992538e-07
8.730279535528154333e-07
8.730235842873746109e-07
8.730210784132804621e-07
8.730371821076164188e-07
8.730741385211077428e-07
8.730827925207127599e-07
8.730753283688570402e-07
8.730745944742269704e-07
8.730793688274897437e-07
8.730848463041561208e-07
8.731069311525493621e-07
8.731275117533956863e-07
8.731465708516884573e-07
8.731435130830426140e-07
8.731639245808948362e-07
8.731551740466510625e-07
8.731763162069863886e-07
8.731756565434017642e-07
8.731750356867928721e-07
8.731751149776157802e-07
8.731773055414399825e-07
8.731738765716670436e-07
8.731716785455527738e-07
8.731622586311445281e-07
8.731565012143239305e-07
8.731508476295495705e-07
8.731658936438676552e-07
8.731607159820841627e-07
8.731698264587593775e-07
8.731916764988969439e-07
8.732125386243543551e-07
8.732125684836653618e-07
8.732489578196204094e-07
8.732587881293704885e-07
8.732919005013220782e-07
8.732938879651945976e-07
8.732859284958741099e-07
8.732786595179574192e-07
8.732714328649894009e-07
8.732647980737702831e-07
8.732732699542513144e-07
8.732663342625703932e-07
8.732747501574056770e-07
8.732698910728445279e-07
8.732819325647817325e-07
8.732724175597215586e-07
8.732923517858155055e-07
8.732799710517002930e-07
8.732668223920950419e-07
8.732654249114416578e-07
8.733179136716992852e-07
8.733069519314812656e-07
8.732967478119325605e-07
8.732906339173145266e-07
8.733046928748497656e-07
8.733167537761804030e-07
8.733053440183239441e-07
8.733034289490399726e-07
8.733204558720221633e-07
8.733212953365957792e-07
8.733292988985998303e-07
8.733348164798920739e-07
8.733307760149028117e-07
8.733388530922579605e-07
8.733365587389986777e-07
8.733273681936483883e-07
8.733547613293399434e-07
8.733495681023235816e-07
8.733632303099505285e-07
8.733612314327054563e-07
8.733551509175084335e-07
8.733814357300808520e-07
8.733968268292220675e-07
8.733890716778950055e-07
8.734110619018099007e-07
8.734023942992200808e-07
8.733916788372694762e-07
8.734099710197090119e-07
8.734195302915578304e-07
8.734455678997383970e-07
8.734302075012587091e-07
8.734391498421159224e-07
8.734335110529817892e-07
8.734396718325647666e-07
8.734654847666850185e-07
8.734548094885116978e-07
8.734424751029859677e-07
8.734669714543850239e-07
8.734930270812122391e-07
8.735051424912641784e-07
8.734972039751558904e-07
8.735141185472143599e-07
8.735235842903383109e-07
8.735123763203030550e-07
8.734998757713640561e-07
8.735018047954042370e-07
8.734971161925328128e-07
8.734754409498218109e-07
8.734714986462187269e-07
8.735041114808770850e-07
8.734910094231330614e-07
8.734788681803675996e-07
8.734662979224202690e-07
8.734853819036280841e-07
8.735017070759914862e-07
8.734890958895407873e-07
8.734646364703929939e-07
8.734486539064104468e-07
8.734587426220165572e-07
8.734438585525195223e-07
8.734590327485080038e-07
8.734743080326178185e-07
8.734596223392799399e-07
8.734380355879561515e-07
8.734267615068943303e-07
8.734173445881159349e-07
8.734103734783968105e-07
8.734139194202421212e-07
8.734264586089999825e-07
8.734568285363053383e-07
8.734642740116908349e-07
8.734752018593941417e-07
8.734976775093749333e-07
8.734932237284850352e-07
8.734902674147694134e-07
8.734938803529526084e-07
8.734901475581024112e-07
8.735335569817937148e-07
8.735542963466232495e-07
8.735595230508383999e-07
8.735563570961215786e-07
8.735753413747596741e-07
8.735945367814493760e-07
8.736085401696115152e-07
8.736244942270313065e-07
8.736494334220873694e-07
8.736397212083939016e-07
8.736377345614802129e-07
8.736517525392922131e-07
8.736531681759281562e-07
8.736667712894447640e-07
8.736563240906639273e-07
8.736687709633901800e-07
8.736622928393777865e-07
8.736768403094716903e-07
8.736834179869410646e-07
8.737039183989440676e-07
8.737024491545200763e-07
8.737218666674525496e-07
8.737480637855635149e-07
8.737469592482022319e-07
8.737241983575215950e-07
8.737145716223631931e-07
8.736929727906366645e-07
8.736842489150759805e-07
8.736596846223928956e-07
8.736478451744169043e-07
8.736503323527421373e-07
8.736533180624530728e-07
8.736914719703243890e-07
8.736931945783482492e-07
8.736975282030742709e-07
8.736838329802403160e-07
8.736729093368655110e-07
8.736883829319441793e-07
8.736803164471796695e-07
8.736850016089721221e-07
8.736831537927979320e-07
8.736805049154899390e-07
8.736770107913800556e-07
8.736905186284557875e-07
8.736995882960976079e-07
8.737194762827210917e-07
8.737328292420834667e-07
8.737516188895050240e-07
8.737714633136710522e-07
8.737499431960633554e-07
8.737559321097798347e-07
8.737682691579993742e-07
8.737590557522145142e-07
8.737388078584585227e-07
8.737486484932644137e-07
8.737519457474269153e-07
8.737387847814277807e-07
8.737389741225538334e-07
8.737481027036199950e-07
8.737504719345630160e-07
8.737381890183047352e-07
8.737576512351040655e-07
8.737738646345036549e-07
8.737865472206078375e-07
8.737796550746652121e-07
8.737751781111055875e-07
8.737730449429351285e-07
8.737761820828913857e-07
8.737601211454383884e-07
8.737607903072354372e-07
8.737627318295669333e-07
8.737735925834637451e-07
8.737809477567781197e-07
8.737651975633750227e-07
8.737547633462361704e-07
8.737421905927199248e-07
8.737425758097857961e-07
8.737457330476244061e-07
8.737485411292754392e-07
8.737539296811493372e-07
8.737632493365230040e-07
8.737600228677939736e-07
8.737690922840788728e-07
8.737820463315597084e-07
8.737906862314755672e-07
8.737793598095689817e-07
8.737756946747311234e-07
8.737714944417153353e-07
8.737978576020017320e-07
8.738031003856703250e-07
8.737982590884938070e-07
8.738039720223742809e-07
8.738170862131132146e-07
8.738232539096935530e-07
8.738312527612730573e-07
8.738248983781497117e-07
8.738277692736620950e-07
8.738483033362398843e-07
8.738577568776564479e-07
8.738829409579921042e-07
8.739082761805422814e-07
8.739252487984353965e-07
8.739304531754388867e-07
8.739223706430930900e-07
8.739391113717258157e-07
8.739334061213760741e-07
8.739322900401628479e-07
8.739455065517271036e-07
8.739622818870047377e-07
8.739569238691643636e-07
8.739815841659334602e-07
8.740047618181130488e-07
8.739929494388897610e-07
8.739766825348382314e-07
8.739695137224210240e-07
8.739629316264438791e-07
8.739549535055055385e-07
8.739468847221154266e-07
8.739401278484292678e-07
8.739386690840200486e-07
8.739374900231882183e-07
8.739391954475072995e-07
8.739377960054124361e-07
8.739375393085438433e-07
8.739341864441659015e-07
8.739275675434062116e-07
8.739255335961925969e-07
8.739286884595909681e-07
8.739292870510852441e-07
8.739199834166101616e-07
8.739383546890932919e-07
8.739611002522008228e-07
8.739594119481129420e-07
8.739501252654501109e-07
8.739417134392942847e-07
8.739752921804497447e-07
8.739924428760579313e-07
8.740264707350967013e-07
8.740510679087537773e-07
8.740534191814305757e-07
8.740395025626661497e-07
8.740231477672080540e-07
8.740370335392898838e-07
8.740283998039326431e-07
8.740356123220939406e-07
8.740246495241924443e-07
8.740467637446111315e-07
8.740282438148250268e-07
8.740264782646241382e-07
8.740421963166404855e-07
8.740520158776684600e-07
8.740616262454514622e-07
8.740805035295068981e-07
8.740764628995231352e-07
8.740651683289436429e-07
8.740804917034251650e-07
8.740692467591677403e-07
8.740631254277195436e-07
8.740550892901247250e-07
8.740372618235259571e-07
8.740414189530484567e-07
8.740280823951812390e-07
8.740430875528419254e-07
8.740352837658478025e-07
8.740305008209011463e-07
8.740258585122736765e-07
8.740217606027626933e-07
8.740181665436620141e-07
8.740402312292556621e-07
8.740396078944322895e-07
8.740502365554411444e-07
8.740248717215839018e-07
8.740163866081607160e-07
8.740083906417219667e-07
8.740095452464962422e-07
8.740129612656109208e-07
8.740134788978508935e-07
8.740143319101505768e-07
8.740475093120171708e-07
8.740531926768583702e-07
8.740646400253369555e-07
8.740644844054513185e-07
8.740519299414121419e-07
8.740624579934117801e-07
8.740493003947270117e-07
8.740367983160752033e-07
8.740322728135425169e-07
8.740163529152540817e-07
8.740308389734429477e-07
8.740124893734383027e-07
8.740071269382992977e-07
8.739964812522583340e-07
8.739915980166602178e-07
8.740100897036919780e-07
8.740296462209131658e-07
8.740478725358584847e-07
8.740403832541379121e-07
8.740332121221143083e-07
8.740139235539923889e-07
8.740003472628038362e-07
8.739849383793309080e-07
8.739798586802211466e-07
8.739729622694198803e-07
8.739738735135270689e-07
8.739676251585814000e-07
8.739741298949223698e-07
8.739716432106370442e-07
8.739706772465813007e-07
8.739693447325924296e-07
8.739759154324407066e-07
8.740044117842605310e-07
8.740185065546644055e-07
8.740201463386577889e-07
8.740292593824901788e-07
8.740402294551496010e-07
8.740669145913145144e-07
8.740524669139813397e-07
8.740438757137571152e-07
8.740313362243191806e-07
8.740202652207762218e-07
8.740197837101876750e-07
8.740213413417205479e-07
8.740246168226531715e-07
8.740389026461977272e-07
8.740253168312767062e-07
8.740463138217429662e-07
8.740613421247067324e-07
8.740444823156066098e-07
8.740560185967998675e-07
8.740452538091269064e-07
8.740336945217832590e-07
8.740364918034935875e-07
8.740355804243573828e-07
8.740338371849345506e-07
8.740275812795101906e-07
8.740432058052915236e-07
8.740341162585546901e-07
8.740302483538011606e-07
8.740535396507536500e-07
8.740481325850706656e-07
8.740416604463053093e-07
8.740364066597982690e-07
8.740293432735635288e-07
8.740562037873174126e-07
8.740623669684039669e-07
8.740646985958125853e-07
8.740610873453506904e-07
8.740640788259252593e-07
8.740904094461234275e-07
8.741055012491436988e-07
8.740854704553973569e-07
8.740705607402441792e-07
8.740731406100172462e-07
8.740698288036660804e-07
8.740707449928376948e-07
8.740783681280760519e-07
8.740830145177448958e-07
8.740794633741415070e-07
8.740740243309334729e-07
8.740849486438610353e-07
8.740685192172248473e-07
8.740731668330483153e-07
8.740776309229475155e-07
8.740758223493409389e-07
8.740721924176616247e-07
8.740612953559453919e-07
8.740787889597191929e-07
8.740778049731813297e-07
8.740626668019839392e-07
8.740672470598843925e-07
8.740627350389453586e-07
8.740802674168200610e-07
8.740883158918069925e-07
8.740863788913468034e-07
8.740780506641076288e-07
8.740784913550194946e-07
8.740674875222059043e-07
8.740665691167333022e-07
8.740563070977549379e-07
8.740625453360092884e-07
8.740569308234172059e-07
8.740593398419158267e-07
8.740616073751311846e-07
8.740647282496678098e-07
8.740667175763396337e-07
8.740707036286100965e-07
8.740766249722650066e-07
8.740761356597381449e-07
8.740812610433150654e-07
8.740803820598973113e-07
8.741045348581633387e-07
8.741173784250906441e-07
8.741250577071706243e-07
8.741564331893307813e-07
8.741665673712790910e-07
8.741610247381643280e-07
8.741672579100870868e-07
8.741581575125989009e-07
8.741854886734130165e-07
8.741924672216148651e-07
8.741752341463981896e-07
8.741858349041908334e-07
8.741972917054239141e-07
8.741881586063214930e-07
8.741746461962815327e-07
8.741668930386012014e-07
8.741601979859141241e-07
8.741760578658631254e-07
8.741830865319517069e-07
8.741733298501937080e-07
8.741648920047098720e-07
8.741580671108501064e-07
8.741524369229102362e-07
8.741374715618496616e-07
8.741557328435593345e-07
8.741511843750408667e-07
8.741449706357485133e-07
8.741495632906911515e-07
8.741544756882979766e-07
8.741470716179336085e-07
8.741618415778645065e-07
8.741542713880604792e-07
8.741501374233341463e-07
8.741476108000022253e-07
8.741693396941666709e-07
8.742043560405789713e-07
8.742367190853579800e-07
8.742667069294072935e-07
8.742690206371753446e-07
8.742726175213568490e-07
8.742528287158406974e-07
8.742716774826058111e-07
8.742632581793768631e-07
8.742494066369526820e-07
8.742661573349817200e-07
8.742516157727615700e-07
8.742667910307578432e-07
8.742623973353866208e-07
8.742289677051997936e-07
8.742207607569651346e-07
8.741984853814641892e-07
8.741957324348589948e-07
8.742061826878457159e-07
8.742025295297084599e-07
8.741970795845292030e-07
8.741853883904549450e-07
8.741830417306233332e-07
8.741733144886923795e-07
8.741795283709768117e-07
8.741774902276663732e-07
8.741785230061140417e-07
8.741764321376977895e-07
8.741796249437432741e-07
8.741786538253738855e-07
8.741794652543563459e-07
8.741893417781543586e-07
8.741869897406694893e-07
8.741947216141355682e-07
8.742248781728978101e-07
8.742404373087565016e-07
8.742597436571283877e-07
8.742571938261927372e-07
8.742452635336310798e-07
8.742471782879768724e-07
8.742396706093079023e-07
8.742467523380623970e-07
8.742706958204549983e-07
8.742879206823167509e-07
8.742794944316912764e-07
8.743070232545560580e-07
8.743016691880302563e-07
8.743306800067249649e-07
8.743372796662424027e-07
8.743285329631726952e-07
8.743316674170891149e-07
8.743360124896201081e-07
8.743427597953641845e-07
8.743445369788252614e-07
8.743384932370801996e-07
8.743341975509166868e-07
8.743273024873588043e-07
8.743490947177061966e-07
8.743444816275665338e-07
8.743460188425635767e-07
8.743558461347082768e-07
8.743744423608702149e-07
8.743726936419079200e-07
8.743833455382132938e-07
8.744008376038273551e-07
8.744143707775515521e-07
8.744242004553614777e-07
8.744194436767764218e-07
8.744502182234384987e-07
8.744791372313674455e-07
8.744765461461598730e-07
8.744684905692950754e-07
8.744591792033845713e-07
8.744532725545403566e-07
8.744464149998858264e-07
8.744404196182249149e-07
8.744329820647863142e-07
8.744286871583414050e-07
8.744105318014899180e-07
8.744296921058192670e-07
8.744402827822652654e-07
8.744636001929423985e-07
8.744782586110861626e-07
8.744620514490093449e-07
8.744494483207104515e-07
8.744314440703187424e-07
8.744301426506548315e-07
8.744171235071463761e-07
8.744072046046530151e-07
8.744086490589704096e-07
8.744305423615876545e-07
8.744139551378354013e-07
8.744113308044528788e-07
8.744006904464538177e-07
8.744079654605439193e-07
8.743931979837978912e-07
8.743881688841685739e-07
8.743749870996073145e-07
8.743663410993490523e-07
8.743747818246967339e-07
8.743657324819730130e-07
8.743725766004755143e-07
8.743697669881112199e-07
8.743885826253129954e-07
8.743934878815673604e-07
8.743824866863584637e-07
8.743657610508481711e-07
8.743594320938356399e-07
8.743462088960761018e-07
8.743398591338299327e-07
8.743452421801763383e-07
8.743345887685275396e-07
8.743248219878334092e-07
8.743292938323799102e-07
8.743342866331585090e-07
8.743524232792316562e-07
8.743439673323452057e-07
8.743496543293369513e-07
8.743475335047412045e-07
8.743572060382550040e-07
8.743660144452681808e-07
8.743671456712085813e-07
8.743692781844300838e-07
8.743542834501010424e-07
8.743676358539036129e-07
8.743677494199111317e-07
8.743737295057896718e-07
8.744007185836762214e-07
8.744056902977895091e-07
8.744010893518443319e-07
8.743963420716274486e-07
8.743917088628894422e-07
8.743772985986106419e-07
8.743766937011569263e-07
8.743761558169630133e-07
8.743799059923230244e-07
8.744113700490529479e-07
8.744145842391888809e-07
8.744035998444331654e-07
8.744155252422322956e-07
8.744220616419528533e-07
8.744093626026886329e-07
8.744004862159564604e-07
8.743943139342222423e-07
8.743882857244595597e-07
8.743949984094067130e-07
8.743869884122732389e-07
8.743779129500757440e-07
8.743688052932482790e-07
8.743847634296545423e-07
8.743806013398318236e-07
8.743868155504444373e-07
8.744027166820309823e-07
8.743905941380085810e-07
8.743693122694693505e-07
8.743643126039243010e-07
8.743627919999355914e-07
8.743567127232942845e-07
8.743480092469913348e-07
8.743360287584113548e-07
8.743288564144106584e-07
8.743173485341922056e-07
8.743143711973269913e-07
8.743115085309567427e-07
8.743018908127160567e-07
8.742962172504668771e-07
8.742909157703875956e-07
8.742870172543719956e-07
8.742840729348875936e-07
8.742959277224665705e-07
8.742920659126078579e-07
8.742896409817195967e-07
8.742824155616819368e-07
8.742757217801961782e-07
8.742880870430006050e-07
8.742994955977616411e-07
8.743027299659625010e-07
8.743015390675923934e-07
8.742905738005291871e-07
8.742891434570760684e-07
8.742844193484125570e-07
8.742799537734739120e-07
8.742786924156492689e-07
8.742857500318484562e-07
8.742782144896253809e-07
8.742898601731355436e-07
8.742971355344175680e-07
8.742852668270183615e-07
8.742770232566839295e-07
8.742669974937399173e-07
8.742611577370363583e-07
8.742523679936866900e-07
8.742592514222816361e-07
8.742484291006487450e-07
8.742319109482092930e-07
8.742248138438704883e-07
8.742436176084514701e-07
8.742411783696486823e-07
8.742335639391270492e-07
8.742281347310002542e-07
8.742477885336734853e-07
8.742533820080273539e-07
8.742708184300276777e-07
8.742758447269999906e-07
8.743062219054960629e-07
8.743137513622205636e-07
8.742993771861915039e-07
8.742947431331286205e-07
8.743128456523274380e-07
8.743149729000220929e-07
8.743205416451245526e-07
8.743092264441885741e-07
8.743136081940882401e-07
8.743168569753834133e-07
8.743236587616891812e-07
8.743295391167375944e-07
8.743382753545544083e-07
8.743286913981978492e-07
8.743201325477262443e-07
8.743117854902123923e-07
8.743178681576217724e-07
8.743053900122215255e-07
8.742942986254599305e-07
8.742835088349764234e-07
8.742689075781843839e-07
8.742605060907423524e-07
8.742590653253254410e-07
8.742510760085552666e-07
8.742443658812672963e-07
8.742456528141332747e-07
8.742557677775600382e-07
8.742461174289195178e-07
8.742405002474293213e-07
8.742367083542922773e-07
8.742362902203424530e-07
8.742273802091502612e-07
8.742258034801160979e-07
8.742255578304279155e-07
8.742264374105423703e-07
8.742185214390811118e-07
8.742182216495497115e-07
8.742119858554962806e-07
8.742116954735121685e-07
8.742013164638448129e-07
8.742084787989484507e-07
8.742150734412209149e-07
8.742042102440118269e-07
8.742076529293300830e-07
8.742032247611833803e-07
8.742030031577840473e-07
8.742193411850951161e-07
8.742320766064647117e-07
8.742353920769408586e-07
8.742294678404835687e-07
8.742421243372033405e-07
8.742363484597568436e-07
8.742342652147683009e-07
8.742384695966112863e-07
