4.314668987435085362e-07
4.309389970950190252e-07
4.304645277829803836e-07
4.299049970979126937e-07
4.294254393314810233e-07
4.290040955246189302e-07
4.286382767713382699e-07
4.285230094028474252e-07
4.283660008704366917e-07
4.281463257050008634e-07
4.284737049183284656e-07
4.286629731856961577e-07
4.289058050349329325e-07
4.291999284760866822e-07
4.295442307885705863e-07
4.296685820274112038e-07
4.296281990479191896e-07
4.294879613615148580e-07
4.298336472179674907e-07
4.295639259569854341e-07
4.303596552178050623e-07
4.308275174658509618e-07
4.312068806137192764e-07
4.314860141110393501e-07
4.321377425666651131e-07
4.325992795845367232e-07
4.331977517580831941e-07
4.336884974113530954e-07
4.340565900340504352e-07
4.346762443698038437e-07
4.352791872393868961e-07
4.359633775513534541e-07
4.365883466963780288e-07
4.371617444513636397e-07
4.376661158214186874e-07
4.384301592691181799e-07
4.389827732489990772e-07
4.395601045990148248e-07
4.401411461306345006e-07
4.409967260657272423e-07
4.416061730030639128e-07
4.424901465406435946e-07
4.431134372495415467e-07
4.438420252483415596e-07
4.443196151417745522e-07
4.450371185520531356e-07
4.457710548282057466e-07
4.460832329377756458e-07
4.468380687807901293e-07
4.471714524510506821e-07
4.479736561265186987e-07
4.487703152483130477e-07
4.495877538566827101e-07
4.503761168666992850e-07
4.507390659976523670e-07
4.515733845828124077e-07
4.524099494979972316e-07
4.532484457809899301e-07
4.540889357233416918e-07
4.552185313952108436e-07
4.558681915050474918e-07
4.565609563941489219e-07
4.569256085393301293e-07
4.576236811536307097e-07
4.578261554730705407e-07
4.586883012229258013e-07
4.592384586001962633e-07
4.599584168245221685e-07
4.608433169763983843e-07
4.617281233419880832e-07
4.626109852620434703e-07
4.628544041865685686e-07
4.637556510280439556e-07
4.646561223705153401e-07
4.652236920751742586e-07
4.657341769833125379e-07
4.664611794105235156e-07
4.673701702103445025e-07
4.682884036364984583e-07
4.692020233948119290e-07
4.700631273274501551e-07
4.709460013034274421e-07
4.718236870540458700e-07
4.727462519533462767e-07
4.736646818204304027e-07
4.745788668426096033e-07
4.748719901741804495e-07
4.757979802392896037e-07
4.767219349435726516e-07
4.775689210016024914e-07
4.778777661371228130e-07
4.787970574084081496e-07
4.794177784671580734e-07
4.799665595414565876e-07
4.805169776094670558e-07
4.810677295804188184e-07
4.816187466880476139e-07
4.821699237273946994e-07
4.827109634075104214e-07
4.837674261876329685e-07
4.846768601329647055e-07
4.857442791638581710e-07
4.868085308253139281e-07
4.873878609621871739e-07
4.883297613647800451e-07
4.892645626779332021e-07
4.904541328111247404e-07
4.910864446298387741e-07
4.921536979055045716e-07
4.930868676347644731e-07
4.940007398970795552e-07
4.949368614464464021e-07
4.958648120745157448e-07
4.969739690754382172e-07
4.970956469265087313e-07
4.979881013520032500e-07
4.989282258890276776e-07
5.000335365211276773e-07
5.008543290710523745e-07
5.017854981699676656e-07
5.028627191844240146e-07
5.038774255594498158e-07
5.042240841220190031e-07
5.055411285911116581e-07
5.066315491713844496e-07
5.074525890783997574e-07
5.080391429291455383e-07
5.084494894386159238e-07
5.090613358593528883e-07
5.099327520969876990e-07
5.108292463338261071e-07
5.117704081138051568e-07
5.128791857410974803e-07
5.137957757651988524e-07
5.144875332251185877e-07
5.149217142831229115e-07
5.158045235218609120e-07
5.167151424112691620e-07
5.178104283466236366e-07
5.189610482037530073e-07
5.191264708917277228e-07
5.199760214076842039e-07
5.208628903540206180e-07
5.217561947445731347e-07
5.224846580063393136e-07
5.235397634679504212e-07
5.237447085629371789e-07
5.246265180469356592e-07
5.252937354109393150e-07
5.263450528805776714e-07
5.267891753163281526e-07
5.276687232125751862e-07
5.281563424541296252e-07
5.290812561182282502e-07
5.299982524064083336e-07
5.311300596208113790e-07
5.323149124053482100e-07
5.331057007486108485e-07
5.340726799448617529e-07
5.348514369870909794e-07
5.356885549227835241e-07
5.364510285356474226e-07
5.372736886001547959e-07
5.382917786201325429e-07
5.393783559014821490e-07
5.399061985487420835e-07
5.410290519655049243e-07
5.421071936932343265e-07
5.426922440927126645e-07
5.432285601305690622e-07
5.442996871434531290e-07
5.448939184745089447e-07
5.457273774915375783e-07
5.464670653888217293e-07
5.472238923320917432e-07
5.479812674279067555e-07
5.487305466157355524e-07
5.492465427010074592e-07
5.504248220568111317e-07
5.511095228691040081e-07
5.518568373313584227e-07
5.528088079541978602e-07
5.534757503031573192e-07
5.543963438830463631e-07
5.555507569638105320e-07
5.562655966104910590e-07
5.571463732301643766e-07
5.580985515743024592e-07
5.586295572910071699e-07
5.596486586820148497e-07
5.602070907230514019e-07
5.607497198635187776e-07
5.613152237898496295e-07
5.619503634479396290e-07
5.624973255497481513e-07
5.630695602428167819e-07
5.634583996573098029e-07
5.642152835800668973e-07
5.649499358362090993e-07
5.655846366853322350e-07
5.662160279739132795e-07
5.668474941256917870e-07
5.676675769781615837e-07
5.682513342352936739e-07
5.686494345691783057e-07
5.692306187871914336e-07
5.697729174569522979e-07
5.701451396641185139e-07
5.708957141787314961e-07
5.714327714852118344e-07
5.718598300187346273e-07
5.725682864330055463e-07
5.730561333294240031e-07
5.736255982107363992e-07
5.748037550709877679e-07
5.752064881408796241e-07
5.762627274231752175e-07
5.768687589192201633e-07
5.776318862392528507e-07
5.785685852662583757e-07
5.789279079145515195e-07
5.796587862241581976e-07
5.805323426638479870e-07
5.811140149418712519e-07
5.818188599654439130e-07
5.824128514875423748e-07
5.832229568288530062e-07
5.839503752956686243e-07
5.847820046382517562e-07
5.854817377155665254e-07
5.861839109835383097e-07
5.864569419726631728e-07
5.868313211278333079e-07
5.876573564721085306e-07
5.884501673109422236e-07
5.891438895361004589e-07
5.898026317185059303e-07
5.904818116278394377e-07
5.909448685505878795e-07
5.913045162574524129e-07
5.919051313430511799e-07
5.924512639103360242e-07
5.927959575179347194e-07
5.935992475486852220e-07
5.942648165470359288e-07
5.949225297320387998e-07
5.955534770039073323e-07
5.962216154296118913e-07
5.968034407676943706e-07
5.971525786610185876e-07
5.974950920306947607e-07
5.981044789699739366e-07
5.985410503000847236e-07
5.990476561747428719e-07
5.998172943089077390e-07
6.005195512807928969e-07
6.010427796883422872e-07
6.016210978275949892e-07
6.022115453374024291e-07
6.026386065230461544e-07
6.030074820587048054e-07
6.039683018111947240e-07
6.045091103318213509e-07
6.049638407501454461e-07
6.056506864468329884e-07
6.059362015076866884e-07
6.066282427729859642e-07
6.071420555053674501e-07
6.079289114548100911e-07
6.084618997377694460e-07
6.093990066944637167e-07
6.103934380886732645e-07
6.109856864044136721e-07
6.115711712123983049e-07
6.118883114516443958e-07
6.122612991139737409e-07
6.128329525351772044e-07
6.133877247694648111e-07
6.139380064480634587e-07
6.144775048431756972e-07
6.150922892539742820e-07
6.152658879921263945e-07
6.154650040044009454e-07
6.159749655855368701e-07
6.167300857173508612e-07
6.174701454048025838e-07
6.184570846534742232e-07
6.190814956833786964e-07
6.195988455087693953e-07
6.200573382447042583e-07
6.210283572807950405e-07
6.214403179672755440e-07
6.219559689444147144e-07
6.224330991685422594e-07
6.234061265288598679e-07
6.242003703965887236e-07
6.249928828137780754e-07
6.259548022819687636e-07
6.263944931747621461e-07
6.270933967468025555e-07
6.276871857274474962e-07
6.283492199934032160e-07
6.289674485483995244e-07
6.297867885158746419e-07
6.300765234190091745e-07
6.301821698816165899e-07
6.310421841919358653e-07
6.316209583513426175e-07
6.324617665668658818e-07
6.332202101908917612e-07
6.340271266300339297e-07
6.344662681910707850e-07
6.351950014334573001e-07
6.359223530986538264e-07
6.363632565666295401e-07
6.370937324199275233e-07
6.375115382639329944e-07
6.382152553398069070e-07
6.387391595923596611e-07
6.393190094565969104e-07
6.399772417765958459e-07
6.404018483691380939e-07
6.410554985125991655e-07
6.414912312348806225e-07
6.422229459389583413e-07
6.424615845455371538e-07
6.428485063179630355e-07
6.432438328698390036e-07
6.437973087139916626e-07
6.445890710844227103e-07
6.452984221971630993e-07
6.460595239412874579e-07
6.468014858063573482e-07
6.470143365200753979e-07
6.475576177272032436e-07
6.482361651778180484e-07
6.487719316752483876e-07
6.492772074680019898e-07
6.499411696104344772e-07
6.506220538011452761e-07
6.513102286230462613e-07
6.519940226343675202e-07
6.522785837658635897e-07
6.528076767433924516e-07
6.535124924142115722e-07
6.537949956132348543e-07
6.543462658792501996e-07
6.550899446827133534e-07
6.554617286728013298e-07
6.562199088156051327e-07
6.563402469489207987e-07
6.567175444427163861e-07
6.571026178414308747e-07
6.574958657188643555e-07
6.583256576613740337e-07
6.586263436957782584e-07
6.589390274240629825e-07
6.592598659573834221e-07
6.601141372961441835e-07
6.605809933956458657e-07
6.610574300302391419e-07
6.615301978224216588e-07
6.620070205977384716e-07
6.627585557889141384e-07
6.631010492732735236e-07
6.637930353446891935e-07
6.645452362030362675e-07
6.651106220497381827e-07
6.656220829458746869e-07
6.661278592181684885e-07
6.665587421022946309e-07
6.671735896118765441e-07
6.677040574846008663e-07
6.682109228871448629e-07
6.687372808317949019e-07
6.692243568602654336e-07
6.697372379842532341e-07
6.704273835709482606e-07
6.709700275068696219e-07
6.714594298524543273e-07
6.720151638998188047e-07
6.724329230376722225e-07
6.729066156431076588e-07
6.734159606865606101e-07
6.738028616750272510e-07
6.744505065905219266e-07
6.747857338758473164e-07
6.752477187788278380e-07
6.757358242906526658e-07
6.762306243071553239e-07
6.768903408160428018e-07
6.774852085391194192e-07
6.779863436790501346e-07
6.784185185691243822e-07
6.790155958836716851e-07
6.795037894738273686e-07
6.798549160038051715e-07
6.801806694493019943e-07
6.806717960396292535e-07
6.813418219399018777e-07
6.817734871857755469e-07
6.824048864498303579e-07
6.830303393817588159e-07
6.836492444610088198e-07
6.843191353335562954e-07
6.846214464563031633e-07
6.852150348572777340e-07
6.855713514181055158e-07
6.861937890514351350e-07
6.868655903920572988e-07
6.872030884987777243e-07
6.878033629073489171e-07
6.880215743012632900e-07
6.884813796001505381e-07
6.889327275831449227e-07
6.895993967809881608e-07
6.899953430852463543e-07
6.904635266389542570e-07
6.911088172470692894e-07
6.915666488878016041e-07
6.921378882361679439e-07
6.926706463425488941e-07
6.929843003392956532e-07
6.937344767154549977e-07
6.942891419336385318e-07
6.947521055453777373e-07
6.951572696529464965e-07
6.952920603818285121e-07
6.958371529650094510e-07
6.962319127306303267e-07
6.965677307549690098e-07
6.969075264786473438e-07
6.974538369501998996e-07
6.980626505063173022e-07
6.983515292140078414e-07
6.989490545405107337e-07
6.993740313289834207e-07
6.999433651322316205e-07
7.003370961594523481e-07
7.007318451323432049e-07
7.011328720452045284e-07
7.015233390623004777e-07
7.020540821331789911e-07
7.027173433740112942e-07
7.031485862636986668e-07
7.035320579134535101e-07
7.040446649937572395e-07
7.045656050796761084e-07
7.047336066023276065e-07
7.049921438819145118e-07
7.053311018821399222e-07
7.055282843676475180e-07
7.058040311160396938e-07
7.062116683587920237e-07
7.067824053115091469e-07
7.071433665195218866e-07
7.075774161789157360e-07
7.080831965718757482e-07
7.086585385556110877e-07
7.088645505916641047e-07
7.092780343344258372e-07
7.096556491627903184e-07
7.100310009304432333e-07
7.104081252294547084e-07
7.107912908228383991e-07
7.114255962912403916e-07
7.117439919511210320e-07
7.121906872604015695e-07
7.127438680703066634e-07
7.134556436877035699e-07
7.139812695180748800e-07
7.141544199381758247e-07
7.145527302904636443e-07
7.148933447536655891e-07
7.154352314392288996e-07
7.156230885223802303e-07
7.161413140826814876e-07
7.165919886789367160e-07
7.171462119030322072e-07
7.175817628192929721e-07
7.180877862329753622e-07
7.183109353747408571e-07
7.186810141893058811e-07
7.190250013836786861e-07
7.195898380772784634e-07
7.201103756183769768e-07
7.206191351320094386e-07
7.211305319904999665e-07
7.213126424902222175e-07
7.217080560512861618e-07
7.222762885604813978e-07
7.228252194186776814e-07
7.231842758678437435e-07
7.236010203074118033e-07
7.240020809329308753e-07
7.244204470980302510e-07
7.246719643679304335e-07
7.250865920023270265e-07
7.255063463816931857e-07
7.259701207810073050e-07
7.261729917497732302e-07
7.264789524396997141e-07
7.269428359694220450e-07
7.273982131771804375e-07
7.276604025655065866e-07
7.278233601052061250e-07
7.280969838599164534e-07
7.284036300064743195e-07
7.286159483716035591e-07
7.288576671030793409e-07
7.291689009843360258e-07
7.293846312813850872e-07
7.295271712396183713e-07
7.297398689138123558e-07
7.300547102631781545e-07
7.305274500997338731e-07
7.309982067542322541e-07
7.314938884616474247e-07
7.319687785995532896e-07
7.324390129105565293e-07
7.326225673771240550e-07
7.327574442046183818e-07
7.329637552977664215e-07
7.334543670059246834e-07
7.338828632414228796e-07
7.341664685227850439e-07
7.344097555350013962e-07
7.347129075134406175e-07
7.348747816716575754e-07
7.352397180882916910e-07
7.354342960683587167e-07
7.355796519880812750e-07
7.362624929388364329e-07
7.365551532215301575e-07
7.368833028851610553e-07
7.373682986276340609e-07
7.377326957690052892e-07
7.380467193352148020e-07
7.385263721913876813e-07
7.388188739251592254e-07
7.390200320726596175e-07
7.393879701925835816e-07
7.398805767682322580e-07
7.403550316147153889e-07
7.406300311432569240e-07
7.410186281527163348e-07
7.414401146108617821e-07
7.417580092738761095e-07
7.418640558200082479e-07
7.421116869674093463e-07
7.425359393619639820e-07
7.426693688809974359e-07
7.429227453733351080e-07
7.432719371562877397e-07
7.435821594448132529e-07
7.439612520999031303e-07
7.443770026551710144e-07
7.446883085401931279e-07
7.450471129765351499e-07
7.454096412468752935e-07
7.458818364103517773e-07
7.461392913305866414e-07
7.463877857569835120e-07
7.465268240633886323e-07
7.467233716891409814e-07
7.469020760025426981e-07
7.473179656228301826e-07
7.475356294383317237e-07
7.478566738637530892e-07
7.482449685375657053e-07
7.485421670916742474e-07
7.488024371052934821e-07
7.489426395663427712e-07
7.490518771532308873e-07
7.492303988587356676e-07
7.495592579736391749e-07
7.499197046937069799e-07
7.503148165121515893e-07
7.505777086564803778e-07
7.509834135593134952e-07
7.510719291779551877e-07
7.511859171944324465e-07
7.514247416570493670e-07
7.518464290522129264e-07
7.522709258136616153e-07
7.525729587272081245e-07
7.529520576190441560e-07
7.533843348796932527e-07
7.536610492944688141e-07
7.540355799747676311e-07
7.544000050652274104e-07
7.548142159843948617e-07
7.551922002578398611e-07
7.554491621317562223e-07
7.558206834072831835e-07
7.561299306677037830e-07
7.563880820698713668e-07
7.567782973740723488e-07
7.570210016973380486e-07
7.573432712651171678e-07
7.577152157140232492e-07
7.579523807646892069e-07
7.582415979363022939e-07
7.584847911828529346e-07
7.588661850325065801e-07
7.590428707838958866e-07
7.591242715165845552e-07
7.594377813228771279e-07
7.597970831324556448e-07
7.601363141637641313e-07
7.605469604626720023e-07
7.606473333401743993e-07
7.608448583124922346e-07
7.610103439481096370e-07
7.612265263845958313e-07
7.614479814028964234e-07
7.618039930722357485e-07
7.621549402291693218e-07
7.625020301168714460e-07
7.627770751548950977e-07
7.630451278140361951e-07
7.632659120639274546e-07
7.636046610317903661e-07
7.638026174880740036e-07
7.639788061609364709e-07
7.643831574939985451e-07
7.645497423544261841e-07
7.649221989422796074e-07
7.651257425852764555e-07
7.654039634005389984e-07
7.655694317478484525e-07
7.659051515445735689e-07
7.661036019256046739e-07
7.663919421828610454e-07
7.666594577471716800e-07
7.668629676182641072e-07
7.671406933921986463e-07
7.674808272806029272e-07
7.677344968956509016e-07
7.680136122198722098e-07
7.682108317435738201e-07
7.685354762630688182e-07
7.687449428253210781e-07
7.690003529754856759e-07
7.692549198286758763e-07
7.694962095268037913e-07
7.696933433398224276e-07
7.700189101134859233e-07
7.702221871282714567e-07
7.703617855018142280e-07
7.706130130531024681e-07
7.708231189587352030e-07
7.711440549114958045e-07
7.714056168853637051e-07
7.715878524637854054e-07
7.719428355088891654e-07
7.721692444766456845e-07
7.724447792781694563e-07
7.724791908173805662e-07
7.727005446066036960e-07
7.728873853609684088e-07
7.730722815555261241e-07
7.733851678173389997e-07
7.735204386814334612e-07
7.735695522471641881e-07
7.738324526517390082e-07
7.739609367396935280e-07
7.740140856419074836e-07
7.741373222891683617e-07
7.742874744298331448e-07
7.743573032213847306e-07
7.745293666490248783e-07
7.748357100879088090e-07
7.751587277815313620e-07
7.753559207866907426e-07
7.756496177911308118e-07
7.758968551500206319e-07
7.759711983234700084e-07
7.763855972959613009e-07
7.768211542205651504e-07
7.771262276746684091e-07
7.774717039925019851e-07
7.778095378730661502e-07
7.780850926802855500e-07
7.783343003302986346e-07
7.786933730687035304e-07
7.789707269785499328e-07
7.792494582917339617e-07
7.795076298407094743e-07
7.797824012416430807e-07
7.800500851034637419e-07
7.802912274673908861e-07
7.805571592813287722e-07
7.808329193107223754e-07
7.811102459071265730e-07
7.813864304526113716e-07
7.816651741146098586e-07
7.818032553526161380e-07
7.819694437996743803e-07
7.822984947809770301e-07
7.826541581645267059e-07
7.827480645521713645e-07
7.830719714924440309e-07
7.832519719241352119e-07
7.833960827198847940e-07
7.837556011945813639e-07
7.840134966635630367e-07
7.842550668593988921e-07
7.844909818642474797e-07
7.847235847083495987e-07
7.850660380592450337e-07
7.852443159271494971e-07
7.853622336831082888e-07
7.854393662234389276e-07
7.856032869208332361e-07
7.858500082082812610e-07
7.862074860727941535e-07
7.864405570547623232e-07
7.866737034944577347e-07
7.868985501793992155e-07
7.871244036371315728e-07
7.873498643437614419e-07
7.875969752252502245e-07
7.878389579996158420e-07
7.880864811413963792e-07
7.883080564667173097e-07
7.884914273125331115e-07
7.886947007479800735e-07
7.890000100801202319e-07
7.891119843325591645e-07
7.893295550038452798e-07
7.893806105150967041e-07
7.895877445847461648e-07
7.898251980302788573e-07
7.899788393499786160e-07
7.902137419074341765e-07
7.903354379135397373e-07
7.904232265511305194e-07
7.906639835620326282e-07
7.910114742796114394e-07
7.912565008501230446e-07
7.914948010947195128e-07
7.918405816065760879e-07
7.919942089514690967e-07
7.921459291723166360e-07
7.921352580920896355e-07
7.923378688669034486e-07
7.926392732061096841e-07
7.929793985102981598e-07
7.931950253739819219e-07
7.934100410124423832e-07
7.936365031659646431e-07
7.937287476711091889e-07
7.938212128724878752e-07
7.939780875472964312e-07
7.941738763491075426e-07
7.943726027728063923e-07
7.946550554884032261e-07
7.949355511276617397e-07
7.951559558363272173e-07
7.954034265396356668e-07
7.956920074332482216e-07
7.960218083115748204e-07
7.960299458821846829e-07
7.961107892144645631e-07
7.963049763563037225e-07
7.965437182852134617e-07
7.966346961316126099e-07
7.967241729799523713e-07
7.969252608071155544e-07
7.970217442462350712e-07
7.971215479550314285e-07
7.972215313108765858e-07
7.973850527982424396e-07
7.974876839870603996e-07
7.975958637497187315e-07
7.977810367195283765e-07
7.980276845840508919e-07
7.980897528551368509e-07
7.983409151507552658e-07
7.984606020878825048e-07
7.985783967926686253e-07
7.986139451806945137e-07
7.989218772400929076e-07
7.991342630105658778e-07
7.993969417997971416e-07
7.996265618927318966e-07
7.998380796462110842e-07
7.999841318836887189e-07
8.001970391947494292e-07
8.002904883140888148e-07
8.004767156582946574e-07
8.005672511253892603e-07
8.008511619593116153e-07
8.009494340788555847e-07
8.010405828841031045e-07
8.013645489874195570e-07
8.014521289949223157e-07
8.014611059044819142e-07
8.017370252330816949e-07
8.018706979500458189e-07
8.021392382269369052e-07
8.023909538287222553e-07
8.026141121038706964e-07
8.026928124067508655e-07
8.027046637697599665e-07
8.028041711976728779e-07
8.029114286301610928e-07
8.030492856698919227e-07
8.032240954878463433e-07
8.033612834760631788e-07
8.034399582135499296e-07
8.036220335915392313e-07
8.038084841478514033e-07
8.039933411234916179e-07
8.041743176151982001e-07
8.042878118111270200e-07
8.044830732369367062e-07
8.047284449900882893e-07
8.048604855075250238e-07
8.050480104426655659e-07
8.052303282136255640e-07
8.053636057212835552e-07
8.054869544459122996e-07
8.055626281901703571e-07
8.057924242875805197e-07
8.060547887687917718e-07
8.061269236507500434e-07
8.063803450634730285e-07
8.065192006003062338e-07
8.068676711116115134e-07
8.071659412868759648e-07
8.073450144062326657e-07
8.075299432820386620e-07
8.077354036542100318e-07
8.079464100123882066e-07
8.080682817543615808e-07
8.082407208197583352e-07
8.083062594149298873e-07
8.083679713679008496e-07
8.084202893958781839e-07
8.085517973348541778e-07
8.088636404314163533e-07
8.090515953998380620e-07
8.091780419087250943e-07
8.092633052290984899e-07
8.093901988955723296e-07
8.096755992252179657e-07
8.099694670773650959e-07
8.101450093479483091e-07
8.102827450548435620e-07
8.102961593199560413e-07
8.104387406520211127e-07
8.106134784050355854e-07
8.107420873307434093e-07
8.107880826322415916e-07
8.108968799430565689e-07
8.109166464111461605e-07
8.110954064776479290e-07
8.112679109745047619e-07
8.113408624374679149e-07
8.114416576597766150e-07
8.114933970005194000e-07
8.116529522825623627e-07
8.117343755066023242e-07
8.118572915383557036e-07
8.120376466784303987e-07
8.121856746245375616e-07
8.122674238374910443e-07
8.123887307200848730e-07
8.125223057037900105e-07
8.126503310515164353e-07
8.128326722800331270e-07
8.129566938665072039e-07
8.130284006989130249e-07
8.132288400780103690e-07
8.133821471630853424e-07
8.134129921290720750e-07
8.134446301430090429e-07
8.134500341946169758e-07
8.135623604595175693e-07
8.137049317268031128e-07
8.138297747029862626e-07
8.138483380563505126e-07
8.140083577388224669e-07
8.140604289861673096e-07
8.142023028067325598e-07
8.143219639629788694e-07
8.144686992715759738e-07
8.146553529404447377e-07
8.147362851263392245e-07
8.149202604036432122e-07
8.151055609009981429e-07
8.152435213233888682e-07
8.154420532659810881e-07
8.156402522478814169e-07
8.157419786848316430e-07
8.159143292432726124e-07
8.160452676212336455e-07
8.162338395868783714e-07
8.164177247845139253e-07
8.166095055075597269e-07
8.167981938216789927e-07
8.169829700387582436e-07
8.170878152860901769e-07
8.172684162303904040e-07
8.175328197560409070e-07
8.176785266197759666e-07
8.178764007337030948e-07
8.181631345976384444e-07
8.182459678938198110e-07
8.183593761543530042e-07
8.184495921535618610e-07
8.184829107154393135e-07
8.186007759033760339e-07
8.187747725955144194e-07
8.189013417630732429e-07
8.191572218777089488e-07
8.193223799345191765e-07
8.195185578579651008e-07
8.196371270193539154e-07
8.197587416076999917e-07
8.198530304108608012e-07
8.199797480474702676e-07
8.200570384620643090e-07
8.202130318909405351e-07
8.202999872377326733e-07
8.205629585173554623e-07
8.207299256962246177e-07
8.209845120731979328e-07
8.211207004528611706e-07
8.213969930357611827e-07
8.215523115057256932e-07
8.217042507660223629e-07
8.218015486866914275e-07
8.218368626416992484e-07
8.220004652920130415e-07
8.221658678288925709e-07
8.222884679827252275e-07
8.223002694073242422e-07
8.223231541637383248e-07
8.224164019294515254e-07
8.224227037216051950e-07
8.224554501061227790e-07
8.225491982968036462e-07
8.226028873708470761e-07
8.226363843512883051e-07
8.227035793837911985e-07
8.227592998363564560e-07
8.228349300863022349e-07
8.228772255493115198e-07
8.229077370039695122e-07
8.230114573499433510e-07
8.231189180240809554e-07
8.232223623626238318e-07
8.233689860182996916e-07
8.234934740937297805e-07
8.235613697790995156e-07
8.236725583159916012e-07
8.237304728313791926e-07
8.237581010200414408e-07
8.238202449372135932e-07
8.238733550407544334e-07
8.239428507266182870e-07
8.239800272216044018e-07
8.240058017666228850e-07
8.240608341615318198e-07
8.240857894966669674e-07
8.241943677224893349e-07
8.242607360993358618e-07
8.243712805431681364e-07
8.244391858498989338e-07
8.245510395739714076e-07
8.246212967230655175e-07
8.247397325357104801e-07
8.248992554912638419e-07
8.250486154023727294e-07
8.251483560853296946e-07
8.253165128337613516e-07
8.254571616752601774e-07
8.255689644494533115e-07
8.257104100843414579e-07
8.258234642329874086e-07
8.259471499850788188e-07
8.259697057052281100e-07
8.260079759647914207e-07
8.260328186561129359e-07
8.261395582133224381e-07
8.262639237193366208e-07
8.262897588896857595e-07
8.263976720923596924e-07
8.265116862218634280e-07
8.265709008382802960e-07
8.266431656481292185e-07
8.267500715794967514e-07
8.268488331094106876e-07
8.268987829287849691e-07
8.270555763987386307e-07
8.271968023424210514e-07
8.273199927510533114e-07
8.273572570266392598e-07
8.274296930084087506e-07
8.274678800891791986e-07
8.274919533115707438e-07
8.276006506362019481e-07
8.277214780049590777e-07
8.277263697439582209e-07
8.278228650130021416e-07
8.278746077107600074e-07
8.279794430101060802e-07
8.280511081709859377e-07
8.281440113702472540e-07
8.282524595176854622e-07
8.283560924638163415e-07
8.285460768972614163e-07
8.285852045158931489e-07
8.286796288949455844e-07
8.287314920746363040e-07
8.287952916341308729e-07
8.287993402687359707e-07
8.288959949934035139e-07
8.288887657546819239e-07
8.289952329148502040e-07
8.291013345805147727e-07
8.292856705461557792e-07
8.294286763431769846e-07
8.295308561299780251e-07
8.296172279652425223e-07
8.297145882061939215e-07
8.297834530097026450e-07
8.299044001514529449e-07
8.299913272595678259e-07
8.301228337207720235e-07
8.302420128954745972e-07
8.303207275849524068e-07
8.303919898153153503e-07
8.304930457273318411e-07
8.306408176896945434e-07
8.307593549046946042e-07
8.307880289585546120e-07
8.309071431058354230e-07
8.309278222372426826e-07
8.310190368932588007e-07
8.311191052703927455e-07
8.312172209108330323e-07
8.313241599813842917e-07
8.314282421571099506e-07
8.315447332778991850e-07
8.316600398154502713e-07
8.317485030761115112e-07
8.318597659056999118e-07
8.319296348187390372e-07
8.319758604957025601e-07
8.320909036060392376e-07
8.321282922025380438e-07
8.320773011087819799e-07
8.321200335085882044e-07
8.322473156010265798e-07
8.323356867915360055e-07
8.324068502565010936e-07
8.324686331744174313e-07
8.325359187893839161e-07
8.326464476081079389e-07
8.327343120746710804e-07
8.328416049719803988e-07
8.328854884845867880e-07
8.329238587984491909e-07
8.330408798730841462e-07
8.330846316733838442e-07
8.331225947174888116e-07
8.332132291789168055e-07
8.333502545325038879e-07
8.334391784843972445e-07
8.335287786336415656e-07
8.335842238153547587e-07
8.336890008063885692e-07
8.338331811053437350e-07
8.338764990677937168e-07
8.339372636312116384e-07
8.340931225843826638e-07
8.341815459150096329e-07
8.343124957411003688e-07
8.343873265204540843e-07
8.345027673785250415e-07
8.346522873258021810e-07
8.347877427216645942e-07
8.348208273801915747e-07
8.349292137083600251e-07
8.349923461785930071e-07
8.350369673202251477e-07
8.351087308429045786e-07
8.351739751035587775e-07
8.352004172809849608e-07
8.352658020752055205e-07
8.353463002728103575e-07
8.354521885767227930e-07
8.355606555771778780e-07
8.356595543122669843e-07
8.357695415448304926e-07
8.358744489110174669e-07
8.359702435963042817e-07
8.360528764659702702e-07
8.361474980845741845e-07
8.362389468743188073e-07
8.363590156253452938e-07
8.364176956720458644e-07
8.365332255194712108e-07
8.365963548859585278e-07
8.366191265140160041e-07
8.367035428706045031e-07
8.367489313039345973e-07
8.368105131538591889e-07
8.368195945908373582e-07
8.369066206319302694e-07
8.369872774784722903e-07
8.370608399915059890e-07
8.371285768319635977e-07
8.371910341693094848e-07
8.372500154611938336e-07
8.372707486134787454e-07
8.373184407221503157e-07
8.373303161654119580e-07
8.373328879520428888e-07
8.374106943288671677e-07
8.374542464264135066e-07
8.375653797343829861e-07
8.375921928828673993e-07
8.377080734334307821e-07
8.378003612765270186e-07
8.378382344435333872e-07
8.378963486351641124e-07
8.379507855323153655e-07
8.380624325167116534e-07
8.380874222503330449e-07
8.381421871648805800e-07
8.381951677463922175e-07
8.382113839375834961e-07
8.382473935119965275e-07
8.383731284556918938e-07
8.383835963485223886e-07
8.384787353865334717e-07
8.384846343093158417e-07
8.385263107555478172e-07
8.385347567301563492e-07
8.385440455793290302e-07
8.385274449407519789e-07
8.385751531829726450e-07
8.386606038300406563e-07
8.387284247376120606e-07
8.387446747501289562e-07
8.388205904967016680e-07
8.388856716149415087e-07
8.390363948899553059e-07
8.390998347181577012e-07
8.391258643178507568e-07
8.392640726761007059e-07
8.393274459285120989e-07
8.393410714281650609e-07
8.393475104728537362e-07
8.393692242304061126e-07
8.393923949301456230e-07
8.394322979801221662e-07
8.394452960545197509e-07
8.394783855623908225e-07
8.394902511596454536e-07
8.395787234519458419e-07
8.396376982969590911e-07
8.396587815366752723e-07
8.396785188704414269e-07
8.397470279938815677e-07
8.398608307051839371e-07
8.399140852232757178e-07
8.399349946395426860e-07
8.399811023606815136e-07
8.400462597690259675e-07
8.400977117073080534e-07
8.402056394535579137e-07
8.402527975238481663e-07
8.403633433857585432e-07
8.404737274114643874e-07
8.405796358005820572e-07
8.406272083623155514e-07
8.407073985458986524e-07
8.408051222131814737e-07
8.408200027551571778e-07
8.408994271196806784e-07
8.409942212714197180e-07
8.410867625912545435e-07
8.411219497855747576e-07
8.412476908057687616e-07
8.413457850823041364e-07
8.414451057651902272e-07
8.415423942502337083e-07
8.416027993093423692e-07
8.416836206923969244e-07
8.418016861058720332e-07
8.418943287015271990e-07
8.419704783942307346e-07
8.420629403722910793e-07
8.421545694434191119e-07
8.422429335419655098e-07
8.423313589431888707e-07
8.424823332744045322e-07
8.425047178510107646e-07
8.425327850710097421e-07
8.426081257771210982e-07
8.426380980309079305e-07
8.426850322978597863e-07
8.426906867100798802e-07
8.427884761203123700e-07
8.428481108259814585e-07
8.428825640051390261e-07
8.429287548409106176e-07
8.429615612037889509e-07
8.430066397519813056e-07
8.430669059417493766e-07
8.430944697415611188e-07
8.430797912167851514e-07
8.430823980872096847e-07
8.431667882446073863e-07
8.432509659735330202e-07
8.433347790283790909e-07
8.433625967864797229e-07
8.433920207493009150e-07
8.435499433118850070e-07
8.436457040689182478e-07
8.436952791069428776e-07
8.437262755471951283e-07
8.437413446215310864e-07
8.437909356591949382e-07
8.438804584180278362e-07
8.440123098353995420e-07
8.440445171306483802e-07
8.441124327078648919e-07
8.441726748759721257e-07
8.441902615299744709e-07
8.441940037832872127e-07
8.442459503651304185e-07
8.443142924446112729e-07
8.443994841018207172e-07
8.445074846011903843e-07
8.445638575974518327e-07
8.445837681038053896e-07
8.446149441056450511e-07
8.447466761007423431e-07
8.448840492383727559e-07
8.449343878762856156e-07
8.450307078882386260e-07
8.450733670400562087e-07
8.450761512565902694e-07
8.452190219973646092e-07
8.452746517050751304e-07
8.454170985846045285e-07
8.455568530162966776e-07
8.456898615156492760e-07
8.457245245211776038e-07
8.457463875751434537e-07
8.458199711978154792e-07
8.459028086903647202e-07
8.459754407216401861e-07
8.460456042970104855e-07
8.460813018323838013e-07
8.461846114826612059e-07
8.462886142488360896e-07
8.463691496334303603e-07
8.464488050465028157e-07
8.465465482560925152e-07
8.466621272017920725e-07
8.467823145188752238e-07
8.467934268626737956e-07
8.468409823384404779e-07
8.468443302287553974e-07
8.468735674145988392e-07
8.469054156975544447e-07
8.469348056085974481e-07
8.469506008569981341e-07
8.470004647106300336e-07
8.470153806744677653e-07
8.470863510449136525e-07
8.472141483699564491e-07
8.472481988574216420e-07
8.473358838253910011e-07
8.474123128307727850e-07
8.474335273757046349e-07
8.474573134008077189e-07
8.474766626024771486e-07
8.474963041855514329e-07
8.475243672151791057e-07
8.475808661525518926e-07
8.476292985243909195e-07
8.476559577350962262e-07
8.477293614219989541e-07
8.478077226337763236e-07
8.478499747380354474e-07
8.478946036721180752e-07
8.479558282428581477e-07
8.480178851765817495e-07
8.480496979679523397e-07
8.481318186792562499e-07
8.481364891948587572e-07
8.482126007012720813e-07
8.482600654235037394e-07
8.483343636964041498e-07
8.483868204493283675e-07
8.483900868575206276e-07
8.484226004312173047e-07
8.484339062349986657e-07
8.484680852269835102e-07
8.484977555089426217e-07
8.485879568604346504e-07
8.486665684201690852e-07
8.487247941635384166e-07
8.487971223621393739e-07
8.488121000122328329e-07
8.488836836618843907e-07
8.489692879130611960e-07
8.490543522994844402e-07
8.491382923736338997e-07
8.492224447871869478e-07
8.492815996073637264e-07
8.492808043770833950e-07
8.493509100168031064e-07
8.494345592749301369e-07
8.495171463780145219e-07
8.495476755256340417e-07
8.496150350213305091e-07
8.496184007846134218e-07
8.496848329924627082e-07
8.497648199990385862e-07
8.498424535240269347e-07
8.498958648546884695e-07
8.498941281347009906e-07
8.499105174702799329e-07
8.499576566645323297e-07
8.500387333394824574e-07
8.500449847290001047e-07
8.501126024290678176e-07
8.501511072609993505e-07
8.502304535587342320e-07
8.503096916365374640e-07
8.503888560997215721e-07
8.503836284355097724e-07
8.503933002897909220e-07
8.504040281094065260e-07
8.505064239859713961e-07
8.505719642534716479e-07
8.505990870705519452e-07
8.505990215153310357e-07
8.506009461183129239e-07
8.506038877865911891e-07
8.506205172511332505e-07
8.506262510296804517e-07
8.506476251945040940e-07
8.506765382517439950e-07
8.507310309692319281e-07
8.507980827832821763e-07
8.508639101932896687e-07
8.509309023464344108e-07
8.509627805642099869e-07
8.509705738353172805e-07
8.509616426824549405e-07
8.509949435891725695e-07
8.510045396563496690e-07
8.510440563780886394e-07
8.511176539514127879e-07
8.511633969426112884e-07
8.512048405091464023e-07
8.512794181202058236e-07
8.513235678768966271e-07
8.513908402360029987e-07
8.514710684529876054e-07
8.515402668077562140e-07
8.515422319732835326e-07
8.515678646584297611e-07
8.516832100811568848e-07
8.517495683219390732e-07
8.518079156982448960e-07
8.518395416219106605e-07
8.518685115121288942e-07
8.519178799403561820e-07
8.519742037072252605e-07
8.520287056367940768e-07
8.520436803145963019e-07
8.521014380886334105e-07
8.521343087130818910e-07
8.521932229952086007e-07
8.522539105497952892e-07
8.523148013525341451e-07
8.523764687268382962e-07
8.524079949327677926e-07
8.524423849488307375e-07
8.524969716483643484e-07
8.525672649493862299e-07
8.526295314960152660e-07
8.526908118434959739e-07
8.526706483933393825e-07
8.527046214494838961e-07
8.527639301289591081e-07
8.528250314969998326e-07
8.528853822020189854e-07
8.529449484285101717e-07
8.530049975115865619e-07
8.530667797159836266e-07
8.531017515140706830e-07
8.531648779954766432e-07
8.532240381729857236e-07
8.532150754637163278e-07
8.532765263219222029e-07
8.533165189334166915e-07
8.533536682392080528e-07
8.533901113718374842e-07
8.534437265804292883e-07
8.535028166794058786e-07
8.535513647393286197e-07
8.536190123096755691e-07
8.536593488119271369e-07
8.536949246804895255e-07
8.537383070617102875e-07
8.537876620603765217e-07
8.538215555968503655e-07
8.538568842378588921e-07
8.538882095529193843e-07
8.539341526724334080e-07
8.540016982338955646e-07
8.540583165867215032e-07
8.541065076729229935e-07
8.541016273021029603e-07
8.541328527422140577e-07
8.541384571227115276e-07
8.541983096576520696e-07
8.542591516383607344e-07
8.543223181425841073e-07
8.543364726385989701e-07
8.543991497444960200e-07
8.544729156194966443e-07
8.545159020742167244e-07
8.545751077996905340e-07
8.545865625393171013e-07
8.546460652579910548e-07
8.546804256534545594e-07
8.547004146421914391e-07
8.547559535092682322e-07
8.547537060501096727e-07
8.548019598228392150e-07
8.548602290303215593e-07
8.548621274504410102e-07
8.549328588347956878e-07
8.549862971294482559e-07
8.550509785334702681e-07
8.550932082400832363e-07
8.551122713892759258e-07
8.551274516323811661e-07
8.551936028098816191e-07
8.551890326530522438e-07
8.552205157422677497e-07
8.552222289711765708e-07
8.552481336287782745e-07
8.552737099281926954e-07
8.553421502473272664e-07
8.553841057865473192e-07
8.554353790793556664e-07
8.554657646094348152e-07
8.555195331200294659e-07
8.555312161586811959e-07
8.555639238167012360e-07
8.555718506153327672e-07
8.556090235450512220e-07
8.556191111997187082e-07
8.556469190098414205e-07
8.556565861446557348e-07
8.557097622761228553e-07
8.557807390551695171e-07
8.558072005033414864e-07
8.558412186332843323e-07
8.558483937872803030e-07
8.558959810900180696e-07
8.559040214735321900e-07
8.559150749673939753e-07
8.559531609464884455e-07
8.559630726118485547e-07
8.560143340282751760e-07
8.560542262564915519e-07
8.561024848862792203e-07
8.561520217943618701e-07
8.561503620726525467e-07
8.562000562700347870e-07
8.562479536096863152e-07
8.562600575725766045e-07
8.563098463548304595e-07
8.563412413548281953e-07
8.563455799035215931e-07
8.563970354211346270e-07
8.564026839355002022e-07
8.564133238488245419e-07
8.564468877595108391e-07
8.564858734409138684e-07
8.565390069211412492e-07
8.566189766048298000e-07
8.566697326513036324e-07
8.567138809110884829e-07
8.567445741083577515e-07
8.567750318958482507e-07
8.567790290084299345e-07
8.567887031466169476e-07
8.568383842243733129e-07
8.568884141436462093e-07
8.569234868650844560e-07
8.569612021913656917e-07
8.570512275405603521e-07
8.570903215873491167e-07
8.571222045350210448e-07
8.571642478648130500e-07
8.572125182255958034e-07
8.572403571479156595e-07
8.572709981523487951e-07
8.573371777036148138e-07
8.573395180243556099e-07
8.573735668111347105e-07
8.573965337051577456e-07
8.574861421784521256e-07
8.575881112064216332e-07
8.576285338010862899e-07
8.577162263444846484e-07
8.577529369584493557e-07
8.577763752071476525e-07
8.577933421986064159e-07
8.577519921766426737e-07
8.577152008127087755e-07
8.577793095624488064e-07
8.578228219664777785e-07
8.578579541770178387e-07
8.578998519475795314e-07
8.579506598690277836e-07
8.579865886084957965e-07
8.580014760108129454e-07
8.580458785546416871e-07
8.581430554297027765e-07
8.581952309043322413e-07
8.582350616498020846e-07
8.582600958174899048e-07
8.582730116200880835e-07
8.583203790666983627e-07
8.583917960516300486e-07
8.584287002091493096e-07
8.584596992379417645e-07
8.584670254235181064e-07
8.585033543678784875e-07
8.585666057820369437e-07
8.586016402219159011e-07
8.586190421268087341e-07
8.586748967794259780e-07
8.587174107953891144e-07
8.587514004684729919e-07
8.587807927166701616e-07
8.588186074107605672e-07
8.588621209818184050e-07
8.589209380788924161e-07
8.589515691092490647e-07
8.589705630461476245e-07
8.590370618373355062e-07
8.591033893175470089e-07
8.591320992712501600e-07
8.591591073248691787e-07
8.591614449063170700e-07
8.591909771327416598e-07
8.591935273675940768e-07
8.592256076305228534e-07
8.592585355264027192e-07
8.592887131115526547e-07
8.592924500931175154e-07
8.593390107548552481e-07
8.593728234788091648e-07
8.594076917680415457e-07
8.594551963791144624e-07
8.594730338786411431e-07
8.595184308646204538e-07
8.595708181629566615e-07
8.595877310596990519e-07
8.596321703158723626e-07
8.596517905184655118e-07
8.597130139898526394e-07
8.597753046355732883e-07
8.598114538325525462e-07
8.598368164983164108e-07
8.598411350598614494e-07
8.598862495338689893e-07
8.599332829324111606e-07
8.600062913016993468e-07
8.600505372770050435e-07
8.600654649143409461e-07
8.601289173873183110e-07
8.601805544389070772e-07
8.602027191217316078e-07
8.601968371917285554e-07
8.602549590058000908e-07
8.602962437350246696e-07
8.602881124151147701e-07
8.602955677905480859e-07
8.603260120769573515e-07
8.603574064541004210e-07
8.603755492047535716e-07
8.603650097151720143e-07
8.603957246968882065e-07
8.604484183283537356e-07
8.604884916535180299e-07
8.605028069020983180e-07
8.605407463013305495e-07
8.605565271994296979e-07
8.605958124048213103e-07
8.605941221164880233e-07
8.606443421988832139e-07
8.606870816809379512e-07
8.606875833066012903e-07
8.606687078062955974e-07
8.606742974801080287e-07
8.606931776235041255e-07
8.607144514701685952e-07
8.607369385206911904e-07
8.607791295419414994e-07
8.607997314885969355e-07
8.608050340149199844e-07
8.608286650336405364e-07
8.608568251090951612e-07
8.608919188145475371e-07
8.609063765975053332e-07
8.608962918107171294e-07
8.609178192810044892e-07
8.609299239292388770e-07
8.609543245026180271e-07
8.609817907445921531e-07
8.610080481322614072e-07
8.610037095222008958e-07
8.610653525178594213e-07
8.611111334786326362e-07
8.611453885173774691e-07
8.611609254764165766e-07
8.611638527206313458e-07
8.611832644967206287e-07
8.612231748652404543e-07
8.612164795066394872e-07
8.612181263666055045e-07
8.612729376313644842e-07
8.612748564526706810e-07
8.613045076344914769e-07
8.612949423672016855e-07
8.613018162873433672e-07
8.612898482398994602e-07
8.613106715309038137e-07
8.613053168678312362e-07
8.613146708571448011e-07
8.613392300273515623e-07
8.613717477039368167e-07
8.614011116727619841e-07
8.614316471759248759e-07
8.614609023853437450e-07
8.614751493081894316e-07
8.615052143616493917e-07
8.615087856366810262e-07
8.615416839798392839e-07
8.615757219553885308e-07
8.616107375268841632e-07
8.616391259997875908e-07
8.616684655688419193e-07
8.617005322453024002e-07
8.617212879155247457e-07
8.617619304701233185e-07
8.617990866242332331e-07
8.618332279784607912e-07
8.618654945777832365e-07
8.618982547534168290e-07
8.619293011207357008e-07
8.619598719027766941e-07
8.619913942413583118e-07
8.620195882213375177e-07
8.620470360910884555e-07
8.619933701038492572e-07
8.620343136744180341e-07
8.620404355616342995e-07
8.620833218245807813e-07
8.621194519966370846e-07
8.621602452169884280e-07
8.621669908423140047e-07
8.621919708153445638e-07
8.622298597076694289e-07
8.622672400143472011e-07
8.623032956755641241e-07
8.623378444635874241e-07
8.623708659284711152e-07
8.624008616771548181e-07
8.624033359956590863e-07
8.624351060396615440e-07
8.624662784452319279e-07
8.624686922012577146e-07
8.625035547245767343e-07
8.625349841788387866e-07
8.625366948598767375e-07
8.625594289937707171e-07
8.625944883092247545e-07
8.626164103749756937e-07
8.626519743831516208e-07
8.626870310194237171e-07
8.627213595224319142e-07
8.627559229150982994e-07
8.627878138133372020e-07
8.628244491903020303e-07
8.628531981801053377e-07
8.628825583315907105e-07
8.629296780243572879e-07
8.629578618531753813e-07
8.629554192529941284e-07
8.629853949419492305e-07
8.630193128276797271e-07
8.630192634374796344e-07
8.630377743827862088e-07
8.630559389189627561e-07
8.630878820888557955e-07
8.631193848338275492e-07
8.631351746443255241e-07
8.631660907289292082e-07
8.631975649987434349e-07
8.632236497447072098e-07
8.632498518093703084e-07
8.632807173158111442e-07
8.633146472874139905e-07
8.633297410716385020e-07
8.633385305649580204e-07
8.633992815999690020e-07
8.634650066516328009e-07
8.634875010000637913e-07
8.635050297401893773e-07
8.635324308737197569e-07
8.635541698088082122e-07
8.635880354137559920e-07
8.636162894858436841e-07
8.636391139377892269e-07
8.636493023451903744e-07
8.636867767602148012e-07
8.636948837274074948e-07
8.637272318089040568e-07
8.637630162380344515e-07
8.638013144281217862e-07
8.638213693256114341e-07
8.638335221588657320e-07
8.638532639130291760e-07
8.638679849468085695e-07
8.638940260567664886e-07
8.638836772892714672e-07
8.638928739494584819e-07
8.639137493202360576e-07
8.639389128814708878e-07
8.639630425946562898e-07
8.639882385605774261e-07
8.639983709282218203e-07
8.640101976711012847e-07
8.640752491884253543e-07
8.641420472403797662e-07
8.641370844397396603e-07
8.641737357606227070e-07
8.642459546128251217e-07
8.642772112179679959e-07
8.643006206490446630e-07
8.643239093193988050e-07
8.643495902460566414e-07
8.643920082229034479e-07
8.644450708658973752e-07
8.644861361498655854e-07
8.645071070315145931e-07
8.645615152229513508e-07
8.645996476540303918e-07
8.646155017202010471e-07
8.646319980216445263e-07
8.646493270241346659e-07
8.646657316916346403e-07
8.646825412899503268e-07
8.647000478537542784e-07
8.647580886979617875e-07
8.647768618559147103e-07
8.647924828548046933e-07
8.648096076401889607e-07
8.648883291434540137e-07
8.648760912869331065e-07
8.649223257183535632e-07
8.649628208892578538e-07
8.649609589982327937e-07
8.649589030315195537e-07
8.649967120557496049e-07
8.650544863427563830e-07
8.650762362747243029e-07
8.651184859278437191e-07
8.651221385419971463e-07
8.651195434261587303e-07
8.651634422017761038e-07
8.651774792286344510e-07
8.651861673764553224e-07
8.652247295557588737e-07
8.652421633910976065e-07
8.652609306584411068e-07
8.652900008639134019e-07
8.653355823583213067e-07
8.653440275409465157e-07
8.653837395093583872e-07
8.654402010109830928e-07
8.654773685754379469e-07
8.654623973388603829e-07
8.654793828095272546e-07
8.655194929667157322e-07
8.655588843171949438e-07
8.655898593297895006e-07
8.655880562338959719e-07
8.656059096437351564e-07
8.656064009744109768e-07
8.656437392131427900e-07
8.656762536501238002e-07
8.656850200794830361e-07
8.657016242728854194e-07
8.657422474288075379e-07
8.657598633959607158e-07
8.657514734581635917e-07
8.657599949129692438e-07
8.657595467282575791e-07
8.657723834420721248e-07
8.657822882347193436e-07
8.658422199942399467e-07
8.658683299838106998e-07
8.658954040348074380e-07
8.658975057054658890e-07
8.659268417949919853e-07
8.659345670277269574e-07
8.659613033908101708e-07
8.659581947685908340e-07
8.659666771129061906e-07
8.659979568642606933e-07
8.660113003523749849e-07
8.660511568931796337e-07
8.660828389868829127e-07
8.660927778560872102e-07
8.661219891854251386e-07
8.661728670117995963e-07
8.661662055684509886e-07
8.661934565316877087e-07
8.661987161966364372e-07
8.662249534489368365e-07
8.662565218075799611e-07
8.662849120691659340e-07
8.662629303120663833e-07
8.662498168924375516e-07
8.662381844013605103e-07
8.662288950482917407e-07
8.662177300545843992e-07
8.662348438655361043e-07
8.662530006108693036e-07
8.662578112868287846e-07
8.662928596385595092e-07
8.662984874761598748e-07
8.663308700889732228e-07
8.663271031029921412e-07
8.663481515006027600e-07
8.663930079142901361e-07
8.664417835353537583e-07
8.664627507170743374e-07
8.665022523860970991e-07
8.665655438737578314e-07
8.665665692961609985e-07
8.665615565628264787e-07
8.665685212233348926e-07
8.666267301256344365e-07
8.666125884231875273e-07
8.666015409989611894e-07
8.665930618263728799e-07
8.666006444257767789e-07
8.666101875102257467e-07
8.666048989675157315e-07
8.666170727964594491e-07
8.666302255052702350e-07
8.666434705347452646e-07
8.666586507409641259e-07
8.666579483439597781e-07
8.666636116364540210e-07
8.667036765203793423e-07
8.666957820537428085e-07
8.667079539359715615e-07
8.667422752257774112e-07
8.667652896098987504e-07
8.667898427088099856e-07
8.667872423619236215e-07
8.668308838870910550e-07
8.668326075759904718e-07
8.668765545623614634e-07
8.669019355080713706e-07
8.669357388568818798e-07
8.669719665550014758e-07
8.670044637631811435e-07
8.669931243250207956e-07
8.669982601427762533e-07
8.669946163610607893e-07
8.669878791382851088e-07
8.670159237805100218e-07
8.670441411289878185e-07
8.670522300410127674e-07
8.670875433328925758e-07
8.671137511294490161e-07
8.671409305683938954e-07
8.671607387632231873e-07
8.671854642175707175e-07
8.672331901860307179e-07
8.672497673005013910e-07
8.673023915523610195e-07
8.673092483303388531e-07
8.673240821654590431e-07
8.673410797615408328e-07
8.673731382189215068e-07
8.674042936092807055e-07
8.674202751991447642e-07
8.674333589404630479e-07
8.674833862477979373e-07
8.674971376942733574e-07
8.675424524774714125e-07
8.675870067392900855e-07
8.675986307625970702e-07
8.676056986372356809e-07
8.676028410147796619e-07
8.676387428411504044e-07
8.676502831341155288e-07
8.676577254206166907e-07
8.677003655002355512e-07
8.677241102161762253e-07
8.677328769213055661e-07
8.677294947908682234e-07
8.677393982539050610e-07
8.677351514057226401e-07
8.677419817803449840e-07
8.677392984675470540e-07
8.677503080741412475e-07
8.677665950627684541e-07
8.677724911227500336e-07
8.677789902679579146e-07
8.677952866296765916e-07
8.677966876293754713e-07
8.678118783067614221e-07
8.678478051624320778e-07
8.678850710663928099e-07
8.678929596773034909e-07
8.679208921103239887e-07
8.679366844761672643e-07
8.679534441124225398e-07
8.679532497986671740e-07
8.679699474692611520e-07
8.679696651245037435e-07
8.679797240800451682e-07
8.679855328618850585e-07
8.680135931240156412e-07
8.680239430285940549e-07
8.680610274914370532e-07
8.680691327646214506e-07
8.680804811418107055e-07
8.680936972351830425e-07
8.681078018553588838e-07
8.681225872660896646e-07
8.681388055585442686e-07
8.681479315230158595e-07
8.681339232979754130e-07
8.681389149879497107e-07
8.681736010689860269e-07
8.681931595301427464e-07
8.682109993737341116e-07
8.682272037457529049e-07
8.682449984727021643e-07
8.683354609387381347e-07
8.683617357529461376e-07
8.683632637623982153e-07
8.683732395974274087e-07
8.683721467732654720e-07
8.684084540331920271e-07
8.684365014347790200e-07
8.684721404972380667e-07
8.684819097071054817e-07
8.685104472448659156e-07
8.685271126689216268e-07
8.685341168702168851e-07
8.685251195144335871e-07
8.685387811450891130e-07
8.685985238446350745e-07
8.686188392951431006e-07
8.686586078601354090e-07
8.686966591713881109e-07
8.687050996390161716e-07
8.687357439630226730e-07
8.687575998028865205e-07
8.687573211760204624e-07
8.687867817454999109e-07
8.687789352302465070e-07
8.687857044961949377e-07
8.687932177500838946e-07
8.688413287065282235e-07
8.688738962898771427e-07
8.689274019539653856e-07
8.689381132425106495e-07
8.689626491790180784e-07
8.689681843154029437e-07
8.689730437506427210e-07
8.689596899855777362e-07
8.689653561348494124e-07
8.690077746311209627e-07
8.690218353439708368e-07
8.690577975500087513e-07
8.690636745741459451e-07
8.691098050485203359e-07
8.691147706790727428e-07
8.691595021649706006e-07
8.691365143523639787e-07
8.691367935836368549e-07
8.691477986812299836e-07
8.691739441842682127e-07
8.691939869881703115e-07
8.691926530346887570e-07
8.692131118669722037e-07
8.692189356394286116e-07
8.692389524263918629e-07
8.692686148781014302e-07
8.692662230640996002e-07
8.692554156829455466e-07
8.692589643948780683e-07
8.692497172293591686e-07
8.692721649849238919e-07
8.692744683914140400e-07
8.692755699816248741e-07
8.692970360645442582e-07
8.693019747079274222e-07
8.692810667272707618e-07
8.692759494209063233e-07
8.692977230570534733e-07
8.693523259521610146e-07
8.693635372875408616e-07
8.693488759435099283e-07
8.694094772235961142e-07
8.694224502955643178e-07
8.694487554512648795e-07
8.694950565165333532e-07
8.695000702836704205e-07
8.695175255297217413e-07
8.695363447728074654e-07
8.695418758508331225e-07
8.695309187498722591e-07
8.695292931770316406e-07
8.695317550507091015e-07
8.695318349050112544e-07
8.695387990508511206e-07
8.695779046590877733e-07
8.695861024340207292e-07
8.695820480880736384e-07
8.696021328852748001e-07
8.695814703613338996e-07
8.696282867940574043e-07
8.696469472049515311e-07
8.696695994838479364e-07
8.696916328707683374e-07
8.697081519935062652e-07
8.696989980333272298e-07
8.696806785890101022e-07
8.697017603791750838e-07
8.697229285985104783e-07
8.697438107750620482e-07
8.697402041026389562e-07
8.697185748267630755e-07
8.697483151713991732e-07
8.697343115705998946e-07
8.697120718306276847e-07
8.697259130319327094e-07
8.697498514585321853e-07
8.697292553012706048e-07
8.697546839361253119e-07
8.697907976552080305e-07
8.698277237231304496e-07
8.698279489758857914e-07
8.698315037460243214e-07
8.698731288326183103e-07
8.698773973481237505e-07
8.699124424803448171e-07
8.699460220049164972e-07
8.699728359344151569e-07
8.699758080938862429e-07
8.699723849679513669e-07
8.699846038918914750e-07
8.699800076085568935e-07
8.700145860596410779e-07
8.700483794182608276e-07
8.700970575086544625e-07
8.700952136731054669e-07
8.700887414850319934e-07
8.700940108605689761e-07
8.701335689602526080e-07
8.701239743430214255e-07
8.701424419338894482e-07
8.701399374002788308e-07
8.701681528465749497e-07
8.702018625688107099e-07
8.702088949357246221e-07
8.702172255225980055e-07
8.702322855314382731e-07
8.702283389532537746e-07
8.702256999366304975e-07
8.702127575522690322e-07
8.702285586999518050e-07
8.702571078302375541e-07
8.702625639312441077e-07
8.702770738932258939e-07
8.702820691736412473e-07
8.703060563163390680e-07
8.702883508304400381e-07
8.702841488056355291e-07
8.702926732820394735e-07
8.703199749855082085e-07
8.703244667198759127e-07
8.703609684924439224e-07
8.703801340798079725e-07
8.704173630544834335e-07
8.704229867679589412e-07
8.704329147494521332e-07
8.704316561348710624e-07
8.704690964016115547e-07
8.704706109361451290e-07
8.704798179300927015e-07
8.704774958714096709e-07
8.705158358131727206e-07
8.705118008569402638e-07
8.705239941543320218e-07
8.705504366850769291e-07
8.705691352919121490e-07
8.705933190650133636e-07
8.706222166811098750e-07
8.706008223913260364e-07
8.706040686524331761e-07
8.705961155162686620e-07
8.705870992161425594e-07
8.705800105777841366e-07
8.705878751977825471e-07
8.706191436415627238e-07
8.706301220794679699e-07
8.706384333025897615e-07
8.706480520807168453e-07
8.706729702022137381e-07
8.706825423131696483e-07
8.707013540373160591e-07
8.706885440479866753e-07
8.706990932351776126e-07
8.707206807929268475e-07
8.707264372008327374e-07
8.707371787638997943e-07
8.707204250957302449e-07
8.707249442647233578e-07
8.707394399387090207e-07
8.707540500715024574e-07
8.707852903384157003e-07
8.707946081848294884e-07
8.707878858024297622e-07
8.707878247413034082e-07
8.708051607813856366e-07
8.708101471682635756e-07
8.708086350401719920e-07
8.708392637465862825e-07
8.708830548276504389e-07
8.708964401694108245e-07
8.709098464698167025e-07
8.709212990391636997e-07
8.709358836316801508e-07
8.709495973536145709e-07
8.709569067785693501e-07
8.709724162048137303e-07
8.710045394852780448e-07
8.710196189600173131e-07
8.710320803439394351e-07
8.710511839558454047e-07
8.710593013445231055e-07
8.710691272120322920e-07
8.711006193767995696e-07
8.710958560675278099e-07
8.711111968126553413e-07
8.710975197804653805e-07
8.711045539374024792e-07
8.711084971569981097e-07
8.711591586520227651e-07
8.711692412264953771e-07
8.712268550415102526e-07
8.712349180153429955e-07
8.712581671456092012e-07
8.712653722450961694e-07
8.712847938060397552e-07
8.712866814828638299e-07
8.713378955793267613e-07
8.713882336707660448e-07
8.713958675536158345e-07
8.713952878128433995e-07
8.713944982667336206e-07
8.713996939873509222e-07
8.713917804777990775e-07
8.714173586975755739e-07
8.714184053353266738e-07
8.714192373119262774e-07
8.714195305951282533e-07
8.714384847831245031e-07
8.714379978350317743e-07
8.714410118997646009e-07
8.714450269192231242e-07
8.714248605243053521e-07
8.714487092838069786e-07
8.714526395472168234e-07
8.714395261138322824e-07
8.714281708371610372e-07
8.714318606004144202e-07
8.714545695717763450e-07
8.714850625556893588e-07
8.714712985855241288e-07
8.714837892074084042e-07
8.714860478814310985e-07
8.715083462051639088e-07
8.715105370972360363e-07
8.715182599063098967e-07
8.715393445240687443e-07
8.715471127275676833e-07
8.715621452069132639e-07
8.715714882340460689e-07
8.715159634998229504e-07
8.715374937698821084e-07
8.715359181336246322e-07
8.715361236882945252e-07
8.715483555650087820e-07
8.715561800166289677e-07
8.715447030312182409e-07
8.715507549734937233e-07
8.715822452784795689e-07
8.715783761506356628e-07
8.716029381053294069e-07
8.716376906809314539e-07
8.716559156755315554e-07
8.716625655948458263e-07
8.716462317940342408e-07
8.716636502866032494e-07
8.716498787880354422e-07
8.716480468154429121e-07
8.716620768536916036e-07
8.716532929523552776e-07
8.716318074316735273e-07
8.716441976816710126e-07
8.716570638114377093e-07
8.716701031746206323e-07
8.716838887383870514e-07
8.716868556536544971e-07
8.716818808563915740e-07
8.716888153637936976e-07
8.717204702377392626e-07
8.717338916837518528e-07
8.717368056543551334e-07
8.717523400824523830e-07
8.717645518801672983e-07
8.717998220048651992e-07
8.718143460655193865e-07
8.718238006084728950e-07
8.718194575701800396e-07
8.718233450583881433e-07
8.718264938107705429e-07
8.718511070864584071e-07
8.718823213464362617e-07
8.718848933607336610e-07
8.718848802026967476e-07
8.718949198773729896e-07
8.718942694328090951e-07
8.719078201927603037e-07
8.719153358628574353e-07
8.719092476213753747e-07
8.719388176837098092e-07
8.719676936810431708e-07
8.719741780289237471e-07
8.719898008835479328e-07
8.720282351170013067e-07
8.720542049061543451e-07
8.720436681425354056e-07
8.720507453918412856e-07
8.720560707288095672e-07
8.720504083745591087e-07
8.720474270210916106e-07
8.720582736317765937e-07
8.720703306208806881e-07
8.720674788167269122e-07
8.720883690766242237e-07
8.720976582299744829e-07
8.721190091550350958e-07
8.721142197412745280e-07
8.721487985089865102e-07
8.721758261547421908e-07
8.721803680399123283e-07
8.721713725630543598e-07
8.721697889793640369e-07
8.721584500712487435e-07
8.721822663290830266e-07
8.721956559463065879e-07
8.721839940367048506e-07
8.722012095721096965e-07
8.722238430118860711e-07
8.722072521325480935e-07
8.722000691248089552e-07
8.721927297472309493e-07
8.721878051139168343e-07
8.721875685728501779e-07
8.722259559661467570e-07
8.722529975276630501e-07
8.722536460831132910e-07
8.722692178274272381e-07
8.722582565895368139e-07
8.722392335971737962e-07
8.722450614245791517e-07
8.722346245636427363e-07
8.722269460550966428e-07
8.722372823453086719e-07
8.722373052655383687e-07
8.722427595923158297e-07
8.722452877358069814e-07
8.722878785916296069e-07
8.722956777688845071e-07
8.722907210186331425e-07
8.722798194550999547e-07
8.722813981273514716e-07
8.722976889328229587e-07
8.722903982220101930e-07
8.722791479646883141e-07
8.722721138057986985e-07
8.722904750707355760e-07
8.723014664251331616e-07
8.723072533581645416e-07
8.723167849897048467e-07
8.723340664523597545e-07
8.723262428150256929e-07
8.723074641338637828e-07
8.722967673941405447e-07
8.722830734873997016e-07
8.722805694887819758e-07
8.722798608907141134e-07
8.722888811589437225e-07
8.722855702964156412e-07
8.723088116568078583e-07
8.723110459316281785e-07
8.723024753456925428e-07
8.723085079710846722e-07
8.723042545564387817e-07
8.723119685070802965e-07
8.723184663989309843e-07
8.723316491611448712e-07
8.723481155375363637e-07
8.723652852370201126e-07
8.724009016436499499e-07
8.723998111919813469e-07
8.724012380425798641e-07
8.724082786949292971e-07
8.724260875537151563e-07
8.724402311417145809e-07
8.724498464414180693e-07
8.724600244748690632e-07
8.724711824025991831e-07
8.724627730402183609e-07
8.724741810019430433e-07
8.724776226602842493e-07
8.724708193961607336e-07
8.724621712683718071e-07
8.724705444372663508e-07
8.724932333436608819e-07
8.724917726271684151e-07
8.724845214121649384e-07
8.725040621744171355e-07
8.724973225503070728e-07
8.724842453018994116e-07
8.724803710598598818e-07
8.724876674876914553e-07
8.724876590251145577e-07
8.724953812196104283e-07
8.725110591942782287e-07
8.725054298834995265e-07
8.725006040031955160e-07
8.724852706188161659e-07
8.724971346321512670e-07
8.724824028231272615e-07
8.724825038695871733e-07
8.724813189715586536e-07
8.724755008538853077e-07
8.724790032876049265e-07
8.724802003754604554e-07
8.724870628470663878e-07
8.724814458057693555e-07
8.724689271066280564e-07
8.724917570278050943e-07
8.724886743532689677e-07
8.725086720541804848e-07
8.725019662231504550e-07
8.724813995832157287e-07
8.724824138684795630e-07
8.725077387591234435e-07
8.725134126976731508e-07
8.725291554657602273e-07
8.725619431274621863e-07
8.725735199643478485e-07
8.725802590989912405e-07
8.725993661929834817e-07
8.726032137891525657e-07
8.726365039288268735e-07
8.726213110368210837e-07
8.726058560997777076e-07
8.725823951527825105e-07
8.725962288572844750e-07
8.725962141154134761e-07
8.726218580289221564e-07
8.726529696037025027e-07
8.726730732563197620e-07
8.726739001304900884e-07
8.726660392351095287e-07
8.726587220374620470e-07
8.726551059019999973e-07
8.726772373893476270e-07
8.726853004666700083e-07
8.726715861771054583e-07
8.727008544024863928e-07
8.727153212095742844e-07
8.727053854043977476e-07
8.727145654630631980e-07
8.727138108461270862e-07
8.727231062819854073e-07
8.727517028696995056e-07
8.727685227056158052e-07
8.727608468611557257e-07
8.727852444528850926e-07
8.727836738999748295e-07
8.727712569736426174e-07
8.727618045241144150e-07
8.727600259003269625e-07
8.727628770403245339e-07
8.727829278592097216e-07
8.727408063403109752e-07
8.727688044346392357e-07
8.728153712272198636e-07
8.728441435134773744e-07
8.728628723541980876e-07
8.728841719458087492e-07
8.728709929576318975e-07
8.728885800382653623e-07
8.728737429001101248e-07
8.728789528345155226e-07
8.728675764030639649e-07
8.728551774032671683e-07
8.728519451025422308e-07
8.728623066760902596e-07
8.728768766876392551e-07
8.729065731289143469e-07
8.728966376852666127e-07
8.729018857820687990e-07
8.729104091624010982e-07
8.729079494273869615e-07
8.728983450739669070e-07
8.728922952984354791e-07
8.728939396112958146e-07
8.728854248256792468e-07
8.728945663971656189e-07
8.729092643918350885e-07
8.729092169272208293e-07
8.729367557614616172e-07
8.729373381816591976e-07
8.729249396106242320e-07
8.729379918139294157e-07
8.729506175347839456e-07
8.729411975575424783e-07
8.729672528662554587e-07
8.729735151760713689e-07
8.729851678457647555e-07
8.729726627051698404e-07
8.729964267375711981e-07
8.729972197401176087e-07
8.730193394788384215e-07
8.730218036209819234e-07
8.730293331497771754e-07
8.730359881714138914e-07
8.730263657960124196e-07
8.730167446585557411e-07
8.730314331478385232e-07
8.730261929418130556e-07
8.730397926031555132e-07
8.730661609502580092e-07
8.730918174919432015e-07
8.730970923004989033e-07
8.731233118582964927e-07
8.731094858126601904e-07
8.730969131766098386e-07
8.730833387440140130e-07
8.731052043548809514e-07
8.731174594777763121e-07
8.731075322603737542e-07
8.730978675049177639e-07
8.731106582160310605e-07
8.730747302844767310e-07
8.730568948839393042e-07
8.730683783595184901e-07
8.730984397206894119e-07
8.730902113946447362e-07
8.730816778073101480e-07
8.730750943363582901e-07
8.730813394655693501e-07
8.730894163229642303e-07
8.730851228641301799e-07
8.730878372831731532e-07
8.730859860709816149e-07
8.731198038745487059e-07
8.731564614786790625e-07
8.731686123729630299e-07
8.731630301319990713e-07
8.731814810509181283e-07
8.731751095109695354e-07
8.731767893979298713e-07
8.732124650189723372e-07
8.732236911144007219e-07
8.732159541145101929e-07
8.732528647308339772e-07
8.732401681040715271e-07
8.732300760721248580e-07
8.732135155411911222e-07
8.732250835387139031e-07
8.732155040962658002e-07
8.732111235978001391e-07
8.732046144725273540e-07
8.732253663487438626e-07
8.732390853110668866e-07
8.732533955460677362e-07
8.732444011512885344e-07
8.732366212604315304e-07
8.732606039009344077e-07
8.732592689756828696e-07
8.732547973062008204e-07
8.732662281659753243e-07
8.732801804914098301e-07
8.733027360330825030e-07
8.733032398556126118e-07
8.732858460038439143e-07
8.732772757406244433e-07
8.732657572377199534e-07
8.732636335942246044e-07
8.732792687589675010e-07
8.733038036160522467e-07
8.732974727086983913e-07
8.733020460840375022e-07
8.733063688140318916e-07
8.733112960644357740e-07
8.733170937502335231e-07
8.733216773235319993e-07
8.733215693945384854e-07
8.733224014779608021e-07
8.733480319912147098e-07
8.733771599309034171e-07
8.733795164537755551e-07
8.733594731701439588e-07
8.733894873405583376e-07
8.734129009416435315e-07
8.734267695527592876e-07
8.734353974696076091e-07
8.734510959703814099e-07
8.734655302988441129e-07
8.734807210923327639e-07
8.735144191096838651e-07
8.735034686575612725e-07
8.735076166384653503e-07
8.735072125906268520e-07
8.735476638957176249e-07
8.735718595036873747e-07
8.735768178454017330e-07
8.735891978795023421e-07
8.736209384360855144e-07
8.736322395962249472e-07
8.736371492595084099e-07
8.736252290003413803e-07
8.736121707971674650e-07
8.735910032887808103e-07
8.736066813845869218e-07
8.736028923358628535e-07
8.736039468264505840e-07
8.735913371603190993e-07
8.735931063394041632e-07
8.735816592519784853e-07
8.735829730149435168e-07
8.736000740052533426e-07
8.735857123883917501e-07
8.735851839984339712e-07
8.736017098915019053e-07
8.735866382792758780e-07
8.735807189706789277e-07
8.735927789550633654e-07
8.735903232137874463e-07
8.735753095209071521e-07
8.735608537328345549e-07
8.735590567269587332e-07
8.735577586619913622e-07
8.735694667769572515e-07
8.735672169975988430e-07
8.735842674554159312e-07
8.735804039311279109e-07
8.736026648925651137e-07
8.736208312022735396e-07
8.736178915758846609e-07
8.736049172745708483e-07
8.736134822212498536e-07
8.736282702226026337e-07
8.736320615540443901e-07
8.736234046951384167e-07
8.736296230583887114e-07
8.736275472393076300e-07
8.736554272972006579e-07
8.736725688274432048e-07
8.736784933349818486e-07
8.736915302320568272e-07
8.737025682328032929e-07
8.736935347931976956e-07
8.736936530670559457e-07
8.737180186904392413e-07
8.737511697954272574e-07
8.737558802122616329e-07
8.737709732369607004e-07
8.737750567165082856e-07
8.737568469511930692e-07
8.737706079219007071e-07
8.737756278495133761e-07
8.737685896516804534e-07
8.737619928048290906e-07
8.737757973978562259e-07
8.737658264511067930e-07
8.737479944880914345e-07
8.737671892371352271e-07
8.737472363393699223e-07
8.737379512253147007e-07
8.737303259196179438e-07
8.737404707601518762e-07
8.737397206736345868e-07
8.737455714182803540e-07
8.737328605182797416e-07
8.737384385952666833e-07
8.737277393544305936e-07
8.737423688819074654e-07
8.737266089547374812e-07
8.737196855884596627e-07
8.737371443617183827e-07
8.737300970174197723e-07
8.737470268203581960e-07
8.737258943281773145e-07
8.737144565854181634e-07
8.737233634159583337e-07
8.737370901116041806e-07
8.737327730749543457e-07
8.737189637530255927e-07
8.737146472350882527e-07
8.737106998780642649e-07
8.737070250626985048e-07
8.737161099965957633e-07
8.737130498815414953e-07
8.737128755779894551e-07
8.737042741852678514e-07
8.737222349139062732e-07
8.737112844572665598e-07
8.736963397929515374e-07
8.736920145185191964e-07
8.736895195339769674e-07
8.737054760151853489e-07
8.737169167409855348e-07
8.737388966689805398e-07
8.737327736871736664e-07
8.737288631571811322e-07
8.737308002737568328e-07
8.737275365132457820e-07
8.737568409924231173e-07
8.737785579862536512e-07
8.737733647085048863e-07
8.737776377164960488e-07
8.737632220181846310e-07
8.737611697307002402e-07
8.737877226618360089e-07
8.738081089875783513e-07
8.738012987779386163e-07
8.737970592018215095e-07
8.737995924670164908e-07
8.737912307996197019e-07
8.738032630582028967e-07
8.737960025399566159e-07
8.738033313969572417e-07
8.738130611580392489e-07
8.738124781121272071e-07
8.738111174047362604e-07
8.738400104857731618e-07
8.738526339945457751e-07
8.738603079868687891e-07
8.738807517650745275e-07
8.738692900058350987e-07
8.738611761597170575e-07
8.738541929434737555e-07
8.738450021668314849e-07
8.738474209264982609e-07
8.738479485728201927e-07
8.738597679305000699e-07
8.738846801734996879e-07
8.738842026272457746e-07
8.738904359466278638e-07
8.738825434845303751e-07
8.738711255557841430e-07
8.738825022336742192e-07
8.738821142272701956e-07
8.738974532924800355e-07
8.738874299243122527e-07
8.738857964779168953e-07
8.738941066505580608e-07
8.738792257741186920e-07
8.738674599006900723e-07
8.738570566012328590e-07
8.738537279331002562e-07
8.738531168375435118e-07
8.738648205649815430e-07
8.738616514295868656e-07
8.738922748192553908e-07
8.739160464049455773e-07
8.739467135134540631e-07
8.739609166816045667e-07
8.739586884894044972e-07
8.739373726109382349e-07
8.739371574890446493e-07
8.739355102835539875e-07
8.739181009457994468e-07
8.739038960980365013e-07
8.738898215181355972e-07
8.738757682117707189e-07
8.738807562999499078e-07
8.738843745906151882e-07
8.738682800667659264e-07
8.738529903905721329e-07
8.738411376897493482e-07
8.738277604286211285e-07
8.738327685874327733e-07
8.738311259387948205e-07
8.738283339707283167e-07
8.738093736558428039e-07
8.738097632460250089e-07
8.738031097863777163e-07
8.738067656462358248e-07
8.738127592228642318e-07
8.738164994914151950e-07
8.738180094988669391e-07
8.738467121409516199e-07
8.738483824098404518e-07
8.738405652533938036e-07
8.738304545258587425e-07
8.738165353615080000e-07
8.738210162804943303e-07
8.738154166066788980e-07
8.738211915389005768e-07
8.738119989619151878e-07
8.738171042126721875e-07
8.738036171817741117e-07
8.737916737801484449e-07
8.737780108162975766e-07
8.737732917187758489e-07
8.737640521228771025e-07
8.737619224573925447e-07
8.737745022223775360e-07
8.737906140647200356e-07
8.737951881821947924e-07
8.737882716118258930e-07
8.737863831443087382e-07
8.737959549106037658e-07
8.737865756511639976e-07
8.738022183416525408e-07
8.738052527637714044e-07
8.738114132282539962e-07
8.738110500597234043e-07
8.738073404251439943e-07
8.738101910290678600e-07
8.738242433835439943e-07
8.738347701085863701e-07
8.738422147045316506e-07
8.738365251639479277e-07
8.738479770564783306e-07
8.738590432638199395e-07
8.738494478677882311e-07
8.738533504722873425e-07
8.738638930785818982e-07
8.738668531926677506e-07
8.738702165935611621e-07
8.738756824407527411e-07
8.738792704657218883e-07
8.738932994404715866e-07
8.738925289778362324e-07
8.738918973789167459e-07
8.739202017327039548e-07
8.739401749235185915e-07
8.739404159878681352e-07
8.739406523472361658e-07
8.739372329036609845e-07
8.739535600106227566e-07
8.739472337021493732e-07
8.739716007421856380e-07
8.739706642359296025e-07
8.739679250072256415e-07
8.739630787967656915e-07
8.739537051781272242e-07
8.739499726100048771e-07
8.739435745523844867e-07
8.739587006710688616e-07
8.739496158326405806e-07
8.739379774853870651e-07
8.739391712780973407e-07
8.739344814601550361e-07
8.739316056856231858e-07
8.739301511035508461e-07
8.739232755033849587e-07
8.739224630356602664e-07
8.739155715922467675e-07
8.739101751541739405e-07
8.739137959686105214e-07
8.739023951909144659e-07
8.739076917447074068e-07
8.739138273918632567e-07
8.739141967425836692e-07
8.739130769945697907e-07
8.739225139420791926e-07
8.739354467105016653e-07
8.739307576751189129e-07
8.739253328106502339e-07
8.739105882465647103e-07
8.739022760500763838e-07
8.739012471708613493e-07
8.739057267484655520e-07
8.739353437168653679e-07
8.739530261286548607e-07
8.739457722483342076e-07
8.739400172899076254e-07
8.739378631306778406e-07
8.739743951623535495e-07
8.739790917135311113e-07
8.739714372068881762e-07
8.739616354307223687e-07
8.739512118371094926e-07
8.739406272053540330e-07
8.739328923418652502e-07
8.739225296347614037e-07
8.739128890982100484e-07
8.739073070454662339e-07
8.739149074467333100e-07
8.739112840739624610e-07
8.739025179126361074e-07
8.738945592675651807e-07
8.738840010715596683e-07
8.738868125034363896e-07
8.738738756416431313e-07
8.738791022552335915e-07
8.738787824676947636e-07
8.738818320624798657e-07
8.738735588966520498e-07
8.738706727836157279e-07
8.738787113978439341e-07
8.738818578832841049e-07
8.738881990093511151e-07
8.738881139273570645e-07
8.738886803711824651e-07
8.738914418739457101e-07
8.738930711825789791e-07
8.739227423676290547e-07
8.739413924424693880e-07
8.739409598509312449e-07
8.739485374915523842e-07
8.739410557637094341e-07
8.739504712361908246e-07
8.739441363338542485e-07
8.739527467322347001e-07
8.739488666216813435e-07
8.739537844415406755e-07
8.739601805669921981e-07
8.739470935839862869e-07
8.739429793329429850e-07
8.739299238186410676e-07
8.739221375757097151e-07
8.739234928535745772e-07
8.739150185880238905e-07
8.739122940081292184e-07
8.739226850210213778e-07
8.739182526297620529e-07
8.739173032798915457e-07
8.739213038674486596e-07
8.739137541467186338e-07
8.739261478948445595e-07
8.739150933235639592e-07
8.739186339448700675e-07
8.739194946155627687e-07
8.739210784982159114e-07
8.739169611606921230e-07
8.739125410168362366e-07
8.739101085359241411e-07
8.739087577940080618e-07
8.738949892642853349e-07
8.738889525454386696e-07
8.739041828937211252e-07
8.739010120832979366e-07
8.739145602187383104e-07
8.739459759295907320e-07
8.739706649557910348e-07
8.739703578052683547e-07
8.739608555070837946e-07
8.739601954978715053e-07
8.739481325060299904e-07
8.739572104143519107e-07
8.739646811103170536e-07
8.739660983749533918e-07
8.739593091918416403e-07
8.739616256229360251e-07
8.739590124132757276e-07
8.739645015934165599e-07
8.739486936541728998e-07
8.739461737184956991e-07
8.739412315234681295e-07
8.739525735141716872e-07
8.739603834267987115e-07
8.739488117684261081e-07
8.739458707731398718e-07
8.739440880278433051e-07
8.739275319470110335e-07
8.739274306459623463e-07
8.739153744887320622e-07
8.739164753409311362e-07
8.739054084426596700e-07
8.739061186858642511e-07
8.738972115620785216e-07
8.738904602595224510e-07
8.738813913733912383e-07
8.738739908310252924e-07
8.738783436968840872e-07
8.738846438946316412e-07
8.738767801552194823e-07
8.738655193682100664e-07
8.738773193452681024e-07
8.738781838310537374e-07
8.738706518665674940e-07
8.738845542176428822e-07
8.739211017581106906e-07
8.739450625995559612e-07
8.739468076376987850e-07
8.739478883302381109e-07
8.739276601359380674e-07
8.739251434326023327e-07
8.739156561199248814e-07
8.739407509707910486e-07
8.739237097065521500e-07
8.739109346433167273e-07
8.738993773222190360e-07
8.738898035481958842e-07
8.738789795842627760e-07
8.738694097304692521e-07
8.738707289687841095e-07
8.738618442317083873e-07
8.738500968522568482e-07
8.738480640881132092e-07
8.738428983328423103e-07
8.738369281785080860e-07
8.738308452989769860e-07
8.738251166160857631e-07
8.738185846528581325e-07
8.738131482281121650e-07
8.738229239021973849e-07
8.738291408679557602e-07
8.738174078763155539e-07
8.738226837102454018e-07
8.738121146427821814e-07
8.738147655971365103e-07
8.738134794086373684e-07
8.737981233760847162e-07
8.737883743265489581e-07
8.737707545834019930e-07
8.737554716955922897e-07
8.737473879800772028e-07
8.737382763359812636e-07
8.737374070542753878e-07
8.737354377720515844e-07
8.737222895215629291e-07
8.737234885552570611e-07
8.737336585059780004e-07
8.737408154495581103e-07
8.737155779476044124e-07
8.737236566242393984e-07
8.737097905547192689e-07
8.737164387674948733e-07
8.737336881799967383e-07
8.737332054193876730e-07
8.737226864005586188e-07
8.737151939726123025e-07
8.737053203923062975e-07
8.737053627300515202e-07
8.736968910271815453e-07
8.736958420266237805e-07
8.737024476826182183e-07
8.737043541457432550e-07
8.736987622872587874e-07
8.736964708626964937e-07
8.737167416130108213e-07
8.737198671462750314e-07
8.737411313623538265e-07
8.737451051869732357e-07
