4.314668987435085362e-07
4.309389970950191311e-07
4.304645277829807013e-07
4.299049970979140172e-07
4.294254396242856489e-07
4.290040971597338727e-07
4.286382777726697035e-07
4.291002273308630605e-07
4.289646855922864638e-07
4.288763302412792816e-07
4.295339738993454586e-07
4.293959156931765842e-07
4.300668035075029492e-07
4.300261261989960138e-07
4.299949662426699787e-07
4.302657002052478555e-07
4.305862184108378050e-07
4.307596021314253271e-07
4.308081737116447041e-07
4.304954505563971585e-07
4.308043574555977891e-07
4.309108719007659331e-07
4.310270229215089140e-07
4.315276785115673959e-07
4.320706374163929910e-07
4.322618852140610972e-07
4.328448067845872631e-07
4.334535693670823573e-07
4.340510004692593498e-07
4.346087426456302586e-07
4.351080345632296334e-07
4.353815731330116087e-07
4.359324804818291430e-07
4.364299741111173912e-07
4.369106998823391935e-07
4.374941235140341294e-07
4.376990625036677014e-07
4.383650248296222670e-07
4.385523294243126291e-07
4.392372869805794534e-07
4.399867009536742941e-07
4.405924054831338212e-07
4.412508505228297866e-07
4.418670062307700144e-07
4.425895127326141730e-07
4.432805937471145750e-07
4.439428856034576912e-07
4.446396441170452051e-07
4.453229951552082841e-07
4.460365783060423908e-07
4.467369039731834476e-07
4.474175580902596733e-07
4.485991473533308037e-07
4.492994115522411963e-07
4.500091361098649710e-07
4.510670608056982202e-07
4.518138847641761590e-07
4.525460329156400400e-07
4.537942030071859517e-07
4.543335191419139904e-07
4.548777111839980181e-07
4.554356055274954845e-07
4.560057877225316329e-07
4.571284881318304466e-07
4.579239833303677933e-07
4.590553249092009445e-07
4.596693460843471664e-07
4.605697078594357298e-07
4.613904726854577026e-07
4.622043336482689811e-07
4.633713817216059293e-07
4.642000570642011096e-07
4.649078967612309876e-07
4.658308180633168103e-07
4.671628276327521340e-07
4.679902044475329771e-07
4.691606953565151420e-07
4.700320949163814471e-07
4.712034553592352196e-07
4.718480386276808581e-07
4.725039519021536838e-07
4.731655824717628969e-07
4.741100340998552509e-07
4.749756517665563822e-07
4.761896193235518939e-07
4.770391341735952970e-07
4.781302247731836113e-07
4.792235586088978018e-07
4.803179799105369958e-07
4.813437500729352991e-07
4.821644796069360777e-07
4.830478049840058534e-07
4.836012326173834008e-07
4.846997485782896474e-07
4.857283351193851029e-07
4.863578670412653943e-07
4.874570060405895977e-07
4.883653718057739873e-07
4.896785923164318182e-07
4.907928791810893218e-07
4.918383404594580428e-07
4.928815556009749381e-07
4.935454236915570215e-07
4.945866592608171021e-07
4.955911339136285701e-07
4.966442739053764918e-07
4.976293381983596816e-07
4.988348551359886083e-07
4.999356436766807376e-07
5.009557233549744124e-07
5.017742696733303656e-07
5.023572252281745810e-07
5.029420361430431154e-07
5.041151501123601640e-07
5.051351253093781289e-07
5.057325180386435405e-07
5.066179019473382469e-07
5.075631658677133822e-07
5.077481139701922403e-07
5.087010254303827426e-07
5.093537321221070290e-07
5.102655633352276100e-07
5.109153804501286024e-07
5.118546710173788107e-07
5.124880647540144063e-07
5.136526493699534165e-07
5.147710140930046630e-07
5.152295032970290823e-07
5.158446801303364288e-07
5.164499196405435395e-07
5.171270324613331125e-07
5.175481355614770012e-07
5.181858451923246265e-07
5.188191498715794522e-07
5.195065656510201577e-07
5.201388136915299600e-07
5.208390786007634526e-07
5.210855043398260307e-07
5.221246790125302630e-07
5.229663858289285109e-07
5.238323139036927536e-07
5.248989081918183445e-07
5.255184592109164236e-07
5.261307137845940782e-07
5.267384913195276639e-07
5.273403063560460716e-07
5.279353661548945061e-07
5.286027078873858958e-07
5.290036142898920692e-07
5.296631535160198254e-07
5.298082830241167976e-07
5.304998703009296276e-07
5.311191952120515737e-07
5.317336303641597364e-07
5.319105497912016004e-07
5.326233262206692440e-07
5.330598408176462364e-07
5.335084327715834285e-07
5.342182912744621500e-07
5.349127465984803655e-07
5.356019993241616831e-07
5.359245449336245066e-07
5.366037644515978090e-07
5.378508014978718936e-07
5.386328982343874933e-07
5.392742661524667783e-07
5.399079069898999789e-07
5.405514259269193118e-07
5.407739651832343768e-07
5.412575914900115383e-07
5.421832875857367435e-07
5.430795954648365703e-07
5.434898274629200354e-07
5.441432526721307999e-07
5.448487109661014713e-07
5.455521256830680057e-07
5.462423119281872982e-07
5.469243439902149809e-07
5.472427116800017121e-07
5.477012399386666742e-07
5.481592875235180443e-07
5.490600377125619634e-07
5.499523730385147501e-07
5.511576873344879579e-07
5.516154797145881992e-07
5.524434963300295713e-07
5.533295411874435951e-07
5.542118508866071984e-07
5.545639017820199659e-07
5.551245586806962443e-07
5.562666367013721494e-07
5.572901393491271391e-07
5.579189361856940411e-07
5.588902452275293939e-07
5.600134667324724522e-07
5.608612878312507821e-07
5.615946836445277335e-07
5.621360140002498446e-07
5.629787094334978087e-07
5.637007530849125949e-07
5.648569481363787468e-07
5.653631191302473694e-07
5.663490426888236087e-07
5.671102452086514682e-07
5.682558198430489890e-07
5.694259529779274012e-07
5.702086418957512802e-07
5.712086262820731778e-07
5.720281981183296514e-07
5.726195197100681470e-07
5.734736590243885644e-07
5.747209415714204165e-07
5.755545907785390733e-07
5.761355648696440929e-07
5.766793877350739317e-07
5.774634578349144245e-07
5.783453690091571377e-07
5.794275549219355568e-07
5.803901863102509740e-07
5.812181604900428201e-07
5.819421872313072550e-07
5.831577362746585676e-07
5.838727137559041080e-07
5.850819547324151913e-07
5.861335314225139759e-07
5.868147407934169666e-07
5.877214338241541983e-07
5.886373979314615812e-07
5.894121169173721858e-07
5.900362501918321677e-07
5.907877730829060295e-07
5.911266163316343959e-07
5.921018318125385754e-07
5.930410495037120861e-07
5.939650321213028957e-07
5.950532759276167433e-07
5.959324189382530486e-07
5.966829169217004995e-07
5.975099531685449416e-07
5.984890821850163077e-07
5.990627584412836427e-07
5.996806245647477504e-07
6.003794587216724145e-07
6.010769845799607040e-07
6.017739835120463096e-07
6.020876041254181079e-07
6.026550674451064141e-07
6.036116716148002464e-07
6.043302003177678479e-07
6.051694547506769044e-07
6.057884492936782992e-07
6.064706890610189978e-07
6.069950009139278409e-07
6.079395212316723379e-07
6.083095170141345121e-07
6.087856223294836814e-07
6.094864514072178960e-07
6.103071239990397956e-07
6.113252833446661739e-07
6.119076595269819283e-07
6.128405621934948839e-07
6.134962262536221015e-07
6.138729266830060792e-07
6.146350546672158018e-07
6.153539175262911988e-07
6.158003926144876098e-07
6.165970915882370500e-07
6.172883772595975784e-07
6.180029586154427955e-07
6.187072623235762011e-07
6.194378406133416324e-07
6.203171391265715343e-07
6.209642916801908802e-07
6.217014347939858436e-07
6.225968386901318937e-07
6.232183337631377545e-07
6.236635276916252681e-07
6.243150713765045917e-07
6.249719576274893881e-07
6.256360808568349221e-07
6.263992404236187992e-07
6.270543708202467645e-07
6.274709695182137655e-07
6.283344535240037200e-07
6.289451183321912897e-07
6.293555641752442554e-07
6.299554612111887229e-07
6.304790045316344110e-07
6.311557493746126888e-07
6.319199576793529413e-07
6.326803193955071758e-07
6.329551272423143976e-07
6.335956599118050125e-07
6.340324616860296664e-07
6.346680239247709642e-07
6.354303140839879163e-07
6.361081532070882992e-07
6.367981929903356661e-07
6.374650207533166834e-07
6.381489116337391989e-07
6.387972188576293254e-07
6.396097966796267808e-07
6.402765699757288650e-07
6.410081980280213010e-07
6.412676328174218505e-07
6.417600767032761650e-07
6.424525340770487301e-07
6.431366913206606684e-07
6.433853921270672303e-07
6.437896826382556651e-07
6.442033563603630826e-07
6.447628554343087235e-07
6.452594294276609948e-07
6.457498481555434128e-07
6.460652803898262594e-07
6.466733740723841169e-07
6.470675447344163381e-07
6.476638483130696239e-07
6.481384587136538954e-07
6.485713337067884398e-07
6.496986838222023763e-07
6.502184834081607832e-07
6.509059504841830604e-07
6.516989974261553058e-07
6.520291554858294595e-07
6.526122908732028911e-07
6.534691678189717352e-07
6.537908194344275678e-07
6.545461124229863628e-07
6.549394767906189833e-07
6.553329832618901998e-07
6.556174672690594469e-07
6.559947841649713953e-07
6.567393863615447235e-07
6.572070843765276421e-07
6.577479814004230255e-07
6.582837584447373647e-07
6.589492897992706878e-07
6.595125367410446098e-07
6.602167025396388337e-07
6.608945232025911498e-07
6.615463720338800600e-07
6.621022197548809329e-07
6.627502511967410699e-07
6.628727119319189295e-07
6.631408643154459272e-07
6.634281228781849355e-07
6.640118653542981757e-07
6.643795253226402444e-07
6.650470687644946104e-07
6.658028918056085343e-07
6.665308241593928582e-07
6.668235605517924482e-07
6.671005087516610354e-07
6.678946618398881191e-07
6.684338744671217113e-07
6.689463698912432250e-07
6.693819388548087278e-07
6.700049518636497260e-07
6.703836058538140805e-07
6.710113548960214280e-07
6.715552149911987118e-07
6.720709027973020532e-07
6.724902747966022962e-07
6.729511088814428632e-07
6.734128660558427249e-07
6.741927851946244758e-07
6.744847542802924421e-07
6.747721322805087292e-07
6.755220783470200519e-07
6.760085675899977482e-07
6.765838574479695764e-07
6.771384703488840260e-07
6.776338127222727476e-07
6.782518314493022740e-07
6.784592356566212967e-07
6.788672559422185777e-07
6.792400832747918044e-07
6.796525862890012740e-07
6.800313373117580082e-07
6.803724498311381492e-07
6.807132052786004039e-07
6.810725547981870952e-07
6.814470568632494645e-07
6.816852993226622775e-07
6.818728682625302700e-07
6.821081120050072270e-07
6.824081606390770180e-07
6.827075664425201493e-07
6.830966056442952295e-07
6.837175163770660598e-07
6.842248743414358778e-07
6.844556742675754912e-07
6.846863058493942257e-07
6.849826900083448632e-07
6.852510582517232082e-07
6.856276019855784326e-07
6.858655498210613692e-07
6.865083889319066545e-07
6.870416483534784285e-07
6.876833091777978407e-07
6.879317669787729811e-07
6.883266620115822076e-07
6.885717333725307192e-07
6.889621991065446541e-07
6.892033377074338035e-07
6.894412735761123413e-07
6.895942041509965132e-07
6.899445758910215605e-07
6.903877929194655546e-07
6.906599550742813094e-07
6.909353151650162229e-07
6.915358946274158777e-07
6.920362161308264421e-07
6.926047418869486210e-07
6.929432197593665594e-07
6.931694162377322953e-07
6.936611618174870170e-07
6.938695542930968277e-07
6.942861631319461964e-07
6.945365862948511377e-07
6.947497070701695791e-07
6.953132141450706009e-07
6.959886797601548951e-07
6.964386093473203456e-07
6.968858620823815905e-07
6.973299416926040798e-07
6.977714588070212571e-07
6.982472628446602654e-07
6.988833064881337555e-07
6.993243323238993465e-07
6.996243999706700419e-07
6.998104223703413995e-07
7.000694378081371585e-07
7.002690077519936347e-07
7.006000019998397197e-07
7.011117405972563462e-07
7.013348610039788299e-07
7.016583272982334356e-07
7.022007187869480152e-07
7.026437302688273746e-07
7.032022123567183708e-07
7.037333367677212757e-07
7.039198982804427820e-07
7.040278242501990070e-07
7.043299902852760624e-07
7.046942347330422696e-07
7.049064420949729218e-07
7.051570890725364319e-07
7.053625174714193990e-07
7.057319968115062627e-07
7.062540183631668368e-07
7.066742172090560017e-07
7.071740058579271888e-07
7.073921904330437282e-07
7.077217181375957630e-07
7.079048877556400763e-07
7.081576792537945308e-07
7.083647519301393737e-07
7.086814534544754686e-07
7.092409153920148954e-07
7.096518274562177838e-07
7.100717539933581118e-07
7.105183382792227619e-07
7.109279061167971099e-07
7.113339140948931685e-07
7.119275421194339488e-07
7.123045745614565448e-07
7.127140860050133031e-07
7.130550650344052598e-07
7.132129478823271839e-07
7.135373829897145899e-07
7.138641197298625891e-07
7.141848968923120784e-07
7.145506855905728107e-07
7.148456466680025883e-07
7.153347632492725386e-07
7.158999359885933027e-07
7.162918996066363911e-07
7.164372758045370296e-07
7.167274609969998500e-07
7.170014825783815760e-07
7.174712035301820105e-07
7.177496487930092109e-07
7.180058335092269240e-07
7.182550231508398117e-07
7.184038679246216145e-07
7.185320787953251691e-07
7.187609760763081448e-07
7.189328283245033855e-07
7.192122917111238028e-07
7.195522530243171261e-07
7.198460333393109033e-07
7.201727041659939841e-07
7.205860496511517445e-07
7.209987383289589421e-07
7.215559360001215877e-07
7.218376534460011949e-07
7.222206013040073519e-07
7.227070005367476933e-07
7.231691227402744245e-07
7.234145255059287498e-07
7.237086686189612253e-07
7.239559765670699697e-07
7.241036795613640815e-07
7.244715338210735882e-07
7.248186660215807910e-07
7.253417613920560198e-07
7.257494179941221242e-07
7.259906702499791689e-07
7.262273220094401147e-07
7.265954311245112003e-07
7.268033217422710121e-07
7.272270882710546783e-07
7.274280017573203502e-07
7.278027864434322169e-07
7.280861706248316216e-07
7.283719628160044629e-07
7.286636732209059255e-07
7.291263461074649739e-07
7.293424837681262155e-07
7.296492667736402521e-07
7.300531007212386265e-07
7.304364140107240556e-07
7.306216275463192436e-07
7.309895035707551587e-07
7.313571874786775014e-07
7.316750277812703258e-07
7.320362904568061102e-07
7.322509837063359321e-07
7.325521472142272696e-07
7.328584977911360915e-07
7.329436786964541516e-07
7.331134807438387139e-07
7.333187549921521221e-07
7.336455205170362262e-07
7.340608356125270135e-07
7.342672328212245293e-07
7.345105840217470200e-07
7.347663161131170527e-07
7.350257858150894235e-07
7.353387272171425673e-07
7.356021649983674643e-07
7.358769449529561389e-07
7.361056391396258123e-07
7.362912882182801765e-07
7.366180372138847799e-07
7.367040134933046013e-07
7.369532938405779993e-07
7.373598586744717896e-07
7.377642179097567504e-07
7.382425733859912610e-07
7.385820173051601343e-07
7.389460221151921450e-07
7.391967007946193379e-07
7.394511576997521642e-07
7.395765551285087214e-07
7.398214573483050379e-07
7.400801999473171757e-07
7.405404962714662097e-07
7.408390502822861739e-07
7.411342975948767344e-07
7.415860562602151375e-07
7.419226431248563831e-07
7.422566521743623233e-07
7.425034351229706067e-07
7.427510141886372841e-07
7.430109941323043096e-07
7.432826638760218502e-07
7.437180578353187309e-07
7.440361260124621442e-07
7.442690268960099745e-07
7.445044343264162364e-07
7.447408816873922274e-07
7.449782717165131301e-07
7.452171472329662734e-07
7.454574938340790253e-07
7.457542748274981010e-07
7.461784091321493963e-07
7.464493788816006107e-07
7.466776288376465895e-07
7.470870840301044626e-07
7.473841610227101899e-07
7.475988799139005943e-07
7.478165906050203880e-07
7.481723363491786508e-07
7.483346366872524243e-07
7.487327488473237153e-07
7.489638272079672516e-07
7.493539164477764378e-07
7.496359327184701755e-07
7.498605378774339209e-07
7.501493157374534402e-07
7.503677547592122211e-07
7.506015729797235662e-07
7.509449760717167685e-07
7.511011194100741982e-07
7.513277999108466641e-07
7.516663247671055019e-07
7.518178888585545342e-07
7.521939154776582123e-07
7.525139784335164228e-07
7.526927231733941855e-07
7.529017704275678194e-07
7.532665593057755914e-07
7.535787270877714498e-07
7.537559559923401643e-07
7.537899405254511939e-07
7.541054950308620003e-07
7.542775249713338874e-07
7.545645515552309371e-07
7.549502817388905906e-07
7.553213421608098543e-07
7.554661198567975743e-07
7.557128417557145545e-07
7.560905446140086289e-07
7.561757499541448927e-07
7.564033852873845881e-07
7.566733108144651144e-07
7.567251808673986494e-07
7.570438115279936617e-07
7.572873223507793194e-07
7.574274553793492173e-07
7.578306977793861872e-07
7.581752595213108059e-07
7.584405935537644001e-07
7.586577274201123594e-07
7.589978353557934781e-07
7.591536871117074453e-07
7.594864532469426927e-07
7.598817971957728782e-07
7.602114526181670559e-07
7.603721465320063870e-07
7.606728755372861751e-07
7.610023713914053717e-07
7.610722059951754923e-07
7.611400455565635413e-07
7.612781761515205879e-07
7.613777930072739421e-07
7.614607552523982188e-07
7.618805707611050481e-07
7.622084593643513967e-07
7.624773641363759598e-07
7.628540632934714522e-07
7.631934823931346972e-07
7.635752854919447795e-07
7.639365886629359026e-07
7.642934499086099009e-07
7.646465038377765463e-07
7.650611963980522748e-07
7.654045257376369625e-07
7.657995747889989926e-07
7.661298746798342665e-07
7.664601913006197225e-07
7.667878545540209542e-07
7.671160363517137785e-07
7.674453038603811954e-07
7.677039611332058249e-07
7.679207076907064859e-07
7.683080289973558007e-07
7.686300211822973635e-07
7.689540653887353839e-07
7.693959665820991189e-07
7.696681317559712201e-07
7.699936187975099716e-07
7.702196101775318976e-07
7.704552450287083170e-07
7.706997805642660676e-07
7.708789959362806122e-07
7.709313541696994744e-07
7.711072314370549073e-07
7.714506000789701476e-07
7.717926911763974951e-07
7.721829384959524417e-07
7.723983821808428726e-07
7.725627926879475012e-07
7.728877370093340161e-07
7.732193219027113444e-07
7.733666167015866990e-07
7.737401246718392882e-07
7.738819399745054084e-07
7.740713891667800511e-07
7.743000317249367991e-07
7.746167749040596865e-07
7.746816908039585047e-07
7.749204190345364362e-07
7.752326028435959023e-07
7.755000691887174200e-07
7.756899326691304563e-07
7.760928136331509307e-07
7.762697618107830957e-07
7.763355265332529787e-07
7.763827865872092063e-07
7.766092542223472183e-07
7.770346747784091218e-07
7.772474746508485730e-07
7.773644265872389247e-07
7.777538843301019679e-07
7.779264020642439050e-07
7.782561432283142039e-07
7.785492285927358676e-07
7.787666900149850071e-07
7.791463862619656960e-07
7.792150090106704042e-07
7.792662577497743913e-07
7.793288658384713400e-07
7.794955939553564042e-07
7.795676350511536257e-07
7.800129847569171446e-07
7.804229568913537598e-07
7.807233652866296458e-07
7.808437377413068766e-07
7.809288109440005545e-07
7.811956887559620385e-07
7.815168212050109662e-07
7.817006518233579504e-07
7.819021383867371452e-07
7.820898073813904269e-07
7.823004889889465220e-07
7.825083010366471598e-07
7.826011118122998716e-07
7.829922337047318878e-07
7.833680793530904744e-07
7.835556901454171266e-07
7.838027445221911718e-07
7.841656085876218176e-07
7.843378253187344142e-07
7.843483223216308047e-07
7.845990785805410446e-07
7.847967514248333515e-07
7.849913063967664481e-07
7.852467936382915578e-07
7.854408436925285905e-07
7.858228587751397250e-07
7.861895686980672172e-07
7.863958947711387246e-07
7.865871800103357001e-07
7.867965726513990251e-07
7.870091912764831291e-07
7.873070992150902382e-07
7.876102872262474023e-07
7.879037355859878788e-07
7.882010745398900212e-07
7.884855679675493258e-07
7.885299675488121483e-07
7.886796239037222694e-07
7.888120985146755567e-07
7.889526655503685643e-07
7.892734969817281286e-07
7.894869367802723118e-07
7.897796865880095783e-07
7.900313309739238773e-07
7.902790072972382121e-07
7.904839315352004551e-07
7.907177423305842446e-07
7.908780821282070419e-07
7.910249509711508107e-07
7.913313103215286444e-07
7.914782553673637614e-07
7.918098002298898870e-07
7.920326200839188962e-07
7.921654706369355410e-07
7.924824088490427046e-07
7.926894332614941528e-07
7.928124755698157874e-07
7.930675643223919080e-07
7.932865958262811312e-07
7.935017634257509939e-07
7.936474531170014964e-07
7.938528071604202543e-07
7.939701956612092986e-07
7.942707640363728619e-07
7.944435290942851452e-07
7.947355442314788219e-07
7.948596316990429473e-07
7.950819375557365517e-07
7.953633978712461622e-07
7.955778720620314430e-07
7.957609521685499073e-07
7.959440591660060954e-07
7.961196726462921598e-07
7.961695759621426686e-07
7.962665424061538586e-07
7.965146832973167410e-07
7.966164474017418751e-07
7.968990101108661880e-07
7.970646224136974056e-07
7.971208004817072372e-07
7.972226119076500491e-07
7.974196538480590365e-07
7.976133197391059439e-07
7.977733810042551877e-07
7.979859892650616191e-07
7.981753054070952907e-07
7.983873358871909498e-07
7.985735177076079718e-07
7.987605142331715461e-07
7.989461659576991278e-07
7.991537492061691427e-07
7.993359465574822196e-07
7.995174545646798389e-07
7.997221896399363199e-07
7.998613971221455413e-07
8.000648255245702156e-07
8.002248989811554077e-07
8.004166690493573546e-07
8.005543335727792961e-07
8.008238212758460572e-07
8.009425235884624992e-07
8.010173495661708781e-07
8.010753550504650672e-07
8.013105159890380031e-07
8.015095880250178819e-07
8.015997730585869413e-07
8.017757223172112081e-07
8.019542593088502310e-07
8.021496825139376948e-07
8.023937001557495086e-07
8.024411582454556917e-07
8.026773817527414122e-07
8.028260301093468132e-07
8.030307904236944219e-07
8.031515624214438273e-07
8.032059983119602677e-07
8.032846364355258781e-07
8.034906899625601034e-07
8.035492133504697513e-07
8.036096270649728312e-07
8.036724364583478365e-07
8.037409354972124424e-07
8.038093294553062525e-07
8.038844932332977706e-07
8.041046038772488645e-07
8.042669281990898680e-07
8.044812517018652111e-07
8.045515570120278923e-07
8.046740619144964009e-07
8.048010098904333943e-07
8.050081030561680063e-07
8.052518386341228890e-07
8.054268715582594160e-07
8.054918575779866509e-07
8.057379627579462896e-07
8.059487119697127226e-07
8.060249283813457701e-07
8.062935564939685822e-07
8.063901768032607856e-07
8.064880282251498384e-07
8.066866391023452604e-07
8.067702342981955857e-07
8.069740801041683858e-07
8.070368454027547390e-07
8.072581570613129317e-07
8.074083316944477264e-07
8.075329256567321740e-07
8.076368479770621879e-07
8.076935302941739555e-07
8.078572784783469892e-07
8.079562429304505682e-07
8.081173384393088119e-07
8.083039859934653643e-07
8.084857575074253271e-07
8.086747283133196042e-07
8.087450133625106206e-07
8.089850932438224911e-07
8.090622364772629687e-07
8.092192385563206829e-07
8.094158629672406626e-07
8.096691571886498903e-07
8.097787297773333432e-07
8.099591803567428792e-07
8.101467380624235861e-07
8.102986126917749222e-07
8.104032347971966877e-07
8.105735399567120256e-07
8.106711343306086358e-07
8.108588769527910940e-07
8.110461285328756101e-07
8.111483149537829009e-07
8.112719877092609135e-07
8.113380876376033696e-07
8.114167884820844520e-07
8.116107286225784741e-07
8.117018521316311870e-07
8.117233471904010258e-07
8.118991234506832613e-07
8.120627502079451097e-07
8.121313441916235343e-07
8.122002588872164183e-07
8.122744200842087330e-07
8.123427433230149336e-07
8.123957715858426690e-07
8.124618892139554210e-07
8.126616211787282694e-07
8.127779541616452720e-07
8.129052578678516322e-07
8.130452760891266141e-07
8.132471755425825475e-07
8.134472803746296508e-07
8.136445525094839324e-07
8.137968793483131322e-07
8.139865166879342851e-07
8.141799531862553357e-07
8.144543899724137585e-07
8.145766065713721650e-07
8.147616807716957500e-07
8.148262135188863733e-07
8.149006386746172827e-07
8.151098037135288266e-07
8.152056542373013786e-07
8.153101126292077267e-07
8.154903287822031934e-07
8.156732812794741149e-07
8.158552263388963947e-07
8.159717639151938570e-07
8.160301488510775193e-07
8.161539734532239557e-07
8.161849168000934904e-07
8.162045805096185445e-07
8.162441448681733605e-07
8.162889909163474547e-07
8.163014232736166270e-07
8.164018986798995107e-07
8.165164998264632427e-07
8.167483946062756397e-07
8.168709808965432305e-07
8.170779839363891500e-07
8.171763940049035907e-07
8.172644024140472087e-07
8.174474687131870553e-07
8.174919219301994366e-07
8.176043189253408345e-07
8.176694225607186156e-07
8.178130562738684731e-07
8.179038736776939141e-07
8.179938328779022277e-07
8.181742963464673853e-07
8.182882369145322193e-07
8.183505730709037844e-07
8.184826084763773565e-07
8.185897566687851221e-07
8.186341795035217904e-07
8.187439948928111809e-07
8.188254058383465599e-07
8.189331997488751155e-07
8.190776117456727653e-07
8.192529069059875922e-07
8.193673686623949508e-07
8.195029087575563175e-07
8.196218695566835857e-07
8.197274130178456952e-07
8.198263759219435177e-07
8.199913555737727774e-07
8.200912502944542900e-07
8.202544375560889927e-07
8.203861689559560098e-07
8.205145304090148474e-07
8.205298307578237762e-07
8.206885544338904248e-07
8.207841749934703545e-07
8.208836078399213489e-07
8.210523491325051833e-07
8.211749345347553965e-07
8.213154003780838908e-07
8.214242711573521867e-07
8.215857202404130165e-07
8.217035487747066687e-07
8.218174986694514968e-07
8.219251629264964184e-07
8.220370501922356762e-07
8.221435159397602057e-07
8.222421721024825431e-07
8.222903435956386111e-07
8.223081185499603460e-07
8.224200027152168155e-07
8.226276273063126534e-07
8.227272008765039400e-07
8.228255392366995265e-07
8.229512166529863392e-07
8.230702512376387808e-07
8.231776527859712380e-07
8.232976087882679443e-07
8.234223818328594445e-07
8.235391672386881906e-07
8.236882409779108210e-07
8.238088111553701330e-07
8.239224125902990045e-07
8.240256195019563211e-07
8.241348848738381423e-07
8.242381663663299361e-07
8.244059402195730136e-07
8.246029731713048931e-07
8.247473333972204254e-07
8.248935665699535299e-07
8.249996409258764748e-07
8.251303151302181953e-07
8.252362853105495624e-07
8.253129750563160594e-07
8.254995679010159364e-07
8.255560823294292356e-07
8.256735877070764192e-07
8.257351661548565440e-07
8.258297380231362613e-07
8.259491492731189886e-07
8.260664086517105687e-07
8.261784730609482259e-07
8.262687301659797046e-07
8.263602589254024262e-07
8.264104389273394003e-07
8.265242326406739809e-07
8.266172021343953175e-07
8.266433967386977838e-07
8.267589837319828341e-07
8.269267664013394324e-07
8.270363087385811520e-07
8.271214825030079615e-07
8.272206601271596337e-07
8.273175016482296163e-07
8.274129173091010256e-07
8.275038237684710808e-07
8.276508760307149277e-07
8.277392699349216891e-07
8.278918472543679251e-07
8.279112259287738535e-07
8.279942689508437323e-07
8.280747284714727009e-07
8.280987532665987364e-07
8.281844203156347455e-07
8.282151600667390029e-07
8.282636781276895097e-07
8.283542674238693650e-07
8.284160872429401626e-07
8.285088443355723125e-07
8.286414368250518683e-07
8.287985229523815537e-07
8.288863139633338784e-07
8.288688208330048022e-07
8.288984001912055485e-07
8.289330393367359475e-07
8.289892634376617522e-07
8.291644705234588540e-07
8.292710815547704400e-07
8.293530155619931023e-07
8.294349930903367419e-07
8.294313246654712976e-07
8.295112409455581977e-07
8.295495853128483800e-07
8.296348957877316612e-07
8.296794054242318070e-07
8.296694176312707790e-07
8.296945444220868732e-07
8.297486324190399997e-07
8.298202305607347414e-07
8.298591469744207931e-07
8.299140610441058117e-07
8.300132742812552490e-07
8.301105270791130550e-07
8.302194526088227743e-07
8.303716666587561034e-07
8.304797700242516339e-07
8.306611642338296806e-07
8.307545049620479288e-07
8.308962093043625174e-07
8.309751706500093739e-07
8.309853965145629134e-07
8.310762620516285052e-07
8.310444181953468090e-07
8.311519057741257539e-07
8.312030185951886852e-07
8.313002845619216146e-07
8.313268320925657882e-07
8.313733092079968267e-07
8.314158389816253772e-07
8.315970366469665743e-07
8.316844333944803764e-07
8.316981916266554275e-07
8.317873777928805162e-07
8.318077555792057789e-07
8.319574716800914662e-07
8.320400534412294793e-07
8.320836847066858811e-07
8.321585747801497670e-07
8.323268968687634773e-07
8.324493747503945598e-07
8.326169989157303002e-07
8.327627360525063274e-07
8.328588022401263793e-07
8.329303879073263494e-07
8.329437048236646141e-07
8.330091489625854457e-07
8.330077633885927800e-07
8.330750726098936958e-07
8.330992098783876765e-07
8.331549511336344616e-07
8.332146749853907984e-07
8.332449829399812957e-07
8.333287200573249933e-07
8.334252610880361383e-07
8.335157891826800585e-07
8.335995219271165337e-07
8.336791402581680076e-07
8.336889445665419873e-07
8.336958980895288449e-07
8.337233061846284122e-07
8.337392907062196145e-07
8.338214037305989432e-07
8.339603579565575458e-07
8.340390749163595750e-07
8.341336310071878238e-07
8.342322787641648333e-07
8.343295939596765633e-07
8.344681503716192874e-07
8.344823943731765585e-07
8.345478071991136273e-07
8.345500571082512476e-07
8.345630484904936142e-07
8.345985482851815369e-07
8.346542870472098176e-07
8.347337137373805418e-07
8.348141479767499061e-07
8.348259763160434835e-07
8.349052007884179050e-07
8.349947976435082132e-07
8.350308178115339347e-07
8.351169416515187880e-07
8.351881084896364168e-07
8.352895451075492038e-07
8.353616079228924139e-07
8.354494943480358300e-07
8.354039281751101232e-07
8.354467757567860677e-07
8.354809189386537573e-07
8.355908467574930199e-07
8.356815988024036838e-07
8.357472658073077714e-07
8.359019258580016093e-07
8.360402775827885385e-07
8.360872475200434321e-07
8.362616041333984715e-07
8.363539195171635595e-07
8.364006247020159161e-07
8.364426248186203721e-07
8.364839513536192838e-07
8.365626655978850355e-07
8.365841341052360137e-07
8.366717882611156022e-07
8.367478277085548433e-07
8.368284844451289060e-07
8.369278011404948481e-07
8.369868521839041356e-07
8.370475403583183007e-07
8.372123974341172799e-07
8.373159061627190606e-07
8.374124787713500983e-07
8.375020843418342983e-07
8.375853831521103407e-07
8.376302986567623872e-07
8.376355636175948831e-07
8.376680021111439718e-07
8.377295812188602772e-07
8.378262769641915497e-07
8.378830518712428288e-07
8.379100509350011168e-07
8.379466701201134540e-07
8.380178610484487549e-07
8.380873511217761617e-07
8.381268675965944401e-07
8.381622377669386740e-07
8.382726729677844351e-07
8.383521653432374485e-07
8.383978850960008555e-07
8.385646282506904310e-07
8.386472544421136117e-07
8.387728304599656064e-07
8.388117056252096520e-07
8.388968916121878474e-07
8.390272568849574860e-07
8.391222478599697450e-07
8.392193341165539432e-07
8.392438547460808017e-07
8.392621159620599767e-07
8.393104124626012490e-07
8.393976441878905315e-07
8.394367537300528055e-07
8.394717786538367790e-07
8.395261915977751863e-07
8.396201678896361309e-07
8.396658496235833043e-07
8.397472565801077566e-07
8.398417083262395936e-07
8.399091393658079155e-07
8.399614169154726933e-07
8.400555592485714038e-07
8.401078061256433141e-07
8.401851609707120135e-07
8.402818537569968945e-07
8.403214634797755117e-07
8.403620348176239191e-07
8.403828721972884267e-07
8.404496261516334609e-07
8.404863509975498271e-07
8.405185817934846884e-07
8.405525238526030223e-07
8.406329465126816436e-07
8.407553553230362415e-07
8.408585156923186074e-07
8.409183069308716179e-07
8.409417011567203002e-07
8.409993297132638674e-07
8.410293550974002629e-07
8.411239473120175312e-07
8.411793565032117511e-07
8.412670104834591639e-07
8.413007812800684499e-07
8.414364072236235129e-07
8.415311285771763577e-07
8.415790252807804697e-07
8.416444641938540297e-07
8.416879967156405593e-07
8.417468861887483322e-07
8.418035713871417727e-07
8.418889364288960147e-07
8.419448269998780478e-07
8.420464248532571549e-07
8.420617825101939010e-07
8.420781299371722046e-07
8.420886233629821785e-07
8.421079999256963235e-07
8.421309493016032191e-07
8.422395464189878624e-07
8.423002854674025675e-07
8.423248871588928268e-07
8.423680116198044772e-07
8.424063282249496681e-07
8.423986147291565874e-07
8.424191295904191402e-07
8.425021185862925293e-07
8.425831120488095632e-07
8.426293189647942800e-07
8.426837420900101622e-07
8.427279773705594940e-07
8.427814714926334316e-07
8.427973388484932136e-07
8.428047935426856702e-07
8.428130801310950942e-07
8.428595432257569400e-07
8.429367702527802399e-07
8.429988664046095673e-07
8.430756841574607946e-07
8.431310684438527450e-07
8.432225252179944146e-07
8.432463353467677481e-07
8.432739833639632835e-07
8.433130149807344776e-07
8.433407485858666897e-07
8.433566581477395423e-07
8.434131245715334791e-07
8.434216636029671420e-07
8.434649033290448854e-07
8.434954786387394561e-07
8.435399539142785057e-07
8.435916344301034222e-07
8.436341252862743449e-07
8.436842747622848532e-07
8.437241691440939324e-07
8.437761122348597176e-07
8.438232501304789985e-07
8.438691679349220862e-07
8.439008374526622934e-07
8.439331923139410082e-07
8.439929487369087404e-07
8.440537749886557141e-07
8.440579410927294591e-07
8.441685634904800362e-07
8.442214694975254019e-07
8.443105982217391635e-07
8.443370672873974356e-07
8.443676384958689076e-07
8.444089884051565155e-07
8.444425616577650587e-07
8.444997202827754528e-07
8.445798952451789269e-07
8.446485677909858619e-07
8.446738905279150662e-07
8.447022491279624774e-07
8.447627845712578026e-07
8.448261609448940208e-07
8.449120460485180708e-07
8.449239094668150675e-07
8.450160516535606173e-07
8.450864241412477771e-07
8.450995264905386353e-07
8.451462624801038468e-07
8.451786992686651865e-07
8.452299103287322659e-07
8.453233650002935290e-07
8.454173128035483927e-07
8.455061648441128146e-07
8.455426892160667227e-07
8.455564432862003331e-07
8.455672253141870851e-07
8.456186960361249549e-07
8.456483365089735261e-07
8.457577585235119864e-07
8.458441994911121852e-07
8.459165384765409300e-07
8.459535924748902212e-07
8.460316001461890920e-07
8.461024036983938796e-07
8.461346919753924162e-07
8.461700847293478304e-07
8.461729586180947607e-07
8.462213157470273361e-07
8.462909393587573187e-07
8.463593449322908028e-07
8.464787844946923110e-07
8.465283317710226768e-07
8.465590806177074351e-07
8.465926603023434607e-07
8.465945344231237103e-07
8.466327096220521405e-07
8.467021383594599293e-07
8.467119399894327206e-07
8.467201165474516858e-07
8.467607048691571892e-07
8.468189587809420772e-07
8.468346183599363704e-07
8.469060028919212010e-07
8.469770577623266842e-07
8.469709881368123420e-07
8.469897306182140005e-07
8.470413849911209652e-07
8.471181016063057847e-07
8.471851489411546459e-07
8.472592691849313003e-07
8.473224625271034981e-07
8.473571616595435382e-07
8.474360273417940575e-07
8.474748641926126649e-07
8.475377449761849840e-07
8.475487896222644864e-07
8.475909618417291182e-07
8.476737539703574783e-07
8.477289963874117925e-07
8.477775958541448439e-07
8.478330232985784751e-07
8.478483220042050021e-07
8.478675423952698955e-07
8.478871585740007357e-07
8.479461621458769872e-07
8.480046051530386823e-07
8.480122719018647919e-07
8.480201684590452375e-07
8.480723658613296981e-07
8.481263778571447719e-07
8.481822055310560085e-07
8.482287067241490439e-07
8.482457820146789098e-07
8.483480125260788075e-07
8.483937319329187234e-07
8.484620745977746244e-07
8.485164892446076565e-07
8.485697156593578220e-07
8.486119219757321460e-07
8.486536432073126893e-07
8.486950064374606600e-07
8.487580142037682613e-07
8.487997864350685158e-07
8.488898809035869695e-07
8.489264311986259334e-07
8.489963225151325542e-07
8.490654473315839314e-07
8.491162532813950746e-07
8.491903246392116203e-07
8.492476083832001038e-07
8.493499092477892775e-07
8.493961584573614836e-07
8.494620648030426159e-07
8.495329808036444998e-07
8.495341456099397023e-07
8.495733520670056926e-07
8.496274002969647322e-07
8.497010700800094175e-07
8.497527527452581529e-07
8.498278811980299734e-07
8.498962252352569141e-07
8.499745760310365675e-07
8.499884772958866450e-07
8.500529870643738167e-07
8.501197550815759462e-07
8.501866619555386381e-07
8.502542486465074106e-07
8.503079781704948872e-07
8.503689777233919239e-07
8.504670466005524438e-07
8.505053605647547843e-07
8.505641299172951345e-07
8.505876292450390849e-07
8.505879025848555059e-07
8.506101266108012272e-07
8.506335566810543229e-07
8.507141730503265907e-07
8.507746625108113299e-07
8.508542563939034134e-07
8.509477548302593509e-07
8.510056655528045051e-07
8.510835312781187872e-07
8.511418527802486130e-07
8.512335992123909825e-07
8.512887276803087881e-07
8.513201163985983787e-07
8.513777953370642010e-07
8.514699509519532950e-07
8.515016669682750494e-07
8.515579774340420792e-07
8.516048573147881139e-07
8.516245881770085698e-07
8.516647090093394116e-07
8.516866917599281412e-07
8.517969146449493816e-07
8.518398272430738829e-07
8.518770110958055531e-07
8.519423566659169353e-07
8.519630380047220193e-07
8.519969851087653048e-07
8.520356373511572552e-07
8.520370774391357443e-07
8.520813420767824133e-07
8.521041199349935862e-07
8.521399813619633733e-07
8.521652982543903349e-07
8.522000152327023135e-07
8.522303903625927692e-07
8.522580441136671974e-07
8.522956344274803958e-07
8.523466520755852073e-07
8.523822163808975394e-07
8.523975427941811223e-07
8.524286538280824392e-07
8.524316188379706577e-07
8.524583880863050609e-07
8.524773521030147679e-07
8.525539308282765240e-07
8.525769825997127065e-07
8.526274266699861858e-07
8.526681207278525339e-07
8.527465035038396846e-07
8.528534446540655173e-07
8.528881333857917038e-07
8.529077023634704213e-07
8.529056211566740721e-07
8.529711933870142576e-07
8.529923100437689241e-07
8.530335556285586798e-07
8.531000950698725516e-07
8.531159891162801675e-07
8.531513235906653707e-07
8.531783407961612412e-07
8.531976215179001798e-07
8.532225820651256192e-07
8.532304722499032432e-07
8.533003073499732611e-07
8.533151159758140714e-07
8.533551320796953543e-07
8.533944886160201379e-07
8.534370093189767794e-07
8.534853443002318335e-07
8.535358473034659396e-07
8.535923349888328323e-07
8.536539451320522126e-07
8.536877985734857441e-07
8.537250690169645499e-07
8.537544291691329489e-07
8.537849860392292132e-07
8.538217498879276947e-07
8.538434997386899307e-07
8.538674674653235106e-07
8.538821196798105687e-07
8.539413174285205806e-07
8.539797835771900959e-07
8.540120880774561993e-07
8.540105081151257522e-07
8.540346185470415131e-07
8.541225637478798073e-07
8.541701791786103889e-07
8.541864730184383903e-07
8.542482357610748455e-07
8.543012620025518376e-07
8.543136747445408668e-07
8.543499169470870567e-07
8.543718976883400996e-07
8.543973747159845932e-07
8.543949156547320147e-07
8.544347995946198286e-07
8.544862712087534896e-07
8.545152834610694608e-07
8.545282466034084901e-07
8.545583640692918396e-07
8.546009068668802464e-07
8.546611501535431916e-07
8.547033999688101249e-07
8.547684517235523414e-07
8.548184894429155386e-07
8.548487886143378617e-07
8.548756551675918782e-07
8.549245091657424636e-07
8.549475507959549240e-07
8.549987934848432823e-07
8.550474253220178389e-07
8.550825764424457327e-07
8.551318393683363622e-07
8.551769207549098651e-07
8.551956359337191756e-07
8.552394582817855936e-07
8.552734251304781642e-07
8.553141679989983098e-07
8.553323738670996892e-07
8.552998890474288787e-07
8.553071167887824594e-07
8.553623935739213110e-07
8.554139842749532549e-07
8.554527827566585888e-07
8.554664845630943486e-07
8.555026462116683130e-07
8.555159079900521336e-07
8.555558728480713306e-07
8.555879866429395647e-07
8.556013246060860050e-07
8.556434789534265003e-07
8.556725683400747648e-07
8.556962957958391489e-07
8.557511703744188761e-07
8.557899774320622798e-07
8.558010759928619598e-07
8.558191961481827941e-07
8.558731154010910883e-07
8.559428905930795275e-07
8.559906131026044667e-07
8.560126786661363296e-07
8.560922096993893384e-07
8.561784389719833096e-07
8.562325373170625668e-07
8.562822358237608193e-07
8.562888716414236741e-07
8.562914611662714087e-07
8.563488839762509334e-07
8.564192048929814799e-07
8.564767105363629480e-07
8.565018095144193853e-07
8.565239297764403292e-07
8.565547146782143352e-07
8.565944622124716592e-07
8.566338426115086887e-07
8.566571698024895461e-07
8.566680189593058054e-07
8.567079995365638140e-07
8.567194640581982300e-07
8.567459266814667362e-07
8.567117128335576221e-07
8.567340298568997957e-07
8.567825015238832534e-07
8.568017883034696937e-07
8.568359252319288206e-07
8.568449483921871508e-07
8.568591207676317034e-07
8.569128843302662404e-07
8.569568759837928340e-07
8.569951541890732203e-07
8.570222094852400821e-07
8.570644351159423667e-07
8.571810573340343508e-07
8.572720977362745316e-07
8.572660778738303264e-07
8.573094867367524671e-07
8.573575870457260454e-07
8.573711518612455249e-07
8.574009310950054689e-07
8.574709502277598734e-07
8.575233280491600656e-07
8.575539697084837125e-07
8.576126253232487442e-07
8.576709366000020189e-07
8.577514011495897915e-07
8.577839428187255840e-07
8.578267663365092168e-07
8.578429495334093778e-07
8.578733807522807419e-07
8.579336214154177398e-07
8.579507562354891014e-07
8.579866742050412925e-07
8.580116524299610199e-07
8.580806247572549774e-07
8.581857371578422916e-07
8.582374447936353352e-07
8.583273374911649306e-07
8.584224672020929379e-07
8.584676380434640582e-07
8.584717430663077575e-07
8.584910339294333661e-07
8.585428510906755413e-07
8.585933239604746384e-07
8.586064739011456480e-07
8.586205611245603955e-07
8.586341650983453698e-07
8.586484786242760014e-07
8.586634188632864491e-07
8.586725317001464442e-07
8.587160551268226820e-07
8.587583075859858579e-07
8.587842588826690049e-07
8.587999282855754550e-07
8.588498941696514651e-07
8.588658670845273269e-07
8.588895245072318671e-07
8.588992643665807438e-07
8.589446079518209516e-07
8.589997318570950959e-07
8.590403931722644168e-07
8.591147881247061453e-07
8.591209212879627589e-07
8.591440303748584640e-07
8.592236233694337382e-07
8.592451099904723792e-07
8.592661092049097220e-07
8.592777428748313151e-07
8.592988741524370423e-07
8.593442844753643066e-07
8.593682849237679060e-07
8.594059194278510161e-07
8.594486400840179654e-07
8.594925601294959828e-07
8.595325696624947193e-07
8.595774993591686563e-07
8.596042097181559475e-07
8.596025342133630218e-07
8.596080853641400936e-07
8.596552793157650785e-07
8.597169757640662390e-07
8.597650580921475447e-07
8.598064334966158923e-07
8.598100603118094248e-07
8.598279709530347121e-07
8.598387298022439598e-07
8.599263010539521079e-07
8.600100890068592610e-07
8.600325316579122766e-07
8.600636838736207881e-07
8.600666402454124828e-07
8.601228323762400225e-07
8.601244590550130203e-07
8.601765829398688231e-07
8.601819566684070579e-07
8.602288286214589723e-07
8.602529055369312140e-07
8.602857896568450997e-07
8.603153790825342912e-07
8.603313355830006020e-07
8.603792681016467302e-07
8.604027575865208676e-07
8.604194931765875612e-07
8.604750005622225730e-07
8.605142116684750632e-07
8.605337353013113640e-07
8.605642276323223824e-07
8.606110031532707843e-07
8.606491081867606146e-07
8.606748740918070313e-07
8.607092887824250796e-07
8.607390624655986609e-07
8.607451615631760047e-07
8.607931109227588303e-07
8.608236985029262053e-07
8.608801572464826739e-07
8.609035352962385483e-07
8.608982735188895992e-07
8.609155481454758500e-07
8.609791468343802305e-07
8.610227913613492081e-07
8.610325686162845224e-07
8.611020434427200878e-07
8.611093973146204315e-07
8.611673606129238206e-07
8.611871999969546568e-07
8.612319852320971827e-07
8.612800191256293424e-07
8.613241569539088918e-07
8.613644152954247694e-07
8.613768550418056565e-07
8.614200486152716128e-07
8.614319416031775136e-07
8.614441184992025457e-07
8.614534851721626928e-07
8.615166683315547793e-07
8.615812714388529262e-07
8.615820293353345913e-07
8.616269423095769283e-07
8.616354413952931878e-07
8.616421670734193377e-07
8.616730556566418877e-07
8.617177260794589690e-07
8.617449828002625994e-07
8.617992696736490580e-07
8.618270039109617691e-07
8.618435332312130993e-07
8.618844869770470053e-07
8.619053248884930908e-07
8.619136461601829409e-07
8.619056450775378176e-07
8.619596968685439639e-07
8.619956861193875841e-07
8.620152922363306167e-07
8.620542815480453895e-07
8.620589424685860429e-07
8.621069222272144573e-07
8.621360596119713655e-07
8.621300271235686041e-07
8.621478885336234934e-07
8.621687148971859706e-07
8.621549047440795624e-07
8.621669906216364051e-07
8.622082495183413261e-07
8.622358599577218732e-07
8.622632641369531852e-07
8.622673295088832633e-07
8.623170599877858222e-07
8.623585926633008356e-07
8.623897229220518818e-07
8.623835163672759404e-07
8.623984047596551730e-07
8.624627228430140762e-07
8.624546611832100141e-07
8.625024217832581375e-07
8.625220417190091209e-07
8.625623912776000736e-07
8.625489989776385152e-07
8.625882134501036993e-07
8.625861798578716401e-07
8.625736993307199894e-07
8.626099501469924006e-07
8.626618525699912523e-07
8.627039066567224286e-07
8.626987309448161922e-07
8.626879212887310126e-07
8.627431235010706592e-07
8.627771036182506983e-07
8.627989583076516329e-07
8.628413520190778256e-07
8.628743132324736171e-07
8.628817520492547648e-07
8.628975642657323230e-07
8.628950803648500958e-07
8.629312093281827601e-07
8.629406002329293251e-07
8.629443351893885455e-07
8.629500389338282680e-07
8.629754417575596873e-07
8.630111441068640232e-07
8.630234073478672519e-07
8.630393060523539431e-07
8.630576970434036730e-07
8.631159016645621676e-07
8.631243884490818319e-07
8.631492494152343695e-07
8.631750194599044411e-07
8.632338035363575271e-07
8.632589837748845128e-07
8.632714287330246077e-07
8.633025631016112777e-07
8.633180664575275493e-07
8.633553290123285841e-07
8.633580069443322467e-07
8.633744575734836065e-07
8.634396859720995093e-07
8.634967200411721901e-07
8.635243721556710733e-07
8.635440105478008270e-07
8.635474758503653065e-07
8.635767019457476012e-07
8.635771331518292103e-07
8.635904895266909029e-07
8.636390712941155030e-07
8.636539131262112850e-07
8.636568586358153062e-07
8.636679873156520233e-07
8.637016996752192031e-07
8.637641118300042335e-07
8.638013362392769292e-07
8.638117351305422803e-07
8.637994788290323372e-07
8.638176018820933299e-07
8.638585709061758135e-07
8.638786415287123779e-07
8.638792000296536046e-07
8.639033720006051549e-07
8.639206432938120383e-07
8.639047701876161486e-07
8.639539098336429403e-07
8.639749354934689359e-07
8.639946815322236061e-07
8.640576924270331045e-07
8.640763767581058980e-07
8.640668119765306332e-07
8.640553600971317820e-07
8.641571328808321585e-07
8.641855175405488999e-07
8.642067252126923676e-07
8.642592549543228305e-07
8.643020701854326861e-07
8.643364953407757149e-07
8.643242364560269350e-07
8.643092780157693346e-07
8.643588001872874352e-07
8.643554706285707332e-07
8.644055231380168800e-07
8.644355060373126288e-07
8.644750251368299950e-07
8.645127164802705488e-07
8.645474477302169387e-07
8.645565151070731881e-07
8.645671309251788673e-07
8.645699982742898731e-07
8.645865643815521500e-07
8.646523297897510022e-07
8.646959316171116941e-07
8.646885099873000022e-07
8.647365974628711497e-07
8.647672668684188508e-07
8.647966088324465556e-07
8.648496073192688687e-07
8.648572407229163330e-07
8.648922679205856643e-07
8.649132383572422074e-07
8.649717624013313389e-07
8.649539953086622594e-07
8.649661697281416776e-07
8.649940258954838748e-07
8.649928256300476659e-07
8.649969555446219046e-07
8.649966527015118479e-07
8.650050174634373129e-07
8.650105862433409682e-07
8.650110462801035491e-07
8.650483036082852418e-07
8.650524210205694287e-07
8.650588266347025609e-07
8.650505061574308302e-07
8.650885071037029947e-07
8.650861673764977724e-07
8.651122839968023140e-07
8.651459027729733083e-07
8.651809527360321726e-07
8.652234543715950981e-07
8.652613539101105294e-07
8.652581264091972080e-07
8.653168529098592184e-07
8.653334320073064424e-07
8.653375712435662512e-07
8.653790069096472951e-07
8.653839975253663399e-07
8.654295154537586488e-07
8.654292674777223230e-07
8.654235769491031485e-07
8.654152985499946058e-07
8.654235044660415857e-07
8.654327249945506396e-07
8.654390942244500146e-07
8.654404506880337362e-07
8.654858482565669444e-07
8.655137405953789162e-07
8.655753797793687444e-07
8.655850245256913177e-07
8.656090214705960759e-07
8.656292267295799187e-07
8.656170248684544592e-07
8.656085696320160462e-07
8.656016242963321309e-07
8.655938147614729072e-07
8.655875465520136506e-07
8.655936212470952504e-07
8.656354207254328677e-07
8.656366391229827766e-07
8.656586196008446777e-07
8.656810429898140897e-07
8.656911080407793034e-07
8.657092734807061240e-07
8.657180638127141504e-07
8.657258149666722941e-07
8.657331978966358986e-07
8.657409228969686411e-07
8.657830519615052851e-07
8.658170348426578045e-07
8.658346711786223292e-07
8.658390706092854012e-07
8.658436181242936921e-07
8.658523094043383233e-07
8.658615361789417045e-07
8.659161440599782467e-07
8.659201880034202210e-07
8.659646118815886132e-07
8.659732285598416897e-07
8.659754763616643575e-07
8.659602927075516153e-07
8.659729171370546538e-07
8.660354844272692739e-07
8.660835994995581842e-07
8.661231561499173039e-07
8.661937320770848565e-07
8.662263352524449231e-07
8.662267860744737137e-07
8.662255592446350055e-07
8.662197800111726090e-07
8.662549483892645989e-07
8.662563260279867521e-07
8.662352226855463660e-07
8.662279568273040066e-07
8.662628358788187484e-07
8.662769640932986116e-07
8.662693107648301194e-07
8.662679432869397597e-07
8.662468218073176637e-07
8.662502101321581951e-07
8.662930207940912242e-07
8.663090187264308785e-07
8.663729073316540086e-07
8.663520067770905214e-07
8.663462396107572236e-07
8.663602162284604291e-07
8.663816219218990233e-07
8.663868714625403366e-07
8.664266670243747923e-07
8.664680181236233065e-07
8.664825489928870367e-07
8.664986931257696824e-07
8.665054724663803980e-07
8.665046523132493249e-07
8.665208017572417905e-07
8.665227375021453595e-07
8.665035522998857193e-07
8.664952815430139938e-07
8.664891271783021642e-07
8.664836835666559163e-07
8.664695269103396374e-07
8.664931655627914195e-07
8.665084657449703329e-07
8.665603898345318860e-07
8.665946864500835407e-07
8.665957081674847637e-07
8.666320695753953703e-07
8.666644077187892521e-07
8.666820856953859077e-07
8.666892182353759069e-07
8.667239180384547065e-07
8.667476441985866949e-07
8.667749559338875996e-07
8.667990579150066795e-07
8.668222307732283909e-07
8.668100135559855561e-07
8.668347792336840670e-07
8.668291327885958415e-07
8.668437505021035513e-07
8.668686747125635952e-07
8.668765076021655945e-07
8.668717010629373627e-07
8.669010735632522285e-07
8.669157794152810611e-07
8.669407905888438183e-07
8.669286498129890693e-07
8.669204136117917270e-07
8.669486611865441083e-07
8.669415043624469953e-07
8.669310114432097342e-07
8.669243438741067817e-07
8.669456516663286497e-07
8.669461557632767869e-07
8.669377030599036375e-07
8.669308805777324906e-07
8.669536430900586580e-07
8.669853299746890245e-07
8.670000786610216397e-07
8.669904481988163083e-07
8.670433024024733966e-07
8.670430727301853744e-07
8.670430442967415731e-07
8.670409871167453275e-07
8.670635982779480502e-07
8.670795210913453719e-07
8.671051443886885443e-07
8.670665375641660620e-07
8.670738345616021992e-07
8.671080793029420814e-07
8.671137379000905521e-07
8.671286449477346439e-07
8.671649131579294239e-07
8.671694966215070637e-07
8.671846110351753834e-07
8.672172327656657682e-07
8.672451686323526404e-07
8.672506069662463907e-07
8.672646037577744878e-07
8.673188793032449123e-07
8.673565072137155587e-07
8.674009017354320527e-07
8.674268141257521154e-07
8.674441039433701848e-07
8.674719326782639539e-07
8.674638290605149253e-07
8.674700653835220088e-07
8.675049733538891936e-07
8.675282965724458293e-07
8.675551538525172881e-07
8.675562090760541687e-07
8.675745863705930000e-07
8.676157925965954454e-07
8.675886242594976358e-07
8.676141837381363317e-07
8.676431068811893886e-07
8.676551354774221363e-07
8.676799592566255802e-07
8.676685563110701396e-07
8.676835492572539723e-07
8.677216356749530082e-07
8.677236201450297154e-07
8.677038099569652449e-07
8.677404761191431708e-07
8.677490597074195233e-07
8.677474943129084628e-07
8.677502658592544480e-07
8.677796954203768511e-07
8.677827502258429939e-07
8.677900814955185024e-07
8.677805314807234637e-07
8.677670059557929661e-07
8.677583165041214676e-07
8.677631548541561129e-07
8.678022096625122671e-07
8.677973827695355813e-07
8.678061556120552760e-07
8.678028809726478738e-07
8.678146572479876281e-07
8.678468484593545237e-07
8.678564149689905034e-07
8.678831511174510262e-07
8.678976086880168989e-07
8.679591633520153313e-07
8.679706216900074769e-07
8.679778637429237550e-07
8.679757885664071613e-07
8.680204236511164093e-07
8.680147922801182101e-07
8.680296496326637001e-07
8.680392929767409110e-07
8.680826099731164645e-07
8.680774453860556188e-07
8.681179006303919093e-07
8.681248707189453708e-07
8.681551761339576623e-07
8.681823279046722223e-07
8.682152529112303785e-07
8.682186312861484144e-07
8.682360980038518605e-07
8.682344828062254863e-07
8.682522206644353173e-07
8.682776543029240257e-07
8.683160107100104005e-07
8.683179139707407152e-07
8.683139025213720104e-07
8.683495182621311426e-07
8.683897758093091573e-07
8.684295265502594720e-07
8.684264999836892267e-07
8.684671759114056149e-07
8.684831938313767549e-07
8.684833572799469368e-07
8.685059156913280597e-07
8.685515598349838731e-07
8.685504385462244750e-07
8.685471847318112483e-07
8.685481815195024568e-07
8.685761894898496940e-07
8.685954680590266625e-07
8.686145422070647800e-07
8.686309426067441452e-07
8.686549530567802251e-07
8.686783127980596579e-07
8.686660370488049594e-07
8.686986675761371715e-07
8.687236914325000073e-07
8.687177381211576999e-07
8.687191498920302453e-07
8.687252196695677315e-07
8.687499183139060302e-07
8.687576463189101703e-07
8.687419062146431394e-07
8.687489125375717010e-07
8.688088248700134586e-07
8.687976470623231873e-07
8.687864961504153506e-07
8.687960814076011702e-07
8.687965773909911710e-07
8.688113315254296445e-07
8.688129207728070398e-07
8.687998958814361305e-07
8.688211289476302156e-07
8.688210877523902431e-07
8.688345057976358537e-07
8.688318019533947687e-07
8.688427871358723846e-07
8.688780400399098825e-07
8.688881146729615700e-07
8.688838725340766128e-07
8.689175110830153155e-07
8.689403440796535767e-07
8.689407065924345542e-07
8.689593993103476414e-07
8.689628017838067187e-07
8.689943647668112536e-07
8.690208801872722065e-07
8.689944827442095603e-07
8.689854760357403452e-07
8.690207486131247417e-07
8.689988407607230297e-07
8.690217261086478538e-07
8.690409471351928632e-07
8.690308340687801355e-07
8.690256823363836239e-07
8.690212531114373233e-07
8.690583390680936514e-07
8.690643276906025327e-07
8.691199061732862844e-07
8.691558063775329229e-07
8.691553170146218945e-07
8.691906010717123233e-07
8.692407442315845971e-07
8.692430846487585061e-07
8.693058977741487127e-07
8.692956768588441534e-07
8.692964994904394758e-07
8.693421568185215139e-07
8.693406257561423598e-07
8.693490491563957700e-07
8.693424521460781657e-07
8.693860832079137762e-07
8.693900444369525129e-07
8.693876715796298870e-07
8.694090299197082939e-07
8.694372086452734764e-07
8.694390704822450232e-07
8.694185996641875572e-07
8.694467892220732904e-07
8.694713472245824534e-07
8.694974916743930227e-07
8.694918278145385358e-07
8.695080123712495084e-07
8.695005297448908426e-07
8.694975424212688463e-07
8.694911501269212979e-07
8.695119232199863640e-07
8.695215707233614758e-07
8.695099844284805136e-07
8.695462314428065775e-07
8.695680319618851900e-07
8.695896568499285984e-07
8.695763094525161685e-07
8.695740460676315407e-07
8.696079144565711068e-07
8.696361943161246684e-07
8.696275865361731431e-07
8.696640190142872627e-07
8.696677881389234099e-07
8.696927330198405972e-07
8.697170621606133998e-07
8.697460878258455921e-07
8.697747625120594232e-07
8.698095553173398928e-07
8.698364501542397222e-07
8.698365151833387161e-07
8.698398418837284439e-07
8.698413683240251995e-07
8.698366039127686577e-07
8.698436060874721564e-07
8.698701609004691767e-07
8.698938847900340587e-07
8.699423865467290023e-07
8.699620543213167892e-07
8.699547990807032568e-07
8.699788800305753210e-07
8.699886474022100339e-07
8.699767554695697543e-07
8.699900754294452056e-07
8.700332855174301607e-07
8.700456940505033693e-07
8.700639201229158386e-07
8.700563117462662638e-07
8.700421299345850994e-07
8.700520518125637496e-07
8.700738412224717396e-07
8.700725354628227653e-07
8.700710587351987453e-07
8.700736042859462584e-07
8.700664129869128841e-07
8.700465459125057346e-07
8.700487830495873912e-07
8.700897886285453014e-07
8.701283015552094517e-07
8.701280219077965941e-07
8.701335347614816982e-07
8.701339353243394014e-07
8.701309605855021133e-07
8.701447245293139248e-07
8.701444910100271435e-07
8.701406014453883909e-07
8.701512585061504176e-07
8.701641501027056273e-07
8.701649248728127911e-07
8.701809191436390787e-07
8.702354632203784337e-07
8.702371916479336877e-07
8.702463419913929996e-07
8.702751129872618839e-07
8.702710697424139327e-07
8.702360417607495401e-07
8.702330759019997361e-07
8.702715005462203251e-07
8.702695354301255317e-07
8.703281048042081689e-07
8.703713979721745110e-07
8.703565826997669605e-07
8.703697173961248146e-07
8.703777337297908531e-07
8.703639456600339432e-07
8.703766325697143611e-07
8.703748186977034589e-07
8.703866543975655407e-07
8.704092058294383770e-07
8.704042310555858563e-07
8.704008838643593094e-07
8.704186734261598900e-07
8.704402687832279906e-07
8.704377295009080989e-07
8.704342057520075502e-07
8.704628032798012709e-07
8.704997842533806187e-07
8.705166490163174639e-07
8.705372744783058169e-07
8.705233276932619383e-07
8.705128112401210924e-07
8.705183700037261035e-07
8.705184518430958140e-07
8.705248276732309210e-07
8.705399400477450297e-07
8.705484336717347176e-07
8.705611381340025513e-07
8.705633244694797856e-07
8.705766911563443007e-07
8.705801233901479022e-07
8.705940081597248402e-07
8.706304683864038954e-07
8.706357599436700767e-07
8.706694489375915787e-07
8.707158939008389503e-07
8.706982729492114446e-07
8.707096197111386212e-07
8.707556087318485361e-07
8.707860922044785602e-07
8.707923215464623327e-07
8.707872048350897293e-07
8.707754577658354197e-07
8.707870314552078480e-07
8.708066644341215600e-07
8.707964541699941558e-07
8.708364661969041638e-07
8.708428695631762843e-07
8.708465361415677137e-07
8.708310930740214855e-07
8.708128811893009802e-07
8.708200313843880166e-07
8.708448225388018431e-07
8.708658178711911563e-07
8.708911516830098656e-07
8.709214740361517560e-07
8.709392498792440925e-07
8.709404475115154369e-07
8.709527514877191626e-07
8.709646022796333456e-07
8.709529635600657569e-07
8.709385950088087465e-07
8.709322006595106695e-07
8.709390060193994198e-07
8.709464279340894677e-07
8.709295072688436938e-07
8.709125279742681116e-07
8.709117333345597974e-07
8.709227835844448486e-07
8.709317438260759232e-07
8.709355489184831268e-07
8.709257080576710578e-07
8.709246728190109001e-07
8.709701269076397993e-07
8.709955976137484468e-07
8.710135790264367733e-07
8.710100343747756366e-07
8.709992775309438907e-07
8.709940965575331544e-07
8.709987529017344706e-07
8.710184076974312242e-07
8.710205143686403707e-07
8.710243893553185288e-07
8.710227463354330232e-07
8.710275107379999599e-07
8.710264720118145201e-07
8.710375945676399803e-07
8.710458970306431640e-07
8.710529520374377139e-07
8.710842317642406490e-07
8.711131672579065208e-07
8.711214510746285827e-07
8.711094354078102973e-07
8.711004916129928662e-07
8.711269154526507262e-07
8.711196995790478175e-07
8.711158091801682210e-07
8.711167602349983135e-07
8.711376423892132010e-07
8.711473349824806947e-07
8.711674716963121919e-07
8.711808082904982765e-07
8.711830396369262218e-07
8.711951107051112688e-07
8.712022763449626547e-07
8.712230740283182926e-07
8.712363349067728055e-07
8.712365842959899008e-07
8.712333155823509881e-07
8.712401323959708701e-07
8.712478165950563568e-07
8.712329886578945529e-07
8.712437366260227396e-07
8.712546090730775688e-07
8.712323391032908120e-07
8.712262653996789587e-07
8.712200769393677968e-07
8.712150742009478333e-07
8.712102119936346586e-07
8.711988507317606337e-07
8.712189215997814281e-07
8.711961874577033103e-07
8.711983598339648126e-07
8.711868366703875265e-07
8.712022353860107814e-07
8.712157888155827291e-07
8.712331530219411206e-07
8.712231402823096198e-07
8.712144575637528881e-07
8.712270376438754286e-07
8.712403586958071655e-07
8.712469766317817171e-07
8.712432478312430728e-07
8.712380305883748259e-07
8.712511443857634115e-07
8.712560068366711916e-07
8.712327310056356879e-07
8.712158694327411773e-07
8.712105019241029877e-07
8.712057700504759495e-07
8.711525247470669254e-07
8.711589867148531394e-07
8.711637779069629798e-07
8.711661966104181083e-07
8.711659902162353325e-07
8.711840968765219014e-07
8.711754564585560333e-07
8.712049725422627132e-07
8.712316667520293168e-07
8.712377395024573126e-07
8.712521652686149411e-07
8.712683530528689380e-07
8.712531582889797330e-07
8.712628645626478762e-07
8.712770654938102007e-07
8.712955749399656555e-07
8.712994977194893749e-07
8.713064309525560521e-07
8.713074056675971649e-07
8.712959086480796310e-07
8.712875426834534607e-07
8.712812027767514703e-07
8.712777568824096124e-07
8.712612409237456831e-07
8.712705807919917194e-07
8.712753689220740674e-07
8.712888714776904736e-07
8.712490935732701137e-07
8.713016525251807401e-07
8.713417649794522670e-07
8.713799988302708046e-07
8.714054099550828669e-07
8.714372792645540679e-07
8.714414645264987296e-07
8.714738346037503599e-07
8.715109637999676666e-07
8.715371841670987786e-07
8.715379447198977891e-07
8.715564181696576620e-07
8.715573699212357752e-07
8.715928890432149683e-07
8.716178232178279788e-07
8.716161804251245447e-07
8.716348993322619220e-07
8.716327851899017905e-07
8.716473920339647662e-07
8.716454833930961052e-07
8.716616538724610605e-07
8.716609171599505808e-07
8.716762265828293971e-07
8.716690659460256539e-07
8.716657644257604317e-07
8.716798827387352615e-07
8.716837114672168581e-07
8.716815603925981582e-07
8.716965559877168089e-07
8.716965044789553898e-07
8.717018207864840558e-07
8.716847201337541289e-07
8.716731370544773675e-07
8.717170497402978645e-07
8.717265475305830320e-07
8.717297997785035846e-07
8.717223640833509792e-07
8.717192690196680737e-07
8.717210985828661739e-07
8.717050159571921604e-07
8.717100762571087774e-07
8.717208175726669837e-07
8.717365524038182811e-07
8.717215214030658011e-07
8.717460072238346785e-07
8.717359452207281077e-07
8.717278870316083010e-07
8.717231525285437668e-07
8.717300954746925749e-07
8.717790841683740572e-07
8.717657441399822499e-07
8.717605896278489162e-07
8.717719279680519119e-07
8.717697601711657246e-07
8.717726426110962927e-07
8.717952088571647772e-07
8.717986236252597559e-07
8.717896650760528142e-07
8.717858930460245188e-07
8.717789088921738718e-07
8.717667550969820546e-07
8.717546841921141713e-07
8.717986019027667278e-07
8.718001074828307256e-07
8.717858934134432708e-07
8.718089698776505296e-07
8.718128184196766360e-07
8.718250744778774238e-07
8.718452033640720500e-07
8.718496762286087440e-07
8.718634771797695476e-07
8.718613226738707768e-07
8.718391339419194129e-07
8.718259515190266070e-07
8.718133480737467030e-07
8.718387976372786653e-07
8.718192453998006049e-07
8.718016428171202817e-07
8.717967868997942581e-07
8.718096779668709724e-07
8.718109870620567072e-07
8.718366806470624750e-07
8.718427626054046930e-07
8.718366858967624061e-07
8.718281717045630393e-07
8.718167625895993993e-07
8.718134504637933574e-07
8.718365341551210915e-07
8.718281770285919115e-07
8.718263845843128186e-07
8.718361293897896768e-07
8.718333739881297885e-07
8.718313254071051914e-07
8.718211757526553796e-07
8.718233132947844407e-07
8.718342210867255902e-07
8.718240865141365909e-07
8.718403297159753833e-07
8.718458229773613011e-07
8.718426221547534346e-07
8.718513343105780074e-07
8.718652397797642100e-07
8.718590963771471665e-07
8.718782616164340383e-07
8.718796712961854190e-07
8.718897143257643474e-07
8.718900235012979059e-07
8.719006595923825771e-07
8.719043230357042160e-07
8.719184617368813061e-07
8.719373738573653836e-07
8.719380674179227611e-07
8.719578901857598341e-07
8.719704692628605810e-07
8.719706862061570651e-07
8.719868413324554460e-07
8.719853124342139202e-07
8.719985969720537022e-07
8.719917099919937097e-07
8.720125267684342081e-07
8.720030141572868195e-07
8.720005956447108833e-07
8.719973225203286334e-07
8.719968336558920476e-07
8.720077231251982822e-07
8.720105900959107655e-07
8.720381108604929808e-07
8.720641607663245685e-07
8.720892278475073627e-07
8.720854507318282423e-07
8.721128242482940689e-07
8.721132780705999560e-07
8.721044661025138381e-07
8.721019335249876373e-07
8.721006990521343238e-07
8.721287271646404437e-07
8.721369472888836200e-07
8.721219242194464320e-07
8.721496243538873978e-07
8.721633092965169941e-07
8.721589246281228509e-07
8.721522727623609604e-07
8.721837597705981193e-07
8.722042850197774460e-07
8.721930272589959926e-07
8.721861264624558018e-07
8.721857857142337319e-07
8.721862724031432728e-07
8.721866327755551077e-07
8.721900847370778174e-07
8.721926399269112984e-07
8.721964718114519501e-07
8.722030802010626896e-07
8.721947359388418433e-07
8.722238409899645335e-07
8.722080933468745144e-07
8.722213018215472798e-07
8.722292902022350862e-07
8.722269125634589070e-07
8.722333683971742890e-07
8.722300565131817540e-07
8.722465614577596972e-07
8.722419619802244845e-07
8.722588800697274515e-07
8.722569887178504001e-07
8.722684813125924372e-07
8.722913292701470645e-07
8.722956883540993949e-07
8.723081657764659653e-07
8.722977658137190766e-07
8.723101561134772064e-07
8.723314046856115368e-07
8.723407899872865071e-07
8.723353089862390680e-07
8.723446041963637439e-07
8.723431265270872671e-07
8.723769322258685039e-07
8.723651181269494811e-07
8.723517630231458526e-07
8.723375027339406874e-07
8.723250956860910474e-07
8.723487332720978557e-07
8.723506249065695563e-07
8.723716676975255252e-07
8.723743100216619013e-07
8.723792056373799663e-07
8.723590798222017580e-07
8.723758509170861332e-07
8.723592698489037845e-07
8.723535501593518447e-07
8.723465427926431112e-07
8.722928870935124653e-07
8.722781004719669330e-07
8.722762672847164510e-07
8.722879982422412334e-07
8.722986732210362647e-07
8.723089370553112671e-07
8.723042067305798995e-07
8.722976779539539556e-07
8.722757478239555383e-07
8.722785489901307992e-07
8.722648737722297190e-07
8.722774069864440750e-07
8.722965240689109869e-07
8.722957039655727457e-07
8.723145190275054247e-07
8.723108979752265451e-07
8.723048969432993747e-07
8.722919035259708844e-07
8.722867799044960858e-07
8.722877991880942481e-07
8.722871676436856727e-07
8.722720333392870717e-07
8.722583250502643269e-07
8.722620492152721246e-07
8.722417089649926438e-07
8.722384167951913597e-07
8.722599058161588374e-07
8.722708630797997899e-07
8.722944316344467529e-07
8.723014686007999671e-07
8.723192105242166323e-07
8.723187980081749260e-07
8.723166495631987041e-07
8.723156887402928667e-07
8.723100227247325410e-07
8.723057270142649000e-07
8.723020011599749322e-07
8.723189358333195565e-07
8.723066453634253753e-07
8.723120325142060874e-07
8.723126051281144550e-07
8.723315510665231005e-07
8.723231654192203871e-07
8.723236831312565809e-07
8.723324628243475130e-07
8.723140703128461142e-07
8.723015051949779342e-07
8.723238040234694303e-07
8.723088505543155308e-07
8.723174285118190290e-07
8.723187455430508407e-07
8.723153781983490511e-07
8.723347242040454332e-07
8.723528447109938902e-07
8.723439096518904596e-07
8.723427628560012280e-07
8.723421988745992844e-07
8.723422823896708975e-07
8.723533134454309631e-07
8.723575185528064781e-07
8.723446335476931044e-07
8.723439693330599585e-07
8.723473561290627713e-07
8.723502005493468017e-07
8.723554250730785997e-07
8.723536790707912064e-07
8.723497908038597627e-07
8.723526591383904764e-07
8.723616672038479777e-07
8.723787967534182907e-07
8.723831646480249087e-07
8.723745071620517624e-07
8.723797384282012901e-07
8.723837890807631760e-07
8.723987717128501091e-07
8.724084507174099637e-07
8.724186911765471193e-07
8.724079386203706356e-07
8.724197024207094102e-07
8.724266654332598505e-07
8.724466545679482363e-07
8.724546289503806680e-07
8.724489929110450833e-07
8.724731338837863018e-07
8.724942541883675533e-07
8.724995175649556820e-07
8.724973497725643810e-07
8.724873419120288977e-07
8.724880351825434535e-07
8.724905946796410093e-07
8.724791629956193798e-07
8.724764420014711891e-07
8.724857667730161839e-07
8.724831054472222013e-07
8.724774952941589852e-07
8.724732596237528322e-07
8.724781742748123570e-07
8.724742367409788540e-07
8.724823822381856115e-07
8.724847721424098897e-07
8.724823177961322249e-07
8.724796717493163271e-07
8.724789872396684152e-07
8.724956617392366169e-07
8.724948388135365263e-07
8.725105362544620458e-07
8.724887600618195362e-07
8.724964802981186990e-07
8.724837320922287324e-07
8.724959416238226172e-07
8.725157553518262392e-07
8.725263234739624681e-07
8.725350264074960226e-07
8.725454762102344396e-07
8.725487552558781166e-07
8.725750156042174183e-07
8.725714608680031931e-07
8.725825259061515554e-07
8.725840054578209028e-07
8.726049913383723161e-07
8.726143361291231143e-07
8.726155012619530120e-07
8.726252457865859322e-07
8.726302177439981050e-07
8.726393685397524702e-07
8.726355188990724328e-07
8.726384273900930521e-07
8.726688912026379607e-07
8.726942917140249146e-07
8.727168928975475545e-07
8.727357433808446292e-07
8.727358198256818331e-07
8.727175147185441146e-07
8.727150442971098995e-07
8.726962894987106697e-07
8.726855354214416307e-07
8.726864069617580017e-07
8.726641417077498870e-07
8.726668753443174487e-07
8.726525669500652008e-07
8.726358785914214196e-07
8.726408932503405025e-07
8.726303744524172174e-07
8.726197094109716422e-07
8.726064305469476467e-07
8.725966690279544220e-07
8.725995779920786236e-07
8.725882290196125069e-07
8.725907918187858454e-07
8.725717764654652720e-07
8.725620398398532421e-07
8.725688724730555879e-07
8.725609417128919376e-07
8.725866351792480830e-07
8.725993726111731987e-07
8.725787001481504480e-07
8.725727804209251454e-07
8.725759976031541425e-07
8.725754980542378190e-07
8.725621394220200870e-07
8.725605540742249387e-07
8.725688397828797915e-07
8.725672579528855297e-07
8.725626295989670472e-07
8.725555729574961061e-07
8.725467996926775477e-07
8.725510320220005685e-07
8.725453082269593427e-07
8.725528863527222025e-07
8.725696226575349905e-07
8.725807741793210547e-07
8.725730714256899143e-07
8.725685826061080595e-07
8.725673520316063599e-07
8.725909273431948089e-07
8.725899433302242239e-07
8.725817984645776197e-07
8.725953209678286158e-07
8.725859872661965232e-07
8.725855548925101719e-07
8.725763302746371159e-07
8.726215722298630626e-07
8.726137939557030107e-07
8.726151092900014038e-07
8.726251002203459986e-07
8.726259000153777270e-07
8.726205043775753817e-07
8.726157742668895575e-07
8.726047534587356816e-07
8.726025658082097270e-07
8.726123724006255190e-07
8.726045925169856592e-07
8.725955480286141117e-07
8.725912019799303746e-07
8.725781083746678864e-07
8.725663529800684045e-07
8.725574180649974209e-07
8.725485506259713727e-07
8.725504472172878216e-07
8.725504272298122959e-07
8.725469688962274836e-07
8.725534289110058076e-07
8.725498190967792250e-07
8.725509676731571227e-07
8.725502438234640928e-07
8.725404162864087098e-07
8.725400907858005770e-07
8.725400320170742389e-07
8.725381837872478032e-07
8.725349902106075303e-07
8.725510889381305375e-07
8.725510071835841886e-07
8.725676704341906266e-07
8.725657374690087390e-07
8.725733443821455760e-07
8.725956438347847343e-07
8.726207261518526004e-07
8.726249220434593567e-07
8.726264758595419537e-07
8.726421889853778394e-07
8.726302387390451560e-07
8.726234836943776750e-07
8.726433105072074586e-07
8.726535730736618626e-07
8.726561781657677223e-07
8.726475287034935281e-07
8.726533999347537609e-07
8.726413997371097264e-07
8.726285939329718290e-07
8.726314120344650687e-07
8.726216799725060459e-07
8.726292569192392772e-07
8.726154198880159417e-07
8.726067707145049143e-07
8.725960573279332612e-07
8.726072552790722347e-07
8.725890386879486832e-07
8.725894690097948109e-07
8.725846534366043369e-07
8.725889513006788690e-07
8.726048728943915219e-07
8.725942093478437962e-07
8.725956192381019225e-07
8.725858028014000784e-07
8.725771187988695124e-07
8.725862116183722476e-07
8.725794944502793926e-07
8.725705544184972033e-07
8.725752101031898788e-07
8.725640856572182318e-07
8.725653478603916030e-07
8.725534584955073508e-07
8.725639654247539452e-07
8.725494294466963322e-07
8.725296924661755274e-07
8.725350361778147107e-07
8.725245251219007832e-07
8.725073760563041656e-07
8.725139185136530551e-07
8.724990772511013798e-07
8.725194527155927612e-07
8.725157874194528305e-07
8.725194336477942693e-07
8.725381212786914320e-07
8.725661607711826070e-07
8.725713336245316879e-07
8.725631488450620707e-07
8.725735673665869191e-07
8.725589750667633092e-07
8.725525405836353637e-07
8.725597959199856420e-07
8.725482649687404286e-07
8.725390367770591852e-07
8.725283884370133820e-07
8.725286125209173608e-07
8.725229652294484034e-07
8.725153180010261706e-07
8.725094665816785328e-07
8.725036913164803673e-07
8.725005177011203852e-07
8.724899722347325799e-07
8.724899320927435607e-07
8.725003213274529953e-07
8.724949193258254134e-07
8.724830565860969928e-07
8.724881073660843194e-07
8.724896172593745511e-07
8.724886037548207725e-07
8.725032620932604303e-07
8.725336689590002835e-07
8.725310680202039078e-07
8.725425572050373623e-07
8.725412732964742523e-07
8.725363509208705540e-07
8.725303645373298973e-07
8.725331703046055977e-07
8.725249241345582793e-07
8.725400839671496703e-07
8.725356193189724310e-07
8.725482587995789275e-07
8.725583596159776612e-07
8.725681055907677272e-07
8.725769318592689536e-07
8.725881037603249980e-07
8.725759132205104097e-07
8.725982315102014618e-07
8.726005761911599739e-07
8.725927140095390256e-07
8.725885987647227887e-07
8.725852161216808000e-07
8.725740119850806587e-07
8.725689569494648092e-07
8.725609495072173322e-07
8.725533945382209785e-07
8.725686717821047822e-07
8.725621331993090572e-07
8.725701894199984098e-07
8.725721910082892145e-07
8.725590496725294602e-07
8.725504757285853858e-07
8.725586449786466511e-07
8.725652241211837038e-07
8.725686767489494956e-07
8.725600783587051565e-07
8.725526037311396038e-07
8.725447700713737441e-07
8.725576504324882712e-07
8.725625593124420170e-07
8.725473533779683833e-07
8.725366253923661912e-07
8.725325664708334108e-07
8.725203611767211091e-07
8.725257085318877616e-07
8.725343055508064055e-07
8.725216336213422111e-07
8.725108431904562678e-07
8.725189729836618071e-07
8.725015048849574319e-07
8.725135328352254899e-07
8.724977428667938809e-07
8.724899313836786222e-07
8.724717219161832605e-07
8.724725636855652896e-07
8.724685981070401091e-07
8.724652773803029139e-07
8.724627532319492781e-07
8.724703095350108770e-07
8.724590327603072035e-07
8.724520509797528776e-07
8.724711769781976478e-07
8.724577586438073880e-07
8.724559372985535412e-07
8.724431149142565680e-07
8.724403738129268733e-07
8.724584881333584418e-07
8.724702436781884283e-07
8.724754609797796696e-07
8.724587002397238909e-07
8.724631897079093666e-07
8.724534838447427180e-07
8.724564454106798880e-07
8.724465653906685763e-07
8.724322477186805451e-07
8.724243716163392888e-07
8.724121689590978324e-07
8.723961608076410945e-07
8.723934853280641003e-07
8.724027463967634791e-07
8.723885834869597577e-07
8.723714689105306138e-07
8.723649600872888137e-07
8.723578339454770603e-07
8.723785180300078407e-07
8.723727413494012092e-07
8.723669867613229484e-07
8.723542901833224910e-07
8.723515108724866822e-07
8.723640905698643623e-07
8.723654255746654232e-07
8.723603437906643185e-07
8.723684249245825421e-07
8.723458592556673789e-07
8.723379484249051932e-07
8.723331573290138487e-07
8.723442032676419117e-07
8.723543076866847988e-07
8.723413919099741704e-07
8.723549774040844273e-07
8.723490747543445957e-07
8.723579259451719328e-07
8.723852975343168848e-07
8.723679529802355532e-07
8.723678855021202575e-07
8.723594827142952458e-07
8.723683033842895382e-07
8.723560009857526511e-07
8.723557839844447862e-07
8.723452727787898332e-07
8.723466290126291027e-07
8.723365395648671944e-07
8.723397006031899611e-07
8.723382165937451369e-07
8.723296716359263445e-07
8.723256113105293100e-07
8.723311039365299795e-07
8.723389518032548381e-07
8.723314054520133002e-07
8.723323549833921684e-07
8.723301525220580621e-07
8.723302813368873869e-07
8.723289602248013954e-07
8.723216050833292128e-07
8.723169048457027988e-07
8.723151107223415066e-07
8.723111515296470551e-07
8.723069943373230976e-07
8.723205881335994701e-07
8.723265124152962603e-07
