4.609663782566648997e-05
4.367196954140297507e-05
4.304775000302100193e-05
4.129650015667063603e-05
3.962363600423768182e-05
3.930197196357106538e-05
3.719062661225144736e-05
3.520687984107991758e-05
3.383162143785449228e-05
3.201631055626431171e-05
3.075640371719720010e-05
3.072239812530909572e-05
3.066326253698305334e-05
3.075672659169518473e-05
2.743841191496938894e-05
2.874693973548566480e-05
2.754922106451651877e-05
2.752360071125982559e-05
2.637654486040014461e-05
2.538271802684711177e-05
2.433938553843460764e-05
2.471433051176994796e-05
2.472684464054366078e-05
2.483478336583983350e-05
2.490926653571333551e-05
2.518594965088936938e-05
2.401337906026411269e-05
2.252577645111293044e-05
2.266762741049456193e-05
2.269005601279071026e-05
2.269689218929612341e-05
2.269181649034303187e-05
1.942360858233028933e-05
1.972080170840871286e-05
1.884472990964931104e-05
1.904324852849220313e-05
1.821381943353942158e-05
1.744230684824350008e-05
1.769823830374916247e-05
1.654642809407862598e-05
1.588442894836769646e-05
1.526026091488197784e-05
1.561324932212690316e-05
1.499563569278597408e-05
1.534611642777200351e-05
1.255426701952172669e-05
1.316138948145295188e-05
1.226077628849567008e-05
1.287940150726176404e-05
1.022781173469877268e-05
1.096322751488101250e-05
1.190360300435361269e-05
1.144238074152881817e-05
1.203500874024231910e-05
9.416376997580142662e-06
9.996679729391866228e-06
9.646925650495623961e-06
1.022207309219416043e-05
9.850927491358033922e-06
1.039958251833866646e-05
1.001036364903077320e-05
1.053964983871523167e-05
1.013428077555765000e-05
1.063777237691593631e-05
1.021049472163678214e-05
9.808089658495685082e-06
9.438381958842242245e-06
9.962387865590186331e-06
9.177629379388976981e-06
8.861864959892596822e-06
8.565215672035142398e-06
9.147398157438931478e-06
1.005447195310243365e-05
9.643019976553557503e-06
9.309020699706377152e-06
9.781111129156656487e-06
7.398191965914493327e-06
6.744218808222304843e-06
6.155827629320198526e-06
6.457111256841796316e-06
7.535391713478271859e-06
6.873883940385929525e-06
6.272249470752369335e-06
5.715463138469072938e-06
6.809843241752582052e-06
8.148336977198138124e-06
8.709924053837690320e-06
7.984883168375417198e-06
7.721480431055338729e-06
7.073061335608628027e-06
6.477752379746692783e-06
6.376420782904852107e-06
5.820583979638135379e-06
5.311050949670908231e-06
6.207542719549432925e-06
6.918025466198863357e-06
7.669750528542208589e-06
8.254517031453650482e-06
8.897089867474074703e-06
9.371189022998968152e-06
9.397417067416774289e-06
8.621593338312245081e-06
8.348293278845591024e-06
8.067754066652875310e-06
7.384726666959194252e-06
7.194754133707169681e-06
6.568760961573039657e-06
6.439909052554523852e-06
6.310702959010281951e-06
5.739717370502412070e-06
5.664049910228759350e-06
5.583678058934899306e-06
5.500943294633179847e-06
4.947447285036416229e-06
4.923425188623215975e-06
4.886595048602149554e-06
4.827290292877434941e-06
3.017581377348343800e-06
2.649762537212972852e-06
3.504550188142966051e-06
4.292747916465691262e-06
4.262213677645134166e-06
3.806754531599351239e-06
2.093728870123813213e-06
2.966417378451274830e-06
4.820534780723850860e-06
5.462689472774245022e-06
6.053334222151069991e-06
6.594535835612888266e-06
8.187648587153524226e-06
9.657249500608483100e-06
8.757112753377760148e-06
8.355837975040501632e-06
7.976489115502280583e-06
7.190663209050850229e-06
6.905895178521737041e-06
6.634791723618804292e-06
4.769218735562401816e-06
4.635007380480098879e-06
2.870447751965731247e-06
2.433068243310032846e-06
2.039348242753547598e-06
1.679091818716554205e-06
1.251211066769223542e-07
-9.066980065341543612e-08
4.183525215033191238e-07
2.092369825449188443e-07
2.160361721093027563e-06
3.973614344384086983e-06
4.165530262142584499e-06
4.794625464278198499e-06
6.417744991541386852e-06
6.428646281458232350e-06
6.448193844881179022e-06
6.470738809846628283e-06
6.501122044986314201e-06
6.987320956611962878e-06
5.254331192018275897e-06
5.808216300344355293e-06
5.872109696957103701e-06
6.387354310283588849e-06
6.862067976903295204e-06
6.179806021479256567e-06
7.679027185185525117e-06
8.033915081552979776e-06
6.249138053546397122e-06
6.032236877195130421e-06
4.345105119677668449e-06
2.740670604951546182e-06
2.306611137599630851e-06
8.247296768621954623e-07
9.739118165820973337e-07
-4.455843706392840023e-07
1.425796944117575691e-06
3.159283679966256390e-06
1.592892873665237771e-06
1.625412577272255578e-06
1.411554591703146019e-07
1.942661128077559070e-06
2.554752696395068464e-06
3.123399567552762525e-06
4.709878491957572875e-06
6.177251680066571894e-06
5.820745094823072414e-06
5.078487763108066509e-06
4.816405664897929001e-06
4.661174891819858458e-06
4.423392119987659656e-06
3.790895318126000546e-06
3.631482501015811806e-06
3.576338658277122721e-06
3.422489467507140081e-06
1.840702526053364839e-06
1.910479054706134735e-06
1.464979718958414460e-06
1.476467306532162591e-06
1.482683975021837998e-06
1.084486146719318472e-06
1.139503876555116949e-06
7.802109852550241464e-07
2.487208676661488908e-06
2.653376020543596227e-06
3.221973431557638738e-06
4.762895405234038506e-06
6.283648645015127615e-06
5.937137334964833620e-06
5.215326300887419445e-06
4.965887089188679376e-06
4.733089931588115781e-06
4.515855975483714579e-06
4.313240844626997491e-06
2.746150302561422748e-06
2.662305900300491421e-06
1.184533950914589716e-06
1.206402045408936399e-06
-1.974023907354659976e-07
-7.447569992867463278e-08
1.596556191732268385e-08
1.221310997145393774e-07
-1.740221818135935585e-07
-2.963089042776038376e-08
1.982719848717782059e-07
2.819584305375749532e-07
-1.446194300661810409e-08
7.299911636832340575e-07
1.421413777602404495e-06
2.062921870305748089e-06
2.658041432263457055e-06
3.209987713276909022e-06
3.699540285646206757e-06
2.213732970318716513e-06
8.062176925360836793e-07
8.897550293507190358e-07
-4.459163017408079622e-07
-6.696643979696058586e-07
-1.905089526755623794e-06
-9.191262537556225931e-08
-1.374758823214948350e-06
-5.590068430979520650e-07
2.026262204869748400e-07
1.962745921470143834e-06
1.929073514222647841e-06
1.875890578567335498e-06
1.471471476510107475e-06
1.498454632230889001e-06
1.435703717750912927e-07
2.607610740664002811e-07
3.706806906616480304e-07
9.000714738915305876e-08
2.322929898116328603e-07
-2.361151739748327151e-08
2.382935070326161033e-07
-4.593612139348511972e-09
1.713150705901211690e-07
9.224659354261439158e-07
2.535636003618324489e-06
4.029959765026435062e-06
4.452123344244782449e-06
4.266499905024465396e-06
4.669309007351574238e-06
4.674525909094769176e-06
4.496098795216665948e-06
3.946619900167327355e-06
3.931949958434910503e-06
2.511440320736078769e-06
2.492895040212831953e-06
2.474102413329639730e-06
2.437131015283291746e-06
2.419637881592373096e-06
2.405969547654452901e-06
1.075310794087427651e-06
1.152616597862180806e-06
1.204584686375428940e-06
1.275401386548819590e-06
1.321363745155698474e-06
1.005073887831497044e-06
1.653948070135752962e-06
1.330130642642285350e-06
1.974474237777889583e-06
1.641993980464310519e-06
1.346562093676209673e-06
2.047446220174618839e-06
2.305348713725920547e-06
3.816511142529250518e-06
5.205134641349049701e-06
5.211305414938409092e-06
6.499497639330015681e-06
6.229127673239156480e-06
6.529539893876437370e-06
5.866923012258787772e-06
4.432403982407375788e-06
3.921489047588271405e-06
3.459413552410870165e-06
2.187334811334117196e-06
9.775762978275948748e-07
-1.697199544358284207e-07
1.463690926523729124e-06
3.060647132034723533e-06
2.623559562041566257e-06
2.609291110240604675e-06
1.348108582691535126e-06
1.419750199080343217e-06
1.102625791279533048e-06
-5.985979949948399343e-08
6.697016963629680500e-07
8.933601134712146327e-07
2.410806092744268724e-06
2.386190719137649652e-06
1.105952562821371611e-06
1.175524365104591614e-06
-1.226552446394408657e-08
6.714696988883363183e-07
4.048050344562165197e-07
-7.549408504494437505e-07
-1.967087368806694262e-08
-1.127567372311940874e-06
5.107890877294540341e-07
2.503141018989331141e-07
-8.699707642663240656e-07
7.520906209128159934e-07
-4.082028568026455087e-07
2.943394880806265478e-07
5.159562771100113457e-08
2.070185637173061311e-07
8.625783653237993978e-07
1.134180315866238718e-06
8.364425479945452361e-07
-2.721637318593609871e-07
4.760878758813378786e-07
8.046033802273779186e-07
2.321137369912128729e-06
2.505254417544852354e-06
3.877045158666241405e-06
3.789254391464391021e-06
3.328775870520935566e-06
2.911942231286509749e-06
2.533816311070407681e-06
2.193348325503549753e-06
2.368786357922202930e-06
2.440263627831791479e-06
2.495641672959459897e-06
2.542211323878188175e-06
2.579422696463228751e-06
2.231645908790677762e-06
1.919905707245065355e-06
3.361306875289033437e-06
4.661794735220759709e-06
5.977231637149016406e-06
6.238589420289360882e-06
5.597037049151397801e-06
5.896354814696791941e-06
6.172472238721919478e-06
5.917618051561664414e-06
5.305147376615316231e-06
4.746022498136365574e-06
4.241556346721369692e-06
3.783836849232186380e-06
3.369304572565504332e-06
2.994545515496546298e-06
4.320463837276524466e-06
5.568291994396430141e-06
5.518109478501113608e-06
5.481614941130327081e-06
5.849211729093298485e-06
5.684029119529113090e-06
5.523671115038048386e-06
4.975587732710470297e-06
4.870378786734275826e-06
4.377170209290794911e-06
4.325754533310224413e-06
3.876086041444642865e-06
3.468645714783501391e-06
4.770649313920894388e-06
4.786953658037837281e-06
4.811788797782058056e-06
4.843386280821365592e-06
6.054041597602364928e-06
7.136833274305118427e-06
7.356446933308578640e-06
6.674645140749054385e-06
5.436721697459845938e-06
4.901187997154938581e-06
4.809462441452797438e-06
3.669080465580624485e-06
3.649495957979176447e-06
2.565852761299769539e-06
2.224781996056277062e-06
1.909696602350541901e-06
3.275166538728532144e-06
3.366159999411336468e-06
4.619945068144967171e-06
4.989485252387485930e-06
4.829190487159469384e-06
4.697206963293383050e-06
4.185202545318568657e-06
3.083089211482321000e-06
2.692720422266012639e-06
1.675582293089021819e-06
7.080868533625977606e-07
1.434293536351916173e-06
1.156820743703695756e-06
9.110369630799099140e-07
-2.209757957211996885e-09
3.223571807811834119e-07
1.080345526420984936e-06
2.545437819209814175e-06
2.674053131204631588e-06
3.175944962515541305e-06
4.378364382345991836e-06
3.256088399843524958e-06
3.212824539713975658e-06
2.797998133575913415e-06
2.424069486592530743e-06
1.432547079383887235e-06
2.011784827600690427e-06
1.700432117176805201e-06
7.540596906217086349e-07
1.385436887390017572e-06
1.596805630655640128e-06
2.898297717428710833e-06
2.961353445649427924e-06
2.950821289063888962e-06
1.887155827469998540e-06
9.041996124392388136e-07
1.492357908243729587e-06
2.123501467496576881e-06
2.702312933498711990e-06
3.140714268570648149e-06
3.521606784658543474e-06
2.420867129282995891e-06
2.410221091270594607e-06
2.398687540780268663e-06
2.386640622765354323e-06
2.374237490907837959e-06
2.361628779080385832e-06
2.003357838688129890e-06
9.933257155188111565e-07
1.558468432824692276e-06
5.712076097151481172e-07
1.141047156094852784e-06
2.449913343252209833e-06
2.981381919693421516e-06
4.153895499114617988e-06
5.230300762751268819e-06
3.995472377914258746e-06
3.818377633132882754e-06
4.110011326585928517e-06
4.382169535419352749e-06
5.433143086415200657e-06
6.406466964397044581e-06
6.025259951021140913e-06
5.740169008002765486e-06
5.403575046365578288e-06
5.095954875887945376e-06
4.880571817007547971e-06
4.608677214706798336e-06
4.361095093793710042e-06
4.202024580639738124e-06
3.981186655237916810e-06
4.232491460081677341e-06
4.112594504944109476e-06
2.925851498307174638e-06
2.801043206336486991e-06
3.926299948431115441e-06
3.413265915543238779e-06
3.402587185497358936e-06
4.498293346260222063e-06
3.958283534575704214e-06
5.017001731353946294e-06
5.295180875141760185e-06
5.145763704121345494e-06
6.115048862025558699e-06
6.307949886623545109e-06
6.038738492013988501e-06
4.767755283820562327e-06
4.494810917052845794e-06
4.802432427632423558e-06
3.599266932791989679e-06
3.429098414190835555e-06
3.272101015137430626e-06
3.138048684970436604e-06
3.151231786481586831e-06
4.242661641327567260e-06
5.251585720698283495e-06
4.957388232005898574e-06
4.696442880709678247e-06
4.451268271111320295e-06
3.282449967294065488e-06
3.580549223719271372e-06
3.860172048281481906e-06
3.685094009600626678e-06
3.962042508392253301e-06
3.476591426986348178e-06
4.544979593706884236e-06
4.768810530985072909e-06
4.978399492893965257e-06
5.168476222377659039e-06
4.909456707991413037e-06
5.108772600546064176e-06
5.294851743403057959e-06
4.725333491441728462e-06
4.960524465782602859e-06
4.827650619284324479e-06
4.609042869544044830e-06
4.099656837144116646e-06
4.484995126112368814e-06
4.721060231511568772e-06
4.525163224091392207e-06
4.782816148091152496e-06
4.274677656071819255e-06
3.818073842344023811e-06
4.164056640161011560e-06
4.480483262700375311e-06
4.865868977164894322e-06
5.124192084779579138e-06
3.998959354538370649e-06
5.005268565200011969e-06
5.231796741289752574e-06
5.095653258385852132e-06
4.876973394346712507e-06
5.106557034387034919e-06
5.321176687720954429e-06
6.244722158388491472e-06
6.016123835913514071e-06
5.706395654052686954e-06
5.851986517913939390e-06
5.648673070717704306e-06
5.431718422385235808e-06
5.253432978870204753e-06
4.087806915809885312e-06
2.987686040897691840e-06
1.949970005966709705e-06
9.649515201395171026e-07
1.541913641505204589e-06
1.975922788720906012e-06
1.930306558917702004e-06
1.921069124413251210e-06
1.914310329546023401e-06
1.616707727702910598e-06
1.649917706685338100e-06
1.388050046214114206e-06
2.573668208303394391e-06
2.242567571377723463e-06
1.949272138829490958e-06
1.688130614000039883e-06
1.855925676602495020e-06
1.609755015698701602e-06
1.705256648089625061e-06
1.795222770423237370e-06
1.563262291958318924e-06
1.741131020788309445e-06
1.833172572291854634e-06
1.608412856926022976e-06
2.245329304966181597e-06
2.804273477277640688e-06
2.819275475964291027e-06
2.828918481048726574e-06
2.838216529435246102e-06
2.846985481073844515e-06
2.547949331373862241e-06
2.279773749886371837e-06
2.041657458407258017e-06
2.132280573222951824e-06
2.233512151261903025e-06
2.756607809073053474e-06
3.233671079031161780e-06
3.672815538258185432e-06
4.075728425983926904e-06
4.534200920320156946e-06
4.860219702232763984e-06
5.250263107312029625e-06
5.607164919507051479e-06
5.809375183995914334e-06
5.302731568723691630e-06
5.140644075852967543e-06
4.686999372622426941e-06
4.668561160253241890e-06
4.555096005642824771e-06
4.448399749897849298e-06
4.346771685126899223e-06
4.253250486038006119e-06
4.250248027174886285e-06
4.149623380116620921e-06
4.474831273470515963e-06
4.777030294194977828e-06
5.123057502891384778e-06
4.659350916803526850e-06
4.239929636207883259e-06
3.861048515691013588e-06
4.244404060364577677e-06
4.178772721883431813e-06
5.149916325873794374e-06
6.042080303974761649e-06
6.863001521252799620e-06
6.958438520579388452e-06
7.052297978710632145e-06
7.794649959414468835e-06
7.799256727428603182e-06
8.478278438791775614e-06
7.729033764656867387e-06
7.420051927090556407e-06
6.753749760606929076e-06
6.816051219930500447e-06
7.561802393252109895e-06
8.239676485572515713e-06
8.176585832862334649e-06
7.726605561482148953e-06
8.384927413378968669e-06
7.880301848469876806e-06
7.915713710615285842e-06
7.464927771053975834e-06
7.130761927603762587e-06
7.211395782907825614e-06
6.800679021618613555e-06
6.397722173875739349e-06
5.774061887703701247e-06
5.968490299688686249e-06
5.662742479808664521e-06
5.749383868546936683e-06
5.832938618262211537e-06
5.935533065699432533e-06
5.726981983332946570e-06
5.165638433227116756e-06
5.416761737770160440e-06
5.249112934676227032e-06
4.726775957006106396e-06
4.621228404393344336e-06
4.152494730460161443e-06
4.098910883301465413e-06
3.932165149049857118e-06
3.803596170094612914e-06
3.685278151910357705e-06
3.663610849447523323e-06
3.273111127606935817e-06
3.204340923098479728e-06
3.506789875496037999e-06
3.903369867813148068e-06
3.871687811889436756e-06
3.746344808630864573e-06
3.632664216114332261e-06
3.915579651653330301e-06
4.270834197012964798e-06
4.093365614014600781e-06
3.681648360117634793e-06
3.310235817431294242e-06
3.346061861467151866e-06
3.006982807228037113e-06
3.072582716550142825e-06
3.037056013038308020e-06
3.005366236700049837e-06
3.367599930762769385e-06
3.398581639397129650e-06
3.330344380247081796e-06
2.995704275770160380e-06
2.696180788679905187e-06
2.712875027262582798e-06
3.201127247120458664e-06
2.892220060516921708e-06
3.375245517483304865e-06
3.058153503919217730e-06
3.059034339996764662e-06
3.443941704481866721e-06
3.413097689903438530e-06
3.767876063593053559e-06
4.093553751298234073e-06
4.485287259841611633e-06
3.565462584012568072e-06
3.510627673678975059e-06
3.442995288435919325e-06
3.381153648492083278e-06
3.341127764584651359e-06
3.683479159291616787e-06
3.603308225571945826e-06
3.546756950243575737e-06
3.491930093265562803e-06
3.821705674132396561e-06
4.215255702943067571e-06
3.832926827809017456e-06
3.746228221411284055e-06
3.767219887440658668e-06
4.162635707837593402e-06
4.052982964024629625e-06
3.951282971675409599e-06
3.835217128446588399e-06
3.480479620754733613e-06
3.903367365332340857e-06
3.905560218139409590e-06
3.547348343569439533e-06
3.480774846819767601e-06
3.164551141003469295e-06
3.240063272911845659e-06
3.683091236319230959e-06
3.599480128737280694e-06
3.630608476346033136e-06
3.299524969043381818e-06
3.257057223049501937e-06
2.962812015480334064e-06
2.699673905182224591e-06
2.464956450793209831e-06
2.256249006408597462e-06
2.077713114529738595e-06
2.184054737950039781e-06
2.307045250576246814e-06
2.762716051610231467e-06
3.205547224622605052e-06
3.611538517050643596e-06
3.983229035755755632e-06
4.328273002695860253e-06
3.984777564328779950e-06
4.329369462623823648e-06
4.645201088751767722e-06
4.933739042156407855e-06
5.196602621114509978e-06
5.437595836543117495e-06
5.007706154830653465e-06
5.245680234510301459e-06
5.486381740559604111e-06
5.703564394045304535e-06
5.981869963087554249e-06
6.153139129273054163e-06
5.660884122878280080e-06
5.212182864781730449e-06
4.803054985110781205e-06
4.797329113126472021e-06
4.781544795578330224e-06
4.681475967222422961e-06
4.921268586218775879e-06
5.697915276615057775e-06
5.482653306724627221e-06
5.031977059592344708e-06
5.258328118807051138e-06
5.464669584889598209e-06
5.652006806078635752e-06
5.821627669647996913e-06
6.057362000730514275e-06
5.556480759758870638e-06
5.101966163626979501e-06
5.326755880713365660e-06
4.892213585048797547e-06
4.856354865253665045e-06
5.089914154407195481e-06
5.833722288020546588e-06
6.519167833438080229e-06
6.596479173732599659e-06
7.217714735793683563e-06
6.848263449199852353e-06
6.879955577755945025e-06
6.901184193168488230e-06
6.923957035415879844e-06
7.021980245640044438e-06
6.755470101190126514e-06
6.418599149869780897e-06
6.189180619911286398e-06
5.637932800338284022e-06
5.473593164686846916e-06
5.208756957888556656e-06
4.987113215029431268e-06
5.124974657960506488e-06
4.909510555426930468e-06
5.052778911597428834e-06
4.924898986401467765e-06
4.464383721459842020e-06
4.392864298557791303e-06
4.313361397980668182e-06
4.129152590628845272e-06
4.068030976595345980e-06
3.898397166799158550e-06
3.849221497193737483e-06
3.693244591557404993e-06
3.659318798771486139e-06
3.620953016709858043e-06
3.494021955079818502e-06
3.378651471773186264e-06
3.031794876496160955e-06
3.054455033786257464e-06
2.961983380885149890e-06
2.986711957439578117e-06
2.917771372178873196e-06
2.855751627441280671e-06
2.800018589232575202e-06
2.506283724032559393e-06
2.246200354024020157e-06
2.350012197267100021e-06
2.106730699342624576e-06
2.229261196400839538e-06
2.000650180546544068e-06
2.136816345211332942e-06
3.018268766389564810e-06
3.296769201007607110e-06
3.577595183427020917e-06
4.355828874164802330e-06
4.544491158064940081e-06
4.806457267051552701e-06
4.701520908334135691e-06
4.512465548781135012e-06
4.096678253722986543e-06
4.053861293990474102e-06
4.006931010543862238e-06
3.850368842189780129e-06
3.729979644012012758e-06
3.378071181305283660e-06
3.062157720904049732e-06
3.365713178091180524e-06
3.392790846008673598e-06
3.080609680411189768e-06
3.134433773761451721e-06
3.091510616185916464e-06
3.139131895027645796e-06
3.069313985210301131e-06
3.113082166537310476e-06
2.819701600309118067e-06
2.809020819927260040e-06
2.772876388720274108e-06
2.494617306724424612e-06
2.520734446941873190e-06
2.543760490223495717e-06
2.567949622006782849e-06
2.665081649242099313e-06
2.748289531551683405e-06
2.739961014360613111e-06
2.482711480112770258e-06
2.502136565507756141e-06
2.272692305994970852e-06
2.068734016592321596e-06
1.888020248208461096e-06
2.302004868985129834e-06
3.173191393803237928e-06
3.244659015131648103e-06
3.302303692130371893e-06
3.348229930641065368e-06
3.301245488198028774e-06
3.011526872657937451e-06
3.083031885361731669e-06
2.812568171418813139e-06
2.576250772250650547e-06
2.358588930017614085e-06
2.424206018667604722e-06
3.273490231405466953e-06
3.563155892099610352e-06
3.852264681607699175e-06
3.541973908142778772e-06
3.591883441135240075e-06
3.294185683402563839e-06
4.078743694820084501e-06
4.077528405670111424e-06
4.313599028879982477e-06
4.285594068593015571e-06
4.474555913440194510e-06
4.104717068858625794e-06
3.762511220286237015e-06
3.433083300775191200e-06
3.418507056170072084e-06
3.141223792181747017e-06
3.478202752138073392e-06
4.251928308383958011e-06
4.485759581254712253e-06
4.122395478046102756e-06
4.372806727994613434e-06
4.022402847504571251e-06
4.285522918770717191e-06
4.525912980848861920e-06
4.823201013099136749e-06
4.434830458968118459e-06
5.130214340094080325e-06
5.286074382174166616e-06
5.407692151006843099e-06
5.538512343883403679e-06
5.735461017373655791e-06
5.828286315935152511e-06
5.916775424930619472e-06
6.075395977877449488e-06
5.812854894484110597e-06
5.321995368264034744e-06
5.438978605606129297e-06
5.544689642397111862e-06
5.620406169772556139e-06
5.397034405549958514e-06
5.264591429016017919e-06
5.368122872590501678e-06
4.908620226376388616e-06
5.128288537149733314e-06
4.932627238475689387e-06
4.827045401979857410e-06
4.648371080857738126e-06
4.556375416064787732e-06
4.382352861795980325e-06
3.986795806010154150e-06
3.627296056340988435e-06
3.858443457557854807e-06
3.761405249618990060e-06
4.450691253260709056e-06
4.296251214322050513e-06
4.151610113279662257e-06
3.777028368876411858e-06
3.758810770709097245e-06
3.963829526077022208e-06
3.827436163762103472e-06
4.028755230534682652e-06
3.667092859736883556e-06
3.890100972583344773e-06
4.567682594935384071e-06
4.707108666500229805e-06
4.532393622296447085e-06
4.129344123813660349e-06
4.311270279111977747e-06
3.930106066524603558e-06
3.586619710873558867e-06
3.828961219001586629e-06
4.515579936669657127e-06
4.671764768383803324e-06
4.814614282809143006e-06
4.642678592600825762e-06
4.783206794934444290e-06
4.365141781744822943e-06
4.233624756813250754e-06
4.880569174826398909e-06
4.694800815766493267e-06
4.520094910691850259e-06
4.656616551879379467e-06
4.479802060465380370e-06
4.075426344224158625e-06
3.953603919444263766e-06
4.137785277856276898e-06
4.285791279711999728e-06
4.925913112830460590e-06
4.795353211536487445e-06
4.594664093044799051e-06
5.197029403925913316e-06
5.247707032446349787e-06
5.072641489949405754e-06
4.599261829636778699e-06
4.776152963936948728e-06
4.566626933486077277e-06
3.799831687831542287e-06
3.659797072439761356e-06
3.599390694586749591e-06
3.235722373124104671e-06
3.121286276962466872e-06
3.110759154876161344e-06
3.020355015288321013e-06
2.706414795253759242e-06
3.032774442795025797e-06
2.955885720085819915e-06
2.959950774294681049e-06
3.177266561542874627e-06
2.857310858050002839e-06
2.568963505452491305e-06
2.310945962028443201e-06
2.320040393224917010e-06
2.603714718303917514e-06
2.334470576022234023e-06
2.355910818301199232e-06
2.373477235963295337e-06
2.459067253545661163e-06
2.831464641615936814e-06
2.869932811069208048e-06
2.595259592030169953e-06
2.349835163781506167e-06
2.668965244703308723e-06
2.938707324551791794e-06
3.282989473923263357e-06
3.226722649089183098e-06
3.149151838423752216e-06
3.101713870890342597e-06
3.051680146799799552e-06
3.375923895953684677e-06
3.069559484024102957e-06
3.024670672165191271e-06
2.751434079783918499e-06
3.017357797426316570e-06
3.283637543409794244e-06
2.999815242703128061e-06
3.275183027004521831e-06
3.528216033125257519e-06
3.761440421891215122e-06
4.417429554324396361e-06
4.568737266763475115e-06
4.706980648697895109e-06
5.288080342501204937e-06
5.136323916080606404e-06
4.915278179415802456e-06
4.487311094480858926e-06
4.618433068793324073e-06
4.218418675512766014e-06
4.087956382197524732e-06
3.963591744011826444e-06
3.846770524417425853e-06
3.507663890449093884e-06
3.505654376721635907e-06
3.716472995973688822e-06
3.389012341382829516e-06
3.327413739517260653e-06
3.539699026120725732e-06
3.735464207516555771e-06
3.936944609686748781e-06
4.566651846194664118e-06
5.144233704623546788e-06
4.928664414377546944e-06
5.008903579353194930e-06
5.082268126514482120e-06
4.618350334002507376e-06
4.731558149469032061e-06
4.835548550868011253e-06
5.389944507693558663e-06
5.213077653107610713e-06
5.257733725988619498e-06
5.303138546187048544e-06
5.129725942088852558e-06
4.670136103240780729e-06
4.478745312875168034e-06
4.079666944479989465e-06
3.935909503661377025e-06
3.576963835261969514e-06
4.208927274453952162e-06
4.409201789740801986e-06
4.303722384964045327e-06
4.416117159409993637e-06
4.303741066287128577e-06
3.904788726965286633e-06
3.836770038795739382e-06
3.982741200985282653e-06
3.613842713450061494e-06
3.280515226614027038e-06
3.204602145001945464e-06
3.132710387974023276e-06
3.065227153086301674e-06
3.072526093282551464e-06
3.284402420402268804e-06
3.270048637483385783e-06
3.536677782152972069e-06
3.493557758727477817e-06
3.162401358838914187e-06
3.079779188670015799e-06
3.003503233682914699e-06
2.716475807427745040e-06
2.459912097012846200e-06
2.737037672374382291e-06
2.710798403298345523e-06
2.967564758643635382e-06
2.701330756476777534e-06
2.686813324115217124e-06
2.653049046764321117e-06
2.398295619130992658e-06
2.486058656071626122e-06
2.491513560895727439e-06
2.777633191220058001e-06
3.112227528109254911e-06
3.770402402036944154e-06
3.938358197465317696e-06
3.794847155522085407e-06
3.967177655913432544e-06
3.623307316962885841e-06
3.536663081689928418e-06
2.897667307305630138e-06
3.206485441482329512e-06
3.113727728088565911e-06
3.762642755623216313e-06
3.917347448899723395e-06
3.567529428521470500e-06
4.179241123629622391e-06
4.283660040592547037e-06
4.840384364326904628e-06
4.883267954854775584e-06
4.455562003650689521e-06
5.006220827745133911e-06
4.781432457059408323e-06
4.847086912075971758e-06
4.632776208434942120e-06
5.155449638676457957e-06
5.178573635808341362e-06
4.716316586216664972e-06
4.852380824743146278e-06
4.630039291613686430e-06
4.428393137290345757e-06
4.217283833922891904e-06
4.319538062744179540e-06
4.202987568536942698e-06
4.021745009932607916e-06
3.854823862509847214e-06
3.700164783337664179e-06
3.350501130431360437e-06
3.954529448598776158e-06
4.045184521194352455e-06
3.670861303735857542e-06
3.816917730094919763e-06
3.951455477944210865e-06
4.075815581175643811e-06
4.190298955795512223e-06
4.295769998837321110e-06
4.460566693807264221e-06
4.266940654871783304e-06
3.880094680255843437e-06
4.012696784935483423e-06
4.134519097744721638e-06
4.683772385812878079e-06
4.743590428471476536e-06
4.526707742351942747e-06
4.326679540427713007e-06
4.141445863185960040e-06
3.974748046373195350e-06
3.609559664525382703e-06
3.739751763657492599e-06
3.880305981073079808e-06
4.009836437091823517e-06
4.129181366998131508e-06
4.239103966758567114e-06
4.321781722942985095e-06
4.418473627158221804e-06
4.507256401299766392e-06
4.589432117605006821e-06
4.669225941937175135e-06
4.737388938362276895e-06
4.800349438177732494e-06
4.857832432526158455e-06
4.909038054289822598e-06
4.667612059498589655e-06
4.801672821070812482e-06
4.381072343800390671e-06
4.473425809415422379e-06
4.559773433748588693e-06
4.639141994675344295e-06
4.712196044454738120e-06
4.778898300200283771e-06
4.821072914636079491e-06
4.610271279449917044e-06
4.684367912780477393e-06
4.752473793190835610e-06
4.815219612914010029e-06
4.872386486341908695e-06
4.924603626080900603e-06
4.972439118367071732e-06
4.746406571873624916e-06
4.599886363517138575e-06
4.399290098641731470e-06
4.208208815909863419e-06
3.834541097740493765e-06
4.033444578616065619e-06
3.679201334367403332e-06
3.558432800073640271e-06
3.227040150889619578e-06
3.422532523018451953e-06
3.602668819949832158e-06
3.768604368095991676e-06
3.921378259422996677e-06
4.061962020852403249e-06
4.191273925676207756e-06
4.314499037567952263e-06
4.216367004761823272e-06
4.054962071837281358e-06
3.905439030709093882e-06
3.766704215804635577e-06
3.638023442616914272e-06
3.518655526041795259e-06
3.408355181379986813e-06
3.306061340437049879e-06
2.996223891771480313e-06
3.211058431124499584e-06
3.197851984624861931e-06
3.390169528768906609e-06
3.293929723139502366e-06
3.186289559695920384e-06
3.106789587891548843e-06
3.032827055262431550e-06
2.773839569369624307e-06
3.002796381182825043e-06
2.925630981250900091e-06
3.145370402995554652e-06
3.348176666250531419e-06
3.535310045253495965e-06
3.707893079305568502e-06
3.866971116494622595e-06
4.013538934405807320e-06
4.149146153580721376e-06
4.684156066986553310e-06
4.761496416434123638e-06
4.366274242462076348e-06
4.471300144943540879e-06
4.632505470783142787e-06
4.442825653887531962e-06
4.075055999215972551e-06
4.204387152621518805e-06
4.060731316969913316e-06
3.983750757237180946e-06
4.110153587051327162e-06
4.024189648842694529e-06
3.855255744606414326e-06
3.790201979244755911e-06
3.467417407856826104e-06
3.429763819888491727e-06
3.326010049871005179e-06
3.229832859364107970e-06
3.142436156530148233e-06
3.043401144858776499e-06
2.972257668279915245e-06
2.970506292144574268e-06
2.711630013443230672e-06
2.653055263840104307e-06
2.427742982910470551e-06
2.420792598167528944e-06
2.219041650868022371e-06
2.216528841085987172e-06
2.020136945338349023e-06
1.846239878897022107e-06
1.915945881473566421e-06
2.035553356703947308e-06
2.079960803015325155e-06
2.124796428220597165e-06
2.424822836887539222e-06
2.508446433032846849e-06
2.849707547849190725e-06
3.094643624718439627e-06
3.321058717190066059e-06
3.527885811590542919e-06
3.719034087946368709e-06
3.894377043084019934e-06
4.055052317262111882e-06
4.202161629361330507e-06
4.336693836121462409e-06
4.459820472418235005e-06
4.572242248277487120e-06
4.656501093340051390e-06
4.753112377277032048e-06
5.232912429251177874e-06
4.512426614227920863e-06
4.342754689158745425e-06
4.244857953125030587e-06
4.087289507063490174e-06
3.940764911318602879e-06
3.804582466228676123e-06
3.678004474522145529e-06
3.560410559732593833e-06
3.451168581597767609e-06
3.330921816129562683e-06
3.301263698767856413e-06
3.207194532345956674e-06
3.120027177028747872e-06
2.857175980791821270e-06
2.806082743491872762e-06
3.402124842138708119e-06
3.301520529699899829e-06
3.208100932071004476e-06
2.937375331023425556e-06
3.139803935146435451e-06
3.711905127808282515e-06
3.593041958636461934e-06
3.477498422220564148e-06
3.431136307573504146e-06
3.383542687553451998e-06
3.272211085807756945e-06
3.238130200876793274e-06
2.956486884587918209e-06
2.864406282523248857e-06
2.863372667874470075e-06
2.794643159456558660e-06
2.731821295176584875e-06
2.674262045711291073e-06
2.621743908549553558e-06
2.637210006762805695e-06
2.583139436470060299e-06
3.172978262897577596e-06
3.332734557430247182e-06
3.044686800981769016e-06
2.786949446410404357e-06
3.057583734443001440e-06
2.982642936981049588e-06
2.894242980135778764e-06
2.901271310310908922e-06
2.655786833101386495e-06
2.680738772122156181e-06
2.874158146540204951e-06
3.073263851708566061e-06
3.001766012701940178e-06
2.935506449500688893e-06
2.937237369818086385e-06
2.693364106297332642e-06
2.718594398134594289e-06
2.994770260522686468e-06
2.988905578420484937e-06
2.913993830357208014e-06
2.844050663183708188e-06
2.847023889753031095e-06
2.608672682492369148e-06
2.568802455042223731e-06
2.534070601148940569e-06
2.507185738221082843e-06
2.543058968383282909e-06
2.333350945589058270e-06
2.322492940453917344e-06
1.797578490311111240e-06
2.146558346723584467e-06
2.148541956712881982e-06
1.970616078252026938e-06
2.061497596187397402e-06
1.895373378255059285e-06
1.991642624806082029e-06
1.994083023200775217e-06
1.997147486200670575e-06
2.084816680472840344e-06
2.417962301985373667e-06
2.400048056768990022e-06
1.870194304555094560e-06
2.145977375038811536e-06
2.148430416931950808e-06
1.634284019004138723e-06
1.928178439807265862e-06
2.011677948158095092e-06
2.085181244156245498e-06
2.083235084152775117e-06
1.896790886917949051e-06
1.922901220931150120e-06
1.952209891654084041e-06
2.038684874697186930e-06
2.115046941942495676e-06
2.115544670943567548e-06
2.117439261146948629e-06
2.119700806243155175e-06
2.105904850279240129e-06
2.113155569448333716e-06
2.119101734064675102e-06
1.956493577372078410e-06
1.812829462279486748e-06
2.121057903105678139e-06
1.953755319126097007e-06
2.004165945010516166e-06
2.049099074401589571e-06
2.679111404199573427e-06
2.921253678426322466e-06
2.887136482068158466e-06
2.660505208545934784e-06
2.907412067710006885e-06
2.883068592270186539e-06
3.110845491231770120e-06
2.889922499300129653e-06
2.872499570004708181e-06
2.913745691712018848e-06
2.884982176788767293e-06
2.858610018364068907e-06
2.832518763770744469e-06
2.807243352029858460e-06
2.763619155051110205e-06
2.743081801986164029e-06
2.704872585283537616e-06
2.688099747511243013e-06
2.494242061529426282e-06
2.320542773419279720e-06
2.346643055090131207e-06
2.427705729518751766e-06
2.496927727185541792e-06
2.743689817524376814e-06
2.727654337783206056e-06
2.535741911343207391e-06
2.041425194184257373e-06
2.059632029890376658e-06
2.151266776056716291e-06
2.756047204511878614e-06
2.969570277718381752e-06
2.438797607414022242e-06
2.672599255397483327e-06
2.647647420108618773e-06
2.863859334290239111e-06
2.878468389011517582e-06
2.638639330228744821e-06
2.673645396638036082e-06
2.887727394510662142e-06
2.358634873154202705e-06
2.654554484500608777e-06
2.453270370095447235e-06
2.498822472202903671e-06
2.783792507365974094e-06
2.735028922436872655e-06
2.750945100964744599e-06
2.216985144127061734e-06
2.447902690403272082e-06
2.254294922123441670e-06
2.248663727642218674e-06
2.306778167503280066e-06
2.126537794004939870e-06
2.198708104946652470e-06
2.441914956325549819e-06
2.423965561082159983e-06
2.650920830478788196e-06
2.925560141060676499e-06
2.867169323717253150e-06
2.631641575301850853e-06
2.668640104396983967e-06
2.862409285538907792e-06
3.105765170339018636e-06
3.038840213707090502e-06
2.976944657508829559e-06
2.981147846709013433e-06
2.918164443055733653e-06
2.859768861232385754e-06
2.806325026190445266e-06
2.757254763627740527e-06
2.773814874528648065e-06
2.784985977347883496e-06
2.791439759530908803e-06
2.554966759308309309e-06
2.585374876127701415e-06
2.609612513948391388e-06
2.563870789451382532e-06
2.522707160289270788e-06
2.485336681441019268e-06
2.515951960212429023e-06
2.540672464039022110e-06
2.338120665015973353e-06
2.382197525958995091e-06
2.337749748974781733e-06
2.380646088871854424e-06
2.416908246112027464e-06
2.446990864078705806e-06
2.404555429313050482e-06
2.367491996092801320e-06
2.334849120129406686e-06
2.307019623365185791e-06
2.347104933727389485e-06
2.162930376929386301e-06
2.154406338865192047e-06
2.214415688557197411e-06
2.266367555588228974e-06
2.091529122236239798e-06
2.093006370483078706e-06
1.610172091412381947e-06
1.712845930697184449e-06
1.247573521434691705e-06
1.371812609461094708e-06
1.483772650494209402e-06
1.586295752330324644e-06
1.443688991040847977e-06
1.556889082373172718e-06
1.591328001839343315e-06
1.624887029972827673e-06
1.503033387674690261e-06
1.397365996490479569e-06
1.467586139794268669e-06
1.377106958578401693e-06
1.462389245933695451e-06
1.536395503313582515e-06
1.111393377381215512e-06
1.512219258741813541e-06
1.414266790019599681e-06
1.494217624418362707e-06
1.566655923119022590e-06
1.635139871303771768e-06
1.533009805507739787e-06
1.674408250224668793e-06
1.737542256516456381e-06
1.614720372574221180e-06
1.929241888005397720e-06
1.986894339508056175e-06
1.865699962206403776e-06
1.930609917317520111e-06
2.209228981535982914e-06
2.527420904087857811e-06
2.066669854934318597e-06
2.343007499590556501e-06
2.420627200210453963e-06
2.967318734708162674e-06
3.159842770527688126e-06
3.103286837937980997e-06
3.050177988581476915e-06
3.060081539994598991e-06
2.985405548133407312e-06
2.995915109302178628e-06
2.939545711207110025e-06
2.887247025991496829e-06
2.679126454702039896e-06
2.714500813983234891e-06
2.742243876971990319e-06
2.701362466812991635e-06
2.663486745687437627e-06
2.628603284627676581e-06
2.656200474428169967e-06
2.458989090449764019e-06
2.504744183208212346e-06
2.710637478088528643e-06
2.671347626607617304e-06
2.181995271238189822e-06
2.473186891994532172e-06
2.444794372628617661e-06
2.419041248841631168e-06
2.395656559916950287e-06
2.374537043213706518e-06
2.355381199549717627e-06
2.337811019171574291e-06
2.321762559340486676e-06
2.307241215069355289e-06
2.294015601520762766e-06
2.123625955884690453e-06
2.133446613635098718e-06
1.981159333504168359e-06
2.010063636932214652e-06
2.094570707100457226e-06
2.335249875704852405e-06
2.559227725675342843e-06
2.766109957787205833e-06
2.788467933255425856e-06
2.744262073779923890e-06
2.975490846842215205e-06
2.897493955628624642e-06
2.841991381876175572e-06
2.791653671068921022e-06
2.743396690102705205e-06
2.700004679646629733e-06
2.216946410510787876e-06
2.436337344940958542e-06
2.256791774626676642e-06
2.239254339552264165e-06
2.298165990000330717e-06
2.288650992359777980e-06
2.338828563941920028e-06
2.547235377499174988e-06
2.513648622335228473e-06
2.482614970466477611e-06
2.455139175965631031e-06
2.429686599476954503e-06
2.406044441473606700e-06
2.367269058862942733e-06
2.332851927821525751e-06
2.319357231248389181e-06
2.363145518076784412e-06
2.875833086394677981e-06
2.809168148904529338e-06
2.730414682819063330e-06
2.676301566162153942e-06
2.683050411298152199e-06
2.627322268375205651e-06
2.575840822061592033e-06
2.586031200372850763e-06
2.532178252525730446e-06
2.541169831789390932e-06
2.709233116646490798e-06
2.645131932847714481e-06
2.586306244621858459e-06
2.387789803465882305e-06
2.357280835197172654e-06
2.312971465332561929e-06
2.137769121894648691e-06
2.135738269488763798e-06
1.978376612869546080e-06
1.839809677974754717e-06
1.877324095561686033e-06
2.189682972086937806e-06
2.249123073227408801e-06
2.465551086459540752e-06
2.443807443416175033e-06
2.423560458200861474e-06
2.404056956526387901e-06
2.440806921541946931e-06
2.635412319345626401e-06
2.815652437319322676e-06
2.608639423067169570e-06
2.578020860624706699e-06
2.548851415617202741e-06
2.365136559623916607e-06
2.359371495272904970e-06
2.194431882460790941e-06
2.207063457738084934e-06
2.273902565298080040e-06
2.494716930230664246e-06
2.478456896584047841e-06
2.460923711966738348e-06
2.499630059554689318e-06
2.694861204281318388e-06
3.174499415226978942e-06
3.310821003577966773e-06
3.064919426670126762e-06
2.997408013506483817e-06
2.990865038822492332e-06
2.980034138852692199e-06
2.908090007235494232e-06
3.058636103010108090e-06
2.981139550335996193e-06
2.908649737841321286e-06
2.841436887683143608e-06
2.835605132988319302e-06
2.768537924915971874e-06
2.705267871853767478e-06
2.705503061097406419e-06
2.919246462549526305e-06
3.051681630291743562e-06
3.176708906067156925e-06
3.293063443162933905e-06
3.714696385246421048e-06
3.783810205463397486e-06
4.163411125154124674e-06
3.982509786292173972e-06
3.665312570402336780e-06
3.797974295528708573e-06
3.643946262354538619e-06
3.501854080534749433e-06
3.223855488170974509e-06
3.122247299747823464e-06
3.028292414449020731e-06
2.945540477395669611e-06
2.864359498108277373e-06
2.789304393082060416e-06
2.719780153442832311e-06
2.711293219906860848e-06
2.494515193738012983e-06
2.434727404707933671e-06
2.452901403914883630e-06
2.621731793111806500e-06
2.566429998340961127e-06
2.515311289317872042e-06
2.467861405233608072e-06
2.408755389564612238e-06
2.371142090740451692e-06
2.603671866320239824e-06
2.545647076964081799e-06
2.493487017718653406e-06
2.713251121531284439e-06
2.700210717449578636e-06
2.627869634525758467e-06
2.561957221098525950e-06
2.501292386514142010e-06
2.445881215284663946e-06
2.395183171291238302e-06
2.347713033723456916e-06
2.305766504977241450e-06
2.120442175621687299e-06
2.159669858567125804e-06
2.136562091710782857e-06
2.114457898150516690e-06
2.095635851640478909e-06
2.078482783220610576e-06
2.062917492317567588e-06
1.906103567512037952e-06
1.916068739900384544e-06
1.769667529043992377e-06
1.791885842069418206e-06
1.866997697229323039e-06
2.088504373211084080e-06
2.067679218165076893e-06
2.049973090275841644e-06
2.033147271671062823e-06
1.884129767281143549e-06
2.169754895862503507e-06
2.217557788356757925e-06
2.414480196980801977e-06
2.439310747313344387e-06
2.618201891091336366e-06
2.422643502621786073e-06
1.986642607885075567e-06
2.199704373799309382e-06
2.240746219025002341e-06
2.428689333251801601e-06
2.379194901999693327e-06
2.403818822064840851e-06
2.868948090976793237e-06
2.791160391030051514e-06
2.719305851195126004e-06
2.654257900026398104e-06
2.786063640093752277e-06
2.718323762502090949e-06
2.509672814311045470e-06
2.470412182859499609e-06
2.433607518881591297e-06
2.606938372870666272e-06
2.559131634197681785e-06
2.722290480634132011e-06
2.518824220045416749e-06
2.536299202526785497e-06
2.494189032115872206e-06
2.508641813754216303e-06
2.464348843236620030e-06
2.422061629278012840e-06
2.437393148160493130e-06
2.393963942322755694e-06
2.353515041107963486e-06
2.172234917451240774e-06
2.156788300216835517e-06
2.195373679904183639e-06
2.435377628970622001e-06
2.390976540963058761e-06
2.350468600765496504e-06
2.171176054982339919e-06
2.155470739102880832e-06
2.140859619076641091e-06
2.180665488769897782e-06
2.163376275815474115e-06
1.999104244080669079e-06
2.053010762048085580e-06
2.044548065487391489e-06
2.036713230426955264e-06
2.029591593415701231e-06
2.027304611153389990e-06
2.020609479248646047e-06
1.870794832259533268e-06
1.882846525144224614e-06
1.894956078134914544e-06
2.111325018652636266e-06
2.295963163691020926e-06
2.484490460962631990e-06
2.451382581527654268e-06
2.421276134760086330e-06
2.247591773649930072e-06
2.090583438033383475e-06
2.306972836755412604e-06
2.301049363455560676e-06
2.773501697383493229e-06
2.932412081066450757e-06
2.869349232887779118e-06
2.809855804648887551e-06
2.804501422414571246e-06
2.794868645654077777e-06
2.729161612500246792e-06
2.871429642497692316e-06
2.656838247376724739e-06
2.592841218123704285e-06
2.550810272499837732e-06
2.364220891002709903e-06
2.400364405640923864e-06
2.428715868223805691e-06
2.393723350738103080e-06
2.345023344191258317e-06
2.317319414956268162e-06
2.493163586891708804e-06
2.654553121398720910e-06
2.602799931831079242e-06
2.409963678667210780e-06
2.434027345339169246e-06
2.400828297688411207e-06
2.354638689632136376e-06
2.183570016524761702e-06
2.378046074744920996e-06
2.355672041574711711e-06
2.535242203002236782e-06
2.498189702927212010e-06
2.513009659279989608e-06
2.458195380683112801e-06
2.423104756075128467e-06
2.390105154088856777e-06
2.358492414021782471e-06
2.529070738437564520e-06
2.485878522304679453e-06
2.445144803787843233e-06
2.406791270929051010e-06
2.227508148646069905e-06
2.066815875808252331e-06
2.275215239748488871e-06
2.734259973046899138e-06
3.157294586918206463e-06
3.550791980083758936e-06
3.420490952969704822e-06
3.298983875436510534e-06
3.383394522438948470e-06
2.904218601833010425e-06
2.675116643135798797e-06
2.598482283283218577e-06
2.594198264085807116e-06
3.022327612032017480e-06
2.558149336551232466e-06
2.536618182793722052e-06
2.529238159127656654e-06
2.328662650138341311e-06
1.903004527222371815e-06
1.944448640763653367e-06
2.125641514841195680e-06
2.097883410022964781e-06
2.266771242932279740e-06
1.838324908839242973e-06
2.075055757583360234e-06
2.045610710697222087e-06
2.065997666129958149e-06
2.212088639715635628e-06
1.779880958962761849e-06
1.965652952046639001e-06
1.547738627647581315e-06
1.750993635816301045e-06
1.744531801049868681e-06
1.339286556872268995e-06
1.611172942666379056e-06
1.208997320898385172e-06
1.434016201651990438e-06
1.495424369711131910e-06
1.549526757595965944e-06
1.609176629772097651e-06
1.222867428223584701e-06
1.311853507234683713e-06
1.538563616807361863e-06
1.416822819537486887e-06
1.644161113889871150e-06
1.658506289373186336e-06
1.534079641362967598e-06
1.760413520621169318e-06
1.771767001338356591e-06
1.830674080030355435e-06
2.033446590865615267e-06
2.068684541889844031e-06
2.244872875956792599e-06
2.076411338795261849e-06
2.062131452130359935e-06
2.049672867329418293e-06
2.234516716037843764e-06
2.266840131208987632e-06
2.443317257763089646e-06
2.274294703785342193e-06
2.258701642582067380e-06
2.243196701898783451e-06
2.212928289088300688e-06
2.184384383262417154e-06
2.221573295508050198e-06
2.717449812257525840e-06
2.651044574392973970e-06
2.590415583811757938e-06
2.533824015801983678e-06
2.344763920621991506e-06
2.313292123727416498e-06
2.144976176286461652e-06
1.741934601270127114e-06
1.760749158865877687e-06
1.777279235959846375e-06
1.791694171379200836e-06
1.804185487721786207e-06
1.862018293399827181e-06
2.061867935936107302e-06
2.095869573584883211e-06
2.269095124765098289e-06
2.429633462393881799e-06
2.577915133875965123e-06
2.569730843934276398e-06
2.375809981976857556e-06
2.386096380028622417e-06
2.395944838696816762e-06
2.346482935291873086e-06
2.301044135985069865e-06
2.309572077996943926e-06
2.262271648830645391e-06
2.220317209075426384e-06
2.182028840426457411e-06
1.772143712840336203e-06
1.766541015264437086e-06
1.380664462648086311e-06
1.596222053092542709e-06
1.801075529835058720e-06
1.778762726217576417e-06
1.824844783393440888e-06
1.814636394393645695e-06
1.790441975874889692e-06
1.785829018831074352e-06
1.974987479546093304e-06
1.957615860453918226e-06
1.941941593408717530e-06
2.120751434595076534e-06
2.093684848805517376e-06
1.692622549252634625e-06
1.938499101717116909e-06
1.790676248285338599e-06
1.791120136368520614e-06
1.790618167224733932e-06
1.840278646681158085e-06
2.026440787815330650e-06
2.006409868027474972e-06
1.859277331128243081e-06
1.858501504139609905e-06
1.859353155378977092e-06
1.859781614493581318e-06
1.860123085207182542e-06
1.859240074573126654e-06
1.727241980755522455e-06
1.610155833046131147e-06
1.690548873134167579e-06
1.906053632770417538e-06
1.912292673060011743e-06
1.917582787068733753e-06
1.969558640470753865e-06
2.156846741457045297e-06
2.381167661236290500e-06
2.342180559428943509e-06
2.306237785371405943e-06
2.724643956229552627e-06
2.849780667616510048e-06
2.961699189904932600e-06
2.873501612627266034e-06
2.791871439793589143e-06
2.716196050583378485e-06
2.646194321092103197e-06
2.581264361093486561e-06
2.712007225209381345e-06
2.642347306700084975e-06
2.563979470425655864e-06
2.558224959809538541e-06
2.496522964666378630e-06
2.439508858048097335e-06
2.024073125127303598e-06
2.190869382663381551e-06
2.203645817721905464e-06
1.797434599649411243e-06
1.835074713311574165e-06
1.693360450754267654e-06
1.694828500374396082e-06
1.569444927658162158e-06
1.573254180181604345e-06
1.579528170882899276e-06
1.600009814676624694e-06
1.665452216356082982e-06
1.676487575059437669e-06
1.686671079422827516e-06
1.696300742956604396e-06
1.705073184843355464e-06
1.760421191968813008e-06
1.949976560659635018e-06
1.935321455942740820e-06
1.970883167231594561e-06
1.952233234572898976e-06
1.920306870589515234e-06
1.908046079623840778e-06
2.086136749347236528e-06
2.046830553102391685e-06
1.900956169525419642e-06
1.771829372002287574e-06
1.655713120790469817e-06
1.922337793220756673e-06
1.542697635033191476e-06
1.811951754923061227e-06
1.866263899093614550e-06
1.851360392032079330e-06
1.854752617861567158e-06
1.729263546589163732e-06
1.748350739367512127e-06
1.768966933623956586e-06
1.971617503854396592e-06
1.587271882004906540e-06
1.849402446002735078e-06
1.467640898722182892e-06
1.690125210306877174e-06
1.317193508666142309e-06
1.417123045140608112e-06
1.328979492188601246e-06
9.894138720421419343e-07
1.122307348273063316e-06
1.240116895897898523e-06
9.066496624907034186e-07
9.909004000593180159e-07
1.124144801303203654e-06
1.386932284810438178e-06
1.048853441135055605e-06
1.126209116440102590e-06
8.015987756950921585e-07
8.952278360959770799e-07
1.169395943668123048e-06
8.398280358207889441e-07
9.836947445802607604e-07
1.259577967275572843e-06
1.376460106404444672e-06
1.624560856257376432e-06
1.276860030309489179e-06
1.384053341528088255e-06
1.478978449601425803e-06
1.129454664344732480e-06
1.381485271958652688e-06
1.617708791781460322e-06
1.831849177323194911e-06
1.459247793493529234e-06
1.495252090628961096e-06
1.572650914482502178e-06
1.783151177029033494e-06
1.834221581366697914e-06
1.465900410864062143e-06
1.724095522947259598e-06
1.604315315601196253e-06
1.498760674800630383e-06
1.405787636388531040e-06
1.683979898377470726e-06
1.706034545322988811e-06
1.756922498439488280e-06
2.003402317068215369e-06
2.026234205106179034e-06
2.246982864203953180e-06
2.213093571130588032e-06
2.182003727958360285e-06
2.153340420660425950e-06
2.125910718022750425e-06
2.101825773018504428e-06
2.079738701317612222e-06
2.059296972027004202e-06
2.226099043214580740e-06
2.628844995057736295e-06
3.004068505039457080e-06
2.902737061917408935e-06
2.810344290468329971e-06
2.725116582564740346e-06
2.646287020178782295e-06
2.573614957745331564e-06
2.506434933406512954e-06
2.444551772628773976e-06
2.386396896610765704e-06
2.768529488583434254e-06
2.864812980291368903e-06
3.212151645834836691e-06
3.269519651535287998e-06
3.585585456621534773e-06
3.428178447489109767e-06
3.282630971157927528e-06
3.148251663565952781e-06
2.906776232929199831e-06
2.987778056112008698e-06
2.886433942257094086e-06
3.227289243769611220e-06
3.545076536381865070e-06
3.435200866503720879e-06
2.963775091510064461e-06
3.020906593979235142e-06
2.946462704360656355e-06
2.828119029528973313e-06
2.715086519294997402e-06
2.494288732534339494e-06
2.464690574386623312e-06
2.382712283715842634e-06
2.308005017943770524e-06
2.241278954589657467e-06
2.061083073543388954e-06
1.680984960894797507e-06
1.845244151490417989e-06
1.699314793588366830e-06
1.692170661156326766e-06
1.730050909242489094e-06
2.147901329243535803e-06
2.099779313311295642e-06
2.059475277135615410e-06
2.239702061308164228e-06
2.346328111966175646e-06
2.314945029704782056e-06
2.252329694779708599e-06
2.371464003509762688e-06
2.305558225927381196e-06
2.294031628466296652e-06
2.230594075612321470e-06
2.172699158547696675e-06
2.002765219517478104e-06
1.969936383548751914e-06
1.984579013998468059e-06
1.995397090958927925e-06
1.840288924961759998e-06
1.866073145997394749e-06
1.723771570334090031e-06
1.762268519949986935e-06
1.631014370957460594e-06
1.514227041390612831e-06
1.533568530323122742e-06
1.551347198766529432e-06
1.566814662187086294e-06
1.569548736059063968e-06
1.586045506280505808e-06
1.649276777501334202e-06
1.831453908435186940e-06
1.824018594682669518e-06
1.695209414006030599e-06
1.749051687515305503e-06
1.926839506205160137e-06
1.915074380490309589e-06
1.948860901385832012e-06
1.931323740781013690e-06
1.794533447962748262e-06
1.840260318759584450e-06
1.833708018389921860e-06
1.826546952838341610e-06
1.997123479613056665e-06
2.154208759285821702e-06
2.156809811324416958e-06
2.124702223497104027e-06
2.098516675860209321e-06
2.482787345014723461e-06
2.420818392892858685e-06
2.363099751089221714e-06
2.309820278454580529e-06
2.260422218974311837e-06
2.214629822382096048e-06
2.053004277177437551e-06
2.073561689440131640e-06
2.251224323433773165e-06
2.205703509179464505e-06
2.209552292678166485e-06
2.209957840509932016e-06
2.045565501148660692e-06
2.016673076263053976e-06
1.989803291607756480e-06
1.997319337911699331e-06
2.189892633086895257e-06
2.144505977483822621e-06
2.102982821491102362e-06
2.109742185260461284e-06
2.068025303754079053e-06
2.250660420580826056e-06
2.608317373817815709e-06
2.743124291619826699e-06
2.816776595690664509e-06
2.713365124314211793e-06
2.618653302737692244e-06
2.531844438971919165e-06
2.452314081526273800e-06
2.379720180834374246e-06
2.201049043953684879e-06
2.154529927425245384e-06
2.099041111488065348e-06
1.947199115237173922e-06
1.809965476472973193e-06
1.807042834004863210e-06
1.805046971506481767e-06
1.687284123830924954e-06
1.686590569629625493e-06
1.578191206794737828e-06
1.776886077310929365e-06
1.830721761066552179e-06
2.005059919412081588e-06
1.994170435229433603e-06
1.861577699642865385e-06
2.038297948601715902e-06
2.029235922919829985e-06
2.191025510292567580e-06
2.168635233801244134e-06
2.133763047414677372e-06
2.113974281004773230e-06
2.137900502266197277e-06
2.156105595332389768e-06
2.124664085450144877e-06
1.977093819634059444e-06
1.965871822240355927e-06
1.954813267743680804e-06
1.986550282523895835e-06
2.138445364791502267e-06
2.107891527177311992e-06
2.080363643478584158e-06
2.054407337635502151e-06
2.029953163594304231e-06
2.050165430492093995e-06
2.190808933075155072e-06
2.550442900923238752e-06
2.479391469985007207e-06
2.457164534206611926e-06
2.387877356363878217e-06
2.328559442542600070e-06
2.155835172617013815e-06
1.999226122830149837e-06
1.978300714665775542e-06
1.958217830949808786e-06
1.986040429222164602e-06
2.172694110807720443e-06
2.132911083740759975e-06
2.095787632597922610e-06
1.930384650270043618e-06
1.912190742348635972e-06
1.777954192459483632e-06
1.777185555505265228e-06
1.656732064726555860e-06
1.712937412523190778e-06
1.872932656582404161e-06
2.254701217688051064e-06
2.606837872355542422e-06
2.701180390364980445e-06
2.787139081186656161e-06
2.700564089250673571e-06
3.016923569336277713e-06
3.073326058226830076e-06
3.002536830842516177e-06
2.890476793061922866e-06
2.829319879296766428e-06
2.724888053304097237e-06
2.629574644450282839e-06
2.541350246091981923e-06
2.459773315765933795e-06
2.592011627426060808e-06
2.503227656621632791e-06
2.421322808001219887e-06
2.345747137130330883e-06
2.276128718473005534e-06
2.212228295007019799e-06
2.303949718435353988e-06
2.239686444520733705e-06
2.222894270100941445e-06
2.208378782336658123e-06
2.147784177056737752e-06
1.965423881101305540e-06
1.927599981833423470e-06
1.892748606505749427e-06
1.860738719960840701e-06
1.718237213147196870e-06
1.706081411419276727e-06
1.736863329850589118e-06
1.882321763762070698e-06
1.897171300654766518e-06
1.864781445593348327e-06
1.722138464513609625e-06
1.709772676065016670e-06
1.383850120361689321e-06
1.557548014331155170e-06
1.441148138899980109e-06
1.497072653468702968e-06
1.886580938566480135e-06
2.064647779925438438e-06
2.067146354588110103e-06
2.018322147960453401e-06
1.863062925457176376e-06
1.880017647540323757e-06
1.848971634095477147e-06
1.864386541953941085e-06
1.720395319326064208e-06
1.749129889137214057e-06
1.616531116949720983e-06
1.498481902846392087e-06
1.553280511398242013e-06
1.600788600450347863e-06
1.483919501639801895e-06
1.380375622850542023e-06
1.289035282366756100e-06
1.328137590251883907e-06
1.406537633790224390e-06
1.593788704789651749e-06
1.487558771304288542e-06
1.394584013011823187e-06
1.311241886210254058e-06
1.522787987819657474e-06
1.433046153527091350e-06
1.627859845680968366e-06
1.820188106297568611e-06
1.996645332003691141e-06
2.158394647875479823e-06
2.305401942213974116e-06
2.444603994769381356e-06
2.406207630964174087e-06
2.372428737200874175e-06
2.538998968630895365e-06
2.366004945083629603e-06
2.330207688050929216e-06
2.175004507981546727e-06
2.317674492118847686e-06
2.165787222569340502e-06
2.152438900118349564e-06
2.137003734821664129e-06
2.162615293334586640e-06
2.181831795422396110e-06
2.355329218573131321e-06
2.308177480075026609e-06
2.263750822897041291e-06
2.226406656030084898e-06
2.229698436336185529e-06
2.344284208454621260e-06
2.334269168362885223e-06
2.163719510639002474e-06
2.126188239656668090e-06
2.248697443809178940e-06
2.203853591385448782e-06
2.046108515323499521e-06
2.021653598951706820e-06
1.880621800308033834e-06
1.873331851834355138e-06
1.864201516376118069e-06
1.856089102945780860e-06
1.847466293207526578e-06
1.880056225674844204e-06
2.021018631363902862e-06
1.877169441614545701e-06
2.023579591938880718e-06
2.158102576681069714e-06
2.124972917200211797e-06
2.134656669446201623e-06
2.254100422257956463e-06
2.248710698348271799e-06
2.198781532797940557e-06
2.351392912624041958e-06
2.289651712587921368e-06
2.231904866681814344e-06
2.178192953999665230e-06
2.170929003622287692e-06
2.161066832943365909e-06
2.103990024197798621e-06
2.052694557264554548e-06
1.894842179334693272e-06
1.753139846267334303e-06
1.739844156158588214e-06
1.728456627896779352e-06
1.717607400464792843e-06
1.705929394998999713e-06
1.699352629704001046e-06
1.731326712914765053e-06
1.602960809290168472e-06
1.644193795113189975e-06
1.624757692994630282e-06
1.619587922654807229e-06
1.656590711270053186e-06
1.687613280974014034e-06
1.559418772155777792e-06
1.557830256777415729e-06
1.598980294994519750e-06
1.590941803962517849e-06
1.583632704858627996e-06
1.576760785280719458e-06
1.459008919512867844e-06
1.510141267190988180e-06
1.511297126875988124e-06
1.512452273189104877e-06
1.402735706480109988e-06
1.418142860391936191e-06
1.431027036266350534e-06
1.484685627946119081e-06
1.489853597409381653e-06
1.494800254481584115e-06
1.497836161678868817e-06
1.543857965653113051e-06
1.540545002187282468e-06
1.580249503316648897e-06
1.461462899921091043e-06
1.355916734692638686e-06
1.375976459296698790e-06
1.590630416537739578e-06
1.589049434517314060e-06
1.587771650405238071e-06
1.627354036281054214e-06
1.619135249017390807e-06
1.610474550501358466e-06
1.603747330916995063e-06
1.640077022506089113e-06
1.824675546413168584e-06
1.793986691633282489e-06
1.964805781145396088e-06
1.921080376131855165e-06
2.035393114286114849e-06
2.145626702168686113e-06
1.984407990234065254e-06
1.991223232173854025e-06
1.950866423867007354e-06
1.913831396791134451e-06
1.879815012184577603e-06
1.741753856370373098e-06
1.727146705202534964e-06
1.712245802436170737e-06
1.699545009877683995e-06
1.687752600970525444e-06
1.676615141219894561e-06
1.707968236868624843e-06
1.843812024457434877e-06
1.859824566600772233e-06
1.721477405036083012e-06
1.706066567794754726e-06
1.681559270043617303e-06
1.563068512069071972e-06
1.567549707445358304e-06
1.464208660730935398e-06
1.480784477433358775e-06
1.495597934828324579e-06
1.496839386074609148e-06
1.510217203295375845e-06
1.408743886025783804e-06
1.573576825589957134e-06
1.625615513495230726e-06
1.785228628211167595e-06
1.928689024353197334e-06
1.908819377595020878e-06
1.889554806181196910e-06
1.869903262849723821e-06
1.840231900667692427e-06
2.016488348053397978e-06
2.024104990597979342e-06
2.138285347452516580e-06
2.449928455073872737e-06
2.568119826270121084e-06
2.844477087542338717e-06
2.733085665775734500e-06
2.779576180471669051e-06
2.811333085027481279e-06
2.853410048294056058e-06
2.782855787144709533e-06
2.823020903312520882e-06
2.901969794262256044e-06
2.780715000870842304e-06
2.860041582930785025e-06
2.891329593565423552e-06
2.959772751404173589e-06
3.020287145653380008e-06
3.073877826514072920e-06
3.121283999508861563e-06
2.872138250170933412e-06
2.744383863326660319e-06
2.628436780715178838e-06
2.425672175294931251e-06
2.699760145368019854e-06
2.725021915578858230e-06
2.762509620611896578e-06
2.551965385701784997e-06
2.818408110093208746e-06
2.747271362810106572e-06
2.535101562262078807e-06
2.800754887550057136e-06
2.817889013011909292e-06
2.701528302426081560e-06
2.490103786977675139e-06
2.403659755797449944e-06
2.323392076860113374e-06
2.247957901734126820e-06
2.179160141602711344e-06
2.008616950588727282e-06
2.109047759624324877e-06
2.044430936530441523e-06
1.997007322033918786e-06
1.991095186436387552e-06
1.942391502752938294e-06
2.043422167630855570e-06
2.136957205370401279e-06
2.117177661317189694e-06
2.201485941546924669e-06
2.320061962455762496e-06
2.281048427783936900e-06
2.201809069132652564e-06
2.128486353895096113e-06
2.060046808814613332e-06
1.998201580426067313e-06
1.941354453667931228e-06
2.074651683362020587e-06
2.050088356615461949e-06
1.983640236426241169e-06
1.963009597677437119e-06
1.942900529310759633e-06
1.880077720274768037e-06
1.822985437568573789e-06
1.771191611025482815e-06
1.769294160621976226e-06
1.718391946976328651e-06
1.673618030271772137e-06
1.632370620684607151e-06
1.638028512686868877e-06
1.641264710105084555e-06
1.600097476675043639e-06
1.562074737509139847e-06
1.532668692840852458e-06
1.544942793953042227e-06
1.511950843336337695e-06
1.483068419531112039e-06
1.457356342290414180e-06
1.438404659424862543e-06
1.417855492463176168e-06
1.400116710850195553e-06
1.385055118749762557e-06
1.262179867541667496e-06
1.163961142745390332e-06
1.181124797222277818e-06
1.197634246824632428e-06
1.109003975377062445e-06
1.175960255795848627e-06
1.194410760466468684e-06
1.211741494020908310e-06
1.229045378500105484e-06
1.244068067461329690e-06
1.404579064882707157e-06
1.304035686009195168e-06
1.359359286119368934e-06
1.513720610602457498e-06
1.851287067234986161e-06
2.004487249367669736e-06
2.103060070662553012e-06
2.194546725421477982e-06
2.480945258881044174e-06
2.744978580137662538e-06
2.778991445075187494e-06
3.020044995679639487e-06
2.785122507234069756e-06
2.816715109034480731e-06
3.055448779126958828e-06
2.817505995488578304e-06
2.846638773880157786e-06
3.082691404566212186e-06
2.982478664409467936e-06
2.846858255912144462e-06
2.761131596889318071e-06
2.679041135517243555e-06
2.914878157301058059e-06
2.677695520960476126e-06
2.561160595907699174e-06
2.492729399808714340e-06
2.527459569145059607e-06
2.419911527662952255e-06
2.320923381139250617e-06
2.228755606534171855e-06
2.187656316608323571e-06
2.102642069322043225e-06
2.206140540415397696e-06
2.469475851396582089e-06
2.399065992890642354e-06
2.291270894748114391e-06
2.192614699476479793e-06
2.453397372235863823e-06
2.694201035325096771e-06
2.558354150560586153e-06
2.338437951888608765e-06
2.236641938932796500e-06
2.322489931626304844e-06
2.572751200743252953e-06
2.488890348021547816e-06
2.368859971543729982e-06
2.163820689089656658e-06
2.424794571476463187e-06
2.313172295793047005e-06
2.253361517339581384e-06
2.151346848744468009e-06
2.059253093926432879e-06
2.324259753500059386e-06
2.256078709979497510e-06
2.151529761208944317e-06
2.192568004074135246e-06
2.134533621720651763e-06
2.039243076828629756e-06
2.301931646212862512e-06
2.191751307074547792e-06
2.442885444865011721e-06
2.320202384463230040e-06
2.207861239106811457e-06
2.241013225216602233e-06
2.273221116019848994e-06
2.207001702303980891e-06
2.104615980439578003e-06
2.050595494863110762e-06
1.998675340441066928e-06
1.908962628165200031e-06
1.831085614632126546e-06
1.892816729965805096e-06
2.163829471563948403e-06
2.239463144300420180e-06
2.267233952170777508e-06
2.158472409028965067e-06
2.062599988604357918e-06
2.321233507816152247e-06
2.113995765654240831e-06
2.064987031422971613e-06
1.879833013978751219e-06
1.848845061188578193e-06
1.683212142699302603e-06
1.534523293891821919e-06
1.402624944546655566e-06
1.284702478087703749e-06
1.319280291348001781e-06
1.352220407071683090e-06
1.238084342749423419e-06
1.238099508102259076e-06
1.238389303726163172e-06
1.277027203391108053e-06
1.171822232883504827e-06
1.078515472190299224e-06
1.137387779591441324e-06
1.047490753116850892e-06
1.073529022774962941e-06
9.934258270251669096e-07
1.065163697923066338e-06
1.129595823022683693e-06
1.044142609374005458e-06
1.112547383890703401e-06
1.123821123938484141e-06
1.149019887763290150e-06
1.168413027423518208e-06
1.186191671475432112e-06
1.202407214452776840e-06
1.113404216737226823e-06
1.034853149333253063e-06
9.668950274636076767e-07
1.015354530509705111e-06
1.233780385705889353e-06
1.394937948091451597e-06
1.300504430235390729e-06
1.352084998413382935e-06
1.266749832842228375e-06
1.439865887830308279e-06
1.598819177118851056e-06
1.642493556709548774e-06
1.780134624005168950e-06
1.906465283335828909e-06
2.025580122301644344e-06
1.993176966625298691e-06
1.961967326794121631e-06
1.829623937644996037e-06
1.706435229618944634e-06
1.876800501615238346e-06
2.174839316208458003e-06
2.302069332330868942e-06
2.278913944874470968e-06
2.216194999138294457e-06
2.193856988017947052e-06
2.031474447876405195e-06
1.884475245811110499e-06
1.893779674256565793e-06
1.898819494112359261e-06
1.861825765571581730e-06
1.827087428553913991e-06
1.794437548542984719e-06
1.801737439002513795e-06
1.665322860616573160e-06
1.646177132282638443e-06
1.665900011562331987e-06
1.541493326743650157e-06
1.532742003848065016e-06
1.524140444797237267e-06
1.515732863621267158e-06
1.545139040852644530e-06
1.531037794062986980e-06
1.517732278962864151e-06
1.543099481910954729e-06
1.525178641560635593e-06
1.547079676759470860e-06
1.525563474153298894e-06
1.406403790120135296e-06
1.439638458387641780e-06
1.329759040423691415e-06
1.332656453711942277e-06
1.373337971883405005e-06
1.408134121523626150e-06
1.300237277821413030e-06
1.203215416306532321e-06
1.218970989225597064e-06
1.234364402657212894e-06
1.248289222027876119e-06
1.298776315308787886e-06
1.303950381794487290e-06
1.307649339377684709e-06
1.312062552949878421e-06
1.315979272456265694e-06
1.319428442226573759e-06
1.322430178511049945e-06
1.224085853101936911e-06
1.276810413072765396e-06
1.284656002229566277e-06
1.291676574882136106e-06
1.196981696639026034e-06
1.116990568624455712e-06
1.317737899499278113e-06
1.365735070836066262e-06
1.267657740637193840e-06
1.181532163737536711e-06
1.104443073231790181e-06
1.445324507960365762e-06
1.589900632427047310e-06
1.622723339536115955e-06
1.745421931677547039e-06
1.858504314237908319e-06
2.140912458545360675e-06
2.401205231335071839e-06
2.322444101306144160e-06
2.148570703656938621e-06
1.990073454509158983e-06
1.987001858475823254e-06
2.112913251405775818e-06
2.055611753943241095e-06
1.901703044372792084e-06
1.865609776633872734e-06
1.867957820457638599e-06
1.829539519205613766e-06
1.830478652267344507e-06
1.820020532859857753e-06
1.917179356599187837e-06
1.912871695112245692e-06
1.867051355031350726e-06
1.725178111852170543e-06
1.699228575286099535e-06
1.711593767332366618e-06
1.682257325673703181e-06
1.555048470919001949e-06
1.531851813951409755e-06
1.521204082422340501e-06
1.510600055320170065e-06
1.535544379285543171e-06
1.556599571086431117e-06
1.436088635507536916e-06
1.328166746803166927e-06
1.231727810286460907e-06
1.380462031498339099e-06
1.520471923911072234e-06
1.645884660959734315e-06
1.528708005174694402e-06
1.657398664192424527e-06
1.545000269474807972e-06
1.675585216142350287e-06
1.831492012278724652e-06
1.935468148798330258e-06
2.206508618286721598e-06
2.455048927605037675e-06
2.274440065845352170e-06
2.109784605384674996e-06
2.060509120882483874e-06
1.909975835220656781e-06
1.913699781727353905e-06
1.773336715904943866e-06
1.786642564251395778e-06
1.759618065037036143e-06
1.862743857413448142e-06
1.957455415579749210e-06
1.812246686663302542e-06
1.680621405256209346e-06
1.668840990781590386e-06
1.549723660446963853e-06
1.550571638689685414e-06
1.712258792272965387e-06
1.822505082857532906e-06
1.690204240029157477e-06
1.571817847848324012e-06
1.572484571821259026e-06
1.605542807611957674e-06
1.724496244249087082e-06
1.600169417567564873e-06
1.722701365531970799e-06
1.707528272247917037e-06
1.725298200132651771e-06
1.704011748937298030e-06
1.683029316326845514e-06
1.661328863697724616e-06
1.676237386859338881e-06
1.953478290214086979e-06
1.938544943041892374e-06
2.011214199132798520e-06
1.853262591627906412e-06
1.709979541288331437e-06
1.844855956842334256e-06
1.703029567447117817e-06
1.677440754205214113e-06
1.549446935286324923e-06
1.664606048430304634e-06
1.679599900347708758e-06
1.654619465026530972e-06
1.633381137774292485e-06
1.734740922103221861e-06
2.004432783568375459e-06
1.846449331728536772e-06
1.806353249148151679e-06
1.768521326793015912e-06
1.735340870861296512e-06
1.824948547331141512e-06
1.907380300454523650e-06
1.983105414365773458e-06
2.042856245277640407e-06
2.289757819832131163e-06
2.206413875951827648e-06
2.129555559353960831e-06
2.356373331934840548e-06
2.297095809518919846e-06
2.108509517048614100e-06
2.345253842085297780e-06
2.284718418536408196e-06
2.503869468089479782e-06
2.511787837020476661e-06
2.300791560354331185e-06
2.206277732799853277e-06
2.118285016111097659e-06
2.158644680156342636e-06
2.230677941725000073e-06
2.040369867730347005e-06
2.276008175145539326e-06
2.178832020778523551e-06
2.246378881548087220e-06
2.053953470066160612e-06
2.010598998236502434e-06
2.054477416589846859e-06
2.130846263660487701e-06
2.041192527884108993e-06
1.958329611306195534e-06
1.881748998831655901e-06
1.811038143941434011e-06
1.651580172661567736e-06
1.603500942504119290e-06
1.593880190314210713e-06
1.582262378258467848e-06
1.536561745626578084e-06
1.397819132103405286e-06
1.272076350320433240e-06
1.257556301264557210e-06
1.279099376515479501e-06
1.165582649630675281e-06
9.285540699356871510e-07
1.062363674197730450e-06
8.298598831657001255e-07
9.592139303721290889e-07
1.269254431326046321e-06
1.409210444810608810e-06
1.413859998486950429e-06
1.380511576547050106e-06
1.350020558371053609e-06
1.322177579712971247e-06
1.296770321119711627e-06
1.273866803902446856e-06
1.252738294793681398e-06
1.138948516091376678e-06
1.435854985962898968e-06
1.310356363380309301e-06
1.293964664026446862e-06
1.401096239647969863e-06
1.500377080572572396e-06
1.503669701435017055e-06
1.592391015361726806e-06
1.586461632194114458e-06
1.450739463612113908e-06
1.458086279390772037e-06
1.427136823180763947e-06
1.305624993622904186e-06
1.195617176261125099e-06
1.097470278603042614e-06
1.404253102013207117e-06
1.389039685451003141e-06
1.276517034029976429e-06
1.308669226240777403e-06
1.427542312713509273e-06
1.444891265289791676e-06
1.546584190722677051e-06
1.421431018620281305e-06
1.310038777409182883e-06
1.308824769135535890e-06
1.306770165004983529e-06
1.205243725894463428e-06
1.338304504771442661e-06
1.241453921194809450e-06
1.364615908677477418e-06
1.658399338571894843e-06
1.534227713622655094e-06
1.422167585149743524e-06
1.455556946530432127e-06
1.450376513208223725e-06
1.476831618944702321e-06
1.757971718716150313e-06
1.876770666548410923e-06
1.949121603936398540e-06
1.893290742663415712e-06
1.841171744084969093e-06
1.695566787689081446e-06
1.662061693516738162e-06
1.752452570039260458e-06
1.746730782811757204e-06
1.826624987485409508e-06
1.681886718563358265e-06
1.771213343215256582e-06
1.730147409025862340e-06
1.814670675877365405e-06
1.770151467030488984e-06
1.728244718989731567e-06
1.810840569456457989e-06
1.763786159522959448e-06
2.019290943829316993e-06
1.857357870511426694e-06
1.840631357835878302e-06
1.791583884061897263e-06
1.863813343144468313e-06
2.109058667381899994e-06
2.065231939788727081e-06
2.021964442695126325e-06
1.944865256687596750e-06
1.908228099850716450e-06
1.835849210687352901e-06
1.679948880862574591e-06
1.631380581100132136e-06
1.586460663818195819e-06
1.578870319633097672e-06
1.534814282356922147e-06
1.494340400033531329e-06
1.612940790326453482e-06
1.567349306302415048e-06
1.522463740478714649e-06
1.515939262160089098e-06
1.382892822388235364e-06
1.263587230010714237e-06
1.157029106763902399e-06
1.063027408314776850e-06
1.075036172185049601e-06
1.085526557130961151e-06
1.094907385551319020e-06
1.007401707160207209e-06
1.182161112393400273e-06
1.185739714845007053e-06
1.093925855641507921e-06
1.108457616168358434e-06
1.154486069769191987e-06
1.316228831540015343e-06
1.216963828517215711e-06
1.124077955885809835e-06
1.138667723379635207e-06
1.054563328490273883e-06
9.809250026391308921e-07
1.136496379142403748e-06
1.279691363479069037e-06
1.411425446901457703e-06
1.410579410079769486e-06
1.530598544518554649e-06
1.518937724980916057e-06
1.628960898290051846e-06
1.608277837066535802e-06
1.494934388888461635e-06
1.486870693274162329e-06
1.599973547941805348e-06
1.703904272060988215e-06
1.680438758944556535e-06
1.686666502340614518e-06
1.656332534427248702e-06
1.660446528154191999e-06
1.627879439534310043e-06
1.597268163591865716e-06
1.475386632676189674e-06
1.460313206672116688e-06
1.354452550477100354e-06
1.256015949221984534e-06
1.547491910318398509e-06
1.684575156143149010e-06
1.686904118356182231e-06
1.643427542426168716e-06
1.645874011724350652e-06
1.519452999434900693e-06
1.532551189165926151e-06
1.414684374535000248e-06
1.437123133335956061e-06
1.531439760631846858e-06
1.542838171397311974e-06
1.428130943828186514e-06
1.321942345453714231e-06
1.225493602445281237e-06
1.269169533661011147e-06
1.393385944719245020e-06
1.293422900328647548e-06
1.332302977339846597e-06
1.485880546100021658e-06
1.504381702346973767e-06
1.518599413432395120e-06
1.494196486167749354e-06
1.506467384776411313e-06
1.389401753229960651e-06
1.376473705038562323e-06
1.364346425544767930e-06
1.352925937950700844e-06
1.342148365715009557e-06
1.365390359847257786e-06
1.388398139642245623e-06
1.279055913782139229e-06
1.307343532111540799e-06
1.295652373553849926e-06
1.284987523218959428e-06
1.275217720198019780e-06
1.180165752116092226e-06
1.217474587765735597e-06
1.123923305366742707e-06
1.132035018578551770e-06
1.049332276569900957e-06
1.068688289694427054e-06
9.936209832558137888e-07
1.054836689246358733e-06
1.074458683184726015e-06
1.126383110375373514e-06
1.044700251820105229e-06
1.100180720700925918e-06
1.114111412358623534e-06
1.126702783190111021e-06
1.140908691290791314e-06
1.176444398332860851e-06
1.188295755997015245e-06
1.232572670916578405e-06
1.236277205464659116e-06
1.273605025719611544e-06
1.270966283810527489e-06
1.177288385347954617e-06
1.094742403538832442e-06
1.021500904506865553e-06
9.566263959900047066e-07
8.985340244000965672e-07
1.065145915773816250e-06
1.251368012427096885e-06
1.300715962923462404e-06
1.214827979404674180e-06
1.233209100020211987e-06
1.250418748242404690e-06
1.170434867019584678e-06
1.097834316801214040e-06
1.132110313146895592e-06
1.312788381325443447e-06
1.232845104565859731e-06
1.287622522498064401e-06
1.301578057055412768e-06
1.346413800930382066e-06
1.384462581536719823e-06
1.416468385698418577e-06
1.407416516511812300e-06
1.399595420399831125e-06
1.391860738722960250e-06
1.384166172534759769e-06
1.376568674849414756e-06
1.368116740904876011e-06
1.270388267461642322e-06
1.181614189279826393e-06
1.103464319168609485e-06
1.237420371755392553e-06
1.253277772758688444e-06
1.170821355012938365e-06
1.459832400446952169e-06
1.574608950085955413e-06
1.562598043258520039e-06
1.454746360711103910e-06
1.456954546725395687e-06
1.571223980186085775e-06
1.464152551987130113e-06
1.463717370339784483e-06
1.461752750327054290e-06
1.574954186705067044e-06
1.562062365713304447e-06
1.548695986556628484e-06
1.535204256317512751e-06
1.628058254311149613e-06
1.638296031398960302e-06
1.728628503850039078e-06
1.685988643191733768e-06
1.931791050035338015e-06
1.997468049175705942e-06
2.054163329040295499e-06
