1.032259059768879224e-08
1.032259789873031256e-08
1.032260466607374196e-08
1.032261190109133203e-08
1.032261858763217916e-08
1.032262577635746486e-08
1.032263302374665933e-08
1.032263971330709620e-08
1.032264686700779783e-08
1.032265342728707496e-08
1.032266056236425509e-08
1.032266770877262839e-08
1.032267417023393666e-08
1.032268134319506571e-08
1.032269086616097578e-08
1.032269800051551604e-08
1.032270440366377907e-08
1.032271151806944768e-08
1.032271855043482698e-08
1.032272563713710350e-08
1.032273223589309379e-08
1.032273923397105915e-08
1.032274563624394175e-08
1.032275268598274270e-08
1.032275972292327120e-08
1.032278273146681349e-08
1.032278922629039373e-08
1.032279622984352051e-08
1.032280339381975253e-08
1.032281036800329565e-08
1.032281750563491042e-08
1.032282434171312954e-08
1.032283121235504093e-08
1.032283813962517622e-08
1.032286049775884452e-08
1.032287539793091441e-08
1.032288222397780175e-08
1.032288910684145723e-08
1.032289598996466545e-08
1.032290278031122502e-08
1.032290911432807681e-08
1.032291612562757135e-08
1.032292288265155534e-08
1.032292965962434314e-08
1.032293646175466295e-08
1.032294272725370111e-08
1.032293274143113025e-08
1.032293952533956775e-08
1.032294630286742352e-08
1.032295300422615750e-08
1.032296776740138994e-08
1.032297451296940387e-08
1.032298118043489532e-08
1.032298790263421321e-08
1.032299454611832091e-08
1.032299253839246659e-08
1.032299121156772352e-08
1.032299790633866040e-08
1.032300452551408884e-08
1.032301113367657026e-08
1.032301796992105600e-08
1.032302396376594080e-08
1.032303054820233619e-08
1.032303720858846027e-08
1.032304319195514384e-08
1.032304975635096635e-08
1.032304831830064615e-08
1.032305482185150794e-08
1.032306141974924706e-08
1.032307596372128135e-08
1.032308247572838076e-08
1.032308097831899251e-08
1.032309545923732841e-08
1.032310193580262709e-08
1.032310843365659343e-08
1.032311495473188035e-08
1.032312146148095161e-08
1.032312789474710063e-08
1.032312878234892084e-08
1.032314320566942661e-08
1.032314101157156472e-08
1.032314739384335247e-08
1.032315383078297584e-08
1.032316019140778610e-08
1.032316650466403406e-08
1.032318083826763227e-08
1.032318723270181886e-08
1.032318519504939550e-08
1.032318358670282497e-08
1.032318990441439013e-08
1.032319627317801738e-08
1.032320256983017295e-08
1.032321691421601751e-08
1.032322325446413335e-08
1.032323198611464385e-08
1.032322992226722863e-08
1.032323557588845097e-08
1.032324188629013999e-08
1.032324812183784663e-08
1.032324641771111977e-08
1.032326309466531240e-08
1.032326135591721893e-08
1.032326760031973521e-08
1.032327624371087176e-08
1.032328241726487558e-08
1.032328034761781419e-08
1.032329454325108594e-08
1.032330323017990623e-08
1.032330134878075576e-08
1.032331544688065194e-08
1.032331336625200361e-08
1.032331149367550696e-08
1.032331761315593328e-08
1.032333171935358190e-08
1.032332986243410216e-08
1.032333595284683100e-08
1.032334185274609055e-08
1.032333991518149560e-08
1.032334596899269167e-08
1.032335941698561417e-08
1.032336548345181003e-08
1.032337154310651104e-08
1.032337697310028857e-08
1.032337506013922969e-08
1.032338106724649316e-08
1.032338712384082773e-08
1.032339264731158306e-08
1.032340668593081729e-08
1.032341265822152600e-08
1.032341863686707623e-08
1.032341665916917681e-08
1.032342208852370916e-08
1.032343542759069604e-08
1.032344159451588784e-08
1.032344775071001427e-08
1.032344573005219857e-08
1.032345186594929304e-08
1.032346575166384528e-08
1.032347103703177797e-08
1.032347697521606813e-08
1.032347484858677435e-08
1.032348005613640052e-08
1.032349344628920837e-08
1.032349929400323127e-08
1.032350536608892164e-08
1.032350320003800312e-08
1.032350856465509606e-08
1.032352237074358651e-08
1.032352823556248190e-08
1.032353356318406918e-08
1.032352345451331063e-08
1.032352930709942237e-08
1.032354556729105287e-08
1.032355087991055673e-08
1.032355687360768060e-08
1.032356268491767830e-08
1.032356783192286013e-08
1.032356564833163958e-08
1.032357937022999997e-08
1.032356924070516287e-08
1.032358301648609317e-08
1.032358873637302900e-08
1.032358580258383660e-08
1.032359951737593301e-08
1.032360527378066942e-08
1.032361344180094808e-08
1.032361911160846711e-08
1.032361683506161424e-08
1.032362249756583321e-08
1.032363619137830988e-08
1.032363388903304531e-08
1.032364756497091491e-08
1.032364524465374202e-08
1.032365084932394764e-08
1.032366391022438489e-08
1.032366907917536154e-08
1.032367401286396114e-08
1.032367160188449101e-08
1.032367717644775756e-08
1.032369079521625673e-08
1.032369641150074320e-08
1.032369402546282160e-08
1.032370755860312397e-08
1.032370540215649697e-08
1.032371100701529646e-08
1.032370860223586101e-08
1.032371347317882910e-08
1.032372698661883091e-08
1.032373255738953887e-08
1.032372959620741345e-08
1.032374308841084509e-08
1.032374863739246924e-08
1.032375411914607932e-08
1.032375959220914791e-08
1.032375712197821104e-08
1.032376263680451537e-08
1.032376846758204170e-08
1.032377397412475920e-08
1.032377142990948966e-08
1.032378486439077916e-08
1.032378987170091993e-08
1.032378730534992497e-08
1.032379273686835022e-08
1.032380614182722948e-08
1.032381111928510189e-08
1.032380786966886054e-08
1.032382125841975277e-08
1.032382604460495464e-08
1.032383148691517190e-08
1.032382886982629129e-08
1.032383377553870952e-08
1.032384713264975471e-08
1.032384455254127875e-08
1.032384995777361640e-08
1.032386329055449384e-08
1.032386112253321952e-08
1.032385798782543306e-08
1.032386338208135695e-08
1.032387670455767326e-08
1.032388202529449238e-08
1.032387934418954664e-08
1.032388464859291031e-08
1.032389799577091760e-08
1.032390333880599651e-08
1.032390310149223139e-08
1.032390793098239966e-08
1.032391318436273364e-08
1.032392594771370163e-08
1.032393124306612121e-08
1.032392871201290492e-08
1.032394193220661961e-08
1.032394714610069461e-08
1.032395241119303752e-08
1.032395714569260990e-08
1.032396239851281852e-08
1.032396764388967053e-08
1.032397305293919193e-08
1.032397023048231109e-08
1.032397545004074025e-08
1.032398865539399765e-08
1.032398576359310691e-08
1.032399096030896496e-08
1.032400408675278354e-08
1.032400874810376022e-08
1.032401392523162568e-08
1.032401903918120447e-08
1.032402420128842788e-08
1.032402935568421701e-08
1.032402650966003242e-08
1.032403093733869488e-08
1.032403607375433532e-08
1.032404114751148607e-08
1.032404626922530799e-08
1.032405937699296329e-08
1.032405648990051529e-08
1.032406106802194690e-08
1.032407410218236794e-08
1.032407066255191541e-08
1.032407574681502757e-08
1.032408815630385856e-08
1.032408518212369989e-08
1.032409024998429364e-08
1.032410330475347959e-08
1.032410037617161248e-08
1.032410536597019576e-08
1.032411834315901699e-08
1.032412337422801669e-08
1.032412839698974738e-08
1.032413358482116453e-08
1.032413059719680628e-08
1.032413554208663906e-08
1.032413999590598069e-08
1.032414498377330238e-08
1.032414942784494253e-08
1.032415440544829782e-08
1.032415954793163727e-08
1.032416450940167511e-08
1.032416946336228943e-08
1.032418234969222733e-08
1.032418723531257737e-08
1.032418412017669484e-08
1.032419632819820000e-08
1.032420125170518565e-08
1.032419812114593991e-08
1.032421102454523779e-08
1.032421533905673169e-08
1.032421219111249206e-08
1.032422508992514127e-08
1.032422926386713682e-08
1.032422615402491077e-08
1.032423103132746014e-08
1.032424337182944293e-08
1.032424024484231049e-08
1.032424505152819950e-08
1.032425007647470609e-08
1.032425487457131209e-08
1.032425965907719174e-08
1.032427243027234656e-08
1.032426926066738501e-08
1.032427402435223362e-08
1.032428678210264458e-08
1.032428353929446529e-08
1.032428828334596038e-08
1.032430106820437372e-08
1.032429736944120442e-08
1.032430143743667462e-08
1.032430621698758523e-08
1.032431049968475159e-08
1.032431467835365256e-08
1.032431939191266465e-08
1.032433209966238489e-08
1.032433702504866203e-08
1.032434171764063083e-08
1.032434574449126220e-08
1.032435042880658091e-08
1.032435510683459573e-08
1.032435983103315724e-08
1.032436400822649538e-08
1.032436867646913065e-08
1.032437333322396594e-08
1.032436998977292170e-08
1.032437468557415772e-08
1.032438731608595113e-08
1.032438400588685283e-08
1.032438863542241175e-08
1.032440124788414316e-08
1.032439787121523282e-08
1.032440198949840224e-08
1.032441463785734197e-08
1.032441146408830690e-08
1.032441539134120444e-08
1.032441997814394786e-08
1.032442455921923813e-08
1.032442913906111276e-08
1.032443370897156249e-08
1.032444631649050593e-08
1.032444293053372712e-08
1.032444753158568560e-08
1.032446011984305515e-08
1.032446470776195638e-08
1.032446857639979678e-08
1.032447332468362104e-08
1.032447789743723942e-08
1.032448246373655278e-08
1.032448719496867901e-08
1.032448376499813432e-08
1.032448772049796600e-08
1.032449972992946001e-08
1.032449617962364276e-08
1.032450066392571824e-08
1.032450536104319052e-08
1.032450930798532922e-08
1.032451623972504727e-08
1.032452863533161871e-08
1.032452513606415882e-08
1.032452957284148707e-08
1.032453406681105729e-08
1.032453854135116904e-08
1.032454295622226320e-08
1.032454670684428850e-08
1.032455933020727107e-08
1.032456373803747003e-08
1.032456813621917128e-08
1.032457252959503093e-08
1.032456892316165739e-08
1.032457330333645892e-08
1.032458572162676459e-08
1.032458148069567121e-08
1.032458589848837887e-08
1.032459031096115549e-08
1.032459418966528102e-08
1.032460653405448826e-08
1.032461110413360011e-08
1.032461550693022968e-08
1.032461184793971080e-08
1.032461622650753367e-08
1.032462788081874731e-08
1.032462425592330965e-08
1.032462862263233376e-08
1.032463231618596754e-08
1.032464463319371310e-08
1.032464844672184129e-08
1.032465274907285043e-08
1.032465704625778082e-08
1.032465334478338975e-08
1.032466562374099423e-08
1.032467012451379742e-08
1.032466646455200472e-08
1.032467872414040256e-08
1.032468236620511370e-08
1.032468667497476977e-08
1.032468239526585624e-08
1.032468686887396044e-08
1.032469858255098201e-08
1.032469434106229444e-08
1.032469863280724340e-08
1.032470291520006520e-08
1.032471447525460556e-08
1.032471071475544983e-08
1.032471516132174264e-08
1.032472742187738759e-08
1.032472297611879529e-08
1.032472718921463737e-08
1.032473085382930778e-08
1.032474251016377708e-08
1.032473805460105966e-08
1.032474230787135183e-08
1.032474650730049267e-08
1.032475874340291020e-08
1.032476244822916283e-08
1.032475814580851170e-08
1.032477037255810392e-08
1.032476651215399783e-08
1.032477069954780303e-08
1.032477508792623612e-08
1.032478729104876245e-08
1.032479149461085993e-08
1.032478698377568913e-08
1.032479934680289684e-08
1.032479555626196898e-08
1.032480773573800556e-08
1.032481119974192214e-08
1.032481537889125292e-08
1.032481955310483337e-08
1.032481501205488727e-08
1.032482717401182909e-08
1.032482334360328882e-08
1.032483550728087384e-08
1.032483911544287124e-08
1.032484326539900138e-08
1.032484731890382731e-08
1.032484341494075908e-08
1.032485554328619113e-08
1.032485167882331822e-08
1.032486396777056126e-08
1.032486825575294024e-08
1.032487236558964435e-08
1.032487575377341009e-08
1.032487186329403105e-08
1.032488386441829410e-08
1.032487996240507421e-08
1.032489199847131576e-08
1.032489553878318648e-08
1.032489957319280770e-08
1.032489561042134210e-08
1.032489968291591548e-08
1.032491169664997290e-08
1.032491593005443574e-08
1.032491998555277026e-08
1.032492420648972537e-08
1.032492753347724002e-08
1.032492286615225411e-08
1.032493490234875510e-08
1.032493894127878602e-08
1.032494225759291130e-08
1.032493825062497215e-08
1.032494168532589808e-08
1.032494566604592566e-08
1.032495763641282262e-08
1.032496166675119487e-08
1.032495763991387614e-08
1.032496959590691185e-08
1.032496561757508705e-08
1.032497756204310627e-08
1.032498155467371411e-08
1.032498554312945372e-08
1.032498148502823162e-08
1.032498478744938371e-08
1.032498871821855325e-08
1.032499269086406224e-08
1.032500465313085096e-08
1.032500002997812701e-08
1.032501198489086484e-08
1.032500790188608497e-08
1.032501984743131669e-08
1.032502379517212639e-08
1.032502769058406780e-08
1.032502358765246065e-08
1.032502747301180014e-08
1.032503139978475923e-08
1.032504327003925389e-08
1.032504718642724825e-08
1.032504305856811824e-08
1.032505491294911621e-08
1.032505077545191097e-08
1.032506261992446146e-08
1.032506652422289683e-08
1.032507041130119539e-08
1.032506625354904514e-08
1.032506958661194000e-08
1.032507274586267982e-08
1.032508389965525933e-08
1.032507978420609340e-08
1.032509165176129425e-08
1.032509552073222705e-08
1.032509879160321007e-08
1.032509466197019454e-08
1.032509852076081040e-08
1.032510237442636739e-08
1.032511367857772744e-08
1.032511748021579607e-08
1.032511273422624824e-08
1.032511603015779288e-08
1.032512726912169583e-08
1.032512307200751589e-08
1.032512636191158566e-08
1.032512960061362550e-08
1.032514138508238351e-08
1.032513739445593504e-08
1.032514117425689707e-08
1.032514499451592129e-08
1.032514880992876397e-08
1.032516062624345609e-08
1.032515589834543516e-08
1.032516786777443670e-08
1.032516295289205964e-08
1.032517474522402798e-08
1.032517050100910863e-08
1.032518223613393914e-08
1.032517798272797942e-08
1.032518971021712224e-08
1.032519348750371163e-08
1.032519962541942623e-08
1.032520333412930343e-08
1.032519904451315340e-08
1.032521023553172749e-08
1.032520593992167289e-08
1.032521762773613325e-08
1.032521281364051252e-08
1.032522471237779698e-08
1.032521972738563103e-08
1.032523162068003398e-08
1.032522730487675196e-08
1.032523901588296119e-08
1.032523401632051332e-08
1.032524563541938118e-08
1.032524067006138269e-08
1.032524382466746862e-08
1.032525552962059181e-08
1.032525124324436266e-08
1.032525422493776809e-08
1.032525788142662480e-08
1.032526902532465015e-08
1.032526468392632376e-08
1.032526765728987319e-08
1.032527135322372910e-08
1.032528231629264115e-08
1.032527729215351247e-08
1.032528839254684205e-08
1.032528404880910165e-08
1.032529568841940171e-08
1.032529086878538822e-08
1.032530249994150373e-08
1.032529814040790250e-08
1.032530922362967724e-08
1.032531307015643724e-08
1.032531669609450795e-08
1.032531232096687134e-08
1.032532393321628006e-08
1.032531955248268493e-08
1.032533061181183572e-08
1.032533421982097179e-08
1.032533803814290611e-08
1.032534185022979947e-08
1.032534544106777610e-08
1.032534035399427976e-08
1.032534393842039399e-08
1.032535551623444421e-08
1.032535913966166607e-08
1.032535421940560115e-08
1.032535779425083638e-08
1.032536940200836320e-08
1.032536429420952409e-08
1.032536735172730229e-08
1.032537335328666870e-08
1.032537634419344671e-08
1.032538794265173629e-08
1.032538349101238284e-08
1.032539506961916987e-08
1.032539006853986136e-08
1.032539381924436814e-08
1.032539688125558003e-08
1.032539990151539809e-08
1.032541142451573110e-08
1.032540695740522160e-08
1.032541052184958708e-08
1.032541409401361562e-08
1.032542564391624939e-08
1.032542064889919869e-08
1.032543214959069392e-08
1.032543565288017065e-08
1.032543919584012278e-08
1.032543491126368810e-08
1.032544643708582369e-08
1.032544996383134341e-08
1.032545365811322699e-08
1.032544913825809003e-08
1.032546060108184742e-08
1.032546410885761926e-08
1.032546756999938339e-08
1.032546251507697305e-08
1.032547396549940709e-08
1.032546946863321084e-08
1.032548035407860417e-08
1.032548380310253959e-08
1.032548660559033084e-08
1.032548210107436001e-08
1.032548796952553947e-08
1.032549160898101359e-08
1.032550306445473854e-08
1.032550647997850270e-08
1.032550989131175333e-08
1.032550476251255870e-08
1.032550818187496865e-08
1.032551163952863290e-08
1.032552252452309864e-08
1.032552536583657402e-08
1.032552077132813200e-08
1.032552416714583511e-08
1.032552705481519526e-08
1.032553844003748491e-08
1.032553383435757828e-08
1.032554525384781830e-08
1.032553995871999148e-08
1.032555133376468065e-08
1.032554620848877251e-08
1.032554958581074194e-08
1.032555227723573197e-08
1.032555560631111335e-08
1.032556650095762376e-08
1.032556187900951136e-08
1.032557329498568134e-08
1.032556870821925777e-08
1.032558010458683671e-08
1.032558346066353899e-08
1.032558681267530038e-08
1.032558220889124044e-08
1.032558559557983586e-08
1.032559693019893628e-08
1.032559231530510121e-08
1.032559568914103210e-08
1.032559901751414377e-08
1.032561033208173763e-08
1.032560570028366438e-08
1.032561705206568387e-08
1.032562036481453994e-08
1.032562372728254422e-08
1.032561903856093034e-08
1.032563032976242883e-08
1.032562567468192291e-08
1.032563695848217820e-08
1.032563229576649743e-08
1.032564594096771355e-08
1.032564925189531974e-08
1.032565255890105585e-08
1.032564786766143306e-08
1.032565911556954568e-08
1.032566236957531359e-08
1.032566561958498023e-08
1.032566886293251271e-08
1.032567158841897726e-08
1.032566615621288864e-08
1.032566944262336440e-08
1.032568015719546455e-08
1.032567545927444256e-08
1.032568669232152425e-08
1.032568193406149152e-08
1.032568516593342991e-08
1.032569660058781292e-08
1.032569132046981856e-08
1.032569458347136092e-08
1.032569724399320586e-08
1.032571081735762059e-08
1.032570606756519260e-08
1.032570862100512408e-08
1.032571117528343951e-08
1.032572237271508202e-08
1.032572562591702558e-08
1.032572886327659761e-08
1.032572411539650202e-08
1.032572662114117290e-08
1.032573712146674958e-08
1.032573167205238427e-08
1.032574290175182135e-08
1.032573814122694991e-08
1.032574068022848185e-08
1.032575186439627331e-08
1.032574709867006537e-08
1.032575762564827157e-08
1.032575281757255039e-08
1.032575604128999505e-08
1.032576721372171655e-08
1.032576239539956354e-08
1.032576552095804586e-08
1.032576890229750249e-08
1.032577954526177147e-08
1.032577416617337540e-08
1.032577972258482845e-08
1.032578230970906490e-08
1.032579345149481508e-08
1.032579659765118984e-08
1.032579118480464473e-08
1.032579381251468157e-08
1.032579639116492414e-08
1.032580752868843431e-08
1.032580267572839589e-08
1.032580524849204899e-08
1.032580842633966352e-08
1.032581160115102888e-08
1.032582276585265988e-08
1.032581738458333595e-08
1.032582850245871252e-08
1.032582384511650951e-08
1.032582631164731200e-08
1.032583746578547268e-08
1.032583264187786365e-08
1.032584392083654479e-08
1.032583907557748674e-08
1.032584965964773356e-08
1.032585276467058202e-08
1.032584791251691732e-08
1.032585044716333506e-08
1.032585354624660982e-08
1.032586467565495044e-08
1.032585977491873662e-08
1.032587016952807833e-08
1.032586526708651588e-08
1.032586835536640156e-08
1.032587943386942524e-08
1.032587452166581634e-08
1.032588559329121869e-08
1.032588067427824079e-08
1.032588374548499786e-08
1.032589480687441402e-08
1.032588991786279552e-08
1.032589297904833557e-08
1.032589607569563953e-08
1.032590716359355561e-08
1.032591025438001197e-08
1.032591273763968042e-08
1.032590778883080982e-08
1.032591083411686317e-08
1.032592186965682893e-08
1.032591691462632598e-08
1.032592742845449457e-08
1.032592178180259315e-08
1.032592485957516416e-08
1.032593540858120993e-08
1.032593045021293725e-08
1.032593351834904272e-08
1.032593654731231126e-08
1.032593905689332010e-08
1.032595007614296790e-08
1.032595313879071512e-08
1.032595550323429273e-08
1.032595053112753773e-08
1.032595358966519654e-08
1.032596459857067946e-08
1.032595965666222068e-08
1.032597065904467971e-08
1.032597370300878759e-08
1.032597670503266955e-08
1.032597970391502046e-08
1.032597414006983586e-08
1.032598516850891929e-08
1.032598820081930800e-08
1.032599114739888485e-08
1.032599417113737292e-08
1.032598859606019726e-08
1.032599888449961364e-08
1.032599391834197139e-08
1.032599638546126159e-08
1.032600679688546297e-08
1.032600978363413142e-08
1.032600420602875101e-08
1.032600722943912136e-08
1.032601025009690098e-08
1.032602121429253394e-08
1.032601619682673283e-08
1.032602721349277132e-08
1.032602163636468570e-08
1.032602460613417507e-08
1.032603560528613812e-08
1.032603057540664565e-08
1.032604170097138401e-08
1.032603666265936422e-08
1.032603961477224666e-08
1.032604999226325434e-08
1.032604494833376002e-08
1.032604788730046116e-08
1.032605014016345888e-08
1.032605307846380649e-08
1.032606401663092431e-08
1.032605841077317850e-08
1.032606938467951812e-08
1.032606450170877647e-08
1.032606747400293026e-08
1.032607839846988242e-08
1.032607277966583689e-08
1.032608313289767868e-08
1.032607807143870517e-08
1.032608103454309907e-08
1.032609195213387417e-08
1.032608691734947363e-08
1.032608983498661792e-08
1.032609278737153856e-08
1.032609569854014701e-08
1.032610660102224984e-08
1.032610151230180050e-08
1.032610445180005122e-08
1.032610738815046446e-08
1.032611028363417504e-08
1.032612116918008240e-08
1.032611610247119867e-08
1.032612697323457619e-08
1.032612129481234828e-08
1.032612366004561868e-08
1.032613458879705705e-08
1.032612947775367478e-08
1.032613252963422372e-08
1.032613544246948695e-08
1.032613831366699774e-08
1.032614921378293057e-08
1.032614412254559894e-08
1.032614698454218621e-08
1.032614984313508242e-08
1.032615213157650630e-08
1.032616301935249258e-08
1.032615791765674754e-08
1.032616076869077964e-08
1.032616361706050765e-08
1.032616589466089911e-08
1.032617678406833868e-08
1.032617905988564803e-08
1.032617391107937637e-08
1.032618474712985809e-08
1.032617959502481827e-08
1.032618242919998139e-08
1.032619329332970954e-08
1.032618813000110101e-08
1.032619838555940975e-08
1.032619325760904306e-08
1.032619629011235676e-08
1.032620710122941121e-08
1.032620123405386006e-08
1.032621208528661657e-08
1.032620694667169148e-08
1.032620976174000319e-08
1.032622001475465048e-08
1.032621483416905591e-08
1.032621993239531595e-08
1.032622277629360666e-08
1.032623286979913861e-08
1.032623571291891009e-08
1.032623051101816485e-08
1.032623329948928301e-08
1.032623625726573380e-08
1.032623847095339319e-08
1.032624924668853644e-08
1.032624337306834338e-08
1.032624620425872286e-08
1.032624919359761145e-08
1.032625217815701407e-08
1.032626294155194441e-08
1.032626574497786932e-08
1.032626850905160634e-08
1.032626331342084216e-08
1.032626610845393284e-08
1.032627685769348680e-08
1.032627962223499445e-08
1.032627437808904344e-08
1.032627643470286843e-08
1.032627918399955651e-08
1.032628193100493444e-08
1.032629200916450910e-08
1.032628681107106611e-08
1.032629758251075804e-08
1.032629179623850667e-08
1.032629474873444156e-08
1.032630551743662393e-08
1.032630029605069306e-08
1.032630306532728860e-08
1.032630579549218577e-08
1.032630800487697073e-08
1.032631877484078054e-08
1.032632150019310452e-08
1.032631643896035498e-08
1.032631919306585920e-08
1.032632121745235033e-08
1.032632393503206671e-08
1.032633395282978226e-08
1.032632871354723470e-08
1.032633160311428449e-08
1.032633431419433326e-08
1.032633633113791775e-08
1.032634703571654784e-08
1.032634974456022945e-08
1.032634397209050238e-08
1.032635470858503943e-08
1.032634885212791764e-08
1.032635155801147884e-08
1.032636225483680276e-08
1.032636495584129040e-08
1.032635961437778848e-08
1.032636234624538566e-08
1.032636503931358155e-08
1.032637593299719582e-08
1.032637865565916945e-08
1.032637334509230436e-08
1.032637602534131007e-08
1.032637873882824928e-08
1.032638141384723020e-08
1.032639207957517711e-08
1.032638675214902945e-08
1.032639741279501028e-08
1.032639212000712356e-08
1.032639408964699506e-08
1.032640474748927368e-08
1.032639945278204173e-08
1.032640214813382852e-08
1.032640480499740269e-08
1.032640745916038270e-08
1.032641814087126229e-08
1.032642082541497485e-08
1.032641551368219538e-08
1.032642618636053565e-08
1.032642086922244024e-08
1.032642354295556229e-08
1.032643420762346235e-08
1.032642815497824518e-08
1.032643083811272984e-08
1.032643351908246629e-08
1.032643615061001445e-08
1.032644676134627624e-08
1.032644942272917815e-08
1.032644405243425297e-08
1.032645462084800070e-08
1.032645727512180968e-08
1.032645988815274569e-08
1.032646249126813701e-08
1.032645714551106809e-08
1.032646779572020508e-08
1.032646244377093654e-08
1.032646508373395348e-08
1.032647567843920188e-08
1.032647831232910012e-08
1.032647291474051021e-08
1.032648350188165347e-08
1.032648609292175964e-08
1.032648871750330676e-08
1.032649073982884761e-08
1.032648464179088830e-08
1.032648728006358978e-08
1.032648990388815745e-08
1.032649252539099789e-08
1.032649506322056545e-08
1.032650563868831423e-08
1.032650027151322149e-08
1.032651079597312926e-08
1.032650541227866563e-08
1.032650798475786124e-08
1.032651803007012852e-08
1.032652063594122242e-08
1.032651541974085041e-08
1.032652601260000374e-08
1.032652800794242663e-08
1.032653060612237864e-08
1.032653260071743392e-08
1.032652942385902484e-08
1.032653197370982957e-08
1.032653455474040346e-08
1.032653713342496576e-08
1.032654770416254838e-08
1.032654173218599460e-08
1.032654422622417385e-08
1.032654675321636347e-08
1.032654929011615851e-08
1.032655182467186928e-08
1.032656235056236772e-08
1.032655684076502207e-08
1.032656736232534912e-08
1.032656188277470463e-08
1.032656383959641000e-08
1.032657435919624124e-08
1.032657688308651515e-08
1.032657141117037549e-08
1.032658192407777460e-08
1.032657644745531640e-08
1.032657896204993641e-08
1.032658946793214517e-08
1.032659141056281936e-08
1.032658592861846473e-08
1.032659646658016371e-08
1.032659042831666270e-08
1.032659241885856606e-08
1.032660240445583939e-08
1.032660439791829747e-08
1.032659895263921980e-08
1.032660146138359832e-08
1.032660417899719602e-08
1.032660668411517172e-08
1.032661718049462041e-08
1.032661968091868031e-08
1.032661418541575845e-08
1.032662467480627213e-08
1.032661860758010904e-08
1.032662055000300207e-08
1.032662308166479996e-08
1.032663357074714088e-08
1.032662751721549381e-08
1.032663803976687587e-08
1.032663252662813083e-08
1.032663500554618302e-08
1.032664482462325243e-08
1.032664752455064007e-08
1.032664132580063539e-08
1.032664385157159375e-08
1.032664634124841524e-08
1.032664882869159928e-08
1.032665134768685985e-08
1.032666125732578528e-08
1.032665574906232365e-08
1.032665843896122004e-08
1.032666095117303215e-08
1.032666286077193768e-08
1.032666467344973680e-08
1.032667445304356644e-08
1.032667693775406668e-08
1.032667146099158003e-08
1.032668193473835801e-08
1.032667645326503145e-08
1.032667913725482914e-08
1.032668963598949430e-08
1.032668414519249890e-08
1.032668591681313207e-08
1.032668843298312252e-08
1.032669093516316444e-08
1.032669343376539048e-08
1.032670336928097722e-08
1.032669734962227201e-08
1.032669984880711609e-08
1.032671030555849562e-08
1.032670477279556056e-08
1.032670726617608490e-08
1.032671766976090701e-08
1.032671213041293764e-08
1.032671458245398094e-08
1.032671702912358466e-08
1.032671951026607606e-08
1.032672194265275710e-08
1.032673241358962405e-08
1.032672630675718965e-08
1.032672878328639552e-08
1.032673125886446775e-08
1.032673368491084083e-08
1.032673615615552395e-08
1.032674602872474561e-08
1.032674849860109001e-08
1.032674241822910958e-08
1.032675283465974055e-08
1.032674727194301725e-08
1.032674970389192619e-08
1.032676016085672658e-08
1.032675476839502031e-08
1.032675719140832888e-08
1.032675909188912490e-08
1.032676151386643112e-08
1.032676396765060536e-08
1.032677441275243139e-08
1.032676831445590369e-08
1.032677016149536945e-08
1.032678060862524714e-08
1.032677506596037450e-08
1.032677747772926114e-08
1.032677990344710951e-08
1.032678961192704730e-08
1.032678403176294083e-08
1.032679447024728557e-08
1.032678892042730394e-08
1.032679136182413749e-08
1.032679380005947846e-08
1.032680422951646534e-08
1.032679867028652835e-08
1.032680905843657548e-08
1.032680289055824331e-08
1.032680532235838051e-08
1.032680776340914816e-08
1.032681815021076184e-08
1.032681254436453535e-08
1.032682292677351558e-08
1.032681736498115834e-08
1.032681995638812738e-08
1.032682977578576071e-08
1.032683214417408491e-08
1.032682583598729440e-08
1.032682821644434918e-08
1.032683055251481287e-08
1.032683296626327506e-08
1.032683482366867709e-08
1.032684462646264486e-08
1.032684643771814331e-08
1.032684086188104344e-08
1.032685123517675483e-08
1.032684510032972480e-08
1.032684751623970423e-08
1.032684989633273170e-08
1.032686030067435294e-08
1.032685416089246262e-08
1.032685657072797505e-08
1.032685838990461957e-08
1.032686021038663451e-08
1.032686258912562523e-08
1.032687295681133815e-08
1.032687537660964383e-08
1.032686978825768676e-08
1.032688019695076605e-08
1.032687460369073116e-08
1.032687639786278771e-08
1.032687876512247194e-08
1.032688912425688268e-08
1.032688349400083259e-08
1.032689384865754096e-08
1.032688751693059642e-08
1.032688991169373493e-08
1.032689174943351346e-08
1.032690213765661221e-08
1.032690453048763217e-08
1.032689892739675588e-08
1.032690131553040242e-08
1.032690366865764964e-08
1.032690605210986089e-08
1.032691639418777266e-08
1.032691819836747882e-08
1.032691258581604521e-08
1.032692295870567710e-08
1.032691734214126278e-08
1.032691988785822908e-08
1.032692966361465041e-08
1.032693144722625255e-08
1.032692523896594226e-08
1.032692704031746166e-08
1.032693683721975776e-08
1.032693119257277837e-08
1.032693357234544375e-08
1.032694394355779820e-08
1.032694579258573171e-08
1.032694014279165404e-08
1.032694251731720840e-08
1.032694488966221540e-08
1.032694722700373640e-08
1.032694959480819848e-08
1.032695995387991720e-08
1.032695359271267829e-08
1.032695613333122590e-08
1.032695867056574620e-08
1.032696044037507385e-08
1.032696206968352773e-08
1.032697238056096764e-08
1.032697401196532017e-08
1.032696835191491924e-08
1.032697071621341103e-08
1.032697248772359574e-08
1.032697485241144144e-08
1.032697663730124608e-08
1.032698641722981752e-08
1.032698878363461059e-08
1.032698312199448268e-08
1.032699344544825255e-08
1.032698777999498249e-08
1.032698940514052751e-08
1.032699176605207699e-08
1.032700211958773395e-08
1.032699648282660813e-08
1.032699883826023177e-08
1.032700115813151295e-08
1.032700347536318635e-08
1.032700582387948729e-08
1.032701611661291073e-08
1.032700993832858855e-08
1.032701225089751101e-08
1.032702258768626781e-08
1.032701690245164672e-08
1.032701920856901205e-08
1.032702953856298801e-08
1.032703187272363063e-08
1.032702564820636753e-08
1.032703594299259847e-08
1.032703824250889873e-08
1.032704057216083626e-08
1.032704291230377646e-08
1.032704520487685831e-08
1.032703953387687240e-08
1.032704182206332778e-08
1.032704414020847162e-08
1.032704575186599633e-08
1.032704807103660259e-08
1.032705834995817940e-08
1.032706063303478280e-08
1.032705495248613161e-08
1.032706522487491883e-08
1.032705949359306880e-08
1.032706175438258099e-08
1.032707144739735152e-08
1.032707375600779454e-08
1.032706821070117999e-08
1.032707797882089619e-08
1.032707228916179023e-08
1.032707455529253668e-08
1.032707685134284759e-08
1.032708711006471024e-08
1.032708957939704442e-08
1.032708387741313593e-08
1.032708630788746639e-08
1.032708873455569731e-08
1.032709101466894436e-08
1.032710128621280464e-08
1.032710356295245181e-08
1.032709781123187708e-08
1.032710005097390431e-08
1.032710227433412575e-08
1.032710395452654868e-08
1.032710622545342728e-08
1.032711640952538790e-08
1.032711065098060785e-08
1.032711283803238978e-08
1.032711506979316138e-08
1.032711675673176830e-08
1.032711919527253909e-08
1.032712937101346910e-08
1.032713180123061091e-08
1.032712623410482469e-08
1.032712775676346275e-08
1.032712928212341294e-08
1.032713154003477004e-08
1.032713397163680741e-08
1.032714417106959306e-08
1.032714569328772435e-08
1.032713992234832443e-08
1.032715016881027356e-08
1.032714460112014502e-08
1.032714681628011807e-08
1.032715649620166672e-08
1.032715815592524400e-08
1.032715985177991824e-08
1.032715410903821204e-08
1.032716432045787544e-08
1.032715857365840331e-08
1.032716078726792888e-08
1.032716244355587270e-08
1.032717265055722364e-08
1.032716630055365068e-08
1.032716851472390047e-08
1.032717873355486889e-08
1.032717295005216380e-08
1.032717515849444759e-08
1.032718535498531907e-08
1.032718754423860910e-08
1.032718118517880637e-08
1.032718359686283586e-08
1.032718600523566466e-08
1.032718823390413735e-08
1.032719046047135788e-08
1.032720085114766588e-08
1.032720248693219452e-08
1.032719668526542870e-08
1.032720691165504948e-08
1.032720113759508588e-08
1.032720335418831809e-08
1.032720553434494907e-08
1.032721570929757927e-08
1.032720987981018835e-08
1.032721150470736908e-08
1.032721368162603298e-08
1.032721534078000873e-08
1.032721699529430196e-08
1.032721865782017690e-08
1.032722883610240594e-08
1.032723102009995579e-08
1.032722520453747220e-08
1.032723542057627757e-08
1.032722955805870287e-08
1.032723176488300980e-08
1.032723393860158985e-08
1.032724410401680443e-08
1.032723773893325575e-08
1.032724011801588872e-08
1.032724161632432139e-08
1.032724378810840392e-08
1.032724616579130337e-08
1.032724833221296921e-08
1.032725852140499914e-08
1.032725272222322616e-08
1.032725509003345368e-08
1.032725727743564751e-08
1.032725943166820979e-08
1.032726091485081282e-08
1.032727106424196232e-08
1.032727324968474395e-08
1.032726740567462242e-08
1.032727688028484925e-08
1.032727102586902889e-08
1.032727265345317845e-08
1.032727479386393320e-08
1.032728497294935626e-08
1.032728663360496922e-08
1.032728809052972790e-08
1.032728155709328221e-08
1.032728375032734751e-08
1.032728594195006498e-08
1.032728757262524456e-08
1.032728903438943996e-08
1.032729922358760757e-08
1.032730159351889824e-08
1.032729506002928138e-08
1.032729725350707380e-08
1.032729885777826276e-08
1.032730102086794252e-08
1.032730320990410757e-08
1.032731339071282743e-08
1.032731557588109428e-08
1.032730976534669918e-08
1.032731121927118113e-08
1.032731341978795961e-08
1.032731487484307503e-08
1.032731703351956755e-08
1.032731865993638494e-08
1.032732825412735664e-08
1.032733041527655836e-08
1.032732401012844392e-08
1.032732561301493585e-08
1.032732780811032462e-08
1.032733000164381110e-08
1.032733233731918852e-08
1.032734195585170502e-08
1.032734354042855740e-08
1.032733788298913719e-08
1.032734024725619611e-08
1.032734184242813529e-08
1.032734342440580751e-08
1.032734558225612858e-08
1.032734718039162594e-08
1.032735663052744621e-08
1.032735879251186874e-08
1.032735300307402529e-08
1.032736318579609829e-08
1.032735734832719366e-08
1.032735953286643763e-08
1.032736172837740029e-08
1.032737190316719667e-08
1.032736608744936690e-08
1.032736844048266791e-08
1.032737058153547529e-08
1.032737272054134814e-08
1.032737490013275007e-08
1.032738502844002032e-08
1.032738720373100951e-08
1.032738134057750166e-08
1.032739148998883602e-08
1.032738565426438583e-08
1.032738707844661940e-08
1.032738920628344302e-08
1.032739935771845324e-08
1.032740151258304107e-08
1.032739496409337400e-08
1.032739708681929677e-08
1.032739921102957033e-08
1.032740078739099225e-08
1.032740291201398923e-08
1.032741305933623925e-08
1.032741518009213048e-08
1.032740930559802606e-08
1.032741142268692637e-08
1.032741358014370633e-08
1.032741512025439616e-08
1.032741726563598196e-08
1.032742684880833715e-08
1.032742826238885654e-08
1.032743041179698882e-08
1.032742383369992532e-08
1.032743397951964808e-08
1.032742813552810834e-08
1.032743028014875580e-08
1.032743239572723258e-08
1.032744250270469948e-08
1.032744464504741893e-08
1.032743876060056323e-08
1.032744086758043964e-08
1.032744295687610942e-08
1.032744509188432756e-08
1.032744719365005940e-08
1.032745676223957441e-08
1.032745889357835980e-08
1.032745229869908545e-08
1.032746182070061212e-08
1.032745540710810363e-08
1.032745754520321755e-08
1.032745897387706169e-08
1.032746111400602414e-08
1.032747121583084900e-08
1.032746532849298714e-08
1.032746746307431721e-08
1.032746959555874940e-08
1.032747112010459341e-08
1.032747266174158367e-08
1.032747476645919058e-08
1.032748489330221053e-08
1.032748703660804118e-08
1.032748116889229311e-08
1.032749128950943892e-08
1.032748481744111094e-08
1.032748694450858711e-08
1.032748846387679664e-08
1.032749855500066385e-08
1.032750065098398630e-08
1.032749475134191375e-08
1.032749701861479644e-08
1.032749853128313417e-08
1.032749991778237904e-08
1.032750201171699350e-08
1.032750413450560994e-08
1.032751421880068595e-08
1.032750760959885540e-08
1.032750973155780637e-08
1.032751981671240741e-08
1.032751394227741332e-08
1.032751602835782379e-08
1.032751809632716106e-08
1.032752817294895071e-08
1.032752225998617498e-08
1.032752433878490789e-08
1.032752641256596652e-08
1.032752851721301493e-08
1.032753006321327539e-08
1.032753157579207413e-08
1.032754108491048941e-08
1.032754314779990540e-08
1.032753726233718257e-08
1.032753938045570933e-08
1.032754075009609018e-08
1.032754281110662497e-08
1.032754487128806670e-08
1.032755511511170010e-08
1.032755721616227971e-08
1.032755058715556650e-08
1.032755195443741389e-08
1.032756205445229478e-08
1.032755613614937667e-08
1.032755838396042505e-08
1.032756065855411755e-08
1.032757070040887078e-08
1.032756480091025450e-08
1.032756689284682742e-08
1.032756898182932827e-08
1.032757103911697128e-08
1.032757309421025301e-08
1.032757517672625122e-08
1.032758522155082604e-08
1.032757930666414732e-08
1.032758135374907498e-08
1.032758341178702705e-08
1.032758545472635213e-08
1.032758752525374049e-08
1.032759758748484899e-08
1.032759904927730418e-08
1.032759241612465752e-08
1.032759466500985617e-08
1.032760469868310327e-08
1.032759816726416434e-08
1.032759950364905726e-08
1.032760086790029687e-08
1.032760294583428359e-08
1.032761296951926027e-08
1.032761504467763583e-08
1.032760855830627477e-08
1.032761862685701668e-08
1.032761270659837725e-08
1.032761418597066709e-08
1.032761625921868225e-08
1.032762632433854203e-08
1.032762836460022226e-08
1.032762240580654351e-08
1.032762387896387467e-08
1.032762591728220986e-08
1.032762795393309451e-08
1.032763001780755026e-08
1.032763208089847738e-08
1.032764231134524701e-08
1.032763564004846010e-08
1.032763766971296076e-08
1.032763987370424192e-08
1.032764137118416387e-08
1.032764342683715571e-08
1.032764545244136919e-08
1.032765476452770017e-08
1.032765679154501938e-08
1.032765029499818535e-08
1.032765232158058126e-08
1.032765437580326036e-08
1.032765642822610694e-08
1.032765844884298381e-08
1.032766049713514519e-08
1.032767053705553656e-08
1.032766458857847591e-08
1.032766660143909028e-08
1.032766803625048057e-08
1.032767004950251516e-08
1.032767206144695090e-08
1.032767405414573764e-08
1.032768347984494690e-08
1.032768549069086032e-08
1.032767971205547289e-08
1.032768900702351451e-08
1.032768306338890483e-08
1.032768510002327399e-08
1.032768713462278878e-08
1.032769716079280628e-08
1.032769858587812586e-08
1.032769262506204841e-08
1.032769409188701421e-08
1.032770409069062141e-08
1.032769827618276000e-08
1.032770030404650501e-08
1.032770232987765219e-08
1.032771231911210484e-08
1.032771434094342513e-08
1.032770776277763284e-08
1.032770905179917636e-08
1.032771109000271046e-08
1.032771311478281713e-08
1.032771510847920023e-08
1.032771654942887451e-08
1.032772657799337805e-08
1.032772788979001128e-08
1.032772192106659838e-08
1.032772394465678920e-08
1.032772540022239583e-08
1.032772742369033432e-08
1.032772941660350807e-08
1.032773143639167239e-08
1.032774159468118590e-08
1.032774353367246557e-08
1.032773755255007023e-08
1.032773554179920979e-08
1.032773755331392851e-08
1.032773954200580769e-08
1.032774155654493531e-08
1.032774353709976436e-08
1.032774551892880228e-08
1.032775549246856491e-08
1.032775750037294963e-08
1.032775151246167124e-08
1.032775292600849957e-08
1.032775490219595891e-08
1.032775289179794063e-08
1.032775487139515096e-08
1.032775688105867256e-08
1.032775888879332312e-08
1.032776888873093042e-08
1.032777086354168826e-08
1.032777215719190287e-08
1.032776616885628580e-08
1.032776746414538509e-08
1.032776944266003106e-08
1.032777143184156642e-08
1.032777361326922494e-08
1.032778357780991929e-08
1.032778555886080359e-08
1.032777885297081227e-08
1.032778011957276514e-08
1.032778209451546325e-08
1.032778009213829939e-08
1.032778206949319512e-08
1.032778403177378961e-08
1.032778603860649070e-08
1.032778801466685705e-08
1.032779801132848171e-08
1.032779943300287406e-08
1.032779343951125825e-08
1.032780340701094309e-08
1.032779741330170929e-08
1.032779883185839174e-08
1.032780026663590899e-08
1.032780168907270047e-08
1.032781097793599366e-08
1.032780898628584198e-08
1.032781117644669970e-08
1.032781311521320131e-08
1.032781441717118455e-08
1.032780772836091778e-08
1.032781373744636052e-08
1.032780776821927238e-08
1.032781775901932813e-08
1.032781105412030249e-08
1.032781303520285623e-08
1.032781503302200014e-08
1.032782431532653193e-08
1.032782634341694759e-08
1.032782834119751676e-08
1.032782234309099579e-08
1.032783232709792009e-08
1.032782635390598156e-08
1.032782834340775659e-08
1.032782976647198112e-08
1.032783977822695866e-08
1.032784179554293324e-08
1.032783581708642852e-08
1.032784521477862904e-08
1.032783920373126278e-08
1.032784117027700895e-08
1.032784319384758236e-08
1.032784459485920319e-08
1.032785457122588369e-08
1.032785658216323530e-08
1.032785255958702500e-08
1.032785455114395839e-08
1.032785595149117286e-08
1.032785809237300697e-08
1.032786808911774674e-08
1.032787004936568218e-08
1.032786418945144504e-08
1.032786617230536635e-08
1.032786815318711538e-08
1.032787013203453942e-08
1.032787151781699258e-08
1.032787289075665941e-08
1.032788283767217804e-08
1.032788481751849050e-08
1.032787822124661789e-08
1.032788020264824993e-08
1.032788215330746139e-08
1.032788410170302196e-08
1.032788604812574519e-08
1.032789601482882698e-08
1.032789795756550436e-08
1.032789992654957218e-08
1.032789316681023052e-08
1.032790308463583360e-08
1.032789707291285268e-08
1.032789901223467869e-08
1.032790024438532005e-08
1.032790221380318455e-08
1.032791217545806908e-08
1.032790629485548565e-08
1.032790822864484648e-08
1.032791016031706831e-08
1.032791211831109540e-08
1.032791408629875469e-08
1.032791604009118734e-08
1.032792598574138268e-08
1.032791994312052085e-08
1.032792188800371869e-08
1.032792401147993894e-08
1.032792542440664155e-08
1.032792732178379140e-08
1.032792944139635523e-08
1.032793877108441301e-08
1.032794068392728598e-08
1.032794280073244514e-08
1.032793619009065030e-08
1.032793739739806679e-08
1.032793873586416764e-08
1.032794085755838774e-08
1.032794277088916161e-08
1.032794414736028085e-08
1.032795408249054867e-08
1.032795599432173012e-08
1.032794993899354271e-08
1.032795986864329560e-08
1.032795380939732769e-08
1.032795571346685342e-08
1.032795708096563058e-08
1.032796640455669558e-08
1.032796851692720381e-08
1.032796986144027619e-08
1.032796377403429263e-08
1.032797312254807125e-08
1.032796703604866606e-08
1.032796896991770589e-08
1.032797087345426261e-08
1.032797277511307136e-08
1.032798287394206477e-08
1.032798479812449702e-08
1.032797872646717371e-08
1.032797991655986646e-08
1.032798184045034863e-08
1.032798376316597790e-08
1.032798568489493290e-08
1.032799577488998147e-08
1.032799767358521054e-08
1.032799958324752111e-08
1.032799345442170750e-08
1.032800331160962147e-08
1.032799719984142352e-08
1.032799928402922655e-08
1.032800133611563892e-08
1.032801053598868452e-08
1.032801243845771337e-08
1.032800565190739003e-08
1.032800751012036022e-08
1.032800938643776630e-08
1.032801128878677786e-08
1.032801248043483155e-08
1.032801433804626442e-08
1.032802420851411811e-08
1.032802610695243646e-08
1.032802798005127285e-08
1.032802188464402582e-08
1.032802322019498999e-08
1.032802509083495921e-08
1.032802698482046507e-08
1.032802905770474741e-08
1.032803894278828199e-08
1.032804080486046001e-08
1.032803467134553818e-08
1.032804452308703858e-08
1.032803834018143533e-08
1.032804040099213486e-08
1.032804225282149749e-08
1.032804413031197306e-08
1.032805417763713307e-08
1.032805219389993672e-08
1.032805404211615127e-08
1.032804789876523139e-08
1.032804974832425951e-08
1.032805159501958670e-08
1.032804961227183071e-08
1.032805945483950107e-08
1.032805333990778561e-08
1.032805522866703200e-08
1.032805707601557875e-08
1.032806621445627938e-08
1.032806808834096713e-08
1.032806924937638322e-08
1.032806313526772570e-08
1.032806501363586637e-08
1.032806686264391115e-08
1.032806870975315455e-08
1.032806985341343839e-08
1.032807100007412965e-08
1.032808084732841014e-08
1.032808269945392990e-08
1.032807655678511804e-08
1.032807858276789734e-08
1.032808842157480925e-08
1.032808227147416836e-08
1.032808029523719729e-08
1.032808147575154221e-08
1.032808280707624707e-08
1.032808466197509001e-08
1.032808669304056331e-08
1.032809653683990229e-08
1.032809838505221917e-08
1.032809241561755997e-08
1.032809425844365389e-08
1.032809609955358462e-08
1.032809796642085255e-08
1.032809982843646466e-08
1.032810965806756956e-08
1.032811149213141700e-08
1.032810533107241971e-08
1.032810718937762880e-08
1.032810919642582368e-08
1.032811104581320356e-08
1.032811289701799850e-08
1.032811492521115495e-08
1.032812407551561906e-08
1.032812209621314808e-08
1.032812394669108784e-08
1.032812507772457874e-08
1.032811891621624370e-08
1.032812004921649382e-08
1.032812192321951803e-08
1.032812378406061638e-08
1.032812564314293354e-08
1.032812750117486532e-08
1.032812935330809771e-08
1.032813917311306786e-08
1.032814099766863629e-08
1.032813430897143353e-08
1.032814412746977927e-08
1.032813727242622776e-08
1.032813912704140234e-08
1.032814095320960735e-08
1.032814280498652673e-08
1.032815263290792210e-08
1.032815066184004073e-08
1.032815248652038108e-08
1.032815434050072598e-08
1.032814819924296513e-08
1.032815004977025613e-08
1.032815189854445364e-08
1.032815373004068449e-08
1.032815557502324819e-08
1.032815360376104721e-08
1.032815545100591680e-08
1.032815659573533820e-08
1.032816641489984556e-08
1.032816823948664834e-08
1.032816939898214860e-08
1.032816323170092503e-08
1.032816509630875740e-08
1.032816695892679852e-08
1.032816803655881768e-08
1.032816988641807266e-08
1.032817172301881522e-08
1.032818156649882278e-08
1.032818341486180895e-08
1.032817726470232574e-08
1.032818707566903483e-08
1.032818089773192998e-08
1.032818199007805956e-08
1.032818312970957181e-08
1.032818497988114206e-08
1.032819474976401690e-08
1.032819658235346619e-08
1.032819840117167184e-08
1.032820021830376577e-08
1.032819404014767975e-08
1.032819585402417773e-08
1.032819769396448995e-08
1.032819951620298653e-08
1.032820931831997148e-08
1.032821115200343662e-08
1.032820496333722517e-08
1.032821476112863786e-08
1.032820480408398160e-08
1.032820663327075065e-08
1.032820776243077507e-08
1.032820957358412169e-08
1.032820761430440115e-08
1.032820874934512717e-08
1.032821059786497987e-08
1.032821241797050852e-08
1.032821426352964523e-08
1.032822408540798495e-08
1.032822212931175338e-08
1.032822397466974789e-08
1.032822579592743490e-08
1.032821964806291632e-08
1.032822148887132979e-08
1.032822331584539070e-08
1.032822512897946761e-08
1.032822626436403276e-08
1.032822733467242472e-08
1.032823714828887621e-08
1.032823828980545201e-08
1.032823634184565846e-08
1.032823439248249178e-08
1.032823626616598770e-08
1.032823814146327163e-08
1.032824000264568621e-08
1.032823386839259998e-08
1.032823572585155202e-08
1.032823758141834992e-08
1.032823870619956307e-08
1.032824053651515573e-08
1.032824239258142513e-08
1.032825239035961292e-08
1.032825044384371772e-08
1.032825231003331132e-08
1.032825416588694072e-08
1.032824422632621413e-08
1.032825027178089416e-08
1.032825231583523886e-08
1.032825415349446819e-08
1.032824800754197926e-08
1.032824986858788257e-08
1.032825170060418007e-08
1.032825353083463598e-08
1.032825535911959949e-08
1.032825721293985019e-08
1.032826703138984722e-08
1.032826815384749349e-08
1.032826219226860828e-08
1.032826024555236993e-08
1.032826208464803976e-08
1.032827190708477106e-08
1.032826576785442990e-08
1.032826777092600857e-08
1.032826961955972599e-08
1.032827144013828780e-08
1.032828125159825958e-08
1.032827930193964218e-08
1.032828129987468238e-08
1.032828314682450491e-08
1.032827699834639369e-08
1.032828683531856439e-08
1.032828069526753102e-08
1.032828253478023554e-08
1.032828437344557789e-08
1.032829420389376518e-08
1.032829601107315249e-08
1.032829781638927577e-08
1.032829165445468795e-08
1.032829345651873907e-08
1.032829526881761337e-08
1.032829709420350901e-08
1.032829889099497525e-08
1.032830867964531756e-08
1.032830672369628939e-08
1.032830852096268634e-08
1.032831032020921141e-08
1.032830836520503857e-08
1.032831019447013666e-08
1.032831202570265571e-08
1.032830584561682515e-08
1.032830767223878505e-08
1.032830947015099499e-08
1.032830751478760408e-08
1.032830933872985614e-08
1.032831114089134252e-08
1.032831294204024899e-08
1.032832202767750629e-08
1.032832309139225961e-08
1.032832492632727217e-08
1.032831873958092211e-08
1.032831980487803059e-08
1.032832161431887841e-08
1.032832342266777173e-08
1.032832526837814849e-08
1.032832711212571499e-08
1.032833693543375368e-08
1.032833877539272380e-08
1.032834057433661656e-08
1.032833440586925073e-08
1.032833621332442999e-08
1.032833803389363307e-08
1.032833983773811767e-08
1.032834165462240648e-08
1.032835143650859679e-08
1.032835249400126612e-08
1.032835431165703155e-08
1.032834813470259908e-08
1.032834994959898428e-08
1.032835174795545639e-08
1.032835355923190733e-08
1.032835535398146664e-08
1.032835716163977333e-08
1.032836694644929934e-08
1.032836874740091827e-08
1.032836255620184835e-08
1.032836435698432042e-08
1.032836615601808140e-08
1.032836795342940370e-08
1.032836974909313987e-08
1.032837953667766823e-08
1.032838130232464456e-08
1.032838309296310961e-08
1.032837687384168627e-08
1.032837796378223069e-08
1.032837975475605958e-08
1.032838151804772017e-08
1.032838327973897157e-08
1.032838505193133543e-08
1.032839483046517779e-08
1.032839661377575733e-08
1.032839040186310880e-08
1.032839218187498470e-08
1.032839396020688160e-08
1.032839573692213008e-08
1.032839748551169919e-08
1.032839925909148317e-08
1.032840902463493046e-08
1.032841079489590204e-08
1.032840457000061078e-08
1.032840633715972124e-08
1.032840807614224762e-08
1.032840984003876584e-08
1.032841160243048370e-08
1.032841336327352590e-08
1.032842311604772486e-08
1.032842487366919967e-08
1.032841860974023469e-08
1.032842034991206481e-08
1.032842210277902953e-08
1.032842383977111947e-08
1.032842558937055203e-08
1.032842732315769429e-08
1.032843706311111819e-08
1.032843879370571884e-08
1.032843254325258648e-08
1.032843427065699634e-08
1.032843601061475212e-08
1.032843772277591736e-08
1.032843872981678310e-08
1.032844045695511047e-08
1.032844649071639974e-08
1.032844823493655270e-08
1.032844998132905896e-08
1.032845172611459317e-08
1.032845345522785561e-08
1.032844720318708407e-08
1.032844894326557844e-08
1.032845065552602190e-08
1.032845239259681642e-08
1.032845343398234527e-08
1.032845514712797952e-08
1.032846487934821595e-08
1.032846661648192253e-08
1.032846835207381903e-08
1.032846209251908108e-08
1.032846382515413611e-08
1.032846555618587524e-08
1.032846725953780849e-08
1.032846829350501948e-08
1.032847002547296162e-08
1.032847973617420526e-08
1.032848146562272566e-08
1.032847519996324093e-08
1.032847692643168435e-08
1.032847865136060403e-08
1.032847964529332554e-08
1.032848134694109137e-08
1.032848307396160341e-08
1.032849276697805973e-08
1.032849449108829229e-08
1.032849621369875375e-08
1.032848994116450147e-08
1.032849166075905249e-08
1.032849337887779088e-08
1.032849509545833729e-08
1.032849681062685826e-08
1.032849849822141278e-08
1.032850820403169793e-08
1.032850991478560892e-08
1.032850363052430295e-08
1.032850533839556064e-08
1.032850704479474289e-08
1.032850874972230136e-08
1.032851042726159045e-08
1.032850846672276702e-08
1.032851015889307955e-08
1.032851186690206281e-08
1.032852156711983940e-08
1.032852327226110659e-08
1.032851695635599635e-08
1.032852665227667554e-08
1.032852835298991918e-08
1.032852205884156488e-08
1.032852375661685985e-08
1.032852542733085837e-08
1.032852709667789130e-08
1.032853675828557846e-08
1.032853845085099877e-08
1.032853211939502537e-08
1.032854105477668629e-08
1.032853475548413050e-08
1.032853572088723056e-08
1.032853739297552515e-08
1.032853909032310323e-08
1.032854078627380155e-08
1.032855047435889823e-08
1.032855216736858402e-08
1.032855385897143410e-08
1.032854755556260259e-08
1.032854924429013812e-08
1.032855093161211181e-08
1.032855261752895215e-08
1.032855427629578421e-08
1.032856392909554468e-08
1.032856560589203716e-08
1.032856726244617597e-08
1.032856094297557815e-08
1.032857058867242803e-08
1.032856420080632847e-08
1.032856585076951863e-08
1.032856751165402240e-08
1.032856915893946348e-08
1.032857879852653402e-08
1.032858044506829341e-08
1.032858211230234475e-08
1.032858375436621483e-08
1.032857735652109108e-08
1.032857899652654371e-08
1.032858064746436109e-08
1.032858231055236482e-08
1.032858397225788670e-08
1.032859362623403366e-08
1.032859528527090876e-08
1.032858894936901658e-08
1.032859060257981047e-08
1.032859223210517591e-08
1.032859386039311886e-08
1.032859548734142626e-08
1.032859713866753711e-08
1.032860678232579541e-08
1.032860843175154813e-08
1.032860206008050014e-08
1.032860370629920745e-08
1.032861334476816969e-08
1.032860699475847228e-08
1.032860877888747094e-08
1.032861041827675839e-08
1.032861219840288282e-08
1.032862182725942566e-08
1.032862346137368474e-08
1.032861641239615465e-08
1.032861804928478909e-08
1.032862765348484141e-08
1.032862129491992926e-08
1.032862290335004006e-08
1.032862467806990889e-08
1.032862630784276677e-08
1.032863590477814672e-08
1.032863753198508538e-08
1.032863116422807573e-08
1.032864078276028783e-08
1.032864240621511703e-08
1.032863603508152137e-08
1.032863765608179799e-08
1.032863927609969505e-08
1.032864089485927339e-08
1.032865050609224358e-08
1.032865205207122565e-08
1.032865366782242751e-08
1.032865528251147156e-08
1.032864890246433809e-08
1.032865051476593210e-08
1.032865212572471915e-08
1.032865371044333374e-08
1.032866328760860075e-08
1.032866489534115676e-08
1.032866667985191912e-08
1.032866028949300160e-08
1.032866988521776964e-08
1.032866278676316079e-08
1.032866439191685386e-08
1.032866599650313080e-08
1.032866759996112678e-08
1.032866934423496210e-08
1.032867893736771337e-08
1.032868053576895243e-08
1.032867431755540778e-08
1.032868390507744424e-08
1.032867750433026319e-08
1.032867902582673068e-08
1.032868059202862436e-08
1.032868218213097043e-08
1.032869176487677835e-08
1.032869328262969605e-08
1.032869485726617011e-08
1.032868774551719718e-08
1.032868931117351727e-08
1.032869090123734650e-08
1.032869260669268756e-08
1.032869416813437684e-08
1.032869575344885099e-08
1.032869726743650871e-08
1.032870681975187053e-08
1.032870771834307470e-08
1.032870929252638117e-08
1.032871085379039537e-08
1.032871254543116672e-08
1.032870610967885027e-08
1.032870766646024369e-08
1.032870922213127121e-08
1.032871077687720310e-08
1.032872032411141610e-08
1.032872201730453083e-08
1.032872352215407949e-08
1.032871709028324354e-08
1.032872595396890245e-08
1.032871953459963753e-08
1.032872104159301168e-08
1.032872254766845027e-08
1.032872427428085951e-08
1.032872584771822113e-08
1.032873541370341920e-08
1.032873696007300918e-08
1.032872983365513456e-08
1.032873158381835026e-08
1.032873313095968817e-08
1.032873463122189994e-08
1.032873635210077956e-08
1.032873793171996629e-08
1.032873947311736865e-08
1.032874900389706171e-08
1.032875055236143532e-08
1.032874412141185689e-08
1.032874565843767754e-08
1.032875516425720223e-08
1.032874870640697079e-08
1.032875026616505305e-08
1.032875182486623341e-08
1.032875335862423900e-08
1.032876290883561233e-08
1.032876439425733041e-08
1.032876594933923825e-08
1.032875951007986791e-08
1.032876106331082678e-08
1.032876261555283497e-08
1.032876414188445604e-08
1.032876569202705833e-08
1.032876721640581185e-08
1.032876873980956097e-08
1.032877825588328803e-08
1.032877994688621544e-08
1.032877347193071611e-08
1.032877512113784665e-08
1.032877659109562501e-08
1.032877808189859965e-08
1.032877959790789671e-08
1.032878128042919703e-08
1.032878281660615832e-08
1.032879232081112902e-08
1.032879383940375581e-08
1.032878737892451442e-08
1.032878906434027190e-08
1.032879059356825265e-08
1.032879209731967437e-08
1.032879360015149624e-08
1.032879512661179683e-08
1.032879680325825364e-08
1.032880629497191698e-08
1.032880781669877412e-08
1.032880931300199856e-08
1.032881080931577948e-08
1.032880430719034675e-08
1.032880582541032371e-08
1.032880734284260635e-08
1.032880885936870105e-08
1.032881035045270037e-08
1.032881985877556146e-08
1.032882134812149385e-08
1.032882283748954173e-08
1.032881635604188227e-08
1.032882583727216790e-08
1.032881950772985368e-08
1.032882101513364176e-08
1.032882252169157977e-08
1.032882403941763891e-08
1.032882552045946377e-08
1.032883502985602680e-08
1.032883650814171894e-08
1.032883000420096060e-08
1.032883150488631165e-08
1.032884099852890228e-08
1.032883448875751158e-08
1.032883597141834397e-08
1.032883764767651558e-08
1.032883914202338673e-08
1.032884860496771498e-08
1.032885007319398429e-08
1.032885156516925418e-08
1.032884503854957249e-08
1.032884667194317362e-08
1.032884826827871935e-08
1.032884975385576706e-08
1.032885123887177290e-08
1.032885269867890529e-08
1.032886229325128169e-08
1.032886388305622821e-08
1.032886534688709466e-08
1.032885535562079526e-08
1.032886480836188374e-08
1.032885823034742084e-08
1.032885971534532300e-08
1.032886918111673125e-08
1.032886264685730207e-08
1.032886412940904918e-08
1.032886493961812910e-08
1.032886640176169103e-08
1.032886786383226254e-08
1.032887734295817752e-08
1.032887883972393655e-08
1.032888032342132550e-08
1.032887378549326924e-08
1.032888323385044440e-08
1.032887672184252938e-08
1.032887831110629795e-08
1.032887976657663488e-08
1.032888135289171302e-08
1.032889015129669323e-08
1.032889176475860491e-08
1.032889321900090289e-08
1.032888667915417141e-08
1.032888815632070970e-08
1.032889760194468987e-08
1.032889108405743479e-08
1.032889253486891846e-08
1.032889400990342187e-08
1.032889561667044139e-08
1.032890521499657996e-08
1.032890681754630019e-08
1.032890823551648181e-08
1.032890165932361951e-08
1.032890312605490544e-08
1.032890459193908067e-08
1.032890603328922121e-08
1.032890747402746977e-08
1.032890891400153415e-08
1.032891035334442663e-08
1.032891978565451960e-08
1.032892122366199681e-08
1.032891466737064344e-08
1.032891610405067279e-08
1.032891756415017216e-08
1.032891899944008809e-08
1.032892045815073302e-08
1.032892186707644076e-08
1.032892332489609140e-08
1.032893278776516110e-08
1.032893419499252807e-08
1.032893562734467732e-08
1.032892925603974112e-08
1.032893870240198165e-08
1.032894015440037189e-08
1.032893294407845091e-08
1.032893439988168834e-08
1.032893585552848440e-08
1.032893731047300908e-08
1.032894330968937317e-08
1.032894474444230165e-08
1.032894618152012711e-08
1.032894764206213337e-08
1.032894929437063534e-08
1.032895072718936243e-08
1.032894419050918918e-08
1.032894564588053079e-08
1.032895527156802559e-08
1.032895665395077636e-08
1.032895810660508774e-08
1.032895955777754972e-08
1.032896100830329542e-08
1.032896243395028884e-08
1.032896386810049051e-08
1.032895743154813324e-08
1.032895887780793979e-08
1.032896831709764049e-08
1.032896176841593682e-08
1.032896336581450228e-08
1.032896478376571168e-08
1.032896622454140175e-08
1.032896766483361137e-08
1.032897709809533428e-08
1.032897851330814241e-08
1.032897211142287995e-08
1.032897352354728849e-08
1.032897495857661110e-08
1.032897639310898841e-08
1.032897780323609657e-08
1.032897940447316885e-08
1.032898076566316686e-08
1.032899016601520138e-08
1.032899159579145560e-08
1.032899300145357683e-08
1.032898643663538266e-08
1.032898797435948106e-08
1.032898940060882740e-08
1.032899082616499143e-08
1.032899223629565647e-08
1.032899366042340200e-08
1.032899506038291361e-08
1.032900447712477096e-08
1.032900587598237212e-08
1.032900729804498018e-08
1.032900072585801793e-08
1.032900212303487742e-08
1.032901151339818327e-08
1.032900491589732375e-08
1.032900633491636873e-08
1.032900786337127640e-08
1.032900923102855460e-08
1.032901880952864296e-08
1.032902039199965066e-08
1.032902178839800415e-08
1.032901520522232962e-08
1.032901659160811012e-08
1.032901797742494588e-08
1.032901933732222437e-08
1.032902091496072879e-08
1.032902249997529371e-08
1.032902390377579037e-08
1.032903331270627679e-08
1.032903471525126714e-08
1.032903609370507544e-08
1.032902950166189405e-08
1.032903087913851253e-08
1.032903245775415382e-08
1.032903383233260440e-08
1.032903534087755432e-08
1.032903691571267911e-08
1.032903825994216916e-08
1.032904764355288533e-08
1.032904903648702792e-08
1.032905040568915856e-08
1.032904380395190677e-08
1.032904519548797847e-08
1.032904658666060024e-08
1.032904814675535990e-08
1.032904970438902232e-08
1.032905107501854410e-08
1.032905244491457174e-08
1.032906180792643594e-08
1.032906319136760732e-08
1.032906458655994472e-08
1.032905797627524044e-08
1.032905935833318055e-08
1.032906071752944664e-08
1.032906207528181107e-08
1.032906345598447695e-08
1.032906481304989435e-08
1.032906619306156830e-08
1.032907567815725238e-08
1.032907703273638488e-08
1.032907834146204392e-08
1.032907172624524381e-08
1.032907328558265345e-08
1.032907466034340306e-08
1.032907603468505500e-08
1.032907740860760595e-08
1.032907875562773703e-08
1.032908024081174987e-08
1.032908956038089398e-08
1.032909093275651462e-08
1.032909230408233718e-08
1.032908567107307566e-08
1.032908704211270200e-08
1.032908841197495089e-08
1.032908978148205640e-08
1.032909133015812703e-08
1.032909285516676866e-08
1.032909421933702067e-08
1.032909220005681307e-08
1.032909356818083455e-08
1.032909508539983032e-08
1.032910444830780892e-08
1.032910243001421603e-08
1.032910380326868133e-08
1.032910517967200319e-08
1.032910655571752146e-08
1.032909993858641365e-08
1.032910131358222815e-08
1.032910281044023270e-08
1.032910418305239887e-08
1.032910552923825543e-08
1.032910701368404266e-08
1.032910833864485168e-08
1.032910982149185429e-08
1.032911918399517117e-08
1.032912052943860501e-08
1.032911383528225175e-08
1.032911513506688907e-08
1.032911667518079663e-08
1.032911465698281756e-08
1.032911600148126868e-08
1.032911734890600689e-08
1.032911872239345257e-08
1.032912010766204955e-08
1.032912163888462415e-08
1.032912300905555699e-08
1.032913253134520555e-08
1.032913389864169735e-08
1.032913526565541745e-08
1.032912861520340331e-08
1.032912998149258268e-08
1.032913931800440572e-08
1.032913262127448512e-08
1.032913398709878236e-08
1.032913546536529881e-08
1.032913700115633567e-08
1.032913831677083757e-08
1.032914762289029954e-08
1.032914895827849773e-08
1.032914230313679800e-08
1.032914363819104849e-08
1.032914519508603696e-08
1.032914655361159854e-08
1.032914453377570921e-08
1.032914587354923354e-08
1.032914743503898202e-08
1.032914879806927161e-08
1.032914677880955493e-08
1.032914811966206689e-08
1.032914949008182724e-08
1.032915086007330821e-08
1.032915234271430811e-08
1.032916170426573201e-08
1.032916307179814895e-08
1.032915306053601721e-08
1.032916259793564167e-08
1.032916394713260937e-08
1.032915743885339956e-08
1.032915892255216329e-08
1.032916026893760530e-08
1.032916163704788565e-08
1.032916298178723990e-08
1.032916434943850781e-08
1.032916571761037341e-08
1.032917507897337384e-08
1.032917644644173060e-08
1.032917781355837514e-08
1.032917118553359479e-08
1.032917252785544753e-08
1.032918186050816363e-08
1.032917518612296556e-08
1.032917652485438625e-08
1.032917788975712489e-08
1.032917925456609929e-08
1.032918059580800818e-08
1.032918993046020843e-08
1.032919129429174486e-08
1.032918459556655212e-08
1.032918593619328183e-08
1.032918727673413694e-08
1.032919656480268161e-08
1.032919013039209017e-08
1.032919168730576796e-08
1.032919303548752697e-08
1.032919439306756983e-08
1.032920374503175536e-08
1.032920510213164468e-08
1.032920643576401967e-08
1.032919977552699159e-08
1.032920110569652219e-08
1.032920243854392428e-08
1.032920376824165256e-08
1.032920510056131508e-08
1.032920642964871311e-08
1.032920778569692831e-08
1.032920914056241255e-08
1.032921844307683282e-08
1.032921913493773812e-08
1.032922050645739060e-08
1.032921320892292748e-08
1.032921458521068394e-08
1.032921594955725114e-08
1.032921731439707773e-08
1.032921803221023874e-08
1.032921937730872999e-08
1.032922073450064977e-08
1.032922228269580421e-08
1.032922364782774963e-08
1.032923296078090303e-08
1.032923446236293606e-08
1.032922780909074392e-08
1.032922914910252108e-08
1.032923866465532453e-08
1.032923203140514169e-08
1.032923358652690144e-08
1.032923494463991496e-08
1.032923630127922350e-08
1.032923765461652630e-08
1.032924700535354141e-08
1.032924499602178707e-08
1.032924634554636958e-08
1.032924769768422244e-08
1.032924907220655047e-08
1.032924243756167825e-08
1.032924398265009616e-08
1.032924534196600069e-08
1.032924667785856565e-08
1.032924801359555281e-08
1.032924934867795060e-08
1.032925068379794871e-08
1.032925204136087885e-08
1.032926139218518469e-08
1.032926274905407555e-08
1.032925608934353635e-08
1.032925744242565724e-08
1.032926679226527900e-08
1.032926015426793144e-08
1.032926150958966368e-08
1.032926286471178402e-08
1.032926436626761362e-08
1.032926569613170281e-08
1.032927504223353692e-08
1.032927654133212228e-08
1.032927789154018263e-08
1.032927117953860540e-08
1.032927248401743149e-08
1.032927381157636849e-08
1.032927511632607142e-08
1.032927644063656924e-08
1.032927779094281426e-08
1.032927911809034306e-08
1.032928046777403376e-08
1.032928996801070474e-08
1.032928796034048659e-08
1.032928931208376271e-08
1.032929066658316990e-08
1.032929199476473898e-08
1.032928535522758644e-08
1.032928668702809883e-08
1.032929601111478397e-08
1.032928956652638525e-08
1.032929091695978614e-08
1.032929238047387881e-08
1.032929372859393676e-08
1.032930304703463116e-08
1.032930437180022886e-08
1.032930565086560319e-08
1.032929900478162877e-08
1.032930036442706717e-08
1.032930168862951535e-08
1.032930303546106910e-08
1.032930102934740798e-08
1.032930235736595962e-08
1.032930371140735028e-08
1.032930504209927025e-08
1.032930639545343926e-08
1.032930772575634942e-08
1.032931704895033960e-08
1.032931837860726637e-08
1.032931970764450581e-08
1.032931306596787543e-08
1.032931439450282269e-08
1.032931574553540674e-08
1.032931725367088736e-08
1.032931860195394953e-08
1.032931992697101344e-08
1.032932125166618003e-08
1.032932279536004091e-08
1.032933231487585675e-08
1.032933358907406892e-08
1.032932691190920816e-08
1.032932825460692845e-08
1.032933759060879463e-08
1.032933091639731111e-08
1.032933223535490481e-08
1.032933355391389175e-08
1.032933487239167437e-08
1.032933614514600143e-08
1.032934548007579687e-08
1.032934682107194709e-08
1.032934816199731711e-08
1.032934150896994562e-08
1.032934282640241514e-08
1.032934414369454188e-08
1.032934565515501891e-08
1.032934696939265220e-08
1.032934828360098842e-08
1.032934959723340178e-08
1.032935110661466273e-08
1.032936043393053856e-08
1.032936112972641318e-08
1.032936246788438925e-08
1.032935599368908048e-08
1.032935732971070050e-08
1.032935866538744906e-08
1.032935997803135843e-08
1.032936128716127883e-08
1.032936262213042567e-08
1.032936393422095121e-08
1.032936524586170722e-08
1.032937455086558710e-08
1.032937585860210025e-08
1.032937716962746036e-08
1.032937044136062047e-08
1.032937175260106904e-08
1.032938107981603049e-08
1.032937441965405085e-08
1.032937575260271475e-08
1.032937709749033285e-08
1.032937840702390415e-08
1.032937991208448808e-08
1.032938923513464644e-08
1.032939055351410706e-08
1.032938386594053818e-08
1.032938514880844524e-08
1.032939447109197260e-08
1.032938779528520178e-08
1.032938928092938016e-08
1.032938727764006935e-08
1.032938876585227460e-08
1.032938676314614763e-08
1.032938827233222538e-08
1.032938958608144823e-08
1.032939107024005159e-08
1.032939240467853394e-08
1.032939373870925099e-08
1.032940299813261376e-08
1.032940433223198184e-08
1.032940564341420516e-08
1.032939898357527595e-08
1.032940029110420813e-08
1.032940162417133917e-08
1.032940295721773114e-08
1.032940426694369473e-08
1.032940561151689486e-08
1.032940629010722744e-08
1.032940774095957549e-08
1.032941702134803272e-08
1.032941835712407274e-08
1.032941969256885670e-08
1.032941303412483359e-08
1.032941436894129281e-08
1.032941571576828218e-08
1.032941703924730135e-08
1.032941834705811683e-08
1.032941965763882434e-08
1.032942096519178942e-08
1.032942229820027667e-08
1.032943163674356926e-08
1.032943294632064530e-08
1.032942645809905656e-08
1.032942778751643017e-08
1.032942911665422666e-08
1.032943042256147125e-08
1.032943168318637418e-08
1.032943312711122852e-08
1.032943442859132140e-08
1.032943592916687250e-08
1.032944536183639529e-08
1.032944679928420045e-08
1.032944828140082740e-08
1.032944173135489611e-08
1.032944316332931498e-08
1.032944460358821569e-08
1.032944603226362817e-08
1.032944746023721099e-08
1.032944877043004193e-08
1.032945005463589047e-08
1.032945935807970937e-08
1.032946066777875981e-08
1.032946197699318002e-08
1.032945530468078572e-08
1.032945656451796786e-08
1.032945798899122342e-08
1.032945927418999476e-08
1.032946058179032585e-08
1.032946188924823134e-08
1.032946319643435671e-08
1.032946450347439371e-08
1.032947380384900692e-08
1.032947528395093457e-08
1.032947656552285641e-08
1.032947005039087874e-08
1.032947134130773789e-08
1.032947264243313241e-08
1.032947389776199658e-08
1.032947517651733203e-08
1.032947666262534367e-08
1.032947793912525372e-08
1.032947917010838590e-08
1.032948839512831934e-08
1.032948981028641610e-08
1.032948327685112185e-08
1.032948468856669803e-08
1.032949397757056725e-08
1.032948725587212872e-08
1.032948852427474129e-08
1.032948651555113840e-08
1.032948780393026533e-08
1.032948903873054818e-08
1.032949034094699890e-08
1.032949163270247857e-08
1.032949286750653666e-08
1.032950216333184014e-08
1.032950346562813860e-08
1.032950474197957801e-08
1.032949816554350476e-08
1.032949944361967695e-08
1.032950074373145759e-08
1.032950204463520742e-08
1.032950335656502004e-08
1.032950465584656777e-08
1.032950607045739686e-08
1.032950735764818289e-08
1.032951658159888613e-08
1.032951787933790746e-08
1.032951917708497394e-08
1.032951241398404968e-08
1.032951371190104884e-08
1.032951500986006215e-08
1.032951628542457156e-08
1.032951753376237981e-08
1.032951894651894790e-08
1.032952022090686899e-08
1.032952151695470466e-08
1.032953098025495880e-08
1.032953227401394767e-08
1.032953354212308317e-08
1.032952695711324151e-08
1.032952822687503425e-08
1.032952949641851086e-08
1.032953076582371100e-08
1.032953205728589228e-08
1.032953354637261107e-08
1.032953483535807463e-08
1.032953627542431340e-08
1.032954555598894521e-08
1.032954681727999157e-08
1.032954022590827404e-08
1.032954150073054766e-08
1.032955075712507282e-08
1.032954406030573234e-08
1.032954532249227947e-08
1.032954658143156037e-08
1.032954784034585379e-08
1.032954932173340706e-08
1.032955858698207183e-08
1.032955986946270948e-08
1.032956115074024600e-08
1.032955441305187518e-08
1.032955567212557789e-08
1.032955693114457418e-08
1.032955832819320247e-08
1.032955961994298452e-08
1.032956101521966621e-08
1.032956228275692874e-08
1.032956356031441568e-08
1.032957301662735111e-08
1.032957429159539381e-08
1.032957556670493402e-08
1.032956884814285336e-08
1.032957012304569768e-08
1.032957138763501589e-08
1.032957266217989946e-08
1.032957391451407368e-08
1.032957518888388447e-08
1.032957646316627385e-08
1.032957771220972010e-08
1.032957836330880760e-08
1.032958761048864661e-08
1.032958886454588106e-08
1.032959030639189156e-08
1.032958356786228798e-08
1.032958482295249400e-08
1.032959409455826347e-08
1.032958756325822347e-08
1.032958895434485486e-08
1.032959020536089361e-08
1.032959147855451478e-08
1.032959290041553231e-08
1.032960214017505665e-08
1.032960352767012441e-08
1.032959677877472849e-08
1.032959802324820369e-08
1.032959946778479450e-08
1.032960073527238153e-08
1.032960198053987236e-08
1.032960336457670643e-08
1.032960474718364300e-08
1.032960601137023676e-08
1.032960725330896587e-08
1.032961652325107164e-08
1.032961778709201639e-08
1.032961103210966305e-08
1.032962026765900516e-08
1.032961372388375969e-08
1.032961516106940980e-08
1.032961639831089950e-08
1.032961765857417065e-08
1.032961893000801470e-08
1.032962016383206891e-08
1.032962141292867972e-08
1.032963066636492411e-08
1.032963204259624038e-08
1.032962528114485984e-08
1.032962651342353387e-08
1.032962770358849078e-08
1.032963695511325146e-08
1.032963019753972342e-08
1.032963143483681455e-08
1.032963269297208581e-08
1.032963392615276556e-08
1.032963532395249039e-08
1.032964475062737408e-08
1.032964782412051792e-08
1.032963782970199202e-08
1.032964707221084468e-08
1.032964049425766428e-08
1.032964174415474769e-08
1.032964315784324394e-08
1.032964439555873626e-08
1.032964564311184789e-08
1.032964688753073579e-08
1.032964813491267729e-08
1.032964938257050834e-08
1.032965862383747008e-08
1.032966003549166285e-08
1.032966121380349877e-08
1.032965444701147624e-08
1.032965566956304559e-08
1.032965873442433309e-08
1.032965673165917851e-08
1.032965472777000459e-08
1.032965597752865933e-08
1.032965721955087247e-08
1.032965840403583322e-08
1.032965965642244407e-08
1.032966084167021921e-08
1.032966209474015900e-08
1.032966332284277697e-08
1.032967254783404033e-08
1.032967377942562506e-08
1.032967514971351959e-08
1.032966858366319689e-08
1.032966997420482544e-08
1.032967120044497181e-08
1.032966919130357985e-08
1.032967044413566882e-08
1.032967170003564661e-08
1.032967234041605163e-08
1.032967371837289643e-08
1.032967495623299316e-08
1.032967633329837549e-08
1.032967752416221895e-08
1.032968678872159081e-08
1.032968798000010487e-08
1.032968921755726820e-08
1.032968248412882625e-08
1.032968372173811023e-08
1.032968515645442108e-08
1.032968659743973030e-08
1.032968783046349388e-08
1.032968906318078871e-08
1.032969029628129812e-08
1.032969155111106797e-08
1.032970091695922366e-08
1.032970234629968274e-08
1.032970378406472489e-08
1.032969701417481667e-08
1.032969842741356654e-08
1.032969967512987760e-08
1.032970104013763178e-08
1.032970245003538758e-08
1.032970367151952998e-08
1.032970491477702818e-08
1.032970613622835798e-08
1.032971530600914365e-08
1.032971666820235127e-08
1.032971802921998801e-08
1.032971127792490970e-08
1.032971249753442261e-08
1.032971390353087204e-08
1.032971507644079835e-08
1.032971631640070464e-08
1.032971755655007830e-08
1.032971877505335791e-08
1.032972019185503606e-08
1.032972961075603169e-08
1.032973084739869556e-08
1.032973206154271514e-08
1.032972523639495659e-08
1.032972640562363801e-08
1.032973562363441352e-08
1.032972884570793114e-08
1.032973007012567124e-08
1.032973128562872706e-08
1.032973270812366934e-08
1.032973394365311521e-08
1.032973456876988725e-08
1.032974375384169219e-08
1.032974497371761350e-08
1.032974619337281159e-08
1.032973944157679436e-08
1.032974080149840851e-08
1.032974202028627795e-08
1.032974323892188329e-08
1.032974445762753429e-08
1.032974569807166549e-08
1.032974691709473712e-08
1.032974813255060394e-08
1.032974937344845364e-08
1.032975860794036941e-08
1.032976002610575738e-08
1.032975327106350789e-08
1.032975631428465372e-08
1.032975772030011342e-08
1.032975889745927646e-08
1.032976013613055447e-08
1.032976152768210933e-08
1.032976275207437392e-08
1.032977194889675922e-08
1.032977315196516293e-08
1.032977435523728964e-08
1.032976777375418546e-08
1.032976897503090934e-08
1.032977819171275964e-08
1.032977135414365499e-08
1.032977269649097000e-08
1.032977409619905179e-08
1.032977531652836072e-08
1.032977653700014655e-08
1.032977775838225126e-08
1.032978690531680803e-08
1.032978805934905828e-08
1.032978939978971536e-08
1.032978279199976796e-08
1.032978401079039853e-08
1.032978522965437024e-08
1.032978638225233563e-08
1.032978760178674219e-08
1.032978875432623915e-08
1.032979009304297242e-08
1.032979149010450639e-08
1.032980070068720000e-08
1.032980191773711665e-08
1.032980314693840749e-08
1.032979632130390278e-08
1.032979753896903501e-08
1.032979893386262785e-08
1.032980033465020350e-08
1.032980149919274131e-08
1.032980283211510252e-08
1.032980422336426000e-08
1.032980543423673393e-08
1.032981480427665384e-08
