1.032259059768879224e-08
1.032259789873031256e-08
1.032260518914421803e-08
1.032261195602854895e-08
1.032261922397366638e-08
1.032262647937728147e-08
1.032263365075268212e-08
1.032264035716383693e-08
1.032264775028922559e-08
1.032265488564535914e-08
1.032266225195876193e-08
1.032266871358066069e-08
1.032267581386673179e-08
1.032268298504711800e-08
1.032269006065816146e-08
1.032269719415176718e-08
1.032270431501549457e-08
1.032270234881145174e-08
1.032270037953072387e-08
1.032270684589609978e-08
1.032271632708480799e-08
1.032272335158976952e-08
1.032273036363305990e-08
1.032273743329585420e-08
1.032273547502597396e-08
1.032274246308629076e-08
1.032274948050933058e-08
1.032275645335276334e-08
1.032276348365624277e-08
1.032276151701693916e-08
1.032276846615418455e-08
1.032277565427221546e-08
1.032278282831222791e-08
1.032279218847131989e-08
1.032279914926824843e-08
1.032280598295699091e-08
1.032281285127275792e-08
1.032281966189676678e-08
1.032282657588173789e-08
1.032283340913794101e-08
1.032284029918704978e-08
1.032284735043239643e-08
1.032285410936227899e-08
1.032285211512037359e-08
1.032285890061140116e-08
1.032286592457957707e-08
1.032287514606822850e-08
1.032288192380474720e-08
1.032289111298613762e-08
1.032289723974876592e-08
1.032290335907689174e-08
1.032291005446073967e-08
1.032291670099293679e-08
1.032292337354559397e-08
1.032293009905527379e-08
1.032293681313870911e-08
1.032294351577381585e-08
1.032295031760577161e-08
1.032295939217538871e-08
1.032296604824675012e-08
1.032297280081762878e-08
1.032297878156543207e-08
1.032298533728520860e-08
1.032299196401518327e-08
1.032300096876127057e-08
1.032300685221647567e-08
1.032301336172153406e-08
1.032301992186816451e-08
1.032302647323191032e-08
1.032303236487686027e-08
1.032303879710157070e-08
1.032304533368879201e-08
1.032305184698262711e-08
1.032305828337080723e-08
1.032306412547682350e-08
1.032307054506751640e-08
1.032307950395951976e-08
1.032308595138438366e-08
1.032308389158334575e-08
1.032309033317542994e-08
1.032309673516157038e-08
1.032310309866591381e-08
1.032310882016038748e-08
1.032311524587343948e-08
1.032312405862646299e-08
1.032313044894922610e-08
1.032313923074035484e-08
1.032314558588139770e-08
1.032315441302511558e-08
1.032315234042562821e-08
1.032315858790917886e-08
1.032316490504923832e-08
1.032317362371487106e-08
1.032317989642179398e-08
1.032318610920788899e-08
1.032319235876376200e-08
1.032319870876471445e-08
1.032320493596280705e-08
1.032321115270694971e-08
1.032321736179066867e-08
1.032322349721654316e-08
1.032322962497894992e-08
1.032323823314982952e-08
1.032324432492214054e-08
1.032325040678214113e-08
1.032325654212323788e-08
1.032325441227090267e-08
1.032326047659629390e-08
1.032326653921364981e-08
1.032327259213015409e-08
1.032327863755629143e-08
1.032328466862660666e-08
1.032329069234825264e-08
1.032328855675386620e-08
1.032329457299170808e-08
1.032330058777735003e-08
1.032330665632306141e-08
1.032331271436869926e-08
1.032331876271859085e-08
1.032332479892495488e-08
1.032333326579893335e-08
1.032333922098592596e-08
1.032334515428594621e-08
1.032335125077096161e-08
1.032335722546821996e-08
1.032336254471827291e-08
1.032336785867311759e-08
1.032337375587333312e-08
1.032337965228758977e-08
1.032337749855953321e-08
1.032338343933163806e-08
1.032338931676829523e-08
1.032339524667880395e-08
1.032340110519418934e-08
1.032340702924219444e-08
1.032341282382536268e-08
1.032341865511444562e-08
1.032342453872711283e-08
1.032343035182659832e-08
1.032343621702469647e-08
1.032344218421055763e-08
1.032344796783129974e-08
1.032345374237566362e-08
1.032345964728408908e-08
1.032346540226948779e-08
1.032347120917406381e-08
1.032347694610863786e-08
1.032348273476509176e-08
1.032348057081453867e-08
1.032348629242266199e-08
1.032349221373977496e-08
1.032349792377048653e-08
1.032350303892643875e-08
1.032350873616095740e-08
1.032351462557012419e-08
1.032352031626457076e-08
1.032352618570703023e-08
1.032353125877625292e-08
1.032353692615436565e-08
1.032354263315950200e-08
1.032354827127060477e-08
1.032355396061929136e-08
1.032355978099638467e-08
1.032356558879600817e-08
1.032357138544261154e-08
1.032357703519610773e-08
1.032358267618205357e-08
1.032358826124603222e-08
1.032359388463991769e-08
1.032359963739830796e-08
1.032360524215700536e-08
1.032361083813688290e-08
1.032361636652592180e-08
1.032362208268479431e-08
1.032362759261695055e-08
1.032363309511777241e-08
1.032363854300075178e-08
1.032364402961407113e-08
1.032364956668351360e-08
1.032365504814037925e-08
1.032366070458493611e-08
1.032366621393307636e-08
1.032367165674258315e-08
1.032367715046969382e-08
1.032368263524205323e-08
1.032368805340704046e-08
1.032369369563493181e-08
1.032369923201679528e-08
1.032370462220881888e-08
1.032371000438159443e-08
1.032371543672826736e-08
1.032372080267718395e-08
1.032372615762919090e-08
1.032373150773322794e-08
1.032373680474477332e-08
1.032374221001374183e-08
1.032374753705513967e-08
1.032375285613782586e-08
1.032375816747411285e-08
1.032376347098986210e-08
1.032376872137553921e-08
1.032377400973785911e-08
1.032377952212423210e-08
1.032378496674667726e-08
1.032379022800578745e-08
1.032379553877373353e-08
1.032380078464140639e-08
1.032380597741453783e-08
1.032381126649067986e-08
1.032381654710324716e-08
1.032382182082800228e-08
1.032382702899877161e-08
1.032383228649146874e-08
1.032383747951808472e-08
1.032384279231393852e-08
1.032384802567234095e-08
1.032385314932715045e-08
1.032385831160249336e-08
1.032386352290912755e-08
1.032386867269553378e-08
1.032387404082570084e-08
1.032387922770290725e-08
1.032388440707604364e-08
1.032388957893436327e-08
1.032389469945507146e-08
1.032389985595225835e-08
1.032390494904168543e-08
1.032391009113003621e-08
1.032391530989524218e-08
1.032392038000951929e-08
1.032392549522220122e-08
1.032393055053810798e-08
1.032393582905901676e-08
1.032394086829127333e-08
1.032394590022161620e-08
1.032395092524870839e-08
1.032395594305722532e-08
1.032396100887245619e-08
1.032396620553488003e-08
1.032397120159506007e-08
1.032397620165029086e-08
1.032398131960148324e-08
1.032398652195183589e-08
1.032399154033984413e-08
1.032399649663934637e-08
1.032400149749586536e-08
1.032400649503117975e-08
1.032401148547894430e-08
1.032401642646639207e-08
1.032402139925057821e-08
1.032401911181903267e-08
1.032402408497941229e-08
1.032402905829950559e-08
1.032403396995058596e-08
1.032403910443313840e-08
1.032404399720239523e-08
1.032404894098066436e-08
1.032405387778600606e-08
1.032405893691336257e-08
1.032406380691665514e-08
1.032406885780103773e-08
1.032407372284663157e-08
1.032407871015082524e-08
1.032408360182246800e-08
1.032408843246204509e-08
1.032409321154782708e-08
1.032409802665215652e-08
1.032410297997411792e-08
1.032410778367020727e-08
1.032411511173737919e-08
1.032411994197601853e-08
1.032412471221086209e-08
1.032412947601087410e-08
1.032413424580112131e-08
1.032413899644798220e-08
1.032414374078761573e-08
1.032414853218679012e-08
1.032415326088119572e-08
1.032415794087089418e-08
1.032416271383469426e-08
1.032416738192851808e-08
1.032417208953964001e-08
1.032417679088641066e-08
1.032418148620564026e-08
1.032418640334817089e-08
1.032419113796986986e-08
1.032419586626986251e-08
1.032420058734166146e-08
1.032420530216152180e-08
1.032421015291890894e-08
1.032421485440165981e-08
1.032421972418839981e-08
1.032422435758140798e-08
1.032422903749555011e-08
1.032423371124691047e-08
1.032423832609114945e-08
1.032424313008909521e-08
1.032424786949559727e-08
1.032425246330759955e-08
1.032425705094995776e-08
1.032426158754836852e-08
1.032426616397363485e-08
1.032427087659873191e-08
1.032427543987808329e-08
1.032428019189476686e-08
1.032428473847036548e-08
1.032429181862117633e-08
1.032429653718850399e-08
1.032430110562742918e-08
1.032430566465872835e-08
1.032431016961908873e-08
1.032431462355870739e-08
1.032431912993852459e-08
1.032432361901545218e-08
1.032432127339652834e-08
1.032432581178308522e-08
1.032433048049846744e-08
1.032433501257856458e-08
1.032433948435467548e-08
1.032434395571611743e-08
1.032434837137258980e-08
1.032435288116904509e-08
1.032435733415953355e-08
1.032436195621877270e-08
1.032436644701913606e-08
1.032437107080152643e-08
1.032437554861181567e-08
1.032438002073730450e-08
1.032438448723993882e-08
1.032438889808827830e-08
1.032439330229301080e-08
1.032439775201647830e-08
1.032440214508049417e-08
1.032440658364795376e-08
1.032441096593882061e-08
1.032441534282651061e-08
1.032441994070221962e-08
1.032442435512391979e-08
1.032442876385251465e-08
1.032443334327524529e-08
1.032444022607573230e-08
1.032444715185276688e-08
1.032445150946710725e-08
1.032445586083438112e-08
1.032446011145219954e-08
1.032446435718629729e-08
1.032446859851315028e-08
1.032447293067833116e-08
1.032447725782272921e-08
1.032448157963643459e-08
1.032448589295329770e-08
1.032449020430498483e-08
1.032449451039073429e-08
1.032449876390089725e-08
1.032450305389592908e-08
1.032450983610348969e-08
1.032451428311035378e-08
1.032452104229214758e-08
1.032452519215922842e-08
1.032452938288475170e-08
1.032453356983224167e-08
1.032453775202367804e-08
1.032454192810795061e-08
1.032454628700903991e-08
1.032455040643234381e-08
1.032455456374815794e-08
1.032455876869785752e-08
1.032456296870591560e-08
1.032456711159339532e-08
1.032457125291658718e-08
1.032457551788293196e-08
1.032457964909391527e-08
1.032458382423007839e-08
1.032458789920369718e-08
1.032459223990919694e-08
1.032459652748129929e-08
1.032460063105390690e-08
1.032460472967367133e-08
1.032460887220870429e-08
1.032461301007836249e-08
1.032461722315556323e-08
1.032462130162117460e-08
1.032462537528665853e-08
1.032462949270375331e-08
1.032463351136678555e-08
1.032464011609343167e-08
1.032464416019332323e-08
1.032464824298817624e-08
1.032465249989124879e-08
1.032465647990619423e-08
1.032466050402647612e-08
1.032466451976193584e-08
1.032466853506814176e-08
1.032467249504138274e-08
1.032467649947359806e-08
1.032468054411754946e-08
1.032468454212998462e-08
1.032468865896327517e-08
1.032469518985846320e-08
1.032469915352873995e-08
1.032470311580584602e-08
1.032470724879714038e-08
1.032471374873588973e-08
1.032471791471713050e-08
1.032472188851788656e-08
1.032472585775232274e-08
1.032472982284564296e-08
1.032473373716335148e-08
1.032473769033369697e-08
1.032474172416930944e-08
1.032474575239669527e-08
1.032474964638986310e-08
1.032475358295814445e-08
1.032475746837150877e-08
1.032476158232131719e-08
1.032476545710353294e-08
1.032476932877601942e-08
1.032477574467925695e-08
1.032477954716547026e-08
1.032478594403618849e-08
1.032478977061561540e-08
1.032479359201814403e-08
1.032479740948150789e-08
1.032480122429052691e-08
1.032480503486633997e-08
1.032480888808490344e-08
1.032481269167322738e-08
1.032481644458911551e-08
1.032482023672791313e-08
1.032482403165483880e-08
1.032482781926286711e-08
1.032483160095993224e-08
1.032483538137540675e-08
1.032483915770520460e-08
1.032484293038694735e-08
1.032484669914158562e-08
1.032485052226288141e-08
1.032485432877061194e-08
1.032485808446454976e-08
1.032486206676075842e-08
1.032486585956820583e-08
1.032486960254545272e-08
1.032487334177956176e-08
1.032487720562923410e-08
1.032488111135504572e-08
1.032488483559275737e-08
1.032488874136701530e-08
1.032489245588977025e-08
1.032489621226342388e-08
1.032489991921357524e-08
1.032490362491667407e-08
1.032490736749887108e-08
1.032491106425775032e-08
1.032491475691321815e-08
1.032491844524463572e-08
1.032492213306766147e-08
1.032492585363605783e-08
1.032492953091791407e-08
1.032493324976269764e-08
1.032493696486229360e-08
1.032494067623623831e-08
1.032494438065378928e-08
1.032494816843034736e-08
1.032495177863371235e-08
1.032495542663721633e-08
1.032495911971377203e-08
1.032496276320455743e-08
1.032496640556840520e-08
1.032497008434865445e-08
1.032497376279931358e-08
1.032497743675047248e-08
1.032498106196981257e-08
1.032498468042707853e-08
1.032498829857998836e-08
1.032499195809559984e-08
1.032499562609105668e-08
1.032499927814145577e-08
1.032500287854732797e-08
1.032500647865021385e-08
1.032501012005703185e-08
1.032501370988684240e-08
1.032501729625388466e-08
1.032502088216206832e-08
1.032502450948527282e-08
1.032502813318379172e-08
1.032503170893264402e-08
1.032503528108685888e-08
1.032503885059347706e-08
1.032504237208007361e-08
1.032504616464867428e-08
1.032504972111641468e-08
1.032505327435102867e-08
1.032505682103691000e-08
1.032506036738446618e-08
1.032506395472768082e-08
1.032506749524351112e-08
1.032507103156972290e-08
1.032507456424432767e-08
1.032507809045811253e-08
1.032508161766302024e-08
1.032508513713353776e-08
1.032508883199846125e-08
1.032509234306515792e-08
1.032509585350747551e-08
1.032509940496908742e-08
1.032510290909315960e-08
1.032510640667935008e-08
1.032510990420164417e-08
1.032511343910234251e-08
1.032511693013329373e-08
1.032512046161466565e-08
1.032512394596966383e-08
1.032512748286759638e-08
1.032513096136677124e-08
1.032513443785079185e-08
1.032513790653035016e-08
1.032514137081072539e-08
1.032514502305958496e-08
1.032514848205209563e-08
1.032515193890171717e-08
1.032515538810137718e-08
1.032515883768304079e-08
1.032516228384182440e-08
1.032516572692668905e-08
1.032516916692749516e-08
1.032517260359947005e-08
1.032517603711148763e-08
1.032519803178282195e-08
1.032520162081800972e-08
1.032520507202031536e-08
1.032522446408103706e-08
1.032522790896797258e-08
1.032523930117862483e-08
1.032523487906550154e-08
1.032524626408132690e-08
1.032524170065594506e-08
1.032525303252079047e-08
1.032524860609110456e-08
1.032526020559358890e-08
1.032525571312360283e-08
1.032526707608325935e-08
1.032526244075679590e-08
1.032527383818682382e-08
1.032526915666331082e-08
1.032527251218036752e-08
1.032528385935998717e-08
1.032527921564678085e-08
1.032528256227299427e-08
1.032528590614141730e-08
1.032529724075114081e-08
1.032529262767888979e-08
1.032530395631157825e-08
1.032530728848605632e-08
1.032531061760543544e-08
1.032530599263370162e-08
1.032531735206649658e-08
1.032531272121064656e-08
1.032532403218821866e-08
1.032531934968073958e-08
1.032533065479728541e-08
1.032532597000000826e-08
1.032532946065671485e-08
1.032534080942850498e-08
1.032533615568768919e-08
1.032533945138805670e-08
1.032534278526686267e-08
1.032535411002770396e-08
1.032534944462679971e-08
1.032536072124540841e-08
1.032535604999840353e-08
1.032536731787768196e-08
1.032536259973232725e-08
1.032537390696175706e-08
1.032536922435921342e-08
1.032537267615693690e-08
1.032538388489149955e-08
1.032538714357488284e-08
1.032538240613929078e-08
1.032538570146218765e-08
1.032539694571936493e-08
1.032539219973052847e-08
1.032540343836297023e-08
1.032540673457199592e-08
1.032540997058118401e-08
1.032540521334919121e-08
1.032541648252195678e-08
1.032541176173415872e-08
1.032541503174215744e-08
1.032542630462724839e-08
1.032542952385138345e-08
1.032542479171439607e-08
1.032542805041686241e-08
1.032543929991781718e-08
1.032543451776034300e-08
1.032544572016390678e-08
1.032544093263533216e-08
1.032545217121400056e-08
1.032544738070336043e-08
1.032545861224348282e-08
1.032545632058962032e-08
1.032546753428785725e-08
1.032546275803699693e-08
1.032547392497712424e-08
1.032546910205640620e-08
1.032548031713665349e-08
1.032548352374603605e-08
1.032548668877009288e-08
1.032548185277634112e-08
1.032548505224536498e-08
1.032549620073301850e-08
1.032549140045882314e-08
1.032550258151187924e-08
1.032549773506328749e-08
1.032550887407713393e-08
1.032550421051147049e-08
1.032551538222850959e-08
1.032551056407458195e-08
1.032551392363842127e-08
1.032552521353771745e-08
1.032552284684191397e-08
1.032552599448040615e-08
1.032553731921247148e-08
1.032554058714875334e-08
1.032554373570646155e-08
1.032553887668365412e-08
1.032554214419362199e-08
1.032555339252927780e-08
1.032554843572814511e-08
1.032555964035863626e-08
1.032555476414187560e-08
1.032556605931204109e-08
1.032556126307960737e-08
1.032557227726884873e-08
1.032556734481961053e-08
1.032557040702011112e-08
1.032558150096318719e-08
1.032557660529646557e-08
1.032558769438614211e-08
1.032558279394428879e-08
1.032559387825901231e-08
1.032559692724035442e-08
1.032559197627455413e-08
1.032559519673231823e-08
1.032559846369889792e-08
1.032560949191584034e-08
1.032560457076082696e-08
1.032561809411853572e-08
1.032562114775876087e-08
1.032562419585040902e-08
1.032561925146092786e-08
1.032563025237755171e-08
1.032562530354232218e-08
1.032562849320320578e-08
1.032563952499910394e-08
1.032563452416902163e-08
1.032563770461490311e-08
1.032564073396821377e-08
1.032565175474163910e-08
1.032564678613352887e-08
1.032565776272565777e-08
1.032565274998061446e-08
1.032565576836516941e-08
1.032566673540639633e-08
1.032566171605729686e-08
1.032567263887135357e-08
1.032566765334185440e-08
1.032567062208899650e-08
1.032568153910133909e-08
1.032567646269068392e-08
1.032568746031466902e-08
1.032568246784061637e-08
1.032569360688193513e-08
1.032569678833947503e-08
1.032569174233407832e-08
1.032569722993909127e-08
1.032570838267824800e-08
1.032570335678219597e-08
1.032571446408220738e-08
1.032570943179837218e-08
1.032571230870547729e-08
1.032572335015137697e-08
1.032571831105966832e-08
1.032572925692466458e-08
1.032572421453543681e-08
1.032572735092101025e-08
1.032573828829452769e-08
1.032573315203881766e-08
1.032574408623246091e-08
1.032573903121176498e-08
1.032574192963799027e-08
1.032575281882928424e-08
1.032574794595192450e-08
1.032576136494843594e-08
1.032576446587510917e-08
1.032576751358105458e-08
1.032576238559729957e-08
1.032576528794683092e-08
1.032576818938358005e-08
1.032577908154607369e-08
1.032577412455041956e-08
1.032577701721549732e-08
1.032577990804714248e-08
1.032578293707896940e-08
1.032579377680766523e-08
1.032578862767068015e-08
1.032579160313406726e-08
1.032579697734409784e-08
1.032580792772619839e-08
1.032580279336254159e-08
1.032580565077936399e-08
1.032580864709164157e-08
1.032581146059176276e-08
1.032582230406135148e-08
1.032581715874508552e-08
1.032582796057091811e-08
1.032582277341682457e-08
1.032582575726862381e-08
1.032583659010856611e-08
1.032583139571560988e-08
1.032584235557970496e-08
1.032583715638591488e-08
1.032583994913997243e-08
1.032585073398221375e-08
1.032584556781335651e-08
1.032585634914464626e-08
1.032585109626425198e-08
1.032585388139384502e-08
1.032586469724807681e-08
1.032585952328821714e-08
1.032587047600687131e-08
1.032586525873203140e-08
1.032586807121973977e-08
1.032587900673268978e-08
1.032587382098011813e-08
1.032587662708065711e-08
1.032587939431953953e-08
1.032588219701256091e-08
1.032589299159578203e-08
1.032588798597020450e-08
1.032589078126417471e-08
1.032589353706169012e-08
1.032589632907875621e-08
1.032590720568749155e-08
1.032590196173646731e-08
1.032591288271169985e-08
1.032590763327780818e-08
1.032591285305346655e-08
1.032592361162258384e-08
1.032591838143207305e-08
1.032592922931990969e-08
1.032592399457209529e-08
1.032592923667669359e-08
1.032593446586990084e-08
1.032593734438359419e-08
1.032593998455022659e-08
1.032595066286537426e-08
1.032594535215723003e-08
1.032595602739676136e-08
1.032595071118511485e-08
1.032595334718098350e-08
1.032596418794640298e-08
1.032595890727319672e-08
1.032596161866633500e-08
1.032596429149094473e-08
1.032596696259486162e-08
1.032597779715228564e-08
1.032598298563292377e-08
1.032598567455960997e-08
1.032598036938335023e-08
1.032598305550310491e-08
1.032599373353968296e-08
1.032598842317587251e-08
1.032599909862135362e-08
1.032599392806572764e-08
1.032599652256363571e-08
1.032600719314532294e-08
1.032600187442760373e-08
1.032601250129711843e-08
1.032600714306572581e-08
1.032600977362428317e-08
1.032602039994769655e-08
1.032602303147678492e-08
1.032601770467485421e-08
1.032602836389966265e-08
1.032602322418239697e-08
1.032602584763921173e-08
1.032603641797559852e-08
1.032603104570014817e-08
1.032604165980958137e-08
1.032603632212603346e-08
1.032603897679801575e-08
1.032604962360107774e-08
1.032604675676694304e-08
1.032604935764006774e-08
1.032605199315504998e-08
1.032605462719202423e-08
1.032606521367179193e-08
1.032605977191321150e-08
1.032607039375300485e-08
1.032606494996644225e-08
1.032606757657766726e-08
1.032607815814963011e-08
1.032607275451107759e-08
1.032608333666457323e-08
1.032607793057707145e-08
1.032608055294711150e-08
1.032609113152745986e-08
1.032609371514707929e-08
1.032608852914873409e-08
1.032610160762319585e-08
1.032610412835354056e-08
1.032610672648402883e-08
1.032610148615977302e-08
1.032611203843398788e-08
1.032610682798302572e-08
1.032610938175998201e-08
1.032611992505475758e-08
1.032612251277325548e-08
1.032611710588413958e-08
1.032612764870907492e-08
1.032612220320967438e-08
1.032612493886245832e-08
1.032613551215994821e-08
1.032613001767570424e-08
1.032614054758335239e-08
1.032613513062390976e-08
1.032613770625182628e-08
1.032614827428609994e-08
1.032615081140943889e-08
1.032614538952509193e-08
1.032615595391316172e-08
1.032615071914632547e-08
1.032615328600010232e-08
1.032616384435521799e-08
1.032615860376847131e-08
1.032616412110989605e-08
1.032615865461460347e-08
1.032616913903434565e-08
1.032616367649889570e-08
1.032616637870862189e-08
1.032617693783795546e-08
1.032617942319767667e-08
1.032618196079244404e-08
1.032618452346130406e-08
1.032617905517076320e-08
1.032618171252301913e-08
1.032619218237218492e-08
1.032618670973152438e-08
1.032619726023556281e-08
1.032619182127480499e-08
1.032619433580815573e-08
1.032620497880453917e-08
1.032620749319461727e-08
1.032620201328555708e-08
1.032621255454836514e-08
1.032620720435608778e-08
1.032620970930163768e-08
1.032622025761091117e-08
1.032621476965556572e-08
1.032622545665751272e-08
1.032621996504078630e-08
1.032622494954308928e-08
1.032623542843893091e-08
1.032622991921542361e-08
1.032624062087439730e-08
1.032623510786779270e-08
1.032623758676084749e-08
1.032625054266023179e-08
1.032624496660901125e-08
1.032625790929304706e-08
1.032626035744620417e-08
1.032626293771512504e-08
1.032625738863144335e-08
1.032626002148628222e-08
1.032626246219231076e-08
1.032626490420775133e-08
1.032626734144159000e-08
1.032627772960811952e-08
1.032627212781470249e-08
1.032627459759266533e-08
1.032627703472848310e-08
1.032627942664801288e-08
1.032628185614095641e-08
1.032629224028587772e-08
1.032628915993623213e-08
1.032629161433333562e-08
1.032629406759644067e-08
1.032630447860041113e-08
1.032630689588728563e-08
1.032630131802699132e-08
1.032631176108886092e-08
1.032630621625786531e-08
1.032630862582537453e-08
1.032631902800607575e-08
1.032632162986830002e-08
1.032631623545577098e-08
1.032632911284057939e-08
1.032633145955245366e-08
1.032633388182555635e-08
1.032632831207259488e-08
1.032633070021216569e-08
1.032634356043369439e-08
1.032634596800136543e-08
1.032634834085098570e-08
1.032634271836258507e-08
1.032634756881594529e-08
1.032635014870951311e-08
1.032635250171059709e-08
1.032636307163454170e-08
1.032635746158458333e-08
1.032635984514233952e-08
1.032636219260836924e-08
1.032636454016611344e-08
1.032636688301457779e-08
1.032637722185293760e-08
1.032637157265065307e-08
1.032638191243920187e-08
1.032637626192646638e-08
1.032637863634912774e-08
1.032638097769862998e-08
1.032639126884702812e-08
1.032638564798928172e-08
1.032639845608223232e-08
1.032640077852367285e-08
1.032640331793609683e-08
1.032640559428216484e-08
1.032639992244403818e-08
1.032640220055049708e-08
1.032640447617023931e-08
1.032640682945169615e-08
1.032640914701104061e-08
1.032641941701641609e-08
1.032641377524150704e-08
1.032641605091827510e-08
1.032641836456882554e-08
1.032642090593571518e-08
1.032642340980536615e-08
1.032643390727641036e-08
1.032642822337554356e-08
1.032644099510300234e-08
1.032644329068276329e-08
1.032644554114075324e-08
1.032644786766586534e-08
1.032644239092168585e-08
1.032644487288295702e-08
1.032644719423835904e-08
1.032644943757484172e-08
1.032645175585468696e-08
1.032646206948214177e-08
1.032645639492352064e-08
1.032645867978084702e-08
1.032646099727177206e-08
1.032646344805754562e-08
1.032646576323958292e-08
1.032647607125441047e-08
1.032647035765215636e-08
1.032647267137162584e-08
1.032648307643566692e-08
1.032647731575160425e-08
1.032648201269097627e-08
1.032649469413345459e-08
1.032649689898505818e-08
1.032649114841302870e-08
1.032649344181943380e-08
1.032650381529353662e-08
1.032650609396584000e-08
1.032650034497211579e-08
1.032651059462632696e-08
1.032650506757822062e-08
1.032650977171883515e-08
1.032652021486367097e-08
1.032651447922137804e-08
1.032652491857039122e-08
1.032651917871375865e-08
1.032652139535096378e-08
1.032653403303578456e-08
1.032652827822474230e-08
1.032653851091056081e-08
1.032653272199760978e-08
1.032653492582572791e-08
1.032653716277390134e-08
1.032654739257808894e-08
1.032654163489319458e-08
1.032654387032838188e-08
1.032655409886880460e-08
1.032654830657099411e-08
1.032655296775453290e-08
1.032656318134269659e-08
1.032655759739809348e-08
1.032656799813439838e-08
1.032656240913564562e-08
1.032656462041274520e-08
1.032657479196915378e-08
1.032657696918946399e-08
1.032657115503317420e-08
1.032658133496019067e-08
1.032657555062346914e-08
1.032657775944288939e-08
1.032657996777706398e-08
1.032659016922996365e-08
1.032658438311432239e-08
1.032658659011714978e-08
1.032658879669683128e-08
1.032659100279028774e-08
1.032659320852317783e-08
1.032660340737374414e-08
1.032660561213326764e-08
1.032659978991470815e-08
1.032661016834811939e-08
1.032660437606521139e-08
1.032660675813472242e-08
1.032661695004284952e-08
1.032661914798777955e-08
1.032661331889751804e-08
1.032662347673985606e-08
1.032661764696719702e-08
1.032661981044777751e-08
1.032662197357710073e-08
1.032663235276630524e-08
1.032663454572969388e-08
1.032662874460376687e-08
1.032663885182837549e-08
1.032663301445685649e-08
1.032663530778242951e-08
1.032664567287027418e-08
1.032664786057358491e-08
1.032664202148007440e-08
1.032665220199661753e-08
1.032664652987729081e-08
1.032664867858882617e-08
1.032665086357932695e-08
1.032666104103028579e-08
1.032665515264428683e-08
1.032665733618805202e-08
1.032666743483282072e-08
1.032666181448576074e-08
1.032666396282360734e-08
1.032667413653627560e-08
1.032667650662259645e-08
1.032667088058001580e-08
1.032668123991863758e-08
1.032667541836235033e-08
1.032667769224970173e-08
1.032667978403028824e-08
1.032668987035426458e-08
1.032668404697162540e-08
1.032668621699318292e-08
1.032668835423683846e-08
1.032669067178547424e-08
1.032669280291686063e-08
1.032670296260064993e-08
1.032670749083684869e-08
1.032670960766209014e-08
1.032670376573317985e-08
1.032670591735555882e-08
1.032670806877539600e-08
1.032671813783567952e-08
1.032671229324015401e-08
1.032671462583779089e-08
1.032671677431542770e-08
1.032671902481775617e-08
1.032672113967615238e-08
1.032673147042950661e-08
1.032673377248310894e-08
1.032672791948608696e-08
1.032673805334813807e-08
1.032673216443847092e-08
1.032673670009817893e-08
1.032674692294063914e-08
1.032674101864436042e-08
1.032675113730932193e-08
1.032674523573464610e-08
1.032674728399509006e-08
1.032674937367861324e-08
1.032675941589164652e-08
1.032676146242661323e-08
1.032675555915778216e-08
1.032676567752148615e-08
1.032675980831673688e-08
1.032676190020362437e-08
1.032676402396555777e-08
1.032677414098331813e-08
1.032677623188724208e-08
1.032677036106578154e-08
1.032678044523326328e-08
1.032677449806370056e-08
1.032677654262384469e-08
1.032677863105098144e-08
1.032678874739151580e-08
1.032679086969217178e-08
1.032678499803408753e-08
1.032679508113018510e-08
1.032678935730316467e-08
1.032679144402786611e-08
1.032679375260457836e-08
1.032680383025122163e-08
1.032679795290235810e-08
1.032680003613919955e-08
1.032680211595315605e-08
1.032680438799651175e-08
1.032680650018710324e-08
1.032681657363319267e-08
1.032681868516504564e-08
1.032681277305177117e-08
1.032682306552589664e-08
1.032681715047938843e-08
1.032681925621142814e-08
1.032682132877261539e-08
1.032683139995589269e-08
1.032683350480828538e-08
1.032682758298689002e-08
1.032683760543370968e-08
1.032683171865740916e-08
1.032683379316175285e-08
1.032683586775634030e-08
1.032684593512105411e-08
1.032684001185960182e-08
1.032684211821024525e-08
1.032685221692936756e-08
1.032684629636360590e-08
1.032684855889817140e-08
1.032685862251581990e-08
1.032686088274496189e-08
1.032685513764421765e-08
1.032685723412832848e-08
1.032685929937002445e-08
1.032686136345509527e-08
1.032686365038409219e-08
1.032687388681754346e-08
1.032687590235018778e-08
1.032686996558200602e-08
1.032688004985875336e-08
1.032687414338980535e-08
1.032687620188920012e-08
1.032687829155540876e-08
1.032688833987374468e-08
1.032689039722788473e-08
1.032688445777763931e-08
1.032689450826147618e-08
1.032688856836907460e-08
1.032689062477309349e-08
1.032689263537282473e-08
1.032690268223460477e-08
1.032689670178357569e-08
1.032689897902841680e-08
1.032690898130726618e-08
1.032690304223240525e-08
1.032690505314922128e-08
1.032690713724785258e-08
1.032691714168337523e-08
1.032691123220253192e-08
1.032691347940321365e-08
1.032691548545679001e-08
1.032691756887611247e-08
1.032691978707905966e-08
1.032693221737095531e-08
1.032692864929575498e-08
1.032693070373180532e-08
1.032693272344416185e-08
1.032693470051802794e-08
1.032694710659603592e-08
1.032694351471248149e-08
1.032694554267350790e-08
1.032694757014819512e-08
1.032694978835408542e-08
1.032696216830932268e-08
1.032695615526710945e-08
1.032695813255164025e-08
1.032696011280265413e-08
1.032696209315537649e-08
1.032696407008570192e-08
1.032697407500501770e-08
1.032696806143042276e-08
1.032697243218091073e-08
1.032697442995569626e-08
1.032697639682015512e-08
1.032698635364224850e-08
1.032698836294395303e-08
1.032698236655402539e-08
1.032698428684892052e-08
1.032699445929438944e-08
1.032698842675158353e-08
1.032699061286738577e-08
1.032699258669299962e-08
1.032700272323632525e-08
1.032699664572326797e-08
1.032699860364186611e-08
1.032700059446300414e-08
1.032700259723402674e-08
1.032700458778041839e-08
1.032700659006160614e-08
1.032701649707885044e-08
1.032701049398137146e-08
1.032701248446323144e-08
1.032701444404506314e-08
1.032701643410929452e-08
1.032701843611272660e-08
1.032702039495344253e-08
1.032703037816871032e-08
1.032703247105050749e-08
1.032702638882507173e-08
1.032703633984785313e-08
1.032703030397443426e-08
1.032703226144457643e-08
1.032703421880360509e-08
1.032704416949055446e-08
1.032704608087558447e-08
1.032704007550163000e-08
1.032704198951406522e-08
1.032704397614690326e-08
1.032704593407879088e-08
1.032704789209474322e-08
1.032705784328637038e-08
1.032705983165918449e-08
1.032705379527761368e-08
1.032706312430487492e-08
1.032706511703988389e-08
1.032705908596401000e-08
1.032706100415462714e-08
1.032706315384303964e-08
1.032707310764441501e-08
1.032707502398019543e-08
1.032706898859683144e-08
1.032707897335840916e-08
1.032707312959196346e-08
1.032707522086954475e-08
1.032707717385346791e-08
1.032708715383958141e-08
1.032708910653432884e-08
1.032708309897075946e-08
1.032709300437739046e-08
1.032708932686831433e-08
1.032709126993535442e-08
1.032710116016583672e-08
1.032710310313323794e-08
1.032709700671841048e-08
1.032709898088426357e-08
1.032710092135942915e-08
1.032710289504365302e-08
1.032710479440925077e-08
1.032711472943779191e-08
1.032711670344383040e-08
1.032711068385108622e-08
1.032712062065311087e-08
1.032711479002283097e-08
1.032711695350863429e-08
1.032711889147970082e-08
1.032712885341964006e-08
1.032713074493641380e-08
1.032712704540388382e-08
1.032712896736220607e-08
1.032713325002041884e-08
1.032714551579428140e-08
1.032713964122487708e-08
1.032714952830870809e-08
1.032715145477714661e-08
1.032715335133456047e-08
1.032715760856318815e-08
1.032716185511043588e-08
1.032716375588528634e-08
1.032715766277877932e-08
1.032715956327582283e-08
1.032716143412777198e-08
1.032717366116600060e-08
1.032716774524441802e-08
1.032717781449526741e-08
1.032717167424185271e-08
1.032717369190364339e-08
1.032717550016550076e-08
1.032718537421995003e-08
1.032718722702255020e-08
1.032718108324284802e-08
1.032718296611357595e-08
1.032718484914080315e-08
1.032718665853169092e-08
1.032718854003921694e-08
1.032719275366350004e-08
1.032720280831196795e-08
1.032719665379320982e-08
1.032720644243423974e-08
1.032720031616549782e-08
1.032720218570538135e-08
1.032720402260865529e-08
1.032721388595139521e-08
1.032721575577461457e-08
1.032720982251913469e-08
1.032721188061962327e-08
1.032722190269264662e-08
1.032722376584570486e-08
1.032722559952163769e-08
1.032722756744418132e-08
1.032722959296122982e-08
1.032723142346020511e-08
1.032722525992948461e-08
1.032723503839713928e-08
1.032722890585029008e-08
1.032723076711971413e-08
1.032723262936313012e-08
1.032724248416231854e-08
1.032724434564047336e-08
1.032723821442455114e-08
1.032724004314005885e-08
1.032724190472802189e-08
1.032724373786997819e-08
1.032724556990479792e-08
1.032724744387207469e-08
1.032725729937687961e-08
1.032725913161750352e-08
1.032725297033977486e-08
1.032726275051651372e-08
1.032725658999569171e-08
1.032725842016159776e-08
1.032726025328034503e-08
1.032726443110197151e-08
1.032726859848400130e-08
1.032727842976579143e-08
1.032727224418820787e-08
1.032727408210050815e-08
1.032727605448129720e-08
1.032728585508834336e-08
1.032728765930213267e-08
1.032728147310612572e-08
1.032728331033886074e-08
1.032728746277385927e-08
1.032728925809291093e-08
1.032729907634677516e-08
1.032730090132120139e-08
1.032729470003251654e-08
1.032729652529513580e-08
1.032730631571352869e-08
1.032730031072696441e-08
1.032730223872728683e-08
1.032730398773447792e-08
1.032731377324152894e-08
1.032731556705084033e-08
1.032730939658633459e-08
1.032731122009320344e-08
1.032732100790447690e-08
1.032731483888586964e-08
1.032731666274706958e-08
1.032731845404906584e-08
1.032732846237196844e-08
1.032733025514823547e-08
1.032732405116171428e-08
1.032732580033964207e-08
1.032732781190880251e-08
1.032732963269011786e-08
1.032733145388453879e-08
1.032733324597422440e-08
1.032734302822444201e-08
1.032734484985153465e-08
1.032733882948743297e-08
1.032734864282306657e-08
1.032734243982756566e-08
1.032734422724153676e-08
1.032734601489586173e-08
1.032734783535752141e-08
1.032735781302665734e-08
1.032735160499072144e-08
1.032735343549829610e-08
1.032736321847238442e-08
1.032735704420447080e-08
1.032735887482625759e-08
1.032736066521086091e-08
1.032737040311626834e-08
1.032737214736927360e-08
1.032736597398413705e-08
1.032736776519451974e-08
1.032737759119912091e-08
1.032737141803185380e-08
1.032737334324659257e-08
1.032737513314622156e-08
1.032738505071080449e-08
1.032738686869367353e-08
1.032738066497321003e-08
1.032738477567635605e-08
1.032738655285373546e-08
1.032738849298097399e-08
1.032739026818266228e-08
1.032740006616994969e-08
1.032740184160341399e-08
1.032739562357333800e-08
1.032740542182163398e-08
1.032739920078516509e-08
1.032740097661942156e-08
1.032740275284323874e-08
1.032740452940974857e-08
1.032741429942533461e-08
1.032741620997956095e-08
1.032741020221691401e-08
1.032741996926578535e-08
1.032741377795544806e-08
1.032741550565783320e-08
1.032741749962832079e-08
1.032742729451875648e-08
1.032742928696407688e-08
1.032742309247522694e-08
1.032742486278762269e-08
1.032742681436339989e-08
1.032742858300236128e-08
1.032743048604377431e-08
1.032743228241863268e-08
1.032744207246541138e-08
1.032744383688716282e-08
1.032743779219997404e-08
1.032744750792788508e-08
1.032744928419025384e-08
1.032744305736631157e-08
1.032744501485975708e-08
1.032744673371521395e-08
1.032745671569781388e-08
1.032745850765433334e-08
1.032745230642615344e-08
1.032746209219893623e-08
1.032745589111321504e-08
1.032745765474569555e-08
1.032745944729412891e-08
1.032746121124166266e-08
1.032747096888754019e-08
1.032747268733444098e-08
1.032746645882370870e-08
1.032747624649347471e-08
1.032747001804782997e-08
1.032747181237700948e-08
1.032747371256385033e-08
1.032747777920437553e-08
1.032747971247058432e-08
1.032748149109422286e-08
1.032748324124966968e-08
1.032748518227008295e-08
1.032748693047502630e-08
1.032748863483393780e-08
1.032749840381170334e-08
1.032750015304210581e-08
1.032749393755096310e-08
1.032749582200993407e-08
1.032750556383634634e-08
1.032750744718247813e-08
1.032750919435262185e-08
1.032751032478314606e-08
1.032751203333528093e-08
1.032751381329604204e-08
1.032751494916285514e-08
1.032750867041037517e-08
1.032751045704428021e-08
1.032751224600503604e-08
1.032751403503230381e-08
1.032751598580332196e-08
1.032751777349508843e-08
1.032752755388953626e-08
1.032752934074644589e-08
1.032752310524402242e-08
1.032752489227750863e-08
1.032752667934186192e-08
1.032752846634649773e-08
1.032753025341690763e-08
1.032753204048995293e-08
1.032754182123277946e-08
1.032754360837310928e-08
1.032753740184799561e-08
1.032754718259646351e-08
1.032754097613722651e-08
1.032754276328369732e-08
1.032754452149133547e-08
1.032754627999274185e-08
1.032755831491551042e-08
1.032755209582392348e-08
1.032756183672467268e-08
1.032755561786830281e-08
1.032755736419125146e-08
1.032755930088496418e-08
1.032756903870378730e-08
1.032757097357293647e-08
1.032756475048054160e-08
1.032756652106174789e-08
1.032757628552954936e-08
1.032757016890321710e-08
1.032757204461674990e-08
1.032757378432040738e-08
1.032758351875618422e-08
1.032758525825752159e-08
1.032757918622218832e-08
1.032758095274067717e-08
1.032758271946011466e-08
1.032758445425318631e-08
1.032758619274746271e-08
1.032758795952482766e-08
1.032759773214392663e-08
1.032759965210921841e-08
1.032759357658168576e-08
1.032759526514906093e-08
1.032760502217530574e-08
1.032759879221295751e-08
1.032759990950795285e-08
1.032760183990792954e-08
1.032760357842097633e-08
1.032761558225537092e-08
1.032760931495584181e-08
1.032761903505459671e-08
1.032761279629157947e-08
1.032761455137273463e-08
1.032761630645463426e-08
1.032762602702257428e-08
1.032762778206112468e-08
1.032762151556433796e-08
1.032762327087532360e-08
1.032762502616846696e-08
1.032762694439161546e-08
1.032762862368251905e-08
1.032763037766273157e-08
1.032764009729425846e-08
1.032764198719778515e-08
1.032763571820508516e-08
1.032763747132440448e-08
1.032764721805010495e-08
1.032764894281576896e-08
1.032765062192761773e-08
1.032765234752328469e-08
1.032765426692779103e-08
1.032765601864385304e-08
1.032765774202822468e-08
1.032765150046336473e-08
1.032766348031242000e-08
1.032766521981632328e-08
1.032766693114619847e-08
1.032766864261461318e-08
1.032767038271251156e-08
1.032766432090356753e-08
1.032766598489723808e-08
1.032767568882500078e-08
1.032766940593042217e-08
1.032767107087748785e-08
1.032767281148027742e-08
1.032767447939280049e-08
1.032768421227233296e-08
1.032768530620052156e-08
1.032767919330705854e-08
1.032768093787885259e-08
1.032768268245381474e-08
1.032768439915745224e-08
1.032768614406334785e-08
1.032768788899147973e-08
1.032769779023597281e-08
1.032769953298334723e-08
1.032769328212866831e-08
1.032769499748454901e-08
1.032769674010213217e-08
1.032769848377043820e-08
1.032770022665779474e-08
1.032770198149178668e-08
1.032771168960385905e-08
1.032771343237117679e-08
1.032770715345793758e-08
1.032770889604858609e-08
1.032771860430554742e-08
1.032771232552059730e-08
1.032771406799690794e-08
1.032771581096167866e-08
1.032772551930876297e-08
1.032772723100543321e-08
1.032772095211359978e-08
1.032772269527736699e-08
1.032773243205992637e-08
1.032772615342568029e-08
1.032772789652476859e-08
1.032772963942837923e-08
1.032773135126887467e-08
1.032774105975999263e-08
1.032774290922665281e-08
1.032773662628173033e-08
1.032774633349241737e-08
1.032774005056985027e-08
1.032774179258567443e-08
1.032774346271073028e-08
1.032774517195711618e-08
1.032775487706658248e-08
1.032775659166952037e-08
1.032775030979164103e-08
1.032775223418992937e-08
1.032775413757696162e-08
1.032775598260405742e-08
1.032775992929911396e-08
1.032776957384338196e-08
1.032777140571710826e-08
1.032776734749828590e-08
1.032777127278092360e-08
1.032777518815182163e-08
1.032778486596700944e-08
1.032777856002128282e-08
1.032778246472360401e-08
1.032778414127689877e-08
1.032778600829635636e-08
1.032778787363253780e-08
1.032779746526475200e-08
1.032779913755841403e-08
1.032779281664778079e-08
1.032779465270677464e-08
1.032780450883395852e-08
1.032779815315887793e-08
1.032779979127246098e-08
1.032780142966941624e-08
1.032781109275206736e-08
1.032781276251297017e-08
1.032780643894017028e-08
1.032781032321968505e-08
1.032781213575562270e-08
1.032781376470271444e-08
1.032781539367909666e-08
1.032782501654325858e-08
1.032782664614509357e-08
1.032782830328253699e-08
1.032782196812881478e-08
1.032782363782380785e-08
1.032782529536480291e-08
1.032782692282710877e-08
1.032782858088396675e-08
1.032783020888719909e-08
1.032784207194045456e-08
1.032783569788784606e-08
1.032784530770921765e-08
1.032783893084920943e-08
1.032784054794025694e-08
1.032784216545074789e-08
1.032784378325464476e-08
1.032785339816127791e-08
1.032785504712692961e-08
1.032785666933054887e-08
1.032785043288738778e-08
1.032785200897138656e-08
1.032785363088177857e-08
1.032785525007749285e-08
1.032785687260945814e-08
1.032785849560486627e-08
1.032786830321160907e-08
1.032786995261939708e-08
1.032786361966153004e-08
1.032786546003017955e-08
1.032786707948565005e-08
1.032786869881476043e-08
1.032787034576274657e-08
1.032787196328665438e-08
1.032787358376106085e-08
1.032788315200842584e-08
1.032788481265735353e-08
1.032787844031083151e-08
1.032788805574068287e-08
1.032788171148054915e-08
1.032788333372187793e-08
1.032788495617954917e-08
1.032788657863520044e-08
1.032789619211874214e-08
1.032789785443179675e-08
1.032789148420503755e-08
1.032789310750274214e-08
1.032789486613383058e-08
1.032789651604377017e-08
1.032789809279939328e-08
1.032789990978341195e-08
1.032790153139328428e-08
1.032791130948254683e-08
1.032791295793395524e-08
1.032790661192907096e-08
1.032790825988593455e-08
1.032790988089421165e-08
1.032791152904533695e-08
1.032791315050455322e-08
1.032791479876576633e-08
1.032792441398386607e-08
1.032792606301464336e-08
1.032792768190323871e-08
1.032792133766023094e-08
1.032792291620295129e-08
1.032792456455199444e-08
1.032792618799709931e-08
1.032792780830072606e-08
1.032792943188957011e-08
1.032793907683561296e-08
1.032794072831762584e-08
1.032793438605065330e-08
1.032794400163052709e-08
1.032794565354280624e-08
1.032793924085144485e-08
1.032794089148083139e-08
1.032794251736964120e-08
1.032794436412360061e-08
1.032795397865645400e-08
1.032795579315317366e-08
1.032794944934656818e-08
1.032795107117592461e-08
1.032795269318117108e-08
1.032795434341090861e-08
1.032795591978327909e-08
1.032795756997959026e-08
1.032796734921746919e-08
1.032796897118918010e-08
1.032796259649862675e-08
1.032796441199417858e-08
1.032796603193338926e-08
1.032796778710216767e-08
1.032796936016313232e-08
1.032797117345913645e-08
1.032797279130812459e-08
1.032798239957327332e-08
1.032798415252477756e-08
1.032797777592843978e-08
1.032797939257122653e-08
1.032798103693858121e-08
1.032798268141533052e-08
1.032798449016069647e-08
1.032798605952567256e-08
1.032799566915483716e-08
1.032799731263987632e-08
1.032799096344876677e-08
1.032799260694132998e-08
1.032800224510446534e-08
1.032800381799524420e-08
1.032799746771177979e-08
1.032799911247838477e-08
1.032800092137028245e-08
1.032801055848167918e-08
1.032801220100270386e-08
1.032800577927947979e-08
1.032800752854227134e-08
1.032800914056987169e-08
1.032801075588488302e-08
1.032801239859902129e-08
1.032801401417114682e-08
1.032801565696055521e-08
1.032802529365613982e-08
1.032802690952559211e-08
1.032802048614925089e-08
1.032803012376101744e-08
1.032803173779379624e-08
1.032803335487537088e-08
1.032803497233599607e-08
1.032803661783425222e-08
1.032803826254380821e-08
1.032803989208910871e-08
1.032804369896225951e-08
1.032804530141142601e-08
1.032803913193842197e-08
1.032804076261029117e-08
1.032804239341844169e-08
1.032804402408671100e-08
1.032805381277325901e-08
1.032805537073017699e-08
1.032804900459682528e-08
1.032805879194881001e-08
1.032805262052873696e-08
1.032805424586834682e-08
1.032805587134682872e-08
1.032805749696921523e-08
1.032806708915404730e-08
1.032807087518344608e-08
1.032806466009126416e-08
1.032807426555737597e-08
1.032807587762425582e-08
1.032807749067511168e-08
1.032807907614746152e-08
1.032808068876445122e-08
1.032808227475122799e-08
1.032808386054184549e-08
1.032807745019102639e-08
1.032808724901084461e-08
1.032808086663873971e-08
1.032807858343450897e-08
1.032808235758785235e-08
1.032808393697078472e-08
1.032808551943527754e-08
1.032809512281318844e-08
1.032809666214225877e-08
1.032809827070717685e-08
1.032809188889659524e-08
1.032809347317036864e-08
1.032809505759059436e-08
1.032809664228080192e-08
1.032809826587948610e-08
1.032809987740470658e-08
1.032810941006659618e-08
1.032811102249156087e-08
1.032810461497977452e-08
1.032810620061128714e-08
1.032811580805642526e-08
1.032810940102040673e-08
1.032811112247927231e-08
1.032811488551312615e-08
1.032812445269452334e-08
1.032812602658292173e-08
1.032811979785239102e-08
1.032812136975376922e-08
1.032812294189648564e-08
1.032812470829642132e-08
1.032812627823382294e-08
1.032812784536615419e-08
1.032812941289565290e-08
1.032813893360870514e-08
1.032814050337530886e-08
1.032813408184499158e-08
1.032813568081795471e-08
1.032813727992723390e-08
1.032813885337101278e-08
1.032814260015446509e-08
1.032815218135752492e-08
1.032815396131030539e-08
1.032814752699070546e-08
1.032814927767398947e-08
1.032815885599073159e-08
1.032815264143547261e-08
1.032815419365001180e-08
1.032815574884901036e-08
1.032815733133505951e-08
1.032816688120622504e-08
1.032816843829236669e-08
1.032816199815448256e-08
1.032816350929990965e-08
1.032817308710225462e-08
1.032816664846124149e-08
1.032816823310091658e-08
1.032816997401708021e-08
1.032817153063757046e-08
1.032818108109037465e-08
1.032818263815323778e-08
1.032818419549715372e-08
1.032817775944698773e-08
1.032818731087991161e-08
1.032818087615907946e-08
1.032818243446625219e-08
1.032818399270637696e-08
1.032818554826062478e-08
1.032819510074821884e-08
1.032819882515330221e-08
1.032819240560761952e-08
1.032819414429787652e-08
1.032819571723717118e-08
1.032819942966870766e-08
1.032820895758780668e-08
1.032821266027141834e-08
1.032820638421603190e-08
1.032821589879996035e-08
1.032820945264540599e-08
1.032821111043069561e-08
1.032821263108278209e-08
1.032821414855353855e-08
1.032822366010745149e-08
1.032822520774705819e-08
1.032821876223046356e-08
1.032822029632862567e-08
1.032822981321397408e-08
1.032822334216776671e-08
1.032822486177609519e-08
1.032822641104291340e-08
1.032822793154085312e-08
1.032823747168943203e-08
1.032823899605613518e-08
1.032823672604676366e-08
1.032823825322118747e-08
1.032823981369045811e-08
1.032823338180677274e-08
1.032823513518654312e-08
1.032823666788573106e-08
1.032823822710192730e-08
1.032823976006277398e-08
1.032824148567685728e-08
1.032824315345508593e-08
1.032825483649126304e-08
1.032824836179127649e-08
1.032825790116897269e-08
1.032825138122806142e-08
1.032825285550242556e-08
1.032825440271295382e-08
1.032825614276248033e-08
1.032826568194462276e-08
1.032826742031567077e-08
1.032826090080261039e-08
1.032826237361231560e-08
1.032826391716824080e-08
1.032826562835633724e-08
1.032826930305302079e-08
1.032827080958846114e-08
1.032828030654851255e-08
1.032828183952058572e-08
1.032827535349915679e-08
1.032827699728511434e-08
1.032828649750894583e-08
1.032828003691255912e-08
1.032828154391975711e-08
1.032828305171846935e-08
1.032828455613765909e-08
1.032829621264258880e-08
1.032828971594882268e-08
1.032829116945694657e-08
1.032830061543764011e-08
1.032829414487393382e-08
1.032829578029121247e-08
1.032829730461919529e-08
1.032829882907858072e-08
1.032830831857283576e-08
1.032830984379412733e-08
1.032831136951926453e-08
1.032830483202553103e-08
1.032831432470022438e-08
1.032830785815154856e-08
1.032830938570417754e-08
1.032831084362432897e-08
1.032831234123581731e-08
1.032831384446578602e-08
1.032832334223511290e-08
1.032832506402691536e-08
1.032831859896296421e-08
1.032832010092743097e-08
1.032832162908972019e-08
1.032832315756184479e-08
1.032832461639315718e-08
1.032832611491043475e-08
1.032832764453356298e-08
1.032833727765116462e-08
1.032833897208870310e-08
1.032833247980444326e-08
1.032833398112703606e-08
1.032833548304174624e-08
1.032833720282460989e-08
1.032833870307536025e-08
1.032834020008161211e-08
1.032834172640512515e-08
1.032835125875510314e-08
1.032835278562111266e-08
1.032834631903250718e-08
1.032834784716830842e-08
1.032835736821328839e-08
1.032835109447850422e-08
1.032835262008862196e-08
1.032835433834759724e-08
1.032835583711485210e-08
1.032836535551345465e-08
1.032836687978978832e-08
1.032837051718320870e-08
1.032837203015676450e-08
1.032836548024938927e-08
1.032836699235197352e-08
1.032836850687545733e-08
1.032837002167806994e-08
1.032837969639206003e-08
1.032838118011490133e-08
1.032837467417805691e-08
1.032837611844354423e-08
1.032838555516374401e-08
1.032837907499148953e-08
1.032837995474400597e-08
1.032838147555596661e-08
1.032838297164891843e-08
1.032838465884998644e-08
1.032839414372007025e-08
1.032839582991389697e-08
1.032838935478041484e-08
1.032839098365367245e-08
1.032839242962979740e-08
1.032839411673717397e-08
1.032839563310311492e-08
1.032839712402866615e-08
1.032839857138395430e-08
1.032840805586675048e-08
1.032840950244055313e-08
1.032841099653247068e-08
1.032840445071138753e-08
1.032841389285665798e-08
1.032840734844409466e-08
1.032840884460334832e-08
1.032841036711982049e-08
1.032841188960147002e-08
1.032841341334784065e-08
1.032842293077720093e-08
1.032842442515376125e-08
1.032841795482136774e-08
1.032841947927896315e-08
1.032842101503581926e-08
1.032842251388077120e-08
1.032842400893879931e-08
1.032842550728643538e-08
1.032842703174899718e-08
1.032843674161118189e-08
1.032843823848911157e-08
1.032843176736688797e-08
1.032843322056730895e-08
1.032844290049357418e-08
1.032843640305057101e-08
1.032843806053010490e-08
1.032843977335164151e-08
1.032843754076997090e-08
1.032843903609245195e-08
1.032844056480352754e-08
1.032844202140606462e-08
1.032845170896784549e-08
1.032845340128541932e-08
1.032844709810757304e-08
1.032844878664539635e-08
1.032845030830532135e-08
1.032845182926662614e-08
1.032845332495963117e-08
1.032845693711335736e-08
1.032846641527197891e-08
1.032845990299894589e-08
1.032846141334669790e-08
1.032847028346246680e-08
1.032846378007996935e-08
1.032846526795157803e-08
1.032846695039396200e-08
1.032846839586360426e-08
1.032846988399736963e-08
1.032847932224918035e-08
1.032848081013895722e-08
1.032847430901429392e-08
1.032847575697426764e-08
1.032848545912532414e-08
1.032847895706822314e-08
1.032848047348056893e-08
1.032848196459573807e-08
1.032848345562482750e-08
1.032849313185745667e-08
1.032849462130023536e-08
1.032849613652236916e-08
1.032848958696851272e-08
1.032849906780849317e-08
1.032849256605866331e-08
1.032849405811289420e-08
1.032849555044008313e-08
1.032849704284797841e-08
1.032849853552831555e-08
1.032850802196389656e-08
1.032850953968712840e-08
1.032850323015036093e-08
1.032850474594011434e-08
1.032851445079153007e-08
1.032851593910054524e-08
1.032851745281561717e-08
1.032852104563869161e-08
1.032852252302620954e-08
1.032852402554291199e-08
1.032851753509278289e-08
1.032851903818037893e-08
1.032852051625395219e-08
1.032852138564959992e-08
1.032852289437052258e-08
1.032852440384980774e-08
1.032852798924065279e-08
1.032853748102524025e-08
1.032853306339487671e-08
1.032854254485951418e-08
1.032853601316001212e-08
1.032853743158016676e-08
1.032853891769237220e-08
1.032854040639372244e-08
1.032854988869738244e-08
1.032855135245039630e-08
1.032855277259615392e-08
1.032854626723399489e-08
1.032854772913820549e-08
1.032854919146863414e-08
1.032855065397172185e-08
1.032855233723789499e-08
1.032855382658341048e-08
1.032855531585566589e-08
1.032856479915498003e-08
1.032856836236562216e-08
1.032856177621565265e-08
1.032856325558621202e-08
1.032856492732882286e-08
1.032856637973502803e-08
1.032856796803579128e-08
1.032856963977825819e-08
1.032857903888517248e-08
1.032858051235484870e-08
1.032857399454385637e-08
1.032857544636846754e-08
1.032858510837461257e-08
1.032857858895296558e-08
1.032858213553786470e-08
1.032858352782396918e-08
1.032859298537048402e-08
1.032859442154453195e-08
1.032858786429383106e-08
1.032858932934547547e-08
1.032859076654231568e-08
1.032859223193737570e-08
1.032859362900291984e-08
1.032859509400439410e-08
1.032859653615981977e-08
1.032859797867463558e-08
1.032860950948762329e-08
1.032860504407224676e-08
1.032860659987945303e-08
1.032860821096106647e-08
1.032860966521621883e-08
1.032861107945166013e-08
1.032861271461029595e-08
1.032862212501250377e-08
1.032862356630292352e-08
1.032861701424553217e-08
1.032862052783935330e-08
1.032862193385217925e-08
1.032862329604235939e-08
1.032862472614018669e-08
1.032862823103525242e-08
1.032863757731528771e-08
1.032863100393908127e-08
1.032863240204744870e-08
1.032864181892147462e-08
1.032863535971534691e-08
1.032863697734099794e-08
1.032863832924806906e-08
1.032863976093483257e-08
1.032864917650411508e-08
1.032865053000147898e-08
1.032865192672033683e-08
1.032864535672171894e-08
1.032864671208337424e-08
1.032865612887367956e-08
1.032864953612108491e-08
1.032865093736902628e-08
1.032865233897416574e-08
1.032865374099902988e-08
1.032865514343975907e-08
1.032866453978263114e-08
1.032866594300546457e-08
1.032865937774057799e-08
1.032866077837750419e-08
1.032867017627651641e-08
1.032866358428188887e-08
1.032866707814465155e-08
1.032866847227609672e-08
1.032867786032549715e-08
1.032867925209248293e-08
1.032868064747704717e-08
1.032867400533065596e-08
1.032867542476519872e-08
1.032867682198705187e-08
1.032867824400932826e-08
1.032867963875143456e-08
1.032868125302729527e-08
1.032868267410471303e-08
1.032869206127832110e-08
1.032869554434318387e-08
1.032868893681570088e-08
1.032869032011523909e-08
1.032869166275725704e-08
1.032869304869252190e-08
1.032869443798251865e-08
1.032869582679928371e-08
1.032869740678932529e-08
1.032870700415434120e-08
1.032870838638660962e-08
1.032870173243090160e-08
1.032870311938638952e-08
1.032870446236334448e-08
1.032870587332498193e-08
1.032870726209192756e-08
1.032870867589374755e-08
1.032871009003224659e-08
1.032871150451880834e-08
1.032872091289554698e-08
1.032872232766990472e-08
1.032871572479240430e-08
1.032871650878403607e-08
1.032871812075678608e-08
1.032871970661427617e-08
1.032872112405973576e-08
1.032872267726542261e-08
1.032872407000530845e-08
1.032872546314856064e-08
1.032873487385177288e-08
1.032873626764141378e-08
1.032873766091426698e-08
1.032873101675125079e-08
1.032873243395193441e-08
1.032873382908983835e-08
1.032873524877341542e-08
1.032873660013218656e-08
1.032873799548354446e-08
1.032874146568364767e-08
1.032875084533318615e-08
1.032874426232294112e-08
1.032874560459002457e-08
1.032874699098840635e-08
1.032874840339640715e-08
1.032874981593921854e-08
1.032875122897694367e-08
1.032875264229587216e-08
1.032875403149062567e-08
1.032876343881102489e-08
1.032876485297974746e-08
1.032876624271787757e-08
1.032875966383216022e-08
1.032876107869920851e-08
1.032876249405899836e-08
1.032876406625815001e-08
1.032876548085206326e-08
1.032876687117136055e-08
1.032876847600127693e-08
1.032877785737733821e-08
1.032877924237962109e-08
1.032877470484039329e-08
1.032878410040279068e-08
1.032877748460598641e-08
1.032877888725428831e-08
1.032878022147785425e-08
1.032878162340427728e-08
1.032878300324649996e-08
1.032879444425867092e-08
1.032878784398002807e-08
1.032878923786861466e-08
1.032879060461187979e-08
1.032879197491874488e-08
1.032879336973924473e-08
1.032879680789142790e-08
1.032880618583493780e-08
1.032880754302933416e-08
1.032880890385921248e-08
1.032880226821602921e-08
1.032880365396691386e-08
1.032880501692444795e-08
1.032880640355624686e-08
1.032880776611695759e-08
1.032880908492356105e-08
1.032881047133720431e-08
1.032881982636439664e-08
1.032882119128718944e-08
1.032882258076813090e-08
1.032881590840715629e-08
1.032881726994465288e-08
1.032881863748821029e-08
1.032882000510991641e-08
1.032882139684349899e-08
1.032882278934566470e-08
1.032882418199731684e-08
1.032882555156503980e-08
1.032883493849085268e-08
1.032883633205340108e-08
1.032882966358684904e-08
1.032883105617773318e-08
1.032884044496471898e-08
1.032883384675098529e-08
1.032883524242161009e-08
1.032883679450309065e-08
1.032883816514466279e-08
1.032883974071869810e-08
1.032884912683985946e-08
1.032885049616884487e-08
1.032884386827200290e-08
1.032884526155583775e-08
1.032885668049881838e-08
1.032885803589408203e-08
1.032886145214614066e-08
1.032886280028147499e-08
1.032886417279009634e-08
1.032886551845529896e-08
1.032885906396827139e-08
1.032886062617397116e-08
1.032886197133098213e-08
1.032886352296872827e-08
1.032886486696030297e-08
1.032886620829450536e-08
1.032886755315975153e-08
1.032887710727638350e-08
1.032887845084639057e-08
1.032887979444668072e-08
1.032887314188109769e-08
1.032887448660555276e-08
1.032887582820714128e-08
1.032887736458758238e-08
1.032887889913699633e-08
1.032888024093165047e-08
1.032888161896727099e-08
1.032889099093012774e-08
1.032889233367457878e-08
1.032889367326953301e-08
1.032888697890618938e-08
1.032888827728300832e-08
1.032888983629528965e-08
1.032889120411617590e-08
1.032889254813603356e-08
1.032889384848077804e-08
1.032889521692600864e-08
1.032889658693325898e-08
1.032890595082660325e-08
1.032890729423097070e-08
1.032890064762165223e-08
1.032890201886055465e-08
1.032890336345311742e-08
1.032890471158309162e-08
1.032890601577036136e-08
1.032890738737715070e-08
1.032890876146220791e-08
1.032891013548622745e-08
1.032891948047000289e-08
1.032892082872547858e-08
1.032892218082502636e-08
1.032891758369805477e-08
1.032891888024823888e-08
1.032892022021425641e-08
1.032892156239845140e-08
1.032892311983051336e-08
1.032892448444640065e-08
1.032893381587764231e-08
1.032893515726232257e-08
1.032893649906978807e-08
1.032892987142019039e-08
1.032893121073112554e-08
1.032893257748269557e-08
1.032893392070815543e-08
1.032893465909702059e-08
1.032893603146106070e-08
1.032893737778735102e-08
1.032893875151203872e-08
1.032894830084873142e-08
1.032894960482859224e-08
1.032895090782629850e-08
1.032894426273441473e-08
1.032894563717086323e-08
1.032894698499439513e-08
1.032894855065394949e-08
1.032894992392865590e-08
1.032895129727046982e-08
1.032895264717169413e-08
1.032896201487969429e-08
1.032896357083452748e-08
1.032896492021757608e-08
1.032895827519361707e-08
1.032895964810815746e-08
1.032896901513423984e-08
1.032896237115836996e-08
1.032896372200865002e-08
1.032896509628790111e-08
1.032896644368946833e-08
1.032896800923799189e-08
1.032897735259923105e-08
1.032897865750103925e-08
1.032897203688696009e-08
1.032897338750047790e-08
1.032898268734629771e-08
1.032897604367238184e-08
1.032897741949677984e-08
1.032897876862351991e-08
1.032898012123229330e-08
1.032898149794400464e-08
1.032899084471207814e-08
1.032899219501089674e-08
1.032899354875450403e-08
1.032898690927892847e-08
1.032898821903187634e-08
1.032898978675143304e-08
1.032899113685600977e-08
1.032899251418799738e-08
1.032899386471434855e-08
1.032899543342217101e-08
1.032900477925560817e-08
1.032900613236459919e-08
1.032900764345230231e-08
1.032900102525973484e-08
1.032900259192108433e-08
1.032900394150681369e-08
1.032900468688133161e-08
1.032900599736296439e-08
1.032900735170136253e-08
1.032900870518550312e-08
1.032901008592244075e-08
1.032901943352838700e-08
1.032902281179347633e-08
1.032901616165414474e-08
1.032902571660027508e-08
1.032901909160857083e-08
1.032902046071822599e-08
1.032902199915717884e-08
1.032902334249211937e-08
1.032902468618768749e-08
1.032903341930167571e-08
1.032903479187188728e-08
1.032903614174259028e-08
1.032902971271240009e-08
1.032903905509120180e-08
1.032903240961517700e-08
1.032903397302650906e-08
1.032903531955346182e-08
1.032903661978207345e-08
1.032903796390330044e-08
1.032904752324808942e-08
1.032904826501752428e-08
1.032904957163420693e-08
1.032904314333510213e-08
1.032904449035285755e-08
1.032904586438026026e-08
1.032904723898672084e-08
1.032904862567424194e-08
1.032905000048877318e-08
1.032905134829791711e-08
1.032905269970553988e-08
1.032906223563473335e-08
1.032906360918749652e-08
1.032905698935076531e-08
1.032905836326028651e-08
1.032906770706566541e-08
1.032906106390978297e-08
1.032906245037840893e-08
1.032906383686414097e-08
1.032906518779216774e-08
1.032906653869054174e-08
1.032907587990542091e-08
1.032907725527016953e-08
1.032907860797256158e-08
1.032907196612732698e-08
1.032907334205983748e-08
1.032907469543308459e-08
1.032907604779552856e-08
1.032907739720756984e-08
1.032907875122520222e-08
1.032908010445664906e-08
1.032908149367127808e-08
1.032909103418886225e-08
1.032909256720221835e-08
1.032908613883978791e-08
1.032908748282520343e-08
1.032908882704196978e-08
1.032909031043678268e-08
1.032909161332262600e-08
1.032909298280496738e-08
1.032909433069428164e-08
1.032909570237402005e-08
1.032910506815641984e-08
1.032910641768839238e-08
1.032909977258650304e-08
1.032910114531788248e-08
1.032910249449249976e-08
1.032910384391573279e-08
1.032910519456525281e-08
1.032910654419017232e-08
1.032910791804265943e-08
1.032910926827832775e-08
1.032911882775500406e-08
1.032912017714258727e-08
1.032912152546782902e-08
1.032911488062806494e-08
1.032911641136098666e-08
1.032911775847287523e-08
1.032911914150076898e-08
1.032912051257546447e-08
1.032912185985935036e-08
1.032912320772758641e-08
1.032913257284796709e-08
1.032913394476640500e-08
1.032913531676413645e-08
1.032912869543386446e-08
1.032913025973033768e-08
1.032913156058234405e-08
1.032913312284366013e-08
1.032913449182458778e-08
1.032913587302081414e-08
1.032913721506047586e-08
1.032914854930275912e-08
1.032914988438122946e-08
1.032914322598801674e-08
1.032914458524331044e-08
1.032914531859833820e-08
1.032914665924420389e-08
1.032914802421413937e-08
1.032914958150128425e-08
1.032915094479854308e-08
1.032915230810880849e-08
1.032916166529565193e-08
1.032916302902026700e-08
1.032915639935523879e-08
1.032915776343208225e-08
1.032916709442154329e-08
1.032916843514263279e-08
1.032916178264483225e-08
1.032916252091502511e-08
1.032916386400068484e-08
1.032916521087438675e-08
1.032916854553963634e-08
1.032917986514992340e-08
1.032918121462526219e-08
1.032917454398433687e-08
1.032917587024359942e-08
1.032917719694644750e-08
1.032917852385090266e-08
1.032918184073467248e-08
1.032919134205970139e-08
1.032918461918429404e-08
1.032918592959721293e-08
1.032918724526961746e-08
1.032918858571895663e-08
1.032919008397027247e-08
1.032919142200666293e-08
1.032919472675517204e-08
1.032920601659805450e-08
1.032920131053206956e-08
1.032920458956490490e-08
1.032920785996736951e-08
1.032920912270309012e-08
1.032921833491346177e-08
1.032921961952832796e-08
1.032922088342280122e-08
1.032921436840384290e-08
1.032921563089964474e-08
1.032921689388494725e-08
1.032921815747624724e-08
1.032921942109484088e-08
1.032922070850479007e-08
1.032922216386237898e-08
1.032922344987536238e-08
1.032923270361880180e-08
1.032923399030752394e-08
1.032923527753130124e-08
1.032922876365494569e-08
1.032923004939906727e-08
1.032923131248653652e-08
1.032923257617585410e-08
1.032923384004942617e-08
1.032923510447688168e-08
1.032923639244231574e-08
1.032923779358991513e-08
1.032924726686009117e-08
1.032924852924653477e-08
1.032924182151340969e-08
1.032924311984133563e-08
1.032924457450328384e-08
1.032924579040653460e-08
1.032924705294086486e-08
1.032924831297467279e-08
1.032924957647111668e-08
1.032925086444748606e-08
1.032926030514050860e-08
1.032926156799360283e-08
1.032926278586615225e-08
1.032925607948575202e-08
1.032925753549607742e-08
1.032926679203831056e-08
1.032925946311696713e-08
1.032926073157438041e-08
1.032926199782963707e-08
1.032926329065552816e-08
1.032926455768865223e-08
1.032926578485088827e-08
1.032927500462603837e-08
1.032927627571304393e-08
1.032927754591086342e-08
1.032927084881472515e-08
1.032927212296017974e-08
1.032927342149454846e-08
1.032927469634848986e-08
1.032927592777300893e-08
1.032927722525493424e-08
1.032927866098363475e-08
1.032927993646107346e-08
1.032928916000191036e-08
1.032929043673122738e-08
1.032929173684133877e-08
1.032928504475724665e-08
1.032928631949343062e-08
1.032928759729935298e-08
1.032928889903748651e-08
1.032929035971278134e-08
1.032929163682652062e-08
1.032929291115998344e-08
1.032929418969612596e-08
1.032930346133032397e-08
1.032930473676458882e-08
1.032930603867465350e-08
1.032929934835288125e-08
1.032930058225847397e-08
1.032930186244818692e-08
1.032930316649804211e-08
1.032930447056381887e-08
1.032930575203796630e-08
1.032930703378610408e-08
1.032931028956468713e-08
1.032931956669557145e-08
1.032931284485675872e-08
1.032931433135874986e-08
1.032931560161749120e-08
1.032931686874096656e-08
1.032931813632582010e-08
1.032931943051161266e-08
1.032932069903132422e-08
1.032932196770785434e-08
1.032933125642162801e-08
1.032933255228398829e-08
1.032933382512613049e-08
1.032932712800059587e-08
1.032932840166080811e-08
1.032932969866872420e-08
1.032933097317945844e-08
1.032933243831711971e-08
1.032933373475713826e-08
1.032933503069720553e-08
1.032933827389360880e-08
1.032934754216119661e-08
1.032934882792518377e-08
1.032934209770383520e-08
1.032934338379072389e-08
1.032934486213459826e-08
1.032934614698883894e-08
1.032934743205753447e-08
1.032934864902944468e-08
1.032934993532402353e-08
1.032935119921900965e-08
1.032936041117291559e-08
1.032936169894275452e-08
1.032936317877427352e-08
1.032936446532093732e-08
1.032935795028323342e-08
1.032935923507941595e-08
1.032936049409438387e-08
1.032936189190038370e-08
1.032936317634264873e-08
1.032936443499814546e-08
1.032936590249542380e-08
1.032937533865082797e-08
1.032937662021697112e-08
1.032937007709798428e-08
1.032937135698841668e-08
1.032938063089773361e-08
1.032937329754641117e-08
1.032937471968426951e-08
1.032937598199447022e-08
1.032937727919149468e-08
1.032937874766297176e-08
1.032938799891488692e-08
1.032938921621642199e-08
1.032939047741252456e-08
1.032938374639855168e-08
1.032938697128693337e-08
1.032938822388004490e-08
1.032938949968679249e-08
1.032939271617638591e-08
1.032939395908248289e-08
1.032940321880863016e-08
1.032940459838099014e-08
1.032939448559062563e-08
1.032940374969819145e-08
1.032940500220527123e-08
1.032939828311028442e-08
1.032939953632308823e-08
1.032940081153912629e-08
1.032940208737765747e-08
1.032940336328980441e-08
1.032940461784653188e-08
1.032940589446129430e-08
1.032940714965766895e-08
1.032940842691156241e-08
1.032941767559414705e-08
1.032941892782770137e-08
1.032941218670759973e-08
1.032941344281229644e-08
1.032941465568693458e-08
1.032941593395027955e-08
1.032941719197985037e-08
1.032941844712237556e-08
1.032942166214021945e-08
1.032943109524481608e-08
1.032943236527195844e-08
1.032943363452881697e-08
1.032942629083054536e-08
1.032942775746796780e-08
1.032943700191168691e-08
1.032943025926156583e-08
1.032943153301692370e-08
1.032943278473825965e-08
1.032943405932123158e-08
1.032943533441899936e-08
1.032943660993196548e-08
1.032944607107747699e-08
1.032944732219605305e-08
1.032944073878826006e-08
1.032944201149474630e-08
1.032945125552720444e-08
1.032944446901760816e-08
1.032944567515461040e-08
1.032944708486857990e-08
1.032944835913070666e-08
1.032944963388763467e-08
1.032945088621380178e-08
1.032946015523690327e-08
1.032946140819439283e-08
1.032946266154487093e-08
1.032945591843104067e-08
1.032945719479276689e-08
1.032945840524039094e-08
1.032945965881580757e-08
1.032946094899869612e-08
1.032946222748723109e-08
1.032946366520207827e-08
1.032946491938389439e-08
1.032947416838489063e-08
1.032947544568190005e-08
1.032947864763646268e-08
1.032947384756112816e-08
1.032947703273278677e-08
1.032947827940983970e-08
1.032948768854837859e-08
1.032948886734173785e-08
1.032949008603323579e-08
1.032948345178373439e-08
1.032948467471359494e-08
1.032949389198127110e-08
1.032948712331085705e-08
1.032948837006343157e-08
1.032948975323011960e-08
1.032949119124356410e-08
1.032949260446637420e-08
1.032950184027319612e-08
1.032950321957262455e-08
1.032950446107464365e-08
1.032949770960354297e-08
1.032949893050320451e-08
1.032950017322648300e-08
1.032950139496837984e-08
1.032950263868358189e-08
1.032950388370111529e-08
1.032950510658069484e-08
1.032950635126799127e-08
1.032950757491666020e-08
1.032951681399325760e-08
1.032951803761122820e-08
1.032951947612376700e-08
1.032951272684208767e-08
1.032951390463729635e-08
1.032951531958285567e-08
1.032951655317980579e-08
1.032951777511923336e-08
1.032951921221800304e-08
1.032952045501029486e-08
1.032952167270273894e-08
1.032953090960531379e-08
1.032953232314364201e-08
1.032953353961512615e-08
1.032952678871392313e-08
1.032952803185690479e-08
1.032952925293401808e-08
1.032953047542395255e-08
1.032953173165634941e-08
1.032953295372204610e-08
1.032953433560812290e-08
1.032953557945910499e-08
1.032954479566114090e-08
1.032954604005945185e-08
1.032954726268814753e-08
1.032954049200762338e-08
1.032954172738200762e-08
1.032954295116493789e-08
1.032954417587398122e-08
1.032954540030709861e-08
1.032954684015854835e-08
1.032954808522124250e-08
1.032954944511267283e-08
1.032955868329570507e-08
1.032955990594669988e-08
1.032956115129763008e-08
1.032955440352355358e-08
1.032955578674726414e-08
1.032956500295156984e-08
1.032955825476133051e-08
1.032955943447137298e-08
1.032956065704316359e-08
1.032956190407936675e-08
1.032956312950232320e-08
1.032956435160155214e-08
1.032957359372029485e-08
1.032957482010983997e-08
1.032957606940647463e-08
1.032956950848110658e-08
1.032957073359147644e-08
1.032957198256242031e-08
1.032957320837897577e-08
1.032957443459604380e-08
1.032957568382577610e-08
1.032957704726216008e-08
1.032957826985832109e-08
1.032958749019937026e-08
1.032958871379118210e-08
1.032958994102584441e-08
1.032958317626021421e-08
1.032958440110284721e-08
1.032958565193034172e-08
1.032958688087810832e-08
1.032958811026335586e-08
1.032958933975461982e-08
1.032959059215276488e-08
1.032959184490729409e-08
1.032959309878940117e-08
1.032960232346618701e-08
1.032960357691734622e-08
1.032959681504990211e-08
1.032959825206429937e-08
1.032959948208665134e-08
1.032960070939749533e-08
1.032960386591589711e-08
1.032960508345764212e-08
1.032960571177846684e-08
1.032960693462375479e-08
1.032961615520005082e-08
1.032961738259840887e-08
1.032961860697536400e-08
1.032961179573217075e-08
1.032961304694350023e-08
1.032961429958574463e-08
1.032961553016722934e-08
1.032961678252958229e-08
1.032961803523598117e-08
1.032962118782258505e-08
1.032963042403364187e-08
1.032963164469153837e-08
1.032963286572621233e-08
1.032962604783580064e-08
1.032962729211130836e-08
1.032962851567668185e-08
1.032962976074608941e-08
1.032963100615902010e-08
1.032963242070744835e-08
1.032963382429988592e-08
1.032963504103449456e-08
1.032964420907492199e-08
1.032964543025289673e-08
1.032964660796141027e-08
1.032963983506983731e-08
1.032964105787416493e-08
1.032964968136611858e-08
1.032964291578951057e-08
1.032964416726147308e-08
1.032964482039819428e-08
1.032964605143336108e-08
1.032964730880367723e-08
1.032964874851196847e-08
1.032965000427520007e-08
1.032965925385755208e-08
1.032966048858119830e-08
1.032966174508284741e-08
1.032965500815684264e-08
1.032965643368771479e-08
1.032965766310596187e-08
1.032965910985835281e-08
1.032966036302411486e-08
1.032966159410200885e-08
1.032966284773898923e-08
1.032966407903032228e-08
1.032967272852259248e-08
1.032967417841211057e-08
1.032967554902905423e-08
1.032966878944485857e-08
1.032967004682166642e-08
1.032967130358584115e-08
1.032967253824077844e-08
1.032967376999220590e-08
1.032967500507677252e-08
1.032967623743907286e-08
1.032967768730778239e-08
1.032968693698354791e-08
1.032968819326479144e-08
1.032968944975760460e-08
1.032968269055504195e-08
1.032968394744270482e-08
1.032968520457570946e-08
1.032968646176920582e-08
1.032968771932398158e-08
1.032968897702621718e-08
1.032969023500127845e-08
1.032969149312332806e-08
1.032970014676010565e-08
1.032970138757289637e-08
1.032970262897015139e-08
1.032970389285309045e-08
1.032969714210428719e-08
1.032969840664807573e-08
1.032969967109857980e-08
1.032970112743356863e-08
1.032970238991613889e-08
1.032970363045094066e-08
1.032970506259267832e-08
1.032970632354125041e-08
1.032971496202854099e-08
1.032971620569024430e-08
1.032971740445124062e-08
1.032971067915428023e-08
1.032971194692025985e-08
1.032971340923282305e-08
1.032971465260572287e-08
1.032971589618736172e-08
1.032971716224695046e-08
1.032971842847316481e-08
1.032971967261862651e-08
1.032972091374331063e-08
1.032972955695306136e-08
1.032973080646329225e-08
1.032973207866676830e-08
1.032972535760880910e-08
1.032972660871198968e-08
1.032972788144074196e-08
1.032972915512406398e-08
1.032973040595347590e-08
1.032973165339309670e-08
1.032973292735229834e-08
1.032973439214691954e-08
1.032974363460323465e-08
1.032974490566764164e-08
1.032974629011999500e-08
1.032973972612944467e-08
1.032974099427489175e-08
1.032974224033639822e-08
1.032974352072990532e-08
1.032974476768234817e-08
1.032974603622692313e-08
1.032974670595246366e-08
1.032974737972401092e-08
1.032974863287565300e-08
1.032975728736100540e-08
1.032975857149786212e-08
1.032975983409656853e-08
1.032975312516064177e-08
1.032975441010075042e-08
1.032975588636917073e-08
1.032975716872356241e-08
1.032975864302107272e-08
1.032975990107831604e-08
1.032976111393445014e-08
1.032976236957746924e-08
1.032976303247797065e-08
1.032977231225017337e-08
1.032977361111503383e-08
1.032977489768985816e-08
1.032976816526315509e-08
1.032976945180027653e-08
1.032977071304791576e-08
1.032977201175309397e-08
1.032977327294003138e-08
1.032977394029349916e-08
1.032977536733196091e-08
1.032977665792164200e-08
1.032978605470557671e-08
1.032978751217690159e-08
1.032978879911402937e-08
1.032978209244613259e-08
1.032978338022989793e-08
1.032978464483519893e-08
1.032978610048715329e-08
1.032978736374146652e-08
1.032978866060840952e-08
1.032978992373065013e-08
1.032979120830531534e-08
1.032980062013080653e-08
1.032980191537174406e-08
1.032980317618412416e-08
1.032979644003782315e-08
1.032979770097560218e-08
1.032980695571417958e-08
1.032980024528432989e-08
1.032980092839328877e-08
1.032980219387300901e-08
1.032980345709213398e-08
1.032980412664027404e-08
1.032980535240046706e-08
1.032981464056229620e-08
1.032981531529045136e-08
1.032981659217272235e-08
1.032981786654764180e-08
1.032981117351728980e-08
1.032981240552574378e-08
1.032981381790831871e-08
1.032981528475752420e-08
1.032981655594613566e-08
1.032981785330205159e-08
1.032981908214529400e-08
1.032982035695339801e-08
1.032982964758517522e-08
1.032983092331261439e-08
1.032982439475156462e-08
1.032982508781010171e-08
1.032982638730239521e-08
1.032982768693537724e-08
1.032982917760907017e-08
1.032983044917177903e-08
1.032983192830355783e-08
1.032983322351558374e-08
1.032983451956538148e-08
1.032984378593672888e-08
1.032984508091587367e-08
1.032983854996560203e-08
1.032983995559584371e-08
1.032984124680831570e-08
1.032984270680044373e-08
1.032984397313619002e-08
1.032984545359507424e-08
1.032984685374504087e-08
1.032984813878658998e-08
1.032985741743298168e-08
1.032985881604907257e-08
1.032986009961621691e-08
1.032985338951467024e-08
1.032985460532390366e-08
1.032985582184294572e-08
1.032985721986217616e-08
1.032985850336982305e-08
1.032985990016550944e-08
1.032986137422585548e-08
