1.032259302094233391e-08
1.032260026104419954e-08
1.032260747591567344e-08
1.032261474935095237e-08
1.032262200985417233e-08
1.032262925744111095e-08
1.032263643065904649e-08
1.032264365236092129e-08
1.032265079047160433e-08
1.032265798669620542e-08
1.032266451929908797e-08
1.032266255848734126e-08
1.032266973558421621e-08
1.032266779079222992e-08
1.032267489378248348e-08
1.032268206398123626e-08
1.032268923056697496e-08
1.032268727049160428e-08
1.032269434518052170e-08
1.032270141411511913e-08
1.032270854337690026e-08
1.032271583340508975e-08
1.032271387769352363e-08
1.032271190439202300e-08
1.032270994507483284e-08
1.032271706706080609e-08
1.032272418535784498e-08
1.032273130337373345e-08
1.032273832624414804e-08
1.032274533672243090e-08
1.032275233491175462e-08
1.032275939072484225e-08
1.032276636444486974e-08
1.032277339642956729e-08
1.032278042494856666e-08
1.032278743135477503e-08
1.032279436570984131e-08
1.032280127827716381e-08
1.032280817952677784e-08
1.032281513684582383e-08
1.032282208231635789e-08
1.032282894337695352e-08
1.032283586473380127e-08
1.032284266214251789e-08
1.032284948899985197e-08
1.032285572469210181e-08
1.032286253540931077e-08
1.032287186326692373e-08
1.032287863746348329e-08
1.032288793232920101e-08
1.032289473755616078e-08
1.032290153112232071e-08
1.032290831296877231e-08
1.032291496964646537e-08
1.032292172887708269e-08
1.032293094725947405e-08
1.032293760221998152e-08
1.032294431312134401e-08
1.032295094529881257e-08
1.032295756618157819e-08
1.032295552794990340e-08
1.032296213891080632e-08
1.032296881427857254e-08
1.032297542348561598e-08
1.032298207598155867e-08
1.032298872951380812e-08
1.032299529248128162e-08
1.032300184423700516e-08
1.032300838494933813e-08
1.032300633497269292e-08
1.032301293275301045e-08
1.032301946124123524e-08
1.032302597878556440e-08
1.032303255166834271e-08
1.032303846435071910e-08
1.032304501989015371e-08
1.032305145580255276e-08
1.032305798829932624e-08
1.032306444627208960e-08
1.032307089328581662e-08
1.032307739550150799e-08
1.032308382091800747e-08
1.032309030131007859e-08
1.032309677092697244e-08
1.032310316407396343e-08
1.032310961194037139e-08
1.032311598377059043e-08
1.032312241013478081e-08
1.032312876070085644e-08
1.032313516571532496e-08
1.032314157243496180e-08
1.032314789063103642e-08
1.032315361414565224e-08
1.032315991661474867e-08
1.032316620924998118e-08
1.032317255620873209e-08
1.032317882474836541e-08
1.032318508625544482e-08
1.032319140191147112e-08
1.032318931358582778e-08
1.032319555695956133e-08
1.032320186182602239e-08
1.032320815602645764e-08
1.032321379000097741e-08
1.032322006849436952e-08
1.032322628287894474e-08
1.032323254133029655e-08
1.032323873767644654e-08
1.032324497534894030e-08
1.032325113892545683e-08
1.032325735587424231e-08
1.032326356288870942e-08
1.032326976884708525e-08
1.032327595185318928e-08
1.032328206459165520e-08
1.032328823072460319e-08
1.032328612336952427e-08
1.032329228174832073e-08
1.032329843786900510e-08
1.032330459715116053e-08
1.032331074548101784e-08
1.032331687134156266e-08
1.032332292422711385e-08
1.032332896690941368e-08
1.032333499996045095e-08
1.032334108617303291e-08
1.032334709968010510e-08
1.032335311251388204e-08
1.032335910749303329e-08
1.032336532736774686e-08
1.032337136225490340e-08
1.032337738766192492e-08
1.032338334101386366e-08
1.032338942458838467e-08
1.032339541616604351e-08
1.032340140148940298e-08
1.032340731518075112e-08
1.032341342192739531e-08
1.032341931178612648e-08
1.032342519549848384e-08
1.032343120576766505e-08
1.032343713107712720e-08
1.032344298538556298e-08
1.032344883039636956e-08
1.032345472746566391e-08
1.032346061529118680e-08
1.032346638943002869e-08
1.032347233462278194e-08
1.032347814480673040e-08
1.032348416820175254e-08
1.032348994557443553e-08
1.032349571404584449e-08
1.032350147310166002e-08
1.032350722353530384e-08
1.032351296455107950e-08
1.032351869363948643e-08
1.032352377401443612e-08
1.032352949435487868e-08
1.032353526593187108e-08
1.032354102865529460e-08
1.032354671858515167e-08
1.032355240273032295e-08
1.032355821854512310e-08
1.032356383848518705e-08
1.032356955549148625e-08
1.032357521606395726e-08
1.032358099194076021e-08
1.032358681779742381e-08
1.032359260982162777e-08
1.032359827784148045e-08
1.032360393695431517e-08
1.032360966740458069e-08
1.032361524791163293e-08
1.032362101736830664e-08
1.032362653391297448e-08
1.032363208772644182e-08
1.032363776962629089e-08
1.032364350177154378e-08
1.032364902828383229e-08
1.032365460446520473e-08
1.032366017224598068e-08
1.032366824839938529e-08
1.032367378522181343e-08
1.032367939155325250e-08
1.032368491018822890e-08
1.032369042040620912e-08
1.032369592317968626e-08
1.032370141675437401e-08
1.032370942390751520e-08
1.032371502435890945e-08
1.032372047848196565e-08
1.032372600562369229e-08
1.032373157876189042e-08
1.032373717935226590e-08
1.032374249166714229e-08
1.032374785406200294e-08
1.032375342898012500e-08
1.032375876115507851e-08
1.032376408544152981e-08
1.032376940279681803e-08
1.032377470813558071e-08
1.032378000987074924e-08
1.032378530302273605e-08
1.032379072655677066e-08
1.032379595747271885e-08
1.032380136445201398e-08
1.032380676257098548e-08
1.032381215422858287e-08
1.032381739577131873e-08
1.032382258659190853e-08
1.032383033283625543e-08
1.032383566651041258e-08
1.032384087541840994e-08
1.032384612067914399e-08
1.032385153404428502e-08
1.032385670571457327e-08
1.032386186993444575e-08
1.032386698151044134e-08
1.032387218886916581e-08
1.032387738808732628e-08
1.032388257979673984e-08
1.032388784607624741e-08
1.032389302142637434e-08
1.032389808771295920e-08
1.032390319258043897e-08
1.032390834653919550e-08
1.032391343711450471e-08
1.032391852031242165e-08
1.032392359317746142e-08
1.032392861662312986e-08
1.032393373486036460e-08
1.032393898465226170e-08
1.032394422573583953e-08
1.032395179275584156e-08
1.032395687733492183e-08
1.032396202504196971e-08
1.032396702269408366e-08
1.032397208419036467e-08
1.032397712601141531e-08
1.032398210561869173e-08
1.032398703291974805e-08
1.032399195368834235e-08
1.032399687065682590e-08
1.032400187729928634e-08
1.032400687953138684e-08
1.032401181976963231e-08
1.032401680810589262e-08
1.032402173461106222e-08
1.032402665514447584e-08
1.032403416610913941e-08
1.032403911371689908e-08
1.032404405347639062e-08
1.032404893195997026e-08
1.032405399596673947e-08
1.032405891395439722e-08
1.032406390799345243e-08
1.032406894976716021e-08
1.032407384445692529e-08
1.032407867843648233e-08
1.032408355974690209e-08
1.032408850870689197e-08
1.032409337558761909e-08
1.032409107571596204e-08
1.032409588571927875e-08
1.032410075020494246e-08
1.032410550869945607e-08
1.032411030665409802e-08
1.032411505266025399e-08
1.032411983845023393e-08
1.032412457218198914e-08
1.032412939613797500e-08
1.032413669999006149e-08
1.032414150032513734e-08
1.032414619500649489e-08
1.032415098386764093e-08
1.032415512706015013e-08
1.032416004570987166e-08
1.032416489273818963e-08
1.032416965796554977e-08
1.032417441652861349e-08
1.032418165418654257e-08
1.032418634634348385e-08
1.032419120972384235e-08
1.032419587538378979e-08
1.032420053088172083e-08
1.032420772502450849e-08
1.032421235425749632e-08
1.032421717118176208e-08
1.032422179098573134e-08
1.032422581885201974e-08
1.032423297444361159e-08
1.032423763120205008e-08
1.032424221791186637e-08
1.032424698819928553e-08
1.032425156048891349e-08
1.032425617921620462e-08
1.032426079196337861e-08
1.032426534656122959e-08
1.032426994738338241e-08
1.032427454320875387e-08
1.032427913215241608e-08
1.032428371513321614e-08
1.032428829221587103e-08
1.032429281156017434e-08
1.032429737687271912e-08
1.032430188451844691e-08
1.032430634036364982e-08
1.032431088878692839e-08
1.032431538005541476e-08
1.032431991713560034e-08
1.032432439700158064e-08
1.032432892246233202e-08
1.032433344226170709e-08
1.032433790187335780e-08
1.032434241009929158e-08
1.032434686153506265e-08
1.032435130735256840e-08
1.032435593664672789e-08
1.032436055889723602e-08
1.032436512230408075e-08
1.032436954110636897e-08
1.032437414366011852e-08
1.032437854986871095e-08
1.032438317674642110e-08
1.032438756984376573e-08
1.032439200832102128e-08
1.032439639038479893e-08
1.032440095645791974e-08
1.032440537685196981e-08
1.032440974095926109e-08
1.032441415043376938e-08
1.032441850395626233e-08
1.032442290260260417e-08
1.032442724616872775e-08
1.032443172155794867e-08
1.032443605219660578e-08
1.032444042775266238e-08
1.032444479801571598e-08
1.032444933841382060e-08
1.032445369589903973e-08
1.032445799758472104e-08
1.032446229423521334e-08
1.032446659786937979e-08
1.032447093402275409e-08
1.032447526462525017e-08
1.032447954026254580e-08
1.032448381168348348e-08
1.032448803190812359e-08
1.032449229266530027e-08
1.032449654909418326e-08
1.032450075477259091e-08
1.032450518900174130e-08
1.032450947817775514e-08
1.032451371233337573e-08
1.032451806960381577e-08
1.032452243054637193e-08
1.032452669641198777e-08
1.032453095702624915e-08
1.032453521264242223e-08
1.032453946307220098e-08
1.032454365908314036e-08
1.032454784986161974e-08
1.032455208522363031e-08
1.032455626714708333e-08
1.032456049332923537e-08
1.032456461863324417e-08
1.032456878525499405e-08
1.032457294719352358e-08
1.032457715332202005e-08
1.032458135453162415e-08
1.032458550171883006e-08
1.032458964377927972e-08
1.032459396793801897e-08
1.032459832335449083e-08
1.032460244751559907e-08
1.032460656686766948e-08
1.032461068147587396e-08
1.032461479116683547e-08
1.032461907372949564e-08
1.032462322095434654e-08
1.032462745244274971e-08
1.032463154034086043e-08
1.032463566832824976e-08
1.032463974674293989e-08
1.032464386883332555e-08
1.032464811043687706e-08
1.032465217517802517e-08
1.032465623030205385e-08
1.032466033158961637e-08
1.032466438008318859e-08
1.032466847263699770e-08
1.032467251361641161e-08
1.032467659662299639e-08
1.032468062697960136e-08
1.032468470074768050e-08
1.032468894313029885e-08
1.032469295766546491e-08
1.032469701545317231e-08
1.032470102086658431e-08
1.032470502174941561e-08
1.032470901813450195e-08
1.032471305778920264e-08
1.032471709290205312e-08
1.032472129933819626e-08
1.032472522963754706e-08
1.032472937728444536e-08
1.032473339084202787e-08
1.032473735223978305e-08
1.032474131058133913e-08
1.032474526363510840e-08
1.032474925984973432e-08
1.032475320441784150e-08
1.032475714440114298e-08
1.032476112723689342e-08
1.032476505849404493e-08
1.032476903260860188e-08
1.032477300235625069e-08
1.032477696761642647e-08
1.032478341772883493e-08
1.032478731544564894e-08
1.032479120381906584e-08
1.032479513733537995e-08
1.032479920749985668e-08
1.032480567777849007e-08
1.032480958223467209e-08
1.032481348240990327e-08
1.032481728586664925e-08
1.032482113154039082e-08
1.032482519332334089e-08
1.032482902565322154e-08
1.032483290344536224e-08
1.032483677735948337e-08
1.032484060081766832e-08
1.032484446599899060e-08
1.032484828100634107e-08
1.032485213835721599e-08
1.032485848444014641e-08
1.032486227322377042e-08
1.032486624583102231e-08
1.032487002437725392e-08
1.032487380140677708e-08
1.032487774535236964e-08
1.032488405233199593e-08
1.032488779965080614e-08
1.032489154329508818e-08
1.032489532850183763e-08
1.032489923978061858e-08
1.032490301596941026e-08
1.032490674265477085e-08
1.032491065401438886e-08
1.032491437068074431e-08
1.032492062673456439e-08
1.032492449533369936e-08
1.032493073084566353e-08
1.032493444735838011e-08
1.032493816042398031e-08
1.032494182123039721e-08
1.032494802980305917e-08
1.032495167134836871e-08
1.032495530847750654e-08
1.032495894099453013e-08
1.032496261806738760e-08
1.032496620083751106e-08
1.032496987231564147e-08
1.032497349445020337e-08
1.032497715796342820e-08
1.032498081795223497e-08
1.032498442945483435e-08
1.032498821215442584e-08
1.032499181512774755e-08
1.032499541471788071e-08
1.032499901078262138e-08
1.032500260337098663e-08
1.032500623806385422e-08
1.032500986836080776e-08
1.032501349514325285e-08
1.032501711841666379e-08
1.032502064737485856e-08
1.032502421622498153e-08
1.032502782961207206e-08
1.032503139509765278e-08
1.032503495376073549e-08
1.032503864151513172e-08
1.032504219570574813e-08
1.032504579039413636e-08
1.032504933756719729e-08
1.032505287831645299e-08
1.032505641887944747e-08
1.032506000103489137e-08
1.032506353492984396e-08
1.032506724984430036e-08
1.032507090402262820e-08
1.032507465384328919e-08
1.032507816859836768e-08
1.032508185400080322e-08
1.032508531470992873e-08
1.032508886252942303e-08
1.032509240717703207e-08
1.032509590107681109e-08
1.032509943909869515e-08
1.032510311609927854e-08
1.032510664530368527e-08
1.032511008233025430e-08
1.032511356167775582e-08
1.032511703809746976e-08
1.032512051114383860e-08
1.032512402481734369e-08
1.032512772085722761e-08
1.032513122576249413e-08
1.032513463774369353e-08
1.032513813671023174e-08
1.032514163256275919e-08
1.032514512518286498e-08
1.032514852494715433e-08
1.032515196827802911e-08
1.032515559434074270e-08
1.032515902613358449e-08
1.032516263415116772e-08
1.032516606058635241e-08
1.032516948290620932e-08
1.032517294469326531e-08
1.032517654840930092e-08
1.032517996067470635e-08
1.032518336961306066e-08
1.032518677541505214e-08
1.032519017850072642e-08
1.032519357838364009e-08
1.032519720539974882e-08
1.032520055089972109e-08
1.032520417268293968e-08
1.032520759966152082e-08
1.032521098064279997e-08
1.032521440214340727e-08
1.032521777700600662e-08
1.032522137807470692e-08
1.032522497407275698e-08
1.032522837493265863e-08
1.032523173322491125e-08
1.032523513228336738e-08
1.032523852752546363e-08
1.032524191974895449e-08
1.032524526310250391e-08
1.032524860648650517e-08
1.032525194732598470e-08
1.032525547215511058e-08
1.032525880731075916e-08
1.032526217740185813e-08
1.032526550406532808e-08
1.032526878238327919e-08
1.032527205818045363e-08
1.032527550828152710e-08
1.032527882381612233e-08
1.032528213339706029e-08
1.032528567234024653e-08
1.032528901956382994e-08
1.032529232163585390e-08
1.032529566380247194e-08
1.032529900238890505e-08
1.032530224991386341e-08
1.032530549517195646e-08
1.032530873821496405e-08
1.032531202525441471e-08
1.032531535154883142e-08
1.032531863319049515e-08
1.032532195380190146e-08
1.032532527259547581e-08
1.032532854553325892e-08
1.032533176967229108e-08
1.032533522658542520e-08
1.032533867535491986e-08
1.032534198761486090e-08
1.032534519681135837e-08
1.032534867913482412e-08
1.032535192734672785e-08
1.032535516826626190e-08
1.032535841102497413e-08
1.032536160562933888e-08
1.032536484413528232e-08
1.032536830900158598e-08
1.032537171276602151e-08
1.032537498128197500e-08
1.032537824699701388e-08
1.032538146840122645e-08
1.032538472850236753e-08
1.032538798607327726e-08
1.032539119622070321e-08
1.032539444911545837e-08
1.032539765707511071e-08
1.032540090393395045e-08
1.032540414809494392e-08
1.032540738952050240e-08
1.032541058695560493e-08
1.032541382279705569e-08
1.032541701498880095e-08
1.032542024567420334e-08
1.032542347383103040e-08
1.032542683511851725e-08
1.032543005583294722e-08
1.032543327472421488e-08
1.032543662133473006e-08
1.032543983264139174e-08
1.032544322799250377e-08
1.032544639054897165e-08
1.032544973683989898e-08
1.032545312067105523e-08
1.032545627136724039e-08
1.032545964868479929e-08
1.032546274858736006e-08
1.032546588742534700e-08
1.032546902311177746e-08
1.032547233255864268e-08
1.032547550623257184e-08
1.032547867828481837e-08
1.032548181798567546e-08
1.032548498392104709e-08
1.032548810638366370e-08
1.032549118053571315e-08
1.032549447144909878e-08
1.032549758590270785e-08
1.032550073847584357e-08
1.032550397942047262e-08
1.032550708537381159e-08
1.032551018546334330e-08
1.032551328738669472e-08
1.032551638285665929e-08
1.032551947904097372e-08
1.032552261372269902e-08
1.032552574590816695e-08
1.032552887563375525e-08
1.032553200296451505e-08
1.032553512783973296e-08
1.032553844091642221e-08
1.032554155856027665e-08
1.032554467459414149e-08
1.032554778732720166e-08
1.032555089767631737e-08
1.032555396207229262e-08
1.032555702729342354e-08
1.032556030904792959e-08
1.032556336745818273e-08
1.032556646394389035e-08
1.032556951768743036e-08
1.032557261028349815e-08
1.032557565611483558e-08
1.032557874321162964e-08
1.032558182807078601e-08
1.032558486691538705e-08
1.032558794688797891e-08
1.032559093873126599e-08
1.032559397485228554e-08
1.032559719620955231e-08
1.032560022552505089e-08
1.032560324945795619e-08
1.032560631422053292e-08
1.032560933694830556e-08
1.032561258563360475e-08
1.032561564136365374e-08
1.032561866690727822e-08
1.032562189669623024e-08
1.032562494336504998e-08
1.032562794474869249e-08
1.032563094673785933e-08
1.032563407866376626e-08
1.032563726352821164e-08
1.032564029629676743e-08
1.032564329846104510e-08
1.032564651365307337e-08
1.032564953644745886e-08
1.032565264638669665e-08
1.032565566342928671e-08
1.032565859301786571e-08
1.032566156662095175e-08
1.032566457783405261e-08
1.032566750151090082e-08
1.032567068831293903e-08
1.032567364893711789e-08
1.032567661053431096e-08
1.032567960967865313e-08
1.032568275585726417e-08
1.032568574846840647e-08
1.032568869624866245e-08
1.032569159960415296e-08
1.032569454716993755e-08
1.032569753197699970e-08
1.032570051482621798e-08
1.032570358847272276e-08
1.032570652637441729e-08
1.032570950143990075e-08
1.032571243515205120e-08
1.032571559536163562e-08
1.032571852282183755e-08
1.032572144462438547e-08
1.032572432221380374e-08
1.032572728324758094e-08
1.032573038211263387e-08
1.032573325220423892e-08
1.032573616328308338e-08
1.032573907578178336e-08
1.032574198655199846e-08
1.032574508354766788e-08
1.032574816710033879e-08
1.032575106727820505e-08
1.032575415465491539e-08
1.032575708765827132e-08
1.032576011272552082e-08
1.032576304032085594e-08
1.032576611635983175e-08
1.032576903770513408e-08
1.032577193041062292e-08
1.032577733021578721e-08
1.032578042072820524e-08
1.032578327573139072e-08
1.032578613254879338e-08
1.032578902593517594e-08
1.032579183348740034e-08
1.032579468528004474e-08
1.032579753520886593e-08
1.032580042202555838e-08
1.032580349709220324e-08
1.032580637778431809e-08
1.032580944681988322e-08
1.032581232146698862e-08
1.032581532511991677e-08
1.032581819451349883e-08
1.032582102381641594e-08
1.032582388934129083e-08
1.032582675325543661e-08
1.032582971077490058e-08
1.032583252794234522e-08
1.032583534352954897e-08
1.032583819873455328e-08
1.032584123314597248e-08
1.032584408273573233e-08
1.032584689216073170e-08
1.032584970225430144e-08
1.032585250597244776e-08
1.032585534923301034e-08
1.032585833203900182e-08
1.032586132081927219e-08
1.032586411784871364e-08
1.032586708910740108e-08
1.032586987493514780e-08
1.032587266236591594e-08
1.032587548621694684e-08
1.032587830835255735e-08
1.032588109164120535e-08
1.032588633820919743e-08
1.032588914132189221e-08
1.032589190485322208e-08
1.032589483616578610e-08
1.032589763282286889e-08
1.032590042779101101e-08
1.032590322086135264e-08
1.032590597476344323e-08
1.032590891725604309e-08
1.032591166239843326e-08
1.032591457846862616e-08
1.032591732228989640e-08
1.032592007651572728e-08
1.032592286647668375e-08
1.032592564262898487e-08
1.032592856049092707e-08
1.032593142617404988e-08
1.032593432605735878e-08
1.032593705333069392e-08
1.032594000799660150e-08
1.032594268520856561e-08
1.032594536058108684e-08
1.032594811877375334e-08
1.032595083712800360e-08
1.032595374376657727e-08
1.032595645693413874e-08
1.032595920584589336e-08
1.032596195321580482e-08
1.032596466161778357e-08
1.032596736859687269e-08
1.032597011118691768e-08
1.032597276955409443e-08
1.032597550972820458e-08
1.032597820287092449e-08
1.032598089472675485e-08
1.032598378343560475e-08
1.032598643351700265e-08
1.032598912846434114e-08
1.032599204907095630e-08
1.032599477572555869e-08
1.032599769240165973e-08
1.032600041379428996e-08
1.032600313364058545e-08
1.032600581161999285e-08
1.032600854040062477e-08
1.032601125553843782e-08
1.032601396906771875e-08
1.032601683378019805e-08
1.032601955405552235e-08
1.032602222018655843e-08
1.032602502338328979e-08
1.032602785895974153e-08
1.032603070281842353e-08
1.032603331700320040e-08
1.032603601169597901e-08
1.032603884095707552e-08
1.032604149448273107e-08
1.032604663830490039e-08
1.032604927554783149e-08
1.032604680798040626e-08
1.032604948750294887e-08
1.032605212398374553e-08
1.032605475939319109e-08
1.032605763014354789e-08
1.032606030688282461e-08
1.032606293646957544e-08
1.032606562285614715e-08
1.032606825905983334e-08
1.032607089368549549e-08
1.032607352691011718e-08
1.032607619540560769e-08
1.032608126932883149e-08
1.032608411193305769e-08
1.032608672387325681e-08
1.032608933087108154e-08
1.032609213127530244e-08
1.032609477346931317e-08
1.032609737773263596e-08
1.032610001720085330e-08
1.032610257430699484e-08
1.032610516588653526e-08
1.032610794735905032e-08
1.032611054433934064e-08
1.032611313969302165e-08
1.032611573411851998e-08
1.032611855392736738e-08
1.032612115530076761e-08
1.032612373390442006e-08
1.032612631159209406e-08
1.032612893423417231e-08
1.032613151937355745e-08
1.032613410323204018e-08
1.032613672213989758e-08
1.032613930353627556e-08
1.032614207423848545e-08
1.032614460502530492e-08
1.032614737169706238e-08
1.032615017112992343e-08
1.032615292168119635e-08
1.032615552315107562e-08
1.032615812328924043e-08
1.032616086795075577e-08
1.032616342393430733e-08
1.032616620095025780e-08
1.032616879181689261e-08
1.032617139343488353e-08
1.032617398234014903e-08
1.032617656885779906e-08
1.032617907527042656e-08
1.032618162185996419e-08
1.032618416956448504e-08
1.032618667036282266e-08
1.032618921616804417e-08
1.032619171559332650e-08
1.032619421399844201e-08
1.032619679360789149e-08
1.032619937205581065e-08
1.032620191343214173e-08
1.032620688056870592e-08
1.032620936031107998e-08
1.032621192082577971e-08
1.032621444455356225e-08
1.032621696705947661e-08
1.032621962302374994e-08
1.032622217745697479e-08
1.032622473069775096e-08
1.032622746468931634e-08
1.032623011272632412e-08
1.032623265859932812e-08
1.032623530290967052e-08
1.032623800074345907e-08
1.032624053938078834e-08
1.032624308896373379e-08
1.032624562493849275e-08
1.032624807864866576e-08
1.032625057400525179e-08
1.032625320706394435e-08
1.032625565666858506e-08
1.032625828637878764e-08
1.032626081419700809e-08
1.032626334054658261e-08
1.032626586591611518e-08
1.032627081714006862e-08
1.032627348259996344e-08
1.032627598872920218e-08
1.032627849379742792e-08
1.032628099746646112e-08
1.032628350022495540e-08
1.032628592088042865e-08
1.032628838678567911e-08
1.032629085164812447e-08
1.032629331572713881e-08
1.032629591338358310e-08
1.032629840904421426e-08
1.032630090351850298e-08
1.032630358885332777e-08
1.032630607960739981e-08
1.032630856839331966e-08
1.032631102087513608e-08
1.032631347251758916e-08
1.032631587691161139e-08
1.032631855387666210e-08
1.032632100064725629e-08
1.032632348144671921e-08
1.032632596117588154e-08
1.032632835988009064e-08
1.032633083798059226e-08
1.032633331511640937e-08
1.032633579126301111e-08
1.032633823119012007e-08
1.032634067003648613e-08
1.032634314379539464e-08
1.032634558055785451e-08
1.032634820635380369e-08
1.032635082934104620e-08
1.032635329355165339e-08
1.032635572169398965e-08
1.032635814562889323e-08
1.032636052825415382e-08
1.032636317751206861e-08
1.032636577107458760e-08
1.032636823887382358e-08
1.032637084929884785e-08
1.032637331259584232e-08
1.032637591768442998e-08
1.032637836349573124e-08
1.032638095594684375e-08
1.032638336290173940e-08
1.032638595151250378e-08
1.032638835449924198e-08
1.032639079097589771e-08
1.032639323875997510e-08
1.032639808334596456e-08
1.032640050333222222e-08
1.032640292246418429e-08
1.032640534068589862e-08
1.032640772329152360e-08
1.032641028780994789e-08
1.032641284957031048e-08
1.032641522527093611e-08
1.032642000410122186e-08
1.032642254795994512e-08
1.032642493984951773e-08
1.032642733111505040e-08
1.032642968715501066e-08
1.032643207669486094e-08
1.032643443100887907e-08
1.032643695655120968e-08
1.032643935426901086e-08
1.032644173878870697e-08
1.032644412239535449e-08
1.032644647315422480e-08
1.032644900169530019e-08
1.032645152989520329e-08
1.032645627309932629e-08
1.032645863493830737e-08
1.032646100822048188e-08
1.032646336823495565e-08
1.032646572719922602e-08
1.032646822372766725e-08
1.032647054572912379e-08
1.032647530806525607e-08
1.032647761640936679e-08
1.032648232568706574e-08
1.032648476814660304e-08
1.032648705514366534e-08
1.032648947891034354e-08
1.032649176673380064e-08
1.032649423743393586e-08
1.032649651844895205e-08
1.032649880204509766e-08
1.032650108622225659e-08
1.032650340244348751e-08
1.032650571815873205e-08
1.032650795648227192e-08
1.032651026916496976e-08
1.032651271907423462e-08
1.032651503141169706e-08
1.032651734270352710e-08
1.032651965357042784e-08
1.032652193023425728e-08
1.032652434327391006e-08
1.032652661708179257e-08
1.032652888997343026e-08
1.032653133415820658e-08
1.032653360456068411e-08
1.032653582896044162e-08
1.032653809953473283e-08
1.032654036879421881e-08
1.032654263747431274e-08
1.032654493918248941e-08
1.032654724015328255e-08
1.032654954042257193e-08
1.032655185213329285e-08
1.032655650828419531e-08
1.032655889408327843e-08
1.032656109787927714e-08
1.032656356434835706e-08
1.032656582307937735e-08
1.032656807098868652e-08
1.032657048256142547e-08
1.032657271338255465e-08
1.032657498977343269e-08
1.032657723234919210e-08
1.032657947455792486e-08
1.032658166998103432e-08
1.032658391140532027e-08
1.032658610675541450e-08
1.032658838106658512e-08
1.032659062171961614e-08
1.032659299776417520e-08
1.032659526980584180e-08
1.032659754036636873e-08
1.032659977691768406e-08
1.032660201280696043e-08
1.032660428149202406e-08
1.032660647029604915e-08
1.032660870501733656e-08
1.032661097247887930e-08
1.032661342267962276e-08
1.032661560777140187e-08
1.032661779359236220e-08
1.032662003647976853e-08
1.032662243627269952e-08
1.032662469750484764e-08
1.032662695789080818e-08
1.032662935437255172e-08
1.032663395724269290e-08
1.032663619782936584e-08
1.032663857774207786e-08
1.032664081903006100e-08
1.032664303857259906e-08
1.032664527835734687e-08
1.032664771059105078e-08
1.032665229232789694e-08
1.032665451493156245e-08
1.032665670399400041e-08
1.032665892546517624e-08
1.032666111369841196e-08
1.032666352966757286e-08
1.032666571079121768e-08
1.032666789497225275e-08
1.032667011169365659e-08
1.032667232784176471e-08
1.032667454342921478e-08
1.032667695073914793e-08
1.032667916288797345e-08
1.032668134189400282e-08
1.032668352026341910e-08
1.032668573072377708e-08
1.032668791034228406e-08
1.032669027763914841e-08
1.032669245185741007e-08
1.032669462547306073e-08
1.032669693523060308e-08
1.032669932315645359e-08
1.032670150382663304e-08
1.032670368370046917e-08
1.032670585095323810e-08
1.032670805027534775e-08
1.032671024936252818e-08
1.032671236961330156e-08
1.032671456811879865e-08
1.032671673358180682e-08
1.032671889865560005e-08
1.032672107549425243e-08
1.032672324152691507e-08
1.032672559462253091e-08
1.032672778880134731e-08
1.032672994999372786e-08
1.032673214190304024e-08
1.032673443811658698e-08
1.032673660764776701e-08
1.032673876427203601e-08
1.032674105730849948e-08
1.032674337831324640e-08
1.032674551736180508e-08
1.032674766968701460e-08
1.032674985425450183e-08
1.032675203838791114e-08
1.032675418634954772e-08
1.032675650667186236e-08
1.032675865539411633e-08
1.032676083611338729e-08
1.032676301639089749e-08
1.032676519610217112e-08
1.032676734259968809e-08
1.032676944317554378e-08
1.032677162190775816e-08
1.032677380035741593e-08
1.032677597824785989e-08
1.032677815557868474e-08
1.032678033234843297e-08
1.032678250862318972e-08
1.032678465424261145e-08
1.032678702045207409e-08
1.032678917270515181e-08
1.032679126618027736e-08
1.032679363382849825e-08
1.032679577053630454e-08
1.032679809867835456e-08
1.032680026456010307e-08
1.032680242988508954e-08
1.032680457462807040e-08
1.032680673862130270e-08
1.032680882432899054e-08
1.032681112537964631e-08
1.032681328698157887e-08
1.032681541607332647e-08
1.032681757690532428e-08
1.032681992980397351e-08
1.032682204148919735e-08
1.032682419900164657e-08
1.032682632391182908e-08
1.032682848064035427e-08
1.032683060464887352e-08
1.032683295308402474e-08
1.032683511819431648e-08
1.032683737284862345e-08
1.032683949098279550e-08
1.032684160564517306e-08
1.032684375499905387e-08
1.032684588415041969e-08
1.032684800117631530e-08
1.032685028315321515e-08
1.032685242895967070e-08
1.032685454256979014e-08
1.032685668755938829e-08
1.032685875439179228e-08
1.032686086721502970e-08
1.032686301142964563e-08
1.032686515527787846e-08
1.032686726676969755e-08
1.032686940931998970e-08
1.032687151987873582e-08
1.032687382263713574e-08
1.032687609934657262e-08
1.032687820471193475e-08
1.032688030945885364e-08
1.032688241364979797e-08
1.032688474333329575e-08
1.032688702812555941e-08
1.032688915862394584e-08
1.032689121193614889e-08
1.032689331015069841e-08
1.032689540468478720e-08
1.032689750215499328e-08
1.032689959918065429e-08
1.032690187955841716e-08
1.032690401778697846e-08
1.032690611129613919e-08
1.032690823616799346e-08
1.032691036063063155e-08
1.032691249675576521e-08
1.032691458818738241e-08
1.032691667918302912e-08
1.032691876980727834e-08
1.032692089187310767e-08
1.032692298149969436e-08
1.032692524032012461e-08
1.032692735945051163e-08
1.032692957998287552e-08
1.032693166170828428e-08
1.032693374609220521e-08
1.032693602269664474e-08
1.032693829787145479e-08
1.032694037434752741e-08
1.032694248452001161e-08
1.032694474669702333e-08
1.032694698872944420e-08
1.032694844703632738e-08
1.032695052504183213e-08
1.032695264695657196e-08
1.032695490864807002e-08
1.032695716801632048e-08
1.032695945716720393e-08
1.032696152685091273e-08
1.032696359728187664e-08
1.032696585059095963e-08
1.032696808784637937e-08
1.032697018388380275e-08
1.032697238665511162e-08
1.032697440329527137e-08
1.032697649725121551e-08
1.032697872762345362e-08
1.032698074319002724e-08
1.032698283499323383e-08
1.032698508959771144e-08
1.032698719068742165e-08
1.032698941473705015e-08
1.032699160831978200e-08
1.032699369388353214e-08
1.032699570111341394e-08
1.032699775407462606e-08
1.032699983823477478e-08
1.032700208517687985e-08
1.032700430551285618e-08
1.032700638469257359e-08
1.032700846345465082e-08
1.032701052266331822e-08
1.032701256893726809e-08
1.032701464642741782e-08
1.032701672350419562e-08
1.032701876890827904e-08
1.032702081073780237e-08
1.032702285524398620e-08
1.032702489630427788e-08
1.032702693703658583e-08
1.032702911930921099e-08
1.032703119266176856e-08
1.032703323110471519e-08
1.032703549864835395e-08
1.032703776280672628e-08
1.032703975323765509e-08
1.032704192798160161e-08
1.032704417943662874e-08
1.032704621148096607e-08
1.032704838176694510e-08
1.032705044275849113e-08
1.032705250333136962e-08
1.032705456348711250e-08
1.032705678719581851e-08
1.032705900732883284e-08
1.032706116664214028e-08
1.032706321935829022e-08
1.032706527178587158e-08
1.032706732393134134e-08
1.032706929901170712e-08
1.032707131972313074e-08
1.032707347961051310e-08
1.032707488635890941e-08
1.032707713566251587e-08
1.032707918801868011e-08
1.032708123995807768e-08
1.032708329148088889e-08
1.032708535466192906e-08
1.032708740533381461e-08
1.032708942443020778e-08
1.032709144340190348e-08
1.032709349275508115e-08
1.032709551083047537e-08
1.032709752857868161e-08
1.032709954708535622e-08
1.032710156416312760e-08
1.032710357754170262e-08
1.032710562512528454e-08
1.032710785839424298e-08
1.032710990303257223e-08
1.032711191625128963e-08
1.032711412434233102e-08
1.032711613460659916e-08
1.032711809907917595e-08
1.032712010942261685e-08
1.032712215023169874e-08
1.032712414506339054e-08
1.032712613994600853e-08
1.032712814994408995e-08
1.032713015951567704e-08
1.032713236396485727e-08
1.032713436757864126e-08
1.032713637435720007e-08
1.032713856586974866e-08
1.032714074029463177e-08
1.032714274226009791e-08
1.032714477466494041e-08
1.032714680674075858e-08
1.032714900173854996e-08
1.032715095443755903e-08
1.032715314818833097e-08
1.032715514410816397e-08
1.032715715171812533e-08
1.032715937264807524e-08
1.032716139587436945e-08
1.032716360541001892e-08
1.032716573243507561e-08
1.032716767570014274e-08
1.032716962035418838e-08
1.032717160664634878e-08
1.032717362569077847e-08
1.032717565649940226e-08
1.032717764058545542e-08
1.032717965843671181e-08
1.032718164504999365e-08
1.032718358815662756e-08
1.032718552720822855e-08
1.032718755710637961e-08
1.032718949824515911e-08
1.032719151585297625e-08
1.032719371928363575e-08
1.032719570368084117e-08
1.032719764173391936e-08
1.032719961049026105e-08
1.032720159154428201e-08
1.032720352982095704e-08
1.032720565262521382e-08
1.032720763569468847e-08
1.032720961812838053e-08
1.032721160026913153e-08
1.032721361359383062e-08
1.032721562566234511e-08
1.032721760677572456e-08
1.032721954143314692e-08
1.032722155287182624e-08
1.032722356416607155e-08
1.032722577005517304e-08
1.032722774401497875e-08
1.032722972125699742e-08
1.032723172873075853e-08
1.032723373581465618e-08
1.032723574247827163e-08
1.032723767234157684e-08
1.032723967883330251e-08
1.032724103972986316e-08
1.032724306242760220e-08
1.032724504238939404e-08
1.032724702214346097e-08
1.032724903171342348e-08
1.032725100741135237e-08
1.032725298542285746e-08
1.032725499404800104e-08
1.032725699888645902e-08
1.032725920140661104e-08
1.032726120638421899e-08
1.032726318057134220e-08
1.032726535076097454e-08
1.032726735215676636e-08
1.032726935312967202e-08
1.032727135361667193e-08
1.032727351759293214e-08
1.032727551491954956e-08
1.032727751189375164e-08
1.032727950922040215e-08
1.032728150527891033e-08
1.032728350085221256e-08
1.032728549600245161e-08
1.032728768588891697e-08
1.032728984115516055e-08
1.032729180006436538e-08
1.032729375863233008e-08
1.032729574696503751e-08
1.032729787442654447e-08
1.032729983121720244e-08
1.032730178660307943e-08
1.032730396768054607e-08
1.032730587553606423e-08
1.032730781254201448e-08
1.032730976220432606e-08
1.032731169938322157e-08
1.032731384946950133e-08
1.032731583015579916e-08
1.032731794961443626e-08
1.032731989793336351e-08
1.032732201505964742e-08
1.032732397321156013e-08
1.032732593065960169e-08
1.032732787550436376e-08
1.032733209820639491e-08
1.032733422496650565e-08
1.032733618423819591e-08
1.032733814322076008e-08
1.032734006836457804e-08
1.032734200858273696e-08
1.032734410586435578e-08
1.032734624801036837e-08
1.032734816819327483e-08
1.032735007560582950e-08
1.032735199902350184e-08
1.032735390644240595e-08
1.032735599934156895e-08
1.032735793342757329e-08
1.032735989674781469e-08
1.032736184737994591e-08
1.032736390679377892e-08
1.032736605126007945e-08
1.032737024214533626e-08
1.032737209990714063e-08
1.032737414257130077e-08
1.032737604475525672e-08
1.032737813239747186e-08
1.032737942008936390e-08
1.032738135407418420e-08
1.032738339754904256e-08
1.032738552501513375e-08
1.032738761955502439e-08
1.032738965677810957e-08
1.032739150696768590e-08
1.032739335723505525e-08
1.032739525383843058e-08
1.032739718024186428e-08
1.032739911844800562e-08
1.032740120989208182e-08
1.032740310344261309e-08
1.032740522493997082e-08
1.032740711556723754e-08
1.032740914551902298e-08
1.032741106378571923e-08
1.032741312222451971e-08
1.032741500883812743e-08
1.032741692490183325e-08
1.032741884077552246e-08
1.032742075715245842e-08
1.032742264285494654e-08
1.032742448259096997e-08
1.032742636844164584e-08
1.032742826619673617e-08
1.032743015146151340e-08
1.032743206624324975e-08
1.032743395121324131e-08
1.032743586555378103e-08
1.032743775004613038e-08
1.032743964628958950e-08
1.032744174620140444e-08
1.032744362741199578e-08
1.032744550862136289e-08
1.032744752923211366e-08
1.032744940530209182e-08
1.032745123884120401e-08
1.032745328789929493e-08
1.032745516608399341e-08
1.032745723939642940e-08
1.032745911458094546e-08
1.032746099180326065e-08
1.032746289483169521e-08
1.032746479989331821e-08
1.032746667418697398e-08
1.032746853182480880e-08
1.032747040616185019e-08
1.032747226397370064e-08
1.032747412195213866e-08
1.032747621267400346e-08
1.032747825461202642e-08
1.032748015476592232e-08
1.032748225359017509e-08
1.032748430775401517e-08
1.032748618563009422e-08
1.032748807982746750e-08
1.032748997091935164e-08
1.032749186517085065e-08
1.032749394595714803e-08
1.032749580785877795e-08
1.032749780961018299e-08
1.032749969929797106e-08
1.032750158877213311e-08
1.032750340280569449e-08
1.032750545896166177e-08
1.032750731677588789e-08
1.032750920372194610e-08
1.032751106129332523e-08
1.032751291504094947e-08
1.032751480158381339e-08
1.032751661273407296e-08
1.032751860947863813e-08
1.032752049453327508e-08
1.032752254596502860e-08
1.032752439907453263e-08
1.032752625168726177e-08
1.032752813357701802e-08
1.032753015557886986e-08
1.032753200642446327e-08
1.032753399641889715e-08
1.032753584218968457e-08
1.032753771996684274e-08
1.032753956842930400e-08
1.032754144598447833e-08
1.032754329410428498e-08
1.032754514216956719e-08
1.032754701899457596e-08
1.032754886658094045e-08
1.032755071365958479e-08
1.032755256171234183e-08
1.032755440880660003e-08
1.032755625524611500e-08
1.032755805595864068e-08
1.032755990309747564e-08
1.032756197784788572e-08
1.032756396165164034e-08
1.032756583343798759e-08
1.032756770494688524e-08
1.032756954687356582e-08
1.032757158476583020e-08
1.032757337835667326e-08
1.032757521825587461e-08
1.032757709900804245e-08
1.032757913435914678e-08
1.032758097108807090e-08
1.032758300392319124e-08
1.032758483467488840e-08
1.032758666878189813e-08
1.032758850262170867e-08
1.032759033633757943e-08
1.032759219875574229e-08
1.032759402873595291e-08
1.032759586211595360e-08
1.032759791118502451e-08
1.032759974261207990e-08
1.032760161417720928e-08
1.032760358429009905e-08
1.032760544161589653e-08
1.032760729872925582e-08
1.032760913861041305e-08
1.032761096607504169e-08
1.032761274758922483e-08
1.032761457525094745e-08
1.032761643197934681e-08
1.032761825964887140e-08
1.032762008677281082e-08
1.032762191477532524e-08
1.032762374175637748e-08
1.032762556961294084e-08
1.032762742488714841e-08
1.032762925125011807e-08
1.032763103166382508e-08
1.032763288373149844e-08
1.032763487913261144e-08
1.032763687290659732e-08
1.032763872476004083e-08
1.032764273535978262e-08
1.032764477359906747e-08
1.032764656409448156e-08
1.032764840089662605e-08
1.032765020870737055e-08
1.032765199927972899e-08
1.032765380763898357e-08
1.032765564446161732e-08
1.032765745251284638e-08
1.032765928910778048e-08
1.032766109697139340e-08
1.032766290429874182e-08
1.032766493918968226e-08
1.032766677271439489e-08
1.032766860595793890e-08
1.032767039282968980e-08
1.032767219737543000e-08
1.032767417044191208e-08
1.032767600179223323e-08
1.032767799915783732e-08
1.032767975340079052e-08
1.032768158270793089e-08
1.032768341194578331e-08
1.032768542757890030e-08
1.032768725414971066e-08
1.032768908044679868e-08
1.032769087900634363e-08
1.032769267607880974e-08
1.032769469745923057e-08
1.032769652066646317e-08
1.032769831510563619e-08
1.032770010625417225e-08
1.032770190019893115e-08
1.032770364833125301e-08
1.032770544288166363e-08
1.032770726577780684e-08
1.032770901384381859e-08
1.032771080533225474e-08
1.032771262836669262e-08
1.032771445143076011e-08
1.032771624569683898e-08
1.032771803970183979e-08
1.032771983376482596e-08
1.032772165583372900e-08
1.032772344946782203e-08
1.032772524277319513e-08
1.032772706428397791e-08
1.032772904297283969e-08
1.032773097244040020e-08
1.032773276147527968e-08
1.032773457853914279e-08
1.032773636697260572e-08
1.032773815543135887e-08
1.032773994315788843e-08
1.032774173126524864e-08
1.032774351901227905e-08
1.032774553112943672e-08
1.032774731630040502e-08
1.032774912923125193e-08
1.032775094232966412e-08
1.032775275521430637e-08
1.032775456788503475e-08
1.032775651989324544e-08
1.032775830212035569e-08
1.032776008424780060e-08
1.032776189436574539e-08
1.032776390072607176e-08
1.032776567988569024e-08
1.032776765445792559e-08
1.032776942769535275e-08
1.032777141907838299e-08
1.032777341814322285e-08
1.032777521782548681e-08
1.032777698567764227e-08
1.032777875685864880e-08
1.032778055592221640e-08
1.032778235476523614e-08
1.032778431197254168e-08
1.032778610828587105e-08
1.032779007081018171e-08
1.032779185490704274e-08
1.032779363885995119e-08
1.032779539446892369e-08
1.032779734632033898e-08
1.032779909940230449e-08
1.032780088051558461e-08
1.032780266230181918e-08
1.032780660895015160e-08
1.032780830345884581e-08
1.032781004457845617e-08
1.032781178564876326e-08
1.032781369519635381e-08
1.032781546244512237e-08
1.032781720182632003e-08
1.032781896911964054e-08
1.032782073636174038e-08
1.032782266210674658e-08
1.032782461433707347e-08
1.032782634883171158e-08
1.032782808327008983e-08
1.032782981450527899e-08
1.032782752940377220e-08
1.032782922370508066e-08
1.032783116473881153e-08
1.032783293514126078e-08
1.032783463143421501e-08
1.032783640213992852e-08
1.032783814475682016e-08
1.032783991542222019e-08
1.032784165455789410e-08
1.032784339706516115e-08
1.032784513930390552e-08
1.032784627242674215e-08
1.032784804725323290e-08
1.032784979463365916e-08
1.032785156966152703e-08
1.032785334463368593e-08
1.032785107311069631e-08
1.032785282551843352e-08
1.032785460981408922e-08
1.032785639391411505e-08
1.032785817773827780e-08
1.032786015798522857e-08
1.032786210705946271e-08
1.032786388554225058e-08
1.032786566381437210e-08
1.032786763880043928e-08
1.032786941426485337e-08
1.032787118951963673e-08
1.032787293676663546e-08
1.032787487893646416e-08
1.032787666430712709e-08
1.032787843626380735e-08
1.032788016219114892e-08
1.032788193424016404e-08
1.032788384714364453e-08
1.032788554460936882e-08
1.032788731618970836e-08
1.032788901311061345e-08
1.032789078411319711e-08
1.032789255515438365e-08
1.032789429467525241e-08
1.032789606521375797e-08
1.032789783583201036e-08
1.032789957832156251e-08
1.032790151887337466e-08
1.032790327076121065e-08
1.032790502212848865e-08
1.032790678874172607e-08
1.032790866744664506e-08
1.032791043244937011e-08
1.032791239318315670e-08
1.032791415523185765e-08
1.032791591729140129e-08
1.032791767913496145e-08
1.032791963685181520e-08
1.032792139574313798e-08
1.032792312670638986e-08
1.032792488530446884e-08
1.032792665606610968e-08
1.032792841425884534e-08
1.032792615451916266e-08
1.032792802828087843e-08
1.032792972071877562e-08
1.032793148701350219e-08
1.032793322237552520e-08
1.032793498837108370e-08
1.032793672648176834e-08
1.032793849232681140e-08
1.032794025880641946e-08
1.032794195138626414e-08
1.032794385737049793e-08
1.032794581753986941e-08
1.032794755120039679e-08
1.032794923893690543e-08
1.032794698618568628e-08
1.032794875454222008e-08
1.032795049761190542e-08
1.032795226861413175e-08
1.032795423511374937e-08
1.032795597541324820e-08
1.032795771550291612e-08
1.032795948322548051e-08
1.032796140962016926e-08
1.032796314703817947e-08
1.032796488085911868e-08
1.032796657180295727e-08
1.032796830910086747e-08
1.032797004640773934e-08
1.032797393745636588e-08
1.032797580247318447e-08
1.032797748006445690e-08
1.032797918550808673e-08
1.032798090997708902e-08
1.032798277359823554e-08
1.032798466411073590e-08
1.032798641276107466e-08
1.032798813350243550e-08
1.032798980806043332e-08
1.032799155666677599e-08
1.032799327786454201e-08
1.032799522511199740e-08
1.032799715804005476e-08
1.032799889805548488e-08
1.032800061367608818e-08
1.032800232908894011e-08
1.032800404110800565e-08
1.032800578400062141e-08
1.032800752668615580e-08
1.032800926915352296e-08
1.032801098045310515e-08
1.032801291934360279e-08
1.032801465886724756e-08
1.032801659516628430e-08
1.032801831664330318e-08
1.032802005279255729e-08
1.032802390952963938e-08
1.032802558761664776e-08
1.032802731216372267e-08
1.032802896309414505e-08
1.032803061460129430e-08
1.032803234019569401e-08
1.032803403833590303e-08
1.032803576376131636e-08
1.032803745846199093e-08
1.032803918353112765e-08
1.032804088089365122e-08
1.032804260582992454e-08
1.032804433032607325e-08
1.032804602758230412e-08
1.032804767836465951e-08
1.032804937548906757e-08
1.032805110027728383e-08
1.032805279441498092e-08
1.032805449146168363e-08
1.032805621574585407e-08
1.032805793968475767e-08
1.032805983181765854e-08
1.032806147973143263e-08
1.032806321366868502e-08
1.032806493507171425e-08
1.032806682468065380e-08
1.032806851704900495e-08
1.032807023574860445e-08
1.032807188076921675e-08
1.032807359969621482e-08
1.032807531857467393e-08
1.032807720544911319e-08
1.032807889430924578e-08
1.032808058292725764e-08
1.032808227144569349e-08
1.032808398720158384e-08
1.032808570271391251e-08
1.032808761444265923e-08
1.032808932805496561e-08
1.032809100997385510e-08
1.032809269510550582e-08
1.032809438020566907e-08
1.032809609240494253e-08
1.032809773110999610e-08
1.032809963867239785e-08
1.032810148859863626e-08
1.032810319687943604e-08
1.032810487795631026e-08
1.032810655851587565e-08
1.032810826629949851e-08
1.032810990064602991e-08
1.032811160882440983e-08
1.032811331766842531e-08
1.032811497914393142e-08
1.032811684582055408e-08
1.032811855262228213e-08
1.032812025836773362e-08
1.032812215901227832e-08
1.032812386195423274e-08
1.032812553735692093e-08
1.032812735196624303e-08
1.032812897966196105e-08
1.032813068102253970e-08
1.032813235528895138e-08
1.032813402947759155e-08
1.032813573021771194e-08
1.032813740414939010e-08
1.032813927326270983e-08
1.032814097156735077e-08
1.032814264263590867e-08
1.032814434037884103e-08
1.032814603818943015e-08
1.032814784774042700e-08
1.032814954450579235e-08
1.032815124021609545e-08
1.032815286339393495e-08
1.032815455922693209e-08
1.032815625507892957e-08
1.032815792364981231e-08
1.032815961890135277e-08
1.032816131404411732e-08
1.032816320780432895e-08
1.032816098538907368e-08
1.032816268346383451e-08
1.032816438507760653e-08
1.032816605953809464e-08
1.032816791956116927e-08
1.032816963058400660e-08
1.032817131424040551e-08
1.032817317131281439e-08
1.032817483996116425e-08
1.032817673121791541e-08
1.032817839716651815e-08
1.032818008984860402e-08
1.032818170954961646e-08
1.032818340268134116e-08
1.032818525515328912e-08
1.032818694588058176e-08
1.032818883339184753e-08
1.032819052137709765e-08
1.032819220915462783e-08
1.032819386980129897e-08
1.032819571702352697e-08
1.032819740305013914e-08
1.032819901512836791e-08
1.032820067369515461e-08
1.032820228600615366e-08
1.032820394480828814e-08
1.032820563068049711e-08
1.032820731635280631e-08
1.032820897157420330e-08
1.032821065700444967e-08
1.032821252928077902e-08
1.032821418515483806e-08
1.032821586782693340e-08
1.032821755034364947e-08
1.032821937289527196e-08
1.032822105435292884e-08
1.032822266173645931e-08
1.032822434254528565e-08
1.032822602302661133e-08
1.032822767665801498e-08
1.032822932996204867e-08
1.032823101023855286e-08
1.032822879939075340e-08
1.032823048582391160e-08
1.032823217494203189e-08
1.032823383384154372e-08
1.032823552247711663e-08
1.032823718426032400e-08
1.032823887254412842e-08
1.032824075719033337e-08
1.032824262981472708e-08
1.032824428601677647e-08
1.032824594213385951e-08
1.032824762489862390e-08
1.032824930748352944e-08
1.032825098985807798e-08
1.032825264716883394e-08
1.032825429688444894e-08
1.032825597862118002e-08
1.032825765699370304e-08
1.032825951017302111e-08
1.032826116228317510e-08
1.032826281623059483e-08
1.032826446594735631e-08
1.032826611778126506e-08
1.032826986835213751e-08
1.032827150819266025e-08
1.032827328746677542e-08
1.032827495228781187e-08
1.032827680412942008e-08
1.032827843970696828e-08
1.032828010265882801e-08
1.032828176438891219e-08
1.032828335323426799e-08
1.032828501522663460e-08
1.032828664764263894e-08
1.032828831045314839e-08
1.032829017157538558e-08
1.032829183091693777e-08
1.032829349095844358e-08
1.032829514988362282e-08
1.032829680866431347e-08
1.032829846730032361e-08
1.032830011108328676e-08
1.032830174265751241e-08
1.032830340045803042e-08
1.032830503162333602e-08
1.032830666260201975e-08
1.032830829356184707e-08
1.032830995180490837e-08
1.032831153641564537e-08
1.032831316750359139e-08
1.032831475225600127e-08
1.032831657948969266e-08
1.032831820876556554e-08
1.032831983753028547e-08
1.032832149297897681e-08
1.032832312165295171e-08
1.032832497580298444e-08
1.032832660171135210e-08
1.032832825404332615e-08
1.032832987965730520e-08
1.032833153165353491e-08
1.032833337050972934e-08
1.032833499341588137e-08
1.032833661318293591e-08
1.032833823578120470e-08
1.032833988492502283e-08
1.032834164701382385e-08
1.032834326807065480e-08
1.032834491507258965e-08
1.032834673181182076e-08
1.032834857256373118e-08
1.032835018786814962e-08
1.032835180334732983e-08
1.032835344603370295e-08
1.032835506122568274e-08
1.032835687183636082e-08
1.032835848142455757e-08
1.032836023414525691e-08
1.032836184192001237e-08
1.032836362019962649e-08
1.032836523048789431e-08
1.032836686620208944e-08
1.032836850174533115e-08
1.032837012300121650e-08
1.032837175787547754e-08
1.032837358921357462e-08
1.032837538256918902e-08
1.032837701249318769e-08
1.032837861621491200e-08
1.032838024614345024e-08
1.032838184983335126e-08
1.032838344973321660e-08
1.032838505311037883e-08
1.032838668268367442e-08
1.032838828609735998e-08
1.032838988928251540e-08
1.032839171608280055e-08
1.032839331668605561e-08
1.032839696691748784e-08
1.032839851017819891e-08
1.032840032361898115e-08
1.032840191111561400e-08
1.032840369541624932e-08
1.032840530314978472e-08
1.032840691418384851e-08
1.032840852521596016e-08
1.032841024834486369e-08
1.032841202898112695e-08
1.032841360644443947e-08
1.032841140868327093e-08
1.032841318288009525e-08
1.032841480901780867e-08
1.032841639629105312e-08
1.032841798376914223e-08
1.032841957128102333e-08
1.032842115877404636e-08
1.032842278454814110e-08
1.032842451069079778e-08
1.032842613549572306e-08
1.032842772167767143e-08
1.032842933312487555e-08
1.032843091840342358e-08
1.032843264488392068e-08
1.032843426680846244e-08
1.032843585016257312e-08
1.032843745931684747e-08
1.032843906880238780e-08
1.032844065171778339e-08
1.032844223484896394e-08
1.032844381790891266e-08
1.032844540099018940e-08
1.032844702229604803e-08
1.032844863115489317e-08
1.032845021355713073e-08
1.032845193378912037e-08
1.032845351494008512e-08
1.032845512208285474e-08
1.032845670286048311e-08
1.032845828382760531e-08
1.032845986470250185e-08
1.032846139992977873e-08
1.032846311968368444e-08
1.032846472664724704e-08
1.032846630648106398e-08
1.032846788655183342e-08
1.032846946629100767e-08
1.032847107192413627e-08
1.032847265157012200e-08
1.032847437188522179e-08
1.032847597597598942e-08
1.032847755080630995e-08
1.032847915458440497e-08
1.032848075845670759e-08
1.032848255883943801e-08
1.032848416004925965e-08
1.032848571514186955e-08
1.032848730282351292e-08
1.032848890489664312e-08
1.032849061840496297e-08
1.032849235950900910e-08
1.032849393136444569e-08
1.032849551575210697e-08
1.032849730142787051e-08
1.032849887098488817e-08
1.032850058138354328e-08
1.032850217613125957e-08
1.032850376989670385e-08
1.032850536358950844e-08
1.032850692795705963e-08
1.032850849562697887e-08
1.032851005994818478e-08
1.032851158175724548e-08
1.032851329049073473e-08
1.032851488313769848e-08
1.032851647668708649e-08
1.032851818380824522e-08
1.032851974901984985e-08
1.032852151335665480e-08
1.032852310156522215e-08
1.032852466395144251e-08
1.032852623849237225e-08
1.032852799678749136e-08
1.032852977954634474e-08
1.032853129198198830e-08
1.032853284971099652e-08
1.032853440762919583e-08
1.032853610672472401e-08
1.032853768897297031e-08
1.032853924224079497e-08
1.032854079844897538e-08
1.032854238059270907e-08
1.032854391667602524e-08
1.032854547329830882e-08
1.032854702996273394e-08
1.032854881059160717e-08
1.032855058787976426e-08
1.032855213993588181e-08
1.032855371761217514e-08
1.032855529193141055e-08
1.032855679799078363e-08
1.032855837615986816e-08
1.032855995447159502e-08
1.032856164783491706e-08
1.032856319883453306e-08
1.032856494704440310e-08
1.032856649548834369e-08
1.032856806962553980e-08
1.032856964373214678e-08
1.032857121755560322e-08
1.032857276611595789e-08
1.032857431060367724e-08
1.032857588459760733e-08
1.032857743299078384e-08
1.032857898120727623e-08
1.032858052936974876e-08
1.032858229136635057e-08
1.032858397847445010e-08
1.032858552303222006e-08
1.032858709283393760e-08
1.032858882510618294e-08
1.032859039282102967e-08
1.032859196040327934e-08
1.032859352882244554e-08
1.032859507085301496e-08
1.032859681026545026e-08
1.032859837622266557e-08
1.032859991204583675e-08
1.032860164945727087e-08
1.032860321211868429e-08
1.032860474999111272e-08
1.032860647544451454e-08
1.032860801028488100e-08
1.032860958278716125e-08
1.032861114292150316e-08
1.032862861896386673e-08
1.032864609525289225e-08
1.032864779865106821e-08
1.032864935857297359e-08
1.032865029367693750e-08
1.032865205667471240e-08
1.032865359369042987e-08
1.032865511028670754e-08
1.032866485562387616e-08
1.032866641653124648e-08
1.032865995822285789e-08
1.032866951264092109e-08
1.032866307973936020e-08
1.032866461163687612e-08
1.032866633506332975e-08
1.032866789358137894e-08
1.032866965072257283e-08
1.032867936339954729e-08
1.032868084573018737e-08
1.032867456956954550e-08
1.032868411550805617e-08
1.032867760263645044e-08
1.032867912637243830e-08
1.032868065406469207e-08
1.032868220773049151e-08
1.032869172878479050e-08
1.032869328171760204e-08
1.032869476332769998e-08
1.032868832312534043e-08
1.032868984810389750e-08
1.032869159910546241e-08
1.032869332295548379e-08
1.032869480054510345e-08
1.032869646619237257e-08
1.032870229720817488e-08
1.032870377921519047e-08
1.032870550934544004e-08
1.032870703925825023e-08
1.032870876713597284e-08
1.032870248973275515e-08
1.032870401498492537e-08
1.032870556548353793e-08
1.032870723293595667e-08
1.032870875628455600e-08
1.032871047871485753e-08
1.032871197942583298e-08
1.032872149479401302e-08
1.032872302888264436e-08
1.032871656910196196e-08
1.032871811577587335e-08
1.032872763099753490e-08
1.032872115884815480e-08
1.032872270573610082e-08
1.032872422726235509e-08
1.032872574874878391e-08
1.032873542856664878e-08
1.032873697389282486e-08
1.032873050026635993e-08
1.032873203249660925e-08
1.032873357741456509e-08
1.032873505135077118e-08
1.032873657135879002e-08
1.032873831507682449e-08
1.032873985836676646e-08
1.032874939525427183e-08
1.032875093846957398e-08
1.032874463079082292e-08
1.032874617316759389e-08
1.032874771469893829e-08
1.032874921012402780e-08
1.032875072681797233e-08
1.032875226863872738e-08
1.032875381065704956e-08
1.032876332085815327e-08
1.032876486274469234e-08
1.032875838260740940e-08
1.032875989876613168e-08
1.032876141556235544e-08
1.032876293218927022e-08
1.032876447376951258e-08
1.032876599046044452e-08
1.032876750677329041e-08
1.032877704216637158e-08
1.032877878239022309e-08
1.032878032132457109e-08
1.032877379656302657e-08
1.032877531112470628e-08
1.032877682543466997e-08
1.032877833993374534e-08
1.032877980828456985e-08
1.032878127719126800e-08
1.032878281800072196e-08
1.032879235250581813e-08
1.032879400907625736e-08
1.032878748342516612e-08
1.032878919539405984e-08
1.032879073285207575e-08
1.032879219893892015e-08
1.032879371134289096e-08
1.032879525007463762e-08
1.032879671664102345e-08
1.032880624850724306e-08
1.032880795902290948e-08
1.032880169952467624e-08
1.032880318664395092e-08
1.032880470753270701e-08
1.032880621597574000e-08
1.032880793821720777e-08
1.032880939823653183e-08
1.032881090492623475e-08
1.032882043064610867e-08
1.032882196262756357e-08
1.032881547267670579e-08
1.032881712001180087e-08
1.032881857993512566e-08
1.032882027338887674e-08
1.032882197709026402e-08
1.032882351539736097e-08
1.032882504218628057e-08
1.032883453670067324e-08
1.032883603725533802e-08
1.032882973253437307e-08
1.032883125616202343e-08
1.032884074819956106e-08
1.032883427800012526e-08
1.032883580141624403e-08
1.032883751354791036e-08
1.032883900646116501e-08
1.032884849289206253e-08
1.032884994273858542e-08
1.032885143933910188e-08
1.032884496840335126e-08
1.032884646529496581e-08
1.032884817550726871e-08
1.032884966961451557e-08
1.032885116414988961e-08
1.032885265833033864e-08
1.032885431954108079e-08
1.032886383087678182e-08
1.032886534854025317e-08
1.032885907001848546e-08
1.032886856604270774e-08
1.032887005587958836e-08
1.032886357727629366e-08
1.032886525556729637e-08
1.032886696608419364e-08
1.032887644498609653e-08
1.032887814460332256e-08
1.032887962773004788e-08
1.032887331583342346e-08
1.032888281502304260e-08
1.032887644456597646e-08
1.032887813837938402e-08
1.032887962770840387e-08
1.032888110104183186e-08
1.032888271818687110e-08
1.032889221211167093e-08
1.032889363930327195e-08
1.032888713418401284e-08
1.032888880822357356e-08
1.032889028181166895e-08
1.032889189840432360e-08
1.032889336776595620e-08
1.032889486490639330e-08
1.032889633424587565e-08
1.032890579718222327e-08
1.032890730678489730e-08
1.032890078593533805e-08
1.032890228339961471e-08
1.032891175155801308e-08
1.032890522882470054e-08
1.032890672647356585e-08
1.032890819920138680e-08
1.032890967221422109e-08
1.032891936269374260e-08
1.032892085795235373e-08
1.032892252634074223e-08
1.032891600176574679e-08
1.032891761280120686e-08
1.032891907925760910e-08
1.032892058289024934e-08
1.032892208636657064e-08
1.032892357741943323e-08
1.032892504468128439e-08
1.032893452937718877e-08
1.032893613511562409e-08
1.032892963101506934e-08
1.032893105113866348e-08
1.032893254146685961e-08
1.032893403188799279e-08
1.032893552321516336e-08
1.032893701447655819e-08
1.032893851697574758e-08
1.032894800077875681e-08
1.032894949175821374e-08
1.032895099397725525e-08
1.032894465478137106e-08
1.032894613909286717e-08
1.032894755614874786e-08
1.032894901993818248e-08
1.032895050822715672e-08
1.032895200974104496e-08
1.032895361575993751e-08
1.032896307162313154e-08
1.032896457032487866e-08
1.032895820282985034e-08
1.032895983097556951e-08
1.032896923850873778e-08
1.032896289342685968e-08
1.032896437548469064e-08
1.032896587053621710e-08
1.032896736446893547e-08
1.032897700440519203e-08
1.032897845593761324e-08
1.032897210668753068e-08
1.032897551552257674e-08
1.032897695423053201e-08
1.032897858598667121e-08
1.032898018161490307e-08
1.032898176333773583e-08
1.032899114807802504e-08
1.032899258576915695e-08
1.032898605452341805e-08
1.032898752927903918e-08
1.032898899160818239e-08
1.032899061933308335e-08
1.032899205537575018e-08
1.032899349300721755e-08
1.032899488161448093e-08
1.032900431193359318e-08
1.032900574907555326e-08
1.032900719823518206e-08
1.032900083139504753e-08
1.032900226634329154e-08
1.032900372585377545e-08
1.032900519759674027e-08
1.032900658779882772e-08
1.032900816284586791e-08
1.032900962166698116e-08
1.032901900488878183e-08
1.032902047657163046e-08
1.032902193616144596e-08
1.032901537787255895e-08
1.032902497073613406e-08
1.032902642899153518e-08
1.032901986931617600e-08
1.032902132774118719e-08
1.032902278620637454e-08
1.032902424137543410e-08
1.032903383426032566e-08
1.032903526701371540e-08
1.032902870623671212e-08
1.032903028166405853e-08
1.032903166732432719e-08
1.032903329734489589e-08
1.032903475174251688e-08
1.032903620620766228e-08
1.032903785936248913e-08
1.032904742359898106e-08
1.032904885009900780e-08
1.032905049117985975e-08
1.032904391866096315e-08
1.032904534017386007e-08
1.032904676490743599e-08
1.032904837942602955e-08
1.032904975641052189e-08
1.032905120499134925e-08
1.032905285301880774e-08
1.032906226488737684e-08
1.032906368648239128e-08
1.032905733778094453e-08
1.032905875719232624e-08
1.032906020183982211e-08
1.032906164576674110e-08
1.032906308970205597e-08
1.032906450628227968e-08
1.032906590434845924e-08
1.032906734915503187e-08
1.032907674169867166e-08
1.032907818728883083e-08
1.032907161534891268e-08
1.032907303725743520e-08
1.032908264206781943e-08
1.032907606491105680e-08
1.032907750887009190e-08
1.032907895314999863e-08
1.032908059640628597e-08
1.032909000447593545e-08
1.032909137646019875e-08
1.032909279521512827e-08
1.032908644434517129e-08
1.032909779349751744e-08
1.032909120580574282e-08
1.032909256590363082e-08
1.032909397347429760e-08
1.032909560337802868e-08
1.032910500191030887e-08
1.032910640668250783e-08
1.032910000794172946e-08
1.032910143502277778e-08
1.032910283815835854e-08
1.032910419552161224e-08
1.032910555351377798e-08
1.032910695835608050e-08
1.032910838752957483e-08
1.032910981685502223e-08
1.032911941494652937e-08
1.032912083029244575e-08
1.032911443886603841e-08
1.032911583935795159e-08
1.032912521180817820e-08
1.032911876253149678e-08
1.032912018672554745e-08
1.032912178658621104e-08
1.032912318167757284e-08
1.032913259727017689e-08
1.032913399605304558e-08
1.032913553760365668e-08
1.032912896532506929e-08
1.032913036282696939e-08
1.032913175806688952e-08
1.032913315584848421e-08
1.032913455401171025e-08
1.032913597683702848e-08
1.032913738708594229e-08
1.032914681568086604e-08
1.032914843668269610e-08
1.032914982912837034e-08
1.032914325615490160e-08
1.032914465232420712e-08
1.032914604546487189e-08
1.032914741961102135e-08
1.032914884066043243e-08
1.032915026198352448e-08
1.032915168344740599e-08
1.032916107455636718e-08
1.032916247219489767e-08
1.032916409286650234e-08
1.032915747259813835e-08
1.032915886859651527e-08
1.032916028899519660e-08
1.032916168545338833e-08
1.032916308225615373e-08
1.032916447881494221e-08
1.032916582950642345e-08
1.032917522067089838e-08
1.032917684201288331e-08
1.032917826144365247e-08
1.032917168824868958e-08
1.032917310754193170e-08
1.032917450413028361e-08
1.032917589970916581e-08
1.032917731954381584e-08
1.032917871642281751e-08
1.032918033595567241e-08
1.032918972311350449e-08
1.032919111378278024e-08
1.032919253172803229e-08
1.032918609928928391e-08
1.032918770595905181e-08
1.032918911703323711e-08
1.032919048540545413e-08
1.032919187686193450e-08
1.032919326585743676e-08
1.032919465759542655e-08
1.032920420989738308e-08
1.032920560054893235e-08
1.032919919547516986e-08
1.032920078192815555e-08
1.032921011568119889e-08
1.032920350880740034e-08
1.032920508551984628e-08
1.032920647064060789e-08
1.032920807840282991e-08
1.032920966092380428e-08
1.032921903515823300e-08
1.032922043944781674e-08
1.032921382675236406e-08
1.032921516191713415e-08
1.032922472724617451e-08
1.032921813811434296e-08
1.032921947218040213e-08
1.032922105241106559e-08
1.032922238508823226e-08
1.032923177015234282e-08
1.032923317311101281e-08
1.032923472009263373e-08
1.032922832761130145e-08
1.032922972709770876e-08
1.032923912026294831e-08
1.032923252635987778e-08
1.032923412565827528e-08
1.032923549947442103e-08
1.032923688556951207e-08
1.032924628899898272e-08
1.032924768665550439e-08
1.032924901490156048e-08
1.032924253698350054e-08
1.032924393407806052e-08
1.032924530782799046e-08
1.032924670538477731e-08
1.032924810395485710e-08
1.032924962137027188e-08
1.032925042882234558e-08
1.032925182988322832e-08
1.032926120164067628e-08
1.032926260420133012e-08
1.032925601332319787e-08
1.032925739164284740e-08
1.032926679944177557e-08
1.032926820139001962e-08
1.032926158617238572e-08
1.032926291857331708e-08
1.032926432133909185e-08
1.032926570072596981e-08
1.032927509755289309e-08
1.032927664411395057e-08
1.032926998262150882e-08
1.032927155090628960e-08
1.032927295222083721e-08
1.032927454296125386e-08
1.032927591761516979e-08
1.032927750650122784e-08
1.032927890276440182e-08
1.032928031131687077e-08
1.032928970208513943e-08
1.032929109834910585e-08
1.032928450114387076e-08
1.032928589761297466e-08
1.032929546264320595e-08
1.032929685693473538e-08
1.032929023409688868e-08
1.032929162853606158e-08
1.032929303616947827e-08
1.032929440712782750e-08
1.032930377152826823e-08
1.032930514243111364e-08
1.032929854451903451e-08
1.032929991584795073e-08
1.032930928085864891e-08
1.032930268217447444e-08
1.032930405384482931e-08
1.032930542560976567e-08
1.032930698726604545e-08
1.032930838064765636e-08
1.032931776440143839e-08
1.032931915799197692e-08
1.032931253447702167e-08
1.032931390467622093e-08
1.032932343569574343e-08
1.032931681180401238e-08
1.032931821642976563e-08
1.032931953915869743e-08
1.032932086246999581e-08
1.032932225625009766e-08
1.032933164365700210e-08
1.032933321340023631e-08
1.032933458170191136e-08
1.032932791135328851e-08
1.032932923430891412e-08
1.032933855140868587e-08
1.032933192835381510e-08
1.032933332269002883e-08
1.032933469375132896e-08
1.032933608810122922e-08
1.032934565138345913e-08
1.032934701990027394e-08
1.032934838865118251e-08
1.032934196280848815e-08
1.032934332590879196e-08
1.032934464670654323e-08
1.032934603767656861e-08
1.032934740539720058e-08
1.032934877294480621e-08
1.032935014073935172e-08
1.032935165062616230e-08
1.032936101069312125e-08
1.032936240072405676e-08
1.032935596281853127e-08
1.032935755279278678e-08
1.032935891503440432e-08
1.032936027367370323e-08
1.032936165948004041e-08
1.032936302271763800e-08
1.032936440854524530e-08
1.032936579539576400e-08
1.032937517494430207e-08
1.032937653432362819e-08
1.032936992681375422e-08
1.032937124332274276e-08
1.032938062375171699e-08
1.032937399378042350e-08
1.032937538088855602e-08
1.032937669850183564e-08
1.032937806276679652e-08
1.032937945078028814e-08
1.032938899776635854e-08
1.032939056126949771e-08
1.032938392792678810e-08
1.032938531103476452e-08
1.032938669465647468e-08
1.032938805504273273e-08
1.032938943852176086e-08
1.032939079915372794e-08
1.032939215942979229e-08
1.032939354332100452e-08
1.032940289753083321e-08
1.032940428233606348e-08
1.032940564314189731e-08
1.032939901017090447e-08
1.032940051258538394e-08
1.032940209455615086e-08
1.032940345152990837e-08
1.032940502158885426e-08
1.032940637641693339e-08
1.032940795333852036e-08
1.032941732375195533e-08
1.032941867304848746e-08
1.032941225423849259e-08
1.032941362803027125e-08
1.032942296888071946e-08
1.032941653947567914e-08
1.032941811049297333e-08
1.032941948000302360e-08
1.032942082282331717e-08
1.032942231243631640e-08
1.032943167442594915e-08
1.032943316270908018e-08
1.032942672677266642e-08
1.032942806859912399e-08
1.032942943432659975e-08
1.032943077306056815e-08
1.032943211515264831e-08
1.032943348042592581e-08
1.032943482278996310e-08
1.032943616526302610e-08
1.032944550162862676e-08
1.032944698733102872e-08
1.032944832866115311e-08
1.032944167660247298e-08
1.032944320818188667e-08
1.032944457094926517e-08
1.032944611049704536e-08
1.032944748317263974e-08
1.032944877459941272e-08
1.032945013566973590e-08
1.032945946745637902e-08
1.032946080580395647e-08
1.032946214433823520e-08
1.032945548934724943e-08
1.032945678307304685e-08
1.032946611302144815e-08
1.032945948213028019e-08
1.032946082201110308e-08
1.032946216221276121e-08
1.032946369187991861e-08
1.032946517299312916e-08
1.032947450320550695e-08
1.032947606344074504e-08
1.032946942734799738e-08
1.032947076170914331e-08
1.032948004403372926e-08
1.032947358540509108e-08
1.032947494178472777e-08
1.032947627600154226e-08
1.032947760951037121e-08
1.032947908635427431e-08
1.032948840887538945e-08
1.032948974111821847e-08
1.032948308009923340e-08
1.032948441308026487e-08
1.032949376248174891e-08
1.032948729186041294e-08
1.032948876609348257e-08
1.032949011868093125e-08
1.032949144841753702e-08
1.032949277820547265e-08
1.032950212433281701e-08
1.032950345453275807e-08
1.032950480731737518e-08
1.032949814416790207e-08
1.032949961743538557e-08
1.032950113655169875e-08
1.032950248653784473e-08
1.032950381366142995e-08
1.032950528394229513e-08
1.032950680860992990e-08
1.032951614855107997e-08
1.032951761583211344e-08
1.032951893477324956e-08
1.032951248726294782e-08
1.032951403054513746e-08
1.032951537154800272e-08
1.032951668986491030e-08
1.032951817555259341e-08
1.032951963658292409e-08
1.032952114313015838e-08
1.032953045036272257e-08
1.032953178685363192e-08
1.032953329185610641e-08
1.032952661025497015e-08
1.032952794500397941e-08
1.032952945821822160e-08
1.032953076823831738e-08
1.032953210132050642e-08
1.032953336685683891e-08
1.032953467796519501e-08
1.032953594534205398e-08
1.032954527238519183e-08
1.032954658164554537e-08
1.032953992377887282e-08
1.032954123695675706e-08
1.032954277407056987e-08
1.032954410460502609e-08
1.032954541590558091e-08
1.032954674995386231e-08
1.032954806147307240e-08
1.032954959722477848e-08
1.032955904463389052e-08
1.032956052062752474e-08
1.032956199522018467e-08
1.032955532970112530e-08
1.032955663542118222e-08
1.032956588861276644e-08
1.032955922425257057e-08
1.032956055381158231e-08
1.032956186089251016e-08
1.032956312184911583e-08
1.032956465359727601e-08
1.032957409720417626e-08
1.032957540174973597e-08
1.032956873540054296e-08
1.032957024342380495e-08
1.032957953958313223e-08
1.032957287240523825e-08
1.032957439967633135e-08
1.032957572312317651e-08
1.032957702392720144e-08
1.032957852502866073e-08
1.032958781769087518e-08
1.032958925901372868e-08
1.032958251741158919e-08
1.032958383877506913e-08
1.032958517352474841e-08
1.032958661707593880e-08
1.032958791155135872e-08
1.032958922130524462e-08
1.032959051928429391e-08
1.032959181743819925e-08
1.032959313837845554e-08
1.032960246540708464e-08
1.032960395538015393e-08
1.032959729400675836e-08
1.032959854638482940e-08
1.032960785816528553e-08
1.032960118491382452e-08
1.032960248351339988e-08
1.032960380414103981e-08
1.032960512583451849e-08
1.032960656601803327e-08
1.032961607980079760e-08
1.032961737453734024e-08
1.032961866950124506e-08
1.032961200590534091e-08
1.032961515358671909e-08
1.032961644051248803e-08
1.032961772406733550e-08
1.032961903227855272e-08
1.032962045911878395e-08
1.032962969231137434e-08
1.032963100024094648e-08
1.032963228605917683e-08
1.032962552992979695e-08
1.032962683939680502e-08
1.032963607160329521e-08
1.032962938951636570e-08
1.032963067778274956e-08
1.032963191995421256e-08
1.032963323176061976e-08
1.032963449760229107e-08
1.032963597811705961e-08
1.032964523631468464e-08
1.032964652545310382e-08
1.032963985576168258e-08
1.032964136835445571e-08
1.032965067248899689e-08
1.032964398849912183e-08
1.032964529846786624e-08
1.032964678613438871e-08
1.032964810614684118e-08
1.032964941400745624e-08
1.032965889259948404e-08
1.032966017234167409e-08
1.032966140992528900e-08
1.032965465453112213e-08
1.032965595207967519e-08
1.032965723391959362e-08
1.032965854205515193e-08
1.032965985047958488e-08
1.032966115904349536e-08
1.032966244499220849e-08
1.032966375390438021e-08
1.032967303408732442e-08
1.032967432081108758e-08
1.032967564236523927e-08
1.032966893559669777e-08
1.032967021949732990e-08
1.032967945402810993e-08
1.032967277099532420e-08
1.032967424931831391e-08
1.032967555802910521e-08
1.032967686694191220e-08
1.032967834358071587e-08
1.032968762161993715e-08
1.032968892874909293e-08
1.032968221992493151e-08
1.032968350489189540e-08
1.032968481251788564e-08
1.032968612031119963e-08
1.032968740249328628e-08
1.032968868825026556e-08
1.032968997390238977e-08
1.032969144995072545e-08
1.032970075085714796e-08
1.032970201110458356e-08
1.032970331819208750e-08
1.032969660974119794e-08
1.032969789448390490e-08
1.032969920231349241e-08
1.032970050694693675e-08
1.032970181508950956e-08
1.032970330029896813e-08
1.032970453930385800e-08
1.032970582263819897e-08
1.032971510089192307e-08
1.032971638538087252e-08
1.032971767026021814e-08
1.032971098411584860e-08
1.032971248197261750e-08
1.032971376491597501e-08
1.032971504813147991e-08
1.032971633140835002e-08
1.032971761495543027e-08
1.032971911990552107e-08
1.032972039795893422e-08
1.032972969553105290e-08
1.032973099967327272e-08
1.032973230395197570e-08
1.032972581375409201e-08
1.032972725948939656e-08
1.032972875959589985e-08
1.032973001164114154e-08
1.032973128508881634e-08
1.032973256167519159e-08
1.032973403867824920e-08
1.032974330722357779e-08
1.032974479572067067e-08
1.032974621231524927e-08
1.032973951281057447e-08
1.032974100792499147e-08
1.032975041496120783e-08
1.032975168349018712e-08
1.032974499256621581e-08
1.032974628336379386e-08
1.032974755215880106e-08
1.032974896462308819e-08
1.032975822587073163e-08
1.032975950542093637e-08
1.032976077296095672e-08
1.032975402331159726e-08
1.032975531425537452e-08
1.032975653716311295e-08
1.032975782919956272e-08
1.032975909914280579e-08
1.032976039163193180e-08
1.032976168432348379e-08
1.032976296701119286e-08
1.032977245261621837e-08
1.032977374313205043e-08
1.032977500814785470e-08
1.032976830542418172e-08
1.032976971752251919e-08
1.032977098484262862e-08
1.032977225261924578e-08
1.032977352022249582e-08
1.032977473950757526e-08
1.032977603154952412e-08
1.032977730055429605e-08
1.032978656332420493e-08
1.032978785499573073e-08
1.032978914650619785e-08
1.032978242232842936e-08
1.032978370418502044e-08
1.032978497394440774e-08
1.032978626700808347e-08
1.032978753700285163e-08
1.032978882922889780e-08
1.032979012179001334e-08
1.032979140443331936e-08
1.032980011039179690e-08
1.032980139752259579e-08
1.032980267374880006e-08
1.032979596770496142e-08
1.032979719766944218e-08
1.032979849599457225e-08
1.032979977242597851e-08
1.032980107093110474e-08
1.032980253683388326e-08
1.032980403588784058e-08
1.032980533013144314e-08
1.032981476140727579e-08
1.032981605424876089e-08
1.032981732495216144e-08
1.032981074493579407e-08
1.032981203658552366e-08
1.032981332843944940e-08
1.032981455189625213e-08
1.032981584528895715e-08
1.032981725824219571e-08
1.032981852713006385e-08
1.032981979640324431e-08
1.032982905936983358e-08
1.032983035114013302e-08
1.032983162069683294e-08
1.032982491884891263e-08
1.032982637815636506e-08
1.032982766811536891e-08
1.032982915699199541e-08
1.032983062121289737e-08
1.032983188148903779e-08
1.032983316693278363e-08
1.032983442746167074e-08
1.032984370688522344e-08
1.032984519217624367e-08
1.032983841399404668e-08
1.032983990120658762e-08
1.032984915189139437e-08
1.032984256169369594e-08
1.032984383283912196e-08
1.032984511394612362e-08
1.032984639519847085e-08
1.032984767737178111e-08
1.032984913660273257e-08
1.032985855102256160e-08
1.032985980677010654e-08
1.032985306581470979e-08
1.032985434401060480e-08
1.032986381553392428e-08
1.032985707699677681e-08
1.032985835395419881e-08
1.032985963036124461e-08
1.032986088654188477e-08
1.032986213938554931e-08
1.032987138870310923e-08
1.032987286551084303e-08
1.032987430880344849e-08
1.032986770981526860e-08
1.032986910309877754e-08
1.032987030522632286e-08
1.032987157591672344e-08
1.032987284362243965e-08
1.032987409286471035e-08
1.032987534229162265e-08
1.032987681374750119e-08
1.032988607687349810e-08
1.032988732438171203e-08
1.032988878548044393e-08
1.032988199158138350e-08
1.032988345995849581e-08
1.032988489531281933e-08
1.032988613766195907e-08
1.032988740219870003e-08
1.032988864505439359e-08
1.032988992201239626e-08
1.032989111881696154e-08
1.032990035620057666e-08
1.032990160003620297e-08
1.032990284402380552e-08
1.032989604979320614e-08
1.032989729496438503e-08
1.032989855275899520e-08
1.032990001130366137e-08
1.032990127675456099e-08
1.032990273361099124e-08
1.032990399709654280e-08
1.032990519371531174e-08
1.032991445165056666e-08
1.032991569438631242e-08
1.032991695924494741e-08
1.032991016355065855e-08
1.032991155078193676e-08
1.032991281538612768e-08
1.032991408000539646e-08
1.032991532288014164e-08
1.032991656284002311e-08
1.032991780594762791e-08
1.032991906172012228e-08
1.032992829866910527e-08
1.032992956428524579e-08
1.032993084224588898e-08
1.032992404718548186e-08
1.032992524544522659e-08
1.032992668076285307e-08
1.032992794692355306e-08
