-1.032270414682083059e-08
-1.032271621889295546e-08
-1.032313076519949539e-08
-1.032693628160991049e-08
-1.033077533360776711e-08
-1.033075931258052644e-08
-1.033203942326246499e-08
-1.033198203781429074e-08
-1.033195734125216296e-08
-1.033263113879000664e-08
-1.033290532161614205e-08
-1.033288108617762247e-08
-1.033259215453693889e-08
-1.033047576986576891e-08
-1.033108417289380289e-08
-1.033310501434195128e-08
-1.033320401704647632e-08
-1.033318264223090638e-08
-1.033016453621219045e-08
-1.033021715419583173e-08
-1.033020451702877472e-08
-1.033018473516373719e-08
-1.033046098569934446e-08
-1.033055941600753321e-08
-1.033261261898457380e-08
-1.033270752348483386e-08
-1.033297860660127227e-08
-1.032881744792472122e-08
-1.032870102043286993e-08
-1.032867389906199669e-08
-1.032866636195350239e-08
-1.032713160418634555e-08
-1.032708264101081931e-08
-1.032867294523130395e-08
-1.032865400190070051e-08
-1.033248534033932405e-08
-1.033181567396633843e-08
-1.033209241248455011e-08
-1.033207225148849514e-08
-1.033218048200360955e-08
-1.033216739756255671e-08
-1.033130626125011708e-08
-1.033170470808632706e-08
-1.033170298741377275e-08
-1.033139306640349982e-08
-1.033137667994392671e-08
-1.033135733108681201e-08
-1.032722682297926263e-08
-1.032721348441669712e-08
-1.033098557778306566e-08
-1.032791751699757566e-08
-1.032998741811082484e-08
-1.033027665441297568e-08
-1.033408282624061254e-08
-1.033025309781389082e-08
-1.032940351170435814e-08
-1.032943007570408827e-08
-1.032858663689149592e-08
-1.032819043172926464e-08
-1.032389497369002833e-08
-1.032380516274093419e-08
-1.032372769858014404e-08
-1.031961896847843657e-08
-1.031963884843722152e-08
-1.031968972112695826e-08
-1.031967358558134785e-08
-1.031972453773769739e-08
-1.031544225172005714e-08
-1.031576764707969749e-08
-1.031579613078614771e-08
-1.031582265278054950e-08
-1.031883652973889543e-08
-1.031371177859308656e-08
-1.031374325586500895e-08
-1.031337857001214947e-08
-1.031341294430572627e-08
-1.031344743245988058e-08
-1.031562622791488016e-08
-1.031133818923355852e-08
-1.031481096144865796e-08
-1.031494733185094993e-08
-1.031496412519020252e-08
-1.031499048546344258e-08
-1.031512708941885040e-08
-1.031515244386514866e-08
-1.031044205015368070e-08
-1.031177021974017843e-08
-1.031565117862764732e-08
-1.031979371457579210e-08
-1.031981006651682377e-08
-1.031541202957664090e-08
-1.031129905798507788e-08
-1.031347088126508274e-08
-1.030947994541339252e-08
-1.030954143534273632e-08
-1.031086394456729210e-08
-1.031101080828265935e-08
-1.031232881700814916e-08
-1.031264681514503447e-08
-1.031269888141506423e-08
-1.031271345286515172e-08
-1.031273090333892415e-08
-1.031274737425690516e-08
-1.031406092303629363e-08
-1.031527213337654492e-08
-1.031089117029792998e-08
-1.030657782380193716e-08
-1.030660183277845257e-08
-1.030859330996980370e-08
-1.030861262774398727e-08
-1.030453038947850529e-08
-1.030545710536079419e-08
-1.030548452873953431e-08
-1.030596971856015124e-08
-1.030719644308306923e-08
-1.030721484484003815e-08
-1.030787557080850545e-08
-1.030789216711788066e-08
-1.030751556334623061e-08
-1.030753727199082417e-08
-1.030605823547991734e-08
-1.030604855853346605e-08
-1.030407980912397068e-08
-1.030540364829032431e-08
-1.030553252413058361e-08
-1.030555233558888105e-08
-1.030553533677043035e-08
-1.030952785273854707e-08
-1.030870069718877747e-08
-1.030883708890242667e-08
-1.031228970222208141e-08
-1.031240209734468812e-08
-1.031466219964381759e-08
-1.031427147297397065e-08
-1.031019423596609266e-08
-1.030720964102343673e-08
-1.030721745280304866e-08
-1.030919324373904125e-08
-1.030696478712072303e-08
-1.030658204870657658e-08
-1.030865547148741274e-08
-1.030866671472755491e-08
-1.030872518904143840e-08
-1.030723192166635540e-08
-1.030723723360941081e-08
-1.030725225455655195e-08
-1.030726742136576432e-08
-1.031112786807391198e-08
-1.031113690587164508e-08
-1.031129761914642312e-08
-1.031130524788463548e-08
-1.031132359474282325e-08
-1.030635221072103453e-08
-1.031019462491243029e-08
-1.030607541105866594e-08
-1.030642824244889795e-08
-1.030674811319220399e-08
-1.031058797720114357e-08
-1.031056656151686920e-08
-1.030779857392715696e-08
-1.030782004680953635e-08
-1.030774183996508816e-08
-1.030737017254828237e-08
-1.030948432700034853e-08
-1.031164225966923437e-08
-1.031391968442300930e-08
-1.031485983478421699e-08
-1.031486372650795691e-08
-1.031486677656506395e-08
-1.031487084532106386e-08
-1.031487489800665673e-08
-1.031077169478477563e-08
-1.031078487460619517e-08
-1.031289320395349829e-08
-1.031291405182665567e-08
-1.031252960505831867e-08
-1.030739345026143020e-08
-1.030741898015348085e-08
-1.030747594962797015e-08
-1.030987001919506618e-08
-1.030949109830473064e-08
-1.031334852844444139e-08
-1.031337314640864823e-08
-1.031469506812069623e-08
-1.031677528216777122e-08
-1.031629590668383067e-08
-1.031546248831093234e-08
-1.031126561194721190e-08
-1.031066844866746151e-08
-1.030585049372562670e-08
-1.030588568006554585e-08
-1.030799511680568175e-08
-1.030388173924906444e-08
-1.030605984627898409e-08
-1.030522156338471763e-08
-1.030526026465709422e-08
-1.030516588576182473e-08
-1.030520240012348181e-08
-1.030096135088574250e-08
-1.030100501152264810e-08
-1.030095536298406768e-08
-1.030090580992625219e-08
-1.030098371460717631e-08
-1.030317330357036828e-08
-1.030237430010231106e-08
-1.030253971655587787e-08
-1.030257994424475419e-08
-1.030262087370149767e-08
-1.030266590839978491e-08
-1.030203675643819602e-08
-1.030208392152691270e-08
-1.030803925121734069e-08
-1.030374847684603846e-08
-1.030378137050873868e-08
-1.029911080293719662e-08
-1.029726580245264165e-08
-1.029299292938173426e-08
-1.029689955070045297e-08
-1.030117100737499739e-08
-1.029701196021706112e-08
-1.029709503858110005e-08
-1.029729800954350717e-08
-1.030116146503654715e-08
-1.030329540811124826e-08
-1.030346481527245463e-08
-1.030184746329173072e-08
-1.030189294194968802e-08
-1.030205806154651955e-08
-1.030210204105948334e-08
-1.030214620448080312e-08
-1.030231293201771043e-08
-1.030620835294175288e-08
-1.030624500975577322e-08
-1.030867991301824498e-08
-1.030665105000903581e-08
-1.030200000143525452e-08
-1.030204504283788860e-08
-1.030168990009931853e-08
-1.030174571240173714e-08
-1.030056152221259191e-08
-1.030191718172963692e-08
-1.030196187380109356e-08
-1.030212621797374208e-08
-1.030177523700773934e-08
-1.030181317538677786e-08
-1.030176323980851778e-08
-1.030184360318754874e-08
-1.030188191604130908e-08
-1.030189429953728468e-08
-1.030207012052671790e-08
-1.030241524167327675e-08
-1.030248110298252844e-08
-1.030170032445588660e-08
-1.030174954995821144e-08
-1.030180813899675028e-08
-1.030719200421316925e-08
-1.030948220420623630e-08
-1.030973737889463392e-08
-1.030987987434545067e-08
-1.030950418042888201e-08
-1.031160058235776123e-08
-1.031161188934781489e-08
-1.031160055976890957e-08
-1.031165338964029272e-08
-1.031121597230495235e-08
-1.031123953420879942e-08
-1.031149570583584989e-08
-1.031150569088482158e-08
-1.031364026505974540e-08
-1.030955412140762233e-08
-1.030957902489000109e-08
-1.030960375346106389e-08
-1.030953210639961755e-08
-1.030956050931226851e-08
-1.031161708947164052e-08
-1.031193571829090984e-08
-1.031579891851390513e-08
-1.031581735331956186e-08
-1.031586722484182716e-08
-1.031588147539806848e-08
-1.031158527196298787e-08
-1.031371640228347294e-08
-1.031290008519569118e-08
-1.031806445820756564e-08
-1.032222061613393506e-08
-1.031787403037149263e-08
-1.031704426838635133e-08
-1.031554353674774646e-08
-1.031585703245652933e-08
-1.031559576281219443e-08
-1.031150140308311374e-08
-1.031152543687798567e-08
-1.031497073484811068e-08
-1.031498883560905479e-08
-1.031886644659316820e-08
-1.031900129586655701e-08
-1.031891832140000126e-08
-1.032100146756507430e-08
-1.031793949683527386e-08
-1.031735840465437071e-08
-1.031945597376867943e-08
-1.031535711461340257e-08
-1.031528976913939164e-08
-1.031745634618668718e-08
-1.031664520229547589e-08
-1.031675781972355547e-08
-1.031704704674652489e-08
-1.031749892279706879e-08
-1.031668955683879692e-08
-1.031885985332556264e-08
-1.031804390326834040e-08
-1.031818759755344333e-08
-1.031817413665959528e-08
-1.031759560973057415e-08
-1.031346764178796970e-08
-1.031557861317599044e-08
-1.031141837671295978e-08
-1.030876323715719017e-08
-1.030434540305176218e-08
-1.030653454675825993e-08
-1.030226476486926905e-08
-1.030243744420425467e-08
-1.030054525428211437e-08
-1.030062673935696818e-08
-1.030452133757310262e-08
-1.030468625258964644e-08
-1.030469368255686549e-08
-1.030460391810974946e-08
-1.030052764186876978e-08
-1.029773990049061118e-08
-1.029780113690296740e-08
-1.029992863696470144e-08
-1.029998743731718184e-08
-1.029734407681980685e-08
-1.029730641289637893e-08
-1.029736685270820898e-08
-1.029755124152741631e-08
-1.029677163028218835e-08
-1.029908876784392308e-08
-1.029910921244021260e-08
-1.029419725410187971e-08
-1.028994814174285219e-08
-1.029002437253171678e-08
-1.029000291893266943e-08
-1.029003561518354825e-08
-1.029011260162152479e-08
-1.029063807283959547e-08
-1.029070978699634633e-08
-1.028823170381031348e-08
-1.028831072874568003e-08
-1.029075924681009326e-08
-1.029095015738312542e-08
-1.029062378916063202e-08
-1.029069744706117251e-08
-1.029073323518611618e-08
-1.028645285832638336e-08
-1.028569843014915017e-08
-1.028591088892225328e-08
-1.028598170544096515e-08
-1.028193007655992977e-08
-1.027788245575310323e-08
-1.028012195620637094e-08
-1.028021414108536172e-08
-1.027806330096511442e-08
-1.027816986956236637e-08
-1.028206299829304589e-08
-1.028425422981745525e-08
-1.028434272452862297e-08
-1.028439522284177856e-08
-1.028448399290188217e-08
-1.028647927422621928e-08
-1.028870246805858920e-08
-1.029257876089832672e-08
-1.029565289006326480e-08
-1.029575061185097520e-08
-1.029581662013839637e-08
-1.029302822567261470e-08
-1.029309240329349034e-08
-1.029232610410003503e-08
-1.028965206462467293e-08
-1.028973213692671447e-08
-1.029190605618618215e-08
-1.028532489143184661e-08
-1.028918203629674364e-08
-1.028493360509236650e-08
-1.028134935611452826e-08
-1.028145018125263545e-08
-1.028154948110816693e-08
-1.028293527053977493e-08
-1.028104373362863762e-08
-1.028287106576309745e-08
-1.028298672818563267e-08
-1.028307750036622765e-08
-1.028529841075053053e-08
-1.028551564832408630e-08
-1.028689271889744429e-08
-1.028283807312468502e-08
-1.027860267792674789e-08
-1.028077549533211305e-08
-1.028469354987449672e-08
-1.028394100265652266e-08
-1.028403376571786065e-08
-1.028412352102376899e-08
-1.028382195439449623e-08
-1.028392444648110208e-08
-1.028771716861617701e-08
-1.028780663564164138e-08
-1.028713719971661665e-08
-1.028642140085701760e-08
-1.028235743455832101e-08
-1.028458870140803712e-08
-1.028384551444122852e-08
-1.028393709734479765e-08
-1.028406962499638762e-08
-1.028627002705367015e-08
-1.028636811628344589e-08
-1.028646562663174466e-08
-1.028656624936772260e-08
-1.028965281822141742e-08
-1.028975208378282652e-08
-1.029364725044899888e-08
-1.028937969533161327e-08
-1.028991158185130641e-08
-1.029209398090168572e-08
-1.029122368879060534e-08
-1.029047412791830396e-08
-1.029269686963405669e-08
-1.029406836393883425e-08
-1.029411723043481398e-08
-1.029464662046851019e-08
-1.029680891293440465e-08
-1.029688915241785858e-08
-1.029311233460781009e-08
-1.029013864417083194e-08
-1.028973561191176801e-08
-1.028994823274863121e-08
-1.029387316161642771e-08
-1.028983231429617342e-08
-1.028992582096020185e-08
-1.028929577519808817e-08
-1.028503347355554193e-08
-1.028892904692465339e-08
-1.028903053498062618e-08
-1.028913916684688069e-08
-1.028847097467254902e-08
-1.028445531377930122e-08
-1.028840220471497585e-08
-1.028980669694435453e-08
-1.028990380150485058e-08
-1.029000070765771391e-08
-1.029393997064219883e-08
-1.029574185013206065e-08
-1.029583199613352395e-08
-1.029116399020548536e-08
-1.028704909803706616e-08
-1.028727863153681262e-08
-1.028325722036557158e-08
-1.027902081175187137e-08
-1.027875089675634252e-08
-1.027887649697571942e-08
-1.028108287872058469e-08
-1.027738718680107038e-08
-1.027781348668102851e-08
-1.027792920791269233e-08
-1.027392212379737894e-08
-1.027405651701091274e-08
-1.027196100500182723e-08
-1.027209229106828464e-08
-1.027432367213015319e-08
-1.027571962971778744e-08
-1.027713660278674387e-08
-1.027852387485578332e-08
-1.027824984404252663e-08
-1.027849931476327453e-08
-1.028074255337746384e-08
-1.028075749314331296e-08
-1.027883362441278870e-08
-1.027924255861840240e-08
-1.027935760086772613e-08
-1.027947256311539845e-08
-1.028087124580007716e-08
-1.028097803176971850e-08
-1.028098761554383600e-08
-1.028096249104615617e-08
-1.028329200354498569e-08
-1.028339604670592512e-08
-1.028353228980349954e-08
-1.028278825336442115e-08
-1.028628675959465471e-08
-1.028638609985655787e-08
-1.028648471626928367e-08
-1.028573415030726687e-08
-1.028583365092006572e-08
-1.028804265692866374e-08
-1.029226790721064406e-08
-1.029445701826085524e-08
-1.029110491984416016e-08
-1.029502683774436962e-08
-1.029037552373518874e-08
-1.028681189527632158e-08
-1.028821149565044657e-08
-1.028418193666708325e-08
-1.028429562415823950e-08
-1.028026928614096096e-08
-1.028167781257714941e-08
-1.028399859589957887e-08
-1.028539920287205610e-08
-1.028550518099215849e-08
-1.028902665285167347e-08
-1.028685310503387302e-08
-1.028263328271582360e-08
-1.027841352035717684e-08
-1.027472616092556258e-08
-1.027445808594062487e-08
-1.027458421535003281e-08
-1.027469697419966798e-08
-1.027482350445272582e-08
-1.027444299800902637e-08
-1.027840915917082739e-08
-1.027449249949277256e-08
-1.027462478746750287e-08
-1.027061266052353194e-08
-1.027044529487565745e-08
-1.027046440439210517e-08
-1.026652679424398422e-08
-1.026640813244337041e-08
-1.026865301148917581e-08
-1.027089636552969297e-08
-1.027314004026613515e-08
-1.026894869023528278e-08
-1.026541367976665015e-08
-1.026471696343137782e-08
-1.026152021218451477e-08
-1.026576397886115621e-08
-1.026624345791464253e-08
-1.026642616240808648e-08
-1.026653541851643902e-08
-1.026668637961697551e-08
-1.026683642691174652e-08
-1.026613663538570261e-08
-1.026619254304465521e-08
-1.026846222034545822e-08
-1.027072231706261079e-08
-1.027076329152305352e-08
-1.027090330874624589e-08
-1.027103927955345257e-08
-1.027117896007499179e-08
-1.027134951922122769e-08
-1.027361186598691248e-08
-1.027370083212509480e-08
-1.027599353928877465e-08
-1.027608120664140493e-08
-1.027621405125183040e-08
-1.027843734609732621e-08
-1.028069411892942081e-08
-1.027635591850543134e-08
-1.027523367044275163e-08
-1.027548199466547499e-08
-1.027689395602994326e-08
-1.027701680782166639e-08
-1.028092694846856799e-08
-1.027680347209167907e-08
-1.028245582546114408e-08
-1.028466147137328780e-08
-1.028505970272541945e-08
-1.028881656503295771e-08
-1.029220194594230799e-08
-1.029218939287439946e-08
-1.029396517100303959e-08
-1.028991726433427148e-08
-1.028991076761153088e-08
-1.029029803769913248e-08
-1.028999613116370556e-08
-1.028621174895002732e-08
-1.028760195878151040e-08
-1.028799373229478268e-08
-1.028473268854008257e-08
-1.028865831279375830e-08
-1.028835380857430723e-08
-1.029055495165505660e-08
-1.029065903194426252e-08
-1.029289328061788504e-08
-1.028863447981313656e-08
-1.028669602881459223e-08
-1.028691526945081629e-08
-1.028701168770677773e-08
-1.028275676672983663e-08
-1.027854253032452596e-08
-1.027894757861569249e-08
-1.027878412352216741e-08
-1.027879810884312564e-08
-1.027891101514908203e-08
-1.027902323942191562e-08
-1.027903691384311151e-08
-1.028043226840740375e-08
-1.028267850362999303e-08
-1.028004310632714148e-08
-1.027820038815464671e-08
-1.028043860223389150e-08
-1.028205152145133659e-08
-1.028226206703639088e-08
-1.028405990508801661e-08
-1.028414741168347482e-08
-1.028413680430662841e-08
-1.028298065381943678e-08
-1.028314286367852020e-08
-1.028322790791795978e-08
-1.028331285225301976e-08
-1.028340090226789489e-08
-1.028575412648908562e-08
-1.028711679559560130e-08
-1.028718770089043347e-08
-1.028725734196549037e-08
-1.028940821971853305e-08
-1.028970296707253330e-08
-1.029135241958699416e-08
-1.028655912910736887e-08
-1.028662630324021011e-08
-1.028253190221371383e-08
-1.028012895475938613e-08
-1.028020872224388302e-08
-1.027945180419483209e-08
-1.027106113049226073e-08
-1.027116191190063435e-08
-1.027099280474289562e-08
-1.027141618138587538e-08
-1.027114422076042294e-08
-1.027036923033552271e-08
-1.027046408541313744e-08
-1.026792850156526567e-08
-1.026799451117554055e-08
-1.027019692278494661e-08
-1.027030489781887186e-08
-1.026832514593822716e-08
-1.026840341865387497e-08
-1.026851759654309733e-08
-1.026779306123917503e-08
-1.026787558306353461e-08
-1.026796115793148389e-08
-1.026724745061419701e-08
-1.026736939910680096e-08
-1.026955469890740754e-08
-1.026564138860037309e-08
-1.026161979990879084e-08
-1.026175469638674677e-08
-1.026188967682872461e-08
-1.026198924738681093e-08
-1.026212426047592506e-08
-1.026216099819552489e-08
-1.025810812906206900e-08
-1.026035538881066137e-08
-1.025716386622710375e-08
-1.025730844222903554e-08
-1.025746300058777054e-08
-1.025760750921917002e-08
-1.025775103954873094e-08
-1.025789427413610471e-08
-1.025719466218630980e-08
-1.025301566805633542e-08
-1.025041251480106358e-08
-1.025057034694218935e-08
-1.025230661476561718e-08
-1.025244529195199198e-08
-1.025502928749045917e-08
-1.025516427099909994e-08
-1.025755755794903894e-08
-1.025768684584509846e-08
-1.025992092927239009e-08
-1.026004257915987027e-08
-1.026016580136586425e-08
-1.026027554919236224e-08
-1.026039723002548308e-08
-1.025803254056129802e-08
-1.025818877398058937e-08
-1.025827797394243019e-08
-1.025500068345806369e-08
-1.025108556759143858e-08
-1.025122464294579373e-08
-1.024717560949255143e-08
-1.024722419640183485e-08
-1.024865652244523425e-08
-1.024882816740377285e-08
-1.024895768875840147e-08
-1.025038253233671391e-08
-1.025262055753554742e-08
-1.025277855388699344e-08
-1.024853397052346520e-08
-1.025081063830274496e-08
-1.025221400095965373e-08
-1.024761033097070261e-08
-1.024400373941320252e-08
-1.024542629279143561e-08
-1.024684682760232205e-08
-1.025079128939567351e-08
-1.025053845693336458e-08
-1.025444911237915451e-08
-1.025835824159292253e-08
-1.025412741476089868e-08
-1.024980492668436826e-08
-1.024992998099635259e-08
-1.025005508946976928e-08
-1.024981975595180645e-08
-1.024994458500917087e-08
-1.024588935841083189e-08
-1.024563232533925844e-08
-1.024577176486149954e-08
-1.024797556586172409e-08
-1.025025474173023381e-08
-1.024585659373389528e-08
-1.024155859404985153e-08
-1.024166872858011779e-08
-1.023679141064131855e-08
-1.023695118470558130e-08
-1.023711038629360210e-08
-1.023310442097605285e-08
-1.023326236901731222e-08
-1.022926395267189172e-08
-1.022856422420848803e-08
-1.022877269650861008e-08
-1.022899151644058599e-08
-1.022479445970471991e-08
-1.022711910748627846e-08
-1.022253710719846282e-08
-1.022302424533366761e-08
-1.022365467406687719e-08
-1.022413733643524318e-08
-1.022431049584039571e-08
-1.022449313518021590e-08
-1.022029617763371285e-08
-1.021628105802386176e-08
-1.021649170540132052e-08
-1.020799838410901238e-08
-1.020818068102540734e-08
-1.020840149758881327e-08
-1.020861111588188338e-08
-1.021095927967314140e-08
-1.021146518924096664e-08
-1.020731343552171365e-08
-1.020881159538220480e-08
-1.020695535594063729e-08
-1.020280396944991462e-08
-1.020508273214827454e-08
-1.020529450335590546e-08
-1.020550776084594086e-08
-1.020786250983448960e-08
-1.020836832878531234e-08
-1.020857232910452185e-08
-1.020863592467132553e-08
-1.020463046414578428e-08
-1.020481309672884747e-08
-1.020026860207102693e-08
-1.020060999474439341e-08
-1.020083011354071528e-08
-1.020094699196724524e-08
-1.019909229210489409e-08
-1.019809059471464890e-08
-1.019860613043588833e-08
-1.019882209301235909e-08
-1.019900226886072127e-08
-1.019630370500486785e-08
-1.019653216355179015e-08
-1.019674877147826944e-08
-1.019726295152016328e-08
-1.019328564659071547e-08
-1.019479082224873231e-08
-1.019062047148950779e-08
-1.019084439254834520e-08
-1.019321271004402801e-08
-1.018920981575272517e-08
-1.019070534808364382e-08
-1.019092503448927014e-08
-1.019242824050464609e-08
-1.019640239038818610e-08
-1.019383858462578290e-08
-1.019364066531171095e-08
-1.019345773975426650e-08
-1.018964621686717914e-08
-1.018903017456630297e-08
-1.018928626440360886e-08
-1.019318855256493528e-08
-1.019343725396028462e-08
-1.018634537885385253e-08
-1.019068952238182855e-08
-1.019091471995802788e-08
-1.019114165848582725e-08
-1.019136968818598196e-08
-1.018942502795490060e-08
-1.018965282763638957e-08
-1.019029986638019053e-08
-1.019064676572061299e-08
-1.019468208584917232e-08
-1.019490900799033021e-08
-1.019524690259513749e-08
-1.019130445114488613e-08
-1.018414825182563775e-08
-1.018422568224302419e-08
-1.018446520924442309e-08
-1.018460912049921080e-08
-1.018484675709506709e-08
-1.018850890573887328e-08
-1.018873483127852886e-08
-1.018473534224674419e-08
-1.018413447210702333e-08
-1.018436891295192674e-08
-1.018669052840014066e-08
-1.018692487335973157e-08
-1.018592252969084519e-08
-1.018615317142366622e-08
-1.019019188035410862e-08
-1.018366875227513201e-08
-1.018393839294349321e-08
-1.018417610493909738e-08
-1.018655456264839884e-08
-1.018449445495986928e-08
-1.018472938312499568e-08
-1.018018407460341772e-08
-1.018170921499137613e-08
-1.017706098785165362e-08
-1.017294088050143277e-08
-1.017279501152822959e-08
-1.017669069465887137e-08
-1.017610636978775299e-08
-1.017513369175600341e-08
-1.017551696999520233e-08
-1.017577691971944445e-08
-1.017550016691539676e-08
-1.017576134247813778e-08
-1.017324235744083851e-08
-1.017350513760749363e-08
-1.017375386979216303e-08
-1.017609377980401780e-08
-1.017763152798376848e-08
-1.017801688599391050e-08
-1.017826661571585509e-08
-1.017841815747371613e-08
-1.017996245762181879e-08
-1.018148086569977609e-08
-1.017732219000488140e-08
-1.018134123953010275e-08
-1.018277792554940181e-08
-1.018209215139582944e-08
-1.018232741813098501e-08
-1.018257091053377597e-08
-1.018494962293045775e-08
-1.018518212600913267e-08
-1.018670161376610982e-08
-1.018895482084386445e-08
-1.018598397396641843e-08
-1.018613479673027347e-08
-1.018765324516918361e-08
-1.018702715884133492e-08
-1.018726655756421624e-08
-1.018068916649100653e-08
-1.018122651644511957e-08
-1.018062715456944305e-08
-1.018087152217387073e-08
-1.018243334348790461e-08
-1.017846143820675621e-08
-1.018076850097307307e-08
-1.017838822535169600e-08
-1.017875463852828048e-08
-1.017478640606481036e-08
-1.017633549491492109e-08
-1.017786825748412048e-08
-1.017602894904769978e-08
-1.017114490434293686e-08
-1.016904951499354609e-08
-1.016929618191477295e-08
-1.016916090924698583e-08
-1.016944226471550451e-08
-1.016764872731383898e-08
-1.016760201755054680e-08
-1.016785850027578369e-08
-1.017045690621272476e-08
-1.017071951116043048e-08
-1.017096153248377460e-08
-1.016667938001376596e-08
-1.016188520149121481e-08
-1.016347002951600689e-08
-1.015951441091138781e-08
-1.015991332971831819e-08
-1.015823520099203066e-08
-1.015850913938247514e-08
-1.015890456906547454e-08
-1.015918624879577970e-08
-1.015906707012303870e-08
-1.015371958741027245e-08
-1.015401005290656397e-08
-1.014938970026303408e-08
-1.014526851031554980e-08
-1.014934380165605777e-08
-1.014928449396173054e-08
-1.014442602995110141e-08
-1.014850462301983061e-08
-1.014881072027041292e-08
-1.014915508139314476e-08
-1.014958184262374240e-08
-1.014506243519762286e-08
-1.014452633752265006e-08
-1.014484744003052911e-08
-1.014729011797727802e-08
-1.014480724266378953e-08
-1.014090968455239275e-08
-1.014122565723779686e-08
-1.014143379399719059e-08
-1.014186220942626390e-08
-1.014229435606829238e-08
-1.014465696803420811e-08
-1.014457364392792332e-08
-1.014416852062299620e-08
-1.014026993223557604e-08
-1.014058996131800669e-08
-1.014082263075260746e-08
-1.013802767450755588e-08
-1.013834901235638422e-08
-1.013866774362480136e-08
-1.013898719277702900e-08
-1.013618846047837684e-08
-1.014023556547595530e-08
-1.013616013270517822e-08
-1.013677891175105753e-08
-1.013709670020268516e-08
-1.013948615086377603e-08
-1.013559140159868306e-08
-1.013166668074361482e-08
-1.013327593648898731e-08
-1.013565210900800400e-08
-1.013557847494556138e-08
-1.013099550408897553e-08
-1.013260422122009608e-08
-1.013500454689820676e-08
-1.013481226150681352e-08
-1.013513319592557684e-08
-1.013544971198314105e-08
-1.013171101386438900e-08
-1.013332103453716481e-08
-1.013570111704155968e-08
-1.013601546903196976e-08
-1.013629640753924911e-08
-1.013676637733009129e-08
-1.013921091445026633e-08
-1.013963914496827366e-08
-1.013955381408245067e-08
-1.013986287403641302e-08
-1.014016163903970093e-08
-1.014216088107498681e-08
-1.013669157701827660e-08
-1.013701615394434398e-08
-1.013939986233513723e-08
-1.013888290510677626e-08
-1.013805978452823389e-08
-1.013966081064412162e-08
-1.014210816803697070e-08
-1.014240404605552607e-08
-1.014260751748025121e-08
-1.014204230578020016e-08
-1.014234819005039126e-08
-1.014619633769564129e-08
-1.014660922207510066e-08
-1.014689571517853227e-08
-1.015139584182311516e-08
-1.015167599216514356e-08
-1.014913980231392227e-08
-1.014493157666750360e-08
-1.014650929188425363e-08
-1.014162717489607694e-08
-1.014204329627719556e-08
-1.014234604195092157e-08
-1.014264638448131417e-08
-1.013853129076475856e-08
-1.013898114019466598e-08
-1.013504843876384738e-08
-1.013097462577239855e-08
-1.013335856737073475e-08
-1.013368258720312684e-08
-1.013429775749585255e-08
-1.013422021423982061e-08
-1.013453802297898252e-08
-1.013485528881663355e-08
-1.013897751534703935e-08
-1.014056948481805412e-08
-1.013879981737405993e-08
-1.013910566915959287e-08
-1.013940978992794671e-08
-1.014177375302410178e-08
-1.014168449209294026e-08
-1.014159426669744100e-08
-1.014484123850125382e-08
-1.014544118420814359e-08
-1.014573955437079508e-08
-1.014577685923240882e-08
-1.014637204294795339e-08
-1.014666871687710839e-08
-1.014697487697258388e-08
-1.014308620600082104e-08
-1.014340993938310149e-08
-1.014322619824659833e-08
-1.014353179082578385e-08
-1.014383657079790774e-08
-1.014413859643913393e-08
-1.014022138090191628e-08
-1.014266967317593811e-08
-1.014297432938769592e-08
-1.014288605376442731e-08
-1.014319707231991308e-08
-1.014558777716515769e-08
-1.014592388440412916e-08
-1.014622578960791441e-08
-1.014652545923827393e-08
-1.014899936198022825e-08
-1.015137980845676504e-08
-1.014643797164474258e-08
-1.014703979792452865e-08
-1.014763949293956035e-08
-1.014372684383679752e-08
-1.014332179033459662e-08
-1.014362664847535126e-08
-1.014406365140908992e-08
-1.014437029090937966e-08
-1.014682634085655714e-08
-1.014274524683673983e-08
-1.014394200150744179e-08
-1.014001641853803445e-08
-1.013939577019911058e-08
-1.013971879299829976e-08
-1.014015595600168277e-08
-1.013960051314526496e-08
-1.014003077852457650e-08
-1.014046870535975052e-08
-1.014206483158585189e-08
-1.014177070041744542e-08
-1.014339209100336974e-08
-1.014309886476358688e-08
-1.013902648066045194e-08
-1.013933677638733250e-08
-1.014307155834769734e-08
-1.014455449459631968e-08
-1.014470479634662056e-08
-1.014499792998333200e-08
-1.014528479678380331e-08
-1.014325377737476405e-08
-1.014354512705704173e-08
-1.014412724629850216e-08
-1.014570711108043629e-08
-1.014807589240797122e-08
-1.014881098976935547e-08
-1.014825631696380834e-08
-1.014790612127711604e-08
-1.014735456683035391e-08
-1.014764107320997480e-08
-1.014710355741007970e-08
-1.014952583329092528e-08
-1.014980978759427983e-08
-1.015241957522312189e-08
-1.014857367877858065e-08
-1.014444028980599929e-08
-1.014600814975292490e-08
-1.014761165469563342e-08
-1.014788955697639295e-08
-1.015041037395213879e-08
-1.014618461296414989e-08
-1.014572554238888092e-08
-1.014088914790372731e-08
-1.014454947167791768e-08
-1.014361584154082970e-08
-1.014769028405733594e-08
-1.014357445506622702e-08
-1.014386213097401834e-08
-1.013721347803441101e-08
-1.013308600335493349e-08
-1.013339536981899761e-08
-1.013370598821962181e-08
-1.013391694138400149e-08
-1.013546626801624024e-08
-1.013919122791803098e-08
-1.013508920861548618e-08
-1.013538559979797595e-08
-1.013118956852524573e-08
-1.013698330787388561e-08
-1.013727246883942065e-08
-1.013759533866730837e-08
-1.013718438500797436e-08
-1.013748665233489975e-08
-1.013325489925406739e-08
-1.013485083063757860e-08
-1.013546261968821511e-08
-1.013576216191958166e-08
-1.013596524992332722e-08
-1.013626641537904729e-08
-1.013573018571341020e-08
-1.013819212680067125e-08
-1.013878573027826325e-08
-1.013638859312236911e-08
-1.013462394488508682e-08
-1.013705644671150279e-08
-1.013912288043860470e-08
-1.014302817754006539e-08
-1.014361014675545718e-08
-1.013949815051827644e-08
-1.013977374054710236e-08
-1.013709082791690483e-08
-1.013728747333399235e-08
-1.013757222741512012e-08
-1.013773659627430235e-08
-1.013803146775610232e-08
-1.013822813762000661e-08
-1.013855368793921103e-08
-1.014275908119510049e-08
-1.014425496426289738e-08
-1.014658694137869980e-08
-1.014247972981777640e-08
-1.014490847557312470e-08
-1.014651146993037133e-08
-1.014678929325368579e-08
-1.014225199520596394e-08
-1.013747482693314387e-08
-1.013693949624490007e-08
-1.014277745547335941e-08
-1.014306117900556368e-08
-1.014335262860732032e-08
-1.013686266009123962e-08
-1.013363282813306316e-08
-1.013729868775279790e-08
-1.013884443317006071e-08
-1.014089173788729222e-08
-1.013686947944608360e-08
-1.013437397843826023e-08
-1.012950861662643213e-08
-1.012983314334024577e-08
-1.013014621937874799e-08
-1.012997775881830855e-08
-1.012981201117596282e-08
-1.013228575542077455e-08
-1.013272726859607438e-08
-1.013221022434674298e-08
-1.013469942615783778e-08
-1.013530744581287196e-08
-1.013116278066329046e-08
-1.013108900199548234e-08
-1.013140966558209147e-08
-1.012752276747007340e-08
-1.012700723175094162e-08
-1.012737065231869825e-08
-1.012770413757111888e-08
-1.012596410535362471e-08
-1.012629612943153212e-08
-1.012613700772632003e-08
-1.013025214698656997e-08
-1.013058073695631404e-08
-1.013186215418907347e-08
-1.013136008155643214e-08
-1.013586312491059537e-08
-1.013608068655434109e-08
-1.013669537135478392e-08
-1.013561769060494163e-08
-1.013510303332792331e-08
-1.013917078988948438e-08
-1.014243697145547384e-08
-1.013832294949490274e-08
-1.013864701150024306e-08
-1.013813356958704290e-08
-1.013424751513612417e-08
-1.013457238881294183e-08
-1.013489829221975433e-08
-1.013440279316864716e-08
-1.013502536040345725e-08
-1.013301554823061730e-08
-1.013334231553392787e-08
-1.013365870108964040e-08
-1.013398431573709948e-08
-1.013559214960171461e-08
-1.013719170358691812e-08
-1.013877912255181850e-08
-1.013895268816239905e-08
-1.013895432407394955e-08
-1.013926159256069128e-08
-1.013956890769257624e-08
-1.013948257513009423e-08
-1.013536679651996238e-08
-1.013778270666145230e-08
-1.013838583193140346e-08
-1.013479082361073958e-08
-1.013511700281537076e-08
-1.013922541121739270e-08
-1.013523347545755395e-08
-1.013758813994561280e-08
-1.014131999323900523e-08
-1.013929449475007183e-08
-1.013959950927816715e-08
-1.014204340026880858e-08
-1.014612840592462313e-08
-1.014199905155373598e-08
-1.014242641173798342e-08
-1.014136114238026012e-08
-1.014165290291613025e-08
-1.014195626268465178e-08
-1.014353188141895361e-08
-1.014381581734106951e-08
-1.014326437543887859e-08
-1.014562522777589775e-08
-1.014969635278085868e-08
-1.014555231008618202e-08
-1.014715766776684489e-08
-1.014268342664546472e-08
-1.014289135975053326e-08
-1.014446828249191842e-08
-1.015068960335950442e-08
-1.015134187981694940e-08
-1.015160841673024381e-08
-1.014954928436662738e-08
-1.014982432012835508e-08
-1.014483251344885038e-08
-1.014514261709556008e-08
-1.014541083601400568e-08
-1.014948834882255116e-08
-1.014585791942011929e-08
-1.014609902879989655e-08
-1.015228516856049655e-08
-1.015141109273094165e-08
-1.015510873830627311e-08
-1.015536298533573765e-08
-1.015564672243296943e-08
-1.015588982802549427e-08
-1.015858533418615082e-08
-1.016058073625790322e-08
-1.016459565089675942e-08
-1.016494937269684167e-08
-1.016640861603505605e-08
-1.016215923770669212e-08
-1.016240124025026528e-08
-1.016259639299812801e-08
-1.016414722381851998e-08
-1.015999853983401150e-08
-1.016023172294090045e-08
-1.016050705854639368e-08
-1.016203576770576222e-08
-1.016432473369778157e-08
-1.016372467839842726e-08
-1.016398750422064792e-08
-1.016341944976161841e-08
-1.016366173352839359e-08
-1.016082693423985126e-08
-1.015796132446118318e-08
-1.016196564997322093e-08
-1.016220133385336572e-08
-1.016233874239640019e-08
-1.016257603821881504e-08
-1.016309926366825216e-08
-1.016333388816594087e-08
-1.016356628568071772e-08
-1.016379557709937760e-08
-1.016402913407586604e-08
-1.016426218629474396e-08
-1.016410204485538442e-08
-1.016433568873039905e-08
-1.016465869384006449e-08
-1.015984602888788019e-08
-1.016235536367529256e-08
-1.016261952278385209e-08
-1.016275820809580733e-08
-1.016299580559701511e-08
-1.016538670774581807e-08
-1.016522558156461690e-08
-1.016546775804782687e-08
-1.016140981881223026e-08
-1.016340136232052217e-08
-1.016492038916182943e-08
-1.016427282189033419e-08
-1.016450296943456373e-08
-1.016473231477333430e-08
-1.016057786068150838e-08
-1.016498436163666718e-08
-1.016550822010529173e-08
-1.016938336123811274e-08
-1.016876801684971748e-08
-1.016418174237656294e-08
-1.016402308845717926e-08
-1.016425935493064663e-08
-1.016607920393346743e-08
-1.016749778240845829e-08
-1.016893326783801855e-08
-1.016476513711881671e-08
-1.016498985457021882e-08
-1.016482047044647227e-08
-1.016420143336554322e-08
-1.016448112562528814e-08
-1.016675933629987524e-08
-1.017117464163072468e-08
-1.017045700009234099e-08
-1.017067851343901876e-08
-1.017089864405994704e-08
-1.017108580554306941e-08
-1.017130512982357036e-08
-1.017152400838509231e-08
-1.017164556093587566e-08
-1.017420461569567075e-08
-1.017656411735743299e-08
-1.017806250509326234e-08
-1.017955425342263533e-08
-1.017971386710110694e-08
-1.017548820553451517e-08
-1.017569140782892584e-08
-1.017718987809239285e-08
-1.017063787084933558e-08
-1.017081708913490670e-08
-1.017479004403661032e-08
-1.017499857075419367e-08
-1.017103998167272668e-08
-1.017124563037158502e-08
-1.016285300355132712e-08
-1.016308574199461199e-08
-1.016460817244526669e-08
-1.016483879877174624e-08
-1.016502871914760618e-08
-1.016538757738421188e-08
-1.016766862091152528e-08
-1.016818611893149761e-08
-1.017055452268139082e-08
-1.017073123091284219e-08
-1.017252371463451898e-08
-1.017274559421019345e-08
-1.016697488159970436e-08
-1.016301851634619139e-08
-1.015906082062550674e-08
-1.016059706828380064e-08
-1.016590842262799261e-08
-1.016993432969793298e-08
-1.016574988017851370e-08
-1.016597828747402338e-08
-1.016581198019645685e-08
-1.016529133404645019e-08
-1.016552195281506320e-08
-1.016704559725914428e-08
-1.016856399393596697e-08
-1.016878543824788128e-08
-1.017106213769016747e-08
-1.017128021794336285e-08
-1.017530139070917544e-08
-1.017467312426965467e-08
-1.017491919083712598e-08
-1.017094515711159476e-08
-1.016674997224543920e-08
-1.016827141611057256e-08
-1.016861908656846384e-08
-1.016885167391380288e-08
-1.016907342566439868e-08
-1.017088761929841597e-08
-1.017041098720764991e-08
-1.017084557816506819e-08
-1.016873926454290094e-08
-1.016897151829772231e-08
-1.016918947957143553e-08
-1.016940764898172579e-08
-1.016879309989718822e-08
-1.016460075090502292e-08
-1.016864138849528561e-08
-1.017254425603251139e-08
-1.016416613947466776e-08
-1.016150782730730382e-08
-1.016304556755472661e-08
-1.016357326125679954e-08
-1.016410508341273376e-08
-1.016228781284335150e-08
-1.015810312379841683e-08
-1.015846610230840505e-08
-1.015870376970405683e-08
-1.015668223619926408e-08
-1.015691248261684389e-08
-1.015711525735824543e-08
-1.015651621245622749e-08
-1.015805157048846944e-08
-1.015744845631978833e-08
-1.016134538638018175e-08
-1.015713855668818858e-08
-1.015654031760251123e-08
-1.015150758908210502e-08
-1.015383166897285103e-08
-1.015537234587088248e-08
-1.015561763807434831e-08
-1.015158604256379361e-08
-1.015174201808679477e-08
-1.015162870398127284e-08
-1.015191746197508364e-08
-1.015133722900595771e-08
-1.015396983437453403e-08
-1.014892848084592895e-08
-1.015145047829008305e-08
-1.015169846100779816e-08
-1.015584775180301090e-08
-1.015740259939648789e-08
-1.016274468113517445e-08
-1.016287230983606462e-08
-1.016344095401293987e-08
-1.016389650361247573e-08
-1.016328345526888898e-08
-1.016352532325121664e-08
-1.016365360085728633e-08
-1.016349253334418939e-08
-1.016577467917204629e-08
-1.016590720309889655e-08
-1.016528540280262723e-08
-1.016121137326953478e-08
-1.015910443672840279e-08
-1.016145152568951581e-08
-1.016169289154836314e-08
-1.016183398041879885e-08
-1.016113281742819931e-08
-1.016175839075086610e-08
-1.015787580865026026e-08
-1.015812489223234968e-08
-1.015837377910853363e-08
-1.015865482133753185e-08
-1.015447213511223154e-08
-1.015602552170406116e-08
-1.015204855392934806e-08
-1.015220705937217092e-08
-1.015162454395499629e-08
-1.014950914788770805e-08
-1.014528112292408922e-08
-1.014594116379738975e-08
-1.014231821416700782e-08
-1.014238642458011843e-08
-1.014388697101928396e-08
-1.014332596326709764e-08
-1.013941125176416307e-08
-1.014474275585987392e-08
-1.014019356150869601e-08
-1.014048165049191172e-08
-1.014206100076393638e-08
-1.014230374206651816e-08
-1.014258182489898440e-08
-1.014666737794636530e-08
-1.014797733670121828e-08
-1.014380588926056426e-08
-1.013966688425600819e-08
-1.013550090211952818e-08
-1.013578906529752619e-08
-1.013050666237026827e-08
-1.013110474424428969e-08
-1.013140466191599231e-08
-1.012751364217479637e-08
-1.012573531797556692e-08
-1.012992969381712715e-08
-1.012487564231536033e-08
-1.012515823037926561e-08
-1.012169355151505772e-08
-1.012419002058179836e-08
-1.012462737196981863e-08
-1.012495312619825387e-08
-1.012527819175648578e-08
-1.012766835330422500e-08
-1.013005867976277244e-08
-1.013036204792070864e-08
-1.012646546888518963e-08
-1.012377062401559249e-08
-1.012412522977752969e-08
-1.012444467595340267e-08
-1.012562788158257681e-08
-1.012510702427915457e-08
-1.012155340509071217e-08
-1.012187509357917706e-08
-1.012211819813546463e-08
-1.012031588627186281e-08
-1.012065496686887634e-08
-1.012272206793478177e-08
-1.012644768429276951e-08
-1.012677629766507770e-08
-1.013051723892726999e-08
-1.013086279871445790e-08
-1.013113959379325328e-08
-1.013358124747131844e-08
-1.013602046353621480e-08
-1.013631683919118609e-08
-1.013215612369909460e-08
-1.013248921915437436e-08
-1.013492941501997212e-08
-1.013231953560247091e-08
-1.013638005621245243e-08
-1.013670429573151982e-08
-1.014039360776579646e-08
-1.013775088401324196e-08
-1.013842607131747556e-08
-1.013999328673988416e-08
-1.014157725148163846e-08
-1.014165308863484049e-08
-1.014183198426232816e-08
-1.014506802868238949e-08
-1.014524507963601561e-08
-1.014766046593080317e-08
-1.014401833280993595e-08
-1.014421205879749956e-08
-1.014441120157142488e-08
-1.014477013224963831e-08
-1.013813929268971450e-08
-1.013833144866789524e-08
-1.013430884993541702e-08
-1.013152978105010942e-08
-1.013183000287219251e-08
-1.013214151687630738e-08
-1.013244532638123059e-08
-1.013274370574192038e-08
-1.013433202334435697e-08
-1.013669568089685005e-08
-1.013471838795436331e-08
-1.013501098804384338e-08
-1.013519807709071649e-08
-1.013548844125453913e-08
-1.013496506994045164e-08
-1.013082810865247099e-08
-1.012885317729519625e-08
-1.012918336628083579e-08
-1.012864015761265850e-08
-1.012471915392132445e-08
-1.012698586432963182e-08
-1.012729414024797626e-08
-1.012806180532968312e-08
-1.012836603746552520e-08
-1.013245260384903155e-08
-1.012853870043080337e-08
-1.013262682464849230e-08
-1.013506615607171233e-08
-1.013654714947082985e-08
-1.013683201991703124e-08
-1.013707970821967288e-08
-1.013304672136639829e-08
-1.013548210590551462e-08
-1.013577831183659991e-08
-1.013735195008926328e-08
-1.013762871055515908e-08
-1.013790656121941330e-08
-1.013461653816197386e-08
-1.013509679167783067e-08
-1.013550216219652156e-08
-1.013987116589828689e-08
-1.013930835730157507e-08
-1.014165899883310748e-08
-1.014222850303910869e-08
-1.014246395179801495e-08
-1.014273687053694897e-08
-1.013882432326188475e-08
-1.014289419494863589e-08
-1.014494724818989034e-08
-1.014729245990295953e-08
-1.014755675862840974e-08
-1.014811717329931814e-08
-1.014842385680017197e-08
-1.014868742423095906e-08
-1.014474058509807248e-08
-1.014082040537375927e-08
-1.014110802182286682e-08
-1.014138856996914276e-08
-1.014166549086777053e-08
-1.014193273725766812e-08
-1.014221108796842494e-08
-1.014248724667182200e-08
-1.014288100689693469e-08
-1.014323981950889816e-08
-1.014351446682453067e-08
-1.014291667462452590e-08
-1.014451054735121664e-08
-1.014477258750377536e-08
-1.014272390569918499e-08
-1.013853097395463855e-08
-1.013882472494999838e-08
-1.013996649666074735e-08
-1.013605480430268898e-08
-1.013664100154384800e-08
-1.014071197351546395e-08
-1.014095598549666230e-08
-1.014123397439627661e-08
-1.013872854119281379e-08
-1.014278847509103806e-08
-1.014685201170397430e-08
-1.014919794249717223e-08
-1.014946569158075553e-08
-1.014973096020194374e-08
-1.014990245798395330e-08
-1.014597832437046802e-08
-1.014205417441138265e-08
-1.013814007459999937e-08
-1.013839875691524489e-08
-1.013868990924098494e-08
-1.013893500098911094e-08
-1.013578445965933925e-08
-1.013607700800198011e-08
-1.013624020372075704e-08
-1.013652511514552733e-08
-1.013810500747825031e-08
-1.013755805809487559e-08
-1.013574019841804567e-08
-1.014024263655808069e-08
-1.014430879254679717e-08
-1.014481725492370789e-08
-1.014509740940487859e-08
-1.014527836248077843e-08
-1.014555532058295771e-08
-1.013810052273780881e-08
-1.014013772809733954e-08
-1.013754444280497365e-08
-1.014160756474142283e-08
-1.014403939044041332e-08
-1.014422394447942882e-08
-1.014465886465372835e-08
-1.014483977711339251e-08
-1.014515249911315964e-08
-1.014094539191852027e-08
-1.013616799050043569e-08
-1.013646949839575733e-08
-1.013677210428066317e-08
-1.013428732160725517e-08
-1.013451213983577529e-08
-1.013699276415205134e-08
-1.013280742718812008e-08
-1.013301665302473645e-08
-1.013248663626500321e-08
-1.013272037037517886e-08
-1.012861435149030937e-08
-1.012883358194156276e-08
-1.013129179880824969e-08
-1.013110975743901320e-08
-1.013154582953435321e-08
-1.013185984208859663e-08
-1.013391861172905595e-08
-1.013438775138980105e-08
-1.013048345378945978e-08
-1.013039950747837648e-08
-1.013071353429557112e-08
-1.013103625068530656e-08
-1.013262261847018301e-08
-1.013253529513696009e-08
-1.013281055678139587e-08
-1.013228469093781859e-08
-1.012836939094407966e-08
-1.012869393932964319e-08
-1.013067608998660067e-08
-1.013099903654548090e-08
-1.013143857001928443e-08
-1.012698191131328751e-08
-1.012760656283302982e-08
-1.012351815948549477e-08
-1.011942811963026513e-08
-1.011963484940677670e-08
-1.011997646078179361e-08
-1.012123184857793133e-08
-1.012186699378820798e-08
-1.011798860133464237e-08
-1.011481719121030060e-08
-1.011516497790321450e-08
-1.011554522574666493e-08
-1.011579001875509644e-08
-1.011819125205806566e-08
-1.011853510400531459e-08
-1.011469220185954113e-08
-1.011709784241341983e-08
-1.011747753091188231e-08
-1.011812142943222340e-08
-1.011846216311345730e-08
-1.011598184129298874e-08
-1.011641401277339317e-08
-1.011636087579767660e-08
-1.011811084587803471e-08
-1.011405604448485857e-08
-1.011638979153180919e-08
-1.011391395938301936e-08
-1.011425073300171978e-08
-1.011458607926140446e-08
-1.011456718095111171e-08
-1.011492195077202820e-08
-1.011770123271174146e-08
-1.012193098350158399e-08
-1.012342953433631883e-08
-1.011950188547786066e-08
-1.011983189184216776e-08
-1.012016175438275203e-08
-1.011962155680695025e-08
-1.011644223005066902e-08
-1.011846328801247090e-08
-1.011879916313956466e-08
-1.011874253118130785e-08
-1.012037877468829702e-08
-1.012074805303346489e-08
-1.012015887683292262e-08
-1.011838869900231579e-08
-1.011788985578884200e-08
-1.011739407440359947e-08
-1.011901880159345974e-08
-1.011935672944097666e-08
-1.011998999101152037e-08
-1.011909229509994662e-08
-1.011657678724332775e-08
-1.011722461140247397e-08
-1.011757515171149731e-08
-1.011919856775112298e-08
-1.011953045188105735e-08
-1.012192251249160485e-08
-1.012164676423816919e-08
-1.012187793714980002e-08
-1.012217372204387234e-08
-1.011815672459056455e-08
-1.011756312019203598e-08
-1.011507664882347987e-08
-1.011532587838689348e-08
-1.011736047686392665e-08
-1.011770609902382824e-08
-1.011805343022681127e-08
-1.011755939282095258e-08
-1.011368743754456173e-08
-1.011532722383168225e-08
-1.011567735115663832e-08
-1.011732935480085251e-08
-1.011974135065319151e-08
-1.012007028674872031e-08
-1.012417436696039086e-08
-1.012814722857975228e-08
-1.012975891560095850e-08
-1.013136906580882197e-08
-1.013170574078070547e-08
-1.012889360276608873e-08
-1.013296614685789863e-08
-1.013324007540515190e-08
-1.013528943194010105e-08
-1.013646296146653986e-08
-1.013679199163792357e-08
-1.013840506370673060e-08
-1.013785647862396563e-08
-1.013815315519472357e-08
-1.014052632069339953e-08
-1.014016100131373339e-08
-1.014173554861326313e-08
-1.013773926195700489e-08
-1.013932977807296388e-08
-1.013961921493338229e-08
-1.013575032591469050e-08
-1.013634338016099202e-08
-1.013653811775064748e-08
-1.013694417712709002e-08
-1.013331470276815483e-08
-1.013555874626888905e-08
-1.013584699770709482e-08
-1.013604733653018092e-08
-1.014013045248507674e-08
-1.014041958492635542e-08
-1.014116210175292476e-08
-1.014061198766200892e-08
-1.014090172754090377e-08
-1.014098348740050500e-08
-1.014127529831279278e-08
-1.014532264168801801e-08
-1.014904301653129808e-08
-1.014962015593309066e-08
-1.014989803938708049e-08
-1.014598711811689110e-08
-1.014627164119589660e-08
-1.014197929300567419e-08
-1.014224161580229796e-08
-1.014254353251167749e-08
-1.014303694080925703e-08
-1.014333396974370105e-08
-1.013901272538615786e-08
-1.013932053832972839e-08
-1.013683014940692110e-08
-1.013927469301572586e-08
-1.013956383537373706e-08
-1.013565912082471638e-08
-1.013557589454157514e-08
-1.013794369472162298e-08
-1.013815099115122681e-08
-1.013844791298133250e-08
-1.014089435578228681e-08
-1.014148252291204227e-08
-1.014306332644648345e-08
-1.014335682339790690e-08
-1.014382659162230386e-08
-1.014072704185593319e-08
-1.014102762959447271e-08
-1.014053184341038322e-08
-1.013798709012098232e-08
-1.014034143687047047e-08
-1.014276545178464291e-08
-1.013913518456743268e-08
-1.013903011096442659e-08
-1.014228570707798185e-08
-1.013907225974081077e-08
-1.014291996325401127e-08
-1.014537812507231150e-08
-1.014561184785228660e-08
-1.014609068641701717e-08
-1.014635771288995568e-08
-1.014662773819906858e-08
-1.014692305895866639e-08
-1.014283410025307950e-08
-1.014519004855928403e-08
-1.014921298698106108e-08
-1.015327176774769251e-08
-1.015273006931833416e-08
-1.015328542614800963e-08
-1.014931640767023111e-08
-1.015378834462082197e-08
-1.015783404378067704e-08
-1.016229792252500086e-08
-1.015804723561252339e-08
-1.015419547523888330e-08
-1.015018455917205491e-08
-1.015174283820451408e-08
-1.015211587889787090e-08
-1.015267352964364362e-08
-1.015209784802990338e-08
-1.015005491242235610e-08
-1.015240161586019512e-08
-1.015183240594272693e-08
-1.015210024594302837e-08
-1.015474376735120769e-08
-1.015515870072226093e-08
-1.015540931248134023e-08
-1.015358270857511385e-08
-1.015374619451843584e-08
-1.015779159757752261e-08
-1.016011055188355245e-08
-1.016032487895491783e-08
-1.015603956589120030e-08
-1.015341490214773135e-08
-1.015368224698147725e-08
-1.015394744203354272e-08
-1.015629003678612297e-08
-1.016032740253811748e-08
-1.016058227664994696e-08
-1.016082533038562916e-08
-1.015586028516747062e-08
-1.015575957817302426e-08
-1.015166593776320526e-08
-1.015559328836642216e-08
-1.015792793057286928e-08
-1.015819792758241454e-08
-1.015562588089799251e-08
-1.015589617718219311e-08
-1.015189218324951242e-08
-1.015217078130674588e-08
-1.015218937910605102e-08
-1.015455393072185093e-08
-1.015825967022600354e-08
-1.015852530378248459e-08
-1.016084102635149417e-08
-1.016109875827870317e-08
-1.016052254487963948e-08
-1.016078458321549948e-08
-1.016317827355071165e-08
-1.016342395800284676e-08
-1.016709752488178866e-08
-1.016651071897908891e-08
-1.016705932545218039e-08
-1.016339906446849939e-08
-1.016368919284885428e-08
-1.015959233301775826e-08
-1.015564646207616432e-08
-1.015715191779981671e-08
-1.015986789667843365e-08
-1.016013285649130960e-08
-1.016342413654307520e-08
-1.016380745973886542e-08
-1.016406290601592851e-08
-1.016810681408740672e-08
-1.016835869970758734e-08
-1.016989291975246424e-08
-1.017025339279261563e-08
-1.017078724891327797e-08
-1.017092863791211537e-08
-1.017116748029608732e-08
-1.016705831294750050e-08
-1.016730306283615646e-08
-1.016672438305821193e-08
-1.016697382350780885e-08
-1.016724616584702116e-08
-1.016325953473811298e-08
-1.016560111464628168e-08
-1.016586608955547017e-08
-1.016856979199797563e-08
-1.016893644239543451e-08
-1.016316280770887203e-08
-1.016716994989600162e-08
-1.016742679486633816e-08
-1.016768177047660039e-08
-1.016793564348329639e-08
-1.016819067823051875e-08
-1.016325282605190543e-08
-1.016342062711106774e-08
-1.016358988382132745e-08
-1.016761163396848360e-08
-1.016703235159807047e-08
-1.016937699211980037e-08
-1.017193522731422435e-08
-1.017178518104315222e-08
-1.017200351386729038e-08
-1.017225734982191150e-08
-1.017251117453778514e-08
-1.016855550738173549e-08
-1.017256912551723592e-08
-1.017282394502438335e-08
-1.017219232877159175e-08
-1.017244066880394519e-08
-1.017230926705131272e-08
-1.016834018902870951e-08
-1.016988831690726918e-08
-1.017143344455285577e-08
-1.017169063407395072e-08
-1.017194828654481886e-08
-1.017433969158904695e-08
-1.017478264114987335e-08
-1.017514345834203742e-08
-1.017540895269664415e-08
-1.017773810034616957e-08
-1.017351193948191684e-08
-1.016858868905102003e-08
-1.017043223726955709e-08
-1.017197152954233789e-08
-1.017400552424930663e-08
-1.017443176429650346e-08
-1.017845120690455279e-08
-1.017867897256907617e-08
-1.018061733566912063e-08
-1.017563394021280185e-08
-1.017925214065718507e-08
-1.017529657643349402e-08
-1.017554360170185267e-08
-1.017608575328649906e-08
-1.017632993466417374e-08
-1.017669372407697675e-08
-1.017894808751345027e-08
-1.017908265546517443e-08
-1.017930530445667484e-08
-1.017530993395569266e-08
-1.017862430838821430e-08
-1.018099756018118252e-08
-1.018123274525500503e-08
-1.017752606676570248e-08
-1.017692944240064432e-08
-1.017709954755782886e-08
-1.017737466868901127e-08
-1.017762670256537527e-08
-1.017779082577622310e-08
-1.017803216216274432e-08
-1.017942639945331464e-08
-1.017660333137176276e-08
-1.017705978808813590e-08
-1.018095419420799427e-08
-1.018110897920764929e-08
-1.017743330165911244e-08
-1.017770289568048415e-08
-1.017362104442308688e-08
-1.017386787748971385e-08
-1.017411117001579933e-08
-1.017457154332598259e-08
-1.017480296994082252e-08
-1.017420796879913519e-08
-1.016940529881333837e-08
-1.016657798629942948e-08
-1.016600505220035896e-08
-1.016397167134527588e-08
-1.016631850459839840e-08
-1.016659373131591533e-08
-1.016899569142695642e-08
-1.017475032082883127e-08
-1.017499171611258245e-08
-1.017736458005799677e-08
-1.017974489101156983e-08
-1.017997052022038179e-08
-1.018009698941926675e-08
-1.018246933392595636e-08
-1.018354970871750506e-08
-1.018291190640312998e-08
-1.018342419145360514e-08
-1.018367275192785474e-08
-1.018764520381279411e-08
-1.018480041275787206e-08
-1.018715913177958588e-08
-1.018748404996727685e-08
-1.018262725584040505e-08
-1.018283087261156349e-08
-1.017856420663975039e-08
-1.018007545432235212e-08
-1.017944591825166037e-08
-1.017528358138722476e-08
-1.017101036833203931e-08
-1.017125184081598631e-08
-1.016731468250829025e-08
-1.016785718690272619e-08
-1.016813235625088523e-08
-1.016405042311094365e-08
-1.016430571613323875e-08
-1.016464206923499450e-08
-1.016476066894359176e-08
-1.016501342281145225e-08
-1.016318234910229643e-08
-1.016344179798383159e-08
-1.016369870189877569e-08
-1.016410553291420787e-08
-1.016649197551186176e-08
-1.016674059489691039e-08
-1.016698619262381861e-08
-1.016725427209812358e-08
-1.016761747810098318e-08
-1.016994180963769710e-08
-1.017017994950710428e-08
-1.017247866585882374e-08
-1.017390757353768750e-08
-1.016974298414949252e-08
-1.017216236494656604e-08
-1.016819038560547240e-08
-1.016841985326667963e-08
-1.016442746862072464e-08
-1.016046223609732127e-08
-1.016411183266216298e-08
-1.016641850258110385e-08
-1.016875378836244646e-08
-1.017028501137406688e-08
-1.017055670206355410e-08
-1.017211351945443582e-08
-1.017375997605032729e-08
-1.016990503434696158e-08
-1.016942371704368032e-08
-1.017304012266621195e-08
-1.017255139848477265e-08
-1.017194188928391788e-08
-1.017582168791328222e-08
-1.017604912304713324e-08
-1.017835566917254305e-08
-1.017437587726378913e-08
-1.017459744073424539e-08
-1.017444180124036811e-08
-1.017463990357268023e-08
-1.017487855666318000e-08
-1.017511147004061598e-08
-1.017873617175060084e-08
-1.017472302032611348e-08
-1.017495660296713278e-08
-1.017534311206513264e-08
-1.017686419916884442e-08
-1.017288195278673584e-08
-1.017003827556828759e-08
-1.017027136580610866e-08
-1.017007171155577348e-08
-1.017030796804039141e-08
-1.017015363177607250e-08
-1.016743679188578130e-08
-1.016767958475008919e-08
-1.016782608648064406e-08
-1.017185280838327476e-08
-1.017587894055351954e-08
-1.017606439990920893e-08
-1.018008785753713562e-08
-1.018160316408240401e-08
-1.018564961780995314e-08
-1.019177362594469875e-08
-1.018758579751339114e-08
-1.018764054408653746e-08
-1.018783462198777940e-08
-1.018834363581630707e-08
-1.018287805376986995e-08
-1.017891245774416324e-08
-1.018042953088982791e-08
-1.018063755680725944e-08
-1.018085827294943519e-08
-1.018137276375557272e-08
-1.018158920178058521e-08
-1.018524604959661187e-08
-1.018544971883481748e-08
-1.018565307669994800e-08
-1.018586643564296423e-08
-1.018985074471015202e-08
-1.019004038340646598e-08
-1.019053122383294240e-08
-1.018633586052853488e-08
-1.018221458876724168e-08
-1.018242426398102676e-08
-1.018263216493422844e-08
-1.017552445275856401e-08
-1.017575063388472042e-08
-1.017727270650942502e-08
-1.017986509524382647e-08
-1.018007151129291834e-08
-1.017992055566761771e-08
-1.017930260621809223e-08
-1.017515685304542060e-08
-1.017080318536040765e-08
-1.017104157749988886e-08
-1.016688896710941155e-08
-1.016927327422354436e-08
-1.016951175915660163e-08
-1.016966225786423615e-08
-1.016990859739908448e-08
-1.017017767790281604e-08
-1.017042460782160391e-08
-1.017078329144358183e-08
-1.016653223730391739e-08
-1.016896045015526815e-08
-1.017127563264753737e-08
-1.017150709633900621e-08
-1.017174192927978375e-08
-1.017187963633036943e-08
-1.017242167558498547e-08
-1.017226107568468895e-08
-1.017629139026197142e-08
-1.018062046755350143e-08
-1.018074110357619841e-08
-1.018302820864800124e-08
-1.017915156829461053e-08
-1.018066125100134914e-08
-1.018229073308387258e-08
-1.018262042539964846e-08
-1.018312367390141669e-08
-1.018371233964870535e-08
-1.018108364929578442e-08
-1.018129469603773699e-08
-1.018067239786442159e-08
-1.018088577838662124e-08
-1.018106435917002680e-08
-1.018127918113705269e-08
-1.018354720286403511e-08
-1.018376937783448418e-08
-1.018396720260006511e-08
-1.018447496839576602e-08
-1.018414877024747128e-08
-1.018650264669451342e-08
-1.018607328717086336e-08
-1.018552962266215139e-08
-1.018573408667319121e-08
-1.018597101358512804e-08
-1.018826131522705725e-08
-1.018410720129953862e-08
-1.018431884449777519e-08
-1.018013515189456958e-08
-1.018240607714549453e-08
-1.018261133754369919e-08
-1.018652793281304611e-08
-1.018379836293993521e-08
-1.018403671504376061e-08
-1.018631893489764668e-08
-1.018654474099412746e-08
-1.018687966857023554e-08
-1.018673350858796770e-08
-1.018685166856214671e-08
-1.018707605310393644e-08
-1.018728064287334085e-08
-1.018761978142557617e-08
-1.018782946217960193e-08
-1.018364484025094577e-08
-1.018383024527897259e-08
-1.018351974018478934e-08
-1.018170260302920417e-08
-1.017899901869217356e-08
-1.017839417635116120e-08
-1.017863053657497633e-08
-1.018100308054122424e-08
-1.018336770048019391e-08
-1.017851057238079920e-08
-1.017886530256712502e-08
-1.017908496671168821e-08
-1.017931442992235934e-08
-1.018192061361593811e-08
-1.017920384306292853e-08
-1.017829771124683646e-08
-1.018061871876737932e-08
-1.018291378129156997e-08
-1.018345444122526413e-08
-1.018577262995544888e-08
-1.018516457914481575e-08
-1.018543654266104109e-08
-1.018567038203761270e-08
-1.018588967078510302e-08
-1.018600996156772222e-08
-1.018623931014686695e-08
-1.018210521447016848e-08
-1.018233940043328758e-08
-1.018302926893761967e-08
-1.018356198474423657e-08
-1.018592790596687185e-08
-1.018830359372731982e-08
-1.018825218683651008e-08
-1.019226878635476992e-08
-1.019244948307970515e-08
-1.018694797339421086e-08
-1.019109964882131848e-08
-1.019131026784822715e-08
-1.019363436851017649e-08
-1.019605398398992730e-08
-1.019758273707738567e-08
-1.019778323935868467e-08
-1.019515862451304472e-08
-1.019533000718006564e-08
-1.019517894443823238e-08
-1.019540092140235045e-08
-1.019768755100152900e-08
-1.019438737120779791e-08
-1.019681016754284159e-08
-1.019265574238683409e-08
-1.018869245157476810e-08
-1.019011707051936059e-08
-1.019063432847330299e-08
-1.018604493642978073e-08
-1.018865687635431685e-08
-1.018448263493117094e-08
-1.018050638037873006e-08
-1.017784299983714944e-08
-1.017808752599015214e-08
-1.018009431379743328e-08
-1.018238195851467292e-08
-1.018178597382393840e-08
-1.018201186095926243e-08
-1.018604882272268950e-08
-1.018627919049836889e-08
-1.018567674891354596e-08
-1.018591142135290906e-08
-1.018614851979310729e-08
-1.018628697795374394e-08
-1.018211638058563146e-08
-1.018251342703679007e-08
-1.018191887505816236e-08
-1.017765090815851855e-08
-1.017511189651620252e-08
-1.017259370156623409e-08
-1.017258630876404971e-08
-1.017691145031430362e-08
-1.017632712123243061e-08
-1.017619432124256094e-08
-1.017206418099575437e-08
-1.016787427107871689e-08
-1.017032727336276052e-08
-1.017264554509885380e-08
-1.017303545467239923e-08
-1.017342531057099046e-08
-1.017368945077727523e-08
-1.017601506867599149e-08
-1.017176413563603525e-08
-1.016923220301710771e-08
-1.016949548576073830e-08
-1.016976645959519608e-08
-1.017003643255719473e-08
-1.017030679831111517e-08
-1.017057666451656688e-08
-1.017114073754407934e-08
-1.017137287083943526e-08
-1.017505186543472960e-08
-1.017089524046896136e-08
-1.017329467235066827e-08
-1.017483813893323891e-08
-1.017509607725746578e-08
-1.017096047957691352e-08
-1.017328248738778221e-08
-1.017393029881153826e-08
-1.017634685461472829e-08
-1.017671074046506130e-08
-1.018201219227777800e-08
-1.017807455803889522e-08
-1.017831325350310822e-08
-1.017404863188284250e-08
-1.017153488129108765e-08
-1.016946677983831283e-08
-1.017102215022563518e-08
-1.017114917113713739e-08
-1.017155715934896103e-08
-1.017300593016545357e-08
-1.016883515736088786e-08
-1.016942725098733235e-08
-1.017086486763625297e-08
-1.017124990122331325e-08
-1.017279236656857688e-08
-1.017282993471962065e-08
-1.017307072848756813e-08
-1.016896866656413695e-08
-1.016481379251512113e-08
-1.016299401060746919e-08
-1.016326316603566554e-08
-1.015933619260532774e-08
-1.016382153889377621e-08
-1.015986912242939534e-08
-1.016230308449117509e-08
-1.016260281493243865e-08
-1.015805467002536344e-08
-1.015389707792767773e-08
-1.015417383619570831e-08
-1.015406021616270762e-08
-1.014990798550269728e-08
-1.014588094572862255e-08
-1.014093134564061100e-08
-1.014279953838414588e-08
-1.014313473811655558e-08
-1.014304746825165052e-08
-1.014272274000934766e-08
-1.014317529094128855e-08
-1.013924860755635660e-08
-1.013952803471720232e-08
-1.013469987457191017e-08
-1.013419460899350213e-08
-1.013388505997762514e-08
-1.013798126353344344e-08
-1.013830731501315925e-08
-1.013863508815773177e-08
-1.014133174276544890e-08
-1.014164172187011676e-08
-1.013721065577201191e-08
-1.013754233135328109e-08
-1.013783674808641155e-08
-1.014021105117519742e-08
-1.013663137122031193e-08
-1.013696325595633312e-08
-1.013431682483249306e-08
-1.013469033716847075e-08
-1.013498246630694227e-08
-1.013532207594846922e-08
-1.013566168552900980e-08
-1.013610628357488935e-08
-1.013601161551628797e-08
-1.013633652499194067e-08
-1.013388357097226286e-08
-1.013421502615017587e-08
-1.013583063829783652e-08
-1.013628094575890765e-08
-1.013789421614447333e-08
-1.013393978708311709e-08
-1.013639602324942758e-08
-1.013671994166430834e-08
-1.013135693930372782e-08
-1.012731646018926811e-08
-1.012727272409348776e-08
-1.012761803413147096e-08
-1.012502756596481514e-08
-1.012873855878606542e-08
-1.012486462096887751e-08
-1.012471352319074235e-08
-1.012065297573334350e-08
-1.012100032307664688e-08
-1.012258837867442705e-08
-1.011875903618954430e-08
-1.012070302655351317e-08
-1.012078951806697206e-08
-1.012047607976732288e-08
-1.012113431264697604e-08
-1.012149063663413128e-08
-1.012184659783085316e-08
-1.011776666257858244e-08
-1.011773829595820789e-08
-1.011810522725999893e-08
-1.011847118855775584e-08
-1.011883501220762230e-08
-1.011919991544039520e-08
-1.011956410823836881e-08
-1.012204719016978865e-08
-1.012617636879876794e-08
-1.012652582472233707e-08
-1.012699593803000815e-08
-1.013324835182897846e-08
-1.013516428801123681e-08
-1.013760379489995072e-08
-1.014000128842380806e-08
-1.013479714165201727e-08
-1.013512441106402480e-08
-1.013752909283614933e-08
-1.013493359410931245e-08
-1.013085690758526167e-08
-1.013148631667268323e-08
-1.012758182915671746e-08
-1.012753222393505124e-08
-1.012704229439980250e-08
-1.012504652479662444e-08
-1.012746052420690777e-08
-1.012770831044024629e-08
-1.012850695494329097e-08
-1.013096877042412064e-08
-1.013750771075029873e-08
-1.013813670141178564e-08
-1.014044039191891681e-08
-1.014581108493931546e-08
-1.014181354468761289e-08
-1.014212310876909086e-08
-1.014750351081581979e-08
-1.014780752900212766e-08
-1.014811881345106925e-08
-1.014805864270515104e-08
-1.014752896787550754e-08
-1.014825687375743545e-08
-1.014858804908288397e-08
-1.015267556297402016e-08
-1.015428696650938761e-08
-1.015461026800790187e-08
-1.015468731379976336e-08
-1.015487501844577905e-08
-1.015528190624533718e-08
-1.015553583078956923e-08
-1.015585257595602953e-08
-1.015992438285565151e-08
-1.016020044110579823e-08
-1.016059970546093944e-08
-1.016087361975070584e-08
-1.016113734083784387e-08
-1.015701012438645026e-08
-1.015164376861238296e-08
-1.015400133778579721e-08
-1.014988615300498587e-08
-1.015019177608586421e-08
-1.015010227389770970e-08
-1.014749907252792574e-08
-1.014947423501076457e-08
-1.015175298666492823e-08
-1.015334031102756754e-08
-1.015353258313029763e-08
-1.015384239855385058e-08
-1.015412767348576488e-08
-1.015481091522372801e-08
-1.014993497900945884e-08
-1.015139768113497361e-08
-1.015166975125767878e-08
-1.015197977453318254e-08
-1.014806003273934564e-08
-1.014966367861096082e-08
-1.014704875009164462e-08
-1.014651901831884144e-08
-1.014263753618920357e-08
-1.014295838584986318e-08
-1.014329431746419123e-08
-1.014490167713347965e-08
-1.014526202858212425e-08
-1.014557827959895991e-08
-1.014589394821223814e-08
-1.014620730050140734e-08
-1.014235415362157902e-08
-1.013823356706145249e-08
-1.013859612805169068e-08
-1.013608088782193092e-08
-1.013604359108620038e-08
-1.013245077557226209e-08
-1.012437799835822839e-08
-1.012473811344366744e-08
-1.012717912939980336e-08
-1.012756086426391198e-08
-1.012366404237433093e-08
-1.012402360713949457e-08
-1.012438450718799307e-08
-1.012850919618593798e-08
-1.012803256456337930e-08
-1.012394860078270677e-08
-1.012434842499794612e-08
-1.012472467051134494e-08
-1.012499568779474488e-08
-1.012526348443752252e-08
-1.012137907640029577e-08
-1.012177347812362234e-08
-1.011769855292765096e-08
-1.011444398947947826e-08
-1.011488313916364601e-08
-1.011246961492037184e-08
-1.010999889641684435e-08
-1.011618858957229315e-08
-1.011367272906333526e-08
-1.011007106642185575e-08
-1.011035799785215689e-08
-1.011027621759905954e-08
-1.011066327973488618e-08
-1.011480039447249210e-08
-1.011095332590339284e-08
-1.011134143368053632e-08
-1.010928809555093521e-08
-1.010521948409273017e-08
-1.009901865162518007e-08
-1.009541948378591181e-08
-1.009970705896291506e-08
-1.009972401233303213e-08
-1.010516006356778439e-08
-1.010557179577145647e-08
-1.010544392870273816e-08
-1.010603907685927547e-08
-1.010561834303517190e-08
-1.010537858972175322e-08
-1.010958092261958765e-08
-1.010602221111988171e-08
-1.010857229025324056e-08
-1.011104689807844164e-08
-1.010853575275571727e-08
-1.010892886438487207e-08
-1.010809970780980981e-08
-1.010879960556524175e-08
-1.010931834625425765e-08
-1.011016306715187362e-08
-1.011051124941306164e-08
-1.010851485877613460e-08
-1.010883513070314450e-08
-1.010838703438054574e-08
-1.011097288120373503e-08
-1.011308601244284972e-08
-1.011753567888966179e-08
-1.011791112165703083e-08
-1.011829401962418614e-08
-1.011867092973793592e-08
-1.011480670792508957e-08
-1.011452300512505397e-08
-1.011618854254142734e-08
-1.011574080113031698e-08
-1.011612790140907782e-08
-1.011859401934500243e-08
-1.011659301248024779e-08
-1.011697788232826900e-08
-1.011653096525478452e-08
-1.011695814256156636e-08
-1.011203172211371746e-08
-1.011242618198429911e-08
-1.011296640162084404e-08
-1.011466375861299771e-08
-1.011504380442580900e-08
-1.011124147930154844e-08
-1.011092106160322723e-08
-1.010706829161834202e-08
-1.010746963310344047e-08
-1.010702787091519782e-08
-1.010733823183633325e-08
-1.010734983026487576e-08
-1.010695250949064239e-08
-1.010736233087255806e-08
-1.010768329232316856e-08
-1.010809436642097086e-08
-1.010862098864085773e-08
-1.010932526316718012e-08
-1.011101789984695944e-08
-1.010694908599818913e-08
-1.010735131148231437e-08
-1.010765721489431023e-08
-1.010515167341067845e-08
-1.010597424318638147e-08
-1.010637323214588087e-08
-1.010212990125301661e-08
-1.010346673377927631e-08
-1.010096985902842996e-08
-1.010512835351067748e-08
-1.010553021910197974e-08
-1.010583333037733889e-08
-1.010622982425607067e-08
-1.010694068098903543e-08
-1.010730170992541561e-08
-1.010769833781466596e-08
-1.010821740698512179e-08
-1.011072580343103330e-08
-1.011110666707809377e-08
-1.011110033210563000e-08
-1.010723990321110966e-08
-1.010724645856885570e-08
-1.011266861743152731e-08
-1.011268959266453878e-08
-1.011307834643543088e-08
-1.011345115640206197e-08
-1.011746758050605523e-08
-1.011908898739011106e-08
-1.012152595675558721e-08
-1.012564362967424059e-08
-1.012795948065313065e-08
-1.012831102483949063e-08
-1.012784775334821209e-08
-1.012863314344093810e-08
-1.012474787314025475e-08
-1.012312873257951466e-08
-1.012349275791646071e-08
-1.012385324610725717e-08
-1.012587662203382291e-08
-1.013002825297781244e-08
-1.013041122072756204e-08
-1.013076540192115297e-08
-1.013111984193494189e-08
-1.012793824852791706e-08
-1.012829330068529825e-08
-1.012865004627878345e-08
-1.012478981227780262e-08
-1.012279638285360172e-08
-1.012017395620781744e-08
-1.011971778469322294e-08
-1.012009620939078779e-08
-1.012255208856660887e-08
-1.012292034558456049e-08
-1.012255084833877382e-08
-1.012632458175344461e-08
-1.013249682406474259e-08
-1.013284475342387405e-08
-1.013319567694987603e-08
-1.013733680866445706e-08
-1.013741959037860549e-08
-1.013904535361868959e-08
-1.014318245209704314e-08
-1.014479682656437326e-08
-1.013830944682997728e-08
-1.013629418736567315e-08
-1.013663905455230409e-08
-1.013912937737621706e-08
-1.013946631693528434e-08
-1.014188129230820396e-08
-1.014269886947753522e-08
-1.013852404201640046e-08
-1.013803188035005300e-08
-1.013864036770433624e-08
-1.013894638245816781e-08
-1.013958771554306888e-08
-1.013992589398426746e-08
-1.013955446681740032e-08
-1.013988637088722812e-08
-1.013929612147657076e-08
-1.014136935921435600e-08
-1.014183158959175676e-08
-1.014453124267589088e-08
-1.014277032712489487e-08
-1.014229790167195016e-08
-1.013842412720512568e-08
-1.013876626357058427e-08
-1.013910858059208516e-08
-1.013957403239548148e-08
-1.013570111885191724e-08
-1.013843375160899499e-08
-1.013456104640960035e-08
-1.013660815536172356e-08
-1.013696502179558592e-08
-1.013739752728944879e-08
-1.013986368706063341e-08
-1.014023257294616290e-08
-1.014425324408819331e-08
-1.014670771673146259e-08
-1.014915363815077232e-08
-1.015355705098345295e-08
-1.015602540551037109e-08
-1.015761682012016517e-08
-1.015787181044351377e-08
-1.015244532396844848e-08
-1.015211977975299657e-08
-1.015242872551487885e-08
-1.014850336102036196e-08
-1.014447292155729779e-08
-1.014443917899045030e-08
-1.014475761289951902e-08
-1.014425479134744416e-08
-1.014449103815777455e-08
-1.014481937183157310e-08
-1.014505759797510588e-08
-1.014538955106668922e-08
-1.014780213482899462e-08
-1.014842820768755369e-08
-1.014875891458399623e-08
-1.014920318231144141e-08
-1.015327939591326924e-08
-1.014958675468598613e-08
-1.015157827177051947e-08
-1.015305058450566924e-08
-1.015336704167941043e-08
-1.015368600917938899e-08
-1.015361030549708764e-08
-1.015184347181256191e-08
-1.015346318994806190e-08
-1.015327199390736713e-08
-1.014937492088863566e-08
-1.015471873400425209e-08
-1.015532640068372641e-08
-1.015140129426194396e-08
-1.015171544876561488e-08
-1.015582517159605932e-08
-1.015109671245518647e-08
-1.015111232513165658e-08
-1.014709718286316295e-08
-1.014742480866592582e-08
-1.014463404241556855e-08
-1.014055988157896233e-08
-1.014120129586524764e-08
-1.014153024730471211e-08
-1.014186686331534188e-08
-1.014824493186859184e-08
-1.014846716144643942e-08
-1.014878747192844024e-08
-1.015123106963660210e-08
-1.015154583635194225e-08
-1.014767886620435270e-08
-1.015206525184035342e-08
-1.014494284388318300e-08
-1.014104484536269795e-08
-1.014138653344311771e-08
-1.014202696205289196e-08
-1.014235357671131316e-08
-1.014137529079728330e-08
-1.013749615670920757e-08
-1.014077662197322533e-08
-1.014331187063652298e-08
-1.014314557346879925e-08
-1.014348141152919854e-08
-1.014585685371697101e-08
-1.014622785978767846e-08
-1.014996738812216560e-08
-1.015059795701480866e-08
-1.015091060594867996e-08
-1.015123596493801926e-08
-1.014734420915484824e-08
-1.014779164814551388e-08
-1.014772778680343533e-08
-1.014805146145763928e-08
-1.014800163224692460e-08
-1.014960924315314673e-08
-1.014990828128160960e-08
-1.015023603148539655e-08
-1.014708793935077477e-08
-1.014682308117700355e-08
-1.014632826369649620e-08
-1.014350520368691188e-08
-1.014344914876200706e-08
-1.014536727644235488e-08
-1.014600102872966746e-08
-1.014974780747604240e-08
-1.015227186634600077e-08
-1.015399567298986442e-08
-1.015420293331471700e-08
-1.015452149572520531e-08
-1.015528921348572916e-08
-1.015894763467204798e-08
-1.015924900429148761e-08
-1.016162500378141631e-08
-1.016192157018933230e-08
-1.016253071199051307e-08
-1.016286447410636781e-08
-1.015893109660123204e-08
-1.016128950038094192e-08
-1.016171132675317256e-08
-1.015778485523719721e-08
-1.015938326637241143e-08
-1.015537491719598578e-08
-1.015487111076302520e-08
-1.015077894754082766e-08
-1.015070299165172003e-08
-1.015133861664209285e-08
-1.015127491261333238e-08
-1.015371786956481965e-08
-1.015416817805930737e-08
-1.015008592555865089e-08
-1.015158909529341037e-08
-1.015190258158288411e-08
-1.015224955054720792e-08
-1.014835584246449817e-08
-1.014786542682008998e-08
-1.014526371390962652e-08
-1.014108721806467923e-08
-1.014172149682492147e-08
-1.014411658128058393e-08
-1.014374141598174982e-08
-1.014420771154179973e-08
-1.014456102529372220e-08
-1.014076465314586369e-08
-1.014027014184014555e-08
-1.014073684505519464e-08
-1.014107847059001170e-08
-1.014269444075611234e-08
-1.014299205032752234e-08
-1.013464635072503045e-08
-1.013489601898704855e-08
-1.013652979027675565e-08
-1.013686963392698968e-08
-1.013430849699264164e-08
-1.013478670600686576e-08
-1.013882298280302308e-08
-1.013919081206212994e-08
-1.013730347075846970e-08
-1.013760374945479345e-08
-1.013837521717456744e-08
-1.014077273745228467e-08
-1.014118881827545242e-08
-1.013742458085060312e-08
-1.013775945463030703e-08
-1.013809718116699408e-08
-1.013842072048844449e-08
-1.013888151861569731e-08
-1.014127861117946088e-08
-1.013739103162750941e-08
-1.013708794422658617e-08
-1.013742613174508282e-08
-1.013324539520329638e-08
-1.012946694231691655e-08
-1.012994913819714998e-08
-1.013029831472633567e-08
-1.013285960225361095e-08
-1.013352065802073383e-08
-1.013386893556942430e-08
-1.014001920450460027e-08
-1.014037482092180363e-08
-1.014073419077883133e-08
-1.014055645698672613e-08
-1.014127848027347191e-08
-1.014161019153180688e-08
-1.014323891143784848e-08
-1.014269253941343382e-08
-1.014298264120828157e-08
-1.014331146041590567e-08
-1.014090643866500054e-08
-1.014123934952092410e-08
-1.014160267042183100e-08
-1.014196316962364880e-08
-1.014259261233111663e-08
-1.014489321588936687e-08
-1.014521173606259698e-08
-1.014726780814284285e-08
-1.014758778990704680e-08
-1.015002385168928981e-08
-1.015022563846106028e-08
-1.015049820494928289e-08
-1.014997955529526038e-08
-1.015059515192940228e-08
-1.015089602560569943e-08
-1.015117723023904771e-08
-1.015056152661230304e-08
-1.015590557413705972e-08
-1.015189820404856056e-08
-1.014770326939998087e-08
-1.015181518518267018e-08
-1.015417218048822360e-08
-1.014582393583719185e-08
-1.014615286380026965e-08
-1.014651302296824970e-08
-1.014168804451682626e-08
-1.014119010662729066e-08
-1.014744384221030270e-08
-1.014347695170203585e-08
-1.014380995330584338e-08
-1.013974278478956719e-08
-1.014591923369567644e-08
-1.014152864656570017e-08
-1.014185434510505266e-08
-1.014624601326689275e-08
-1.014870126106604405e-08
-1.014034495214205873e-08
-1.014196581170159451e-08
-1.014191150090086653e-08
-1.014237109198302665e-08
-1.014270791464455422e-08
-1.014307523143711768e-08
-1.014340976856692183e-08
-1.014077409747647418e-08
-1.014050810443298000e-08
-1.013656235634094688e-08
-1.013641958579659286e-08
-1.013478440125381244e-08
-1.013558783649995651e-08
-1.013151779593447460e-08
-1.013187285961171067e-08
-1.013183314835594206e-08
-1.013133153163288678e-08
-1.013546440803559004e-08
-1.013789044383297166e-08
-1.013824417942376938e-08
-1.013860495253893126e-08
-1.013886659708766530e-08
-1.014159242712917807e-08
-1.013700378076962697e-08
-1.013864676254367755e-08
-1.013505102620559711e-08
-1.013531240372582141e-08
-1.013567038821659683e-08
-1.013602603114063088e-08
-1.013668444353943441e-08
-1.013504961565815050e-08
-1.013114528993637825e-08
-1.013150300525680697e-08
-1.013186362122151105e-08
-1.013725417234624537e-08
-1.014264420794182324e-08
-1.014296778980048409e-08
-1.014711403554830826e-08
-1.014694073207507713e-08
-1.014721307786551360e-08
-1.014728295613608683e-08
-1.014078550723854577e-08
-1.014309520686416886e-08
-1.014304098192229865e-08
-1.014337175442112531e-08
-1.014288131830995763e-08
-1.013744004287664369e-08
-1.013214204608228811e-08
-1.013253739352735166e-08
-1.013290261881476652e-08
-1.013338618038366274e-08
-1.012932767718922851e-08
-1.012970528793797860e-08
-1.013008063035497210e-08
-1.012646806565805779e-08
-1.012684283339251351e-08
-1.012926758643030406e-08
-1.012960445368188102e-08
-1.012993897253151144e-08
-1.013027398394565851e-08
-1.012669953662853901e-08
-1.012709657997123725e-08
-1.012750488227180135e-08
-1.013002335353289705e-08
-1.013038774510287148e-08
-1.013296502838684932e-08
-1.013333284724759940e-08
-1.013450650487701316e-08
-1.013693230807754439e-08
-1.013967132216657719e-08
-1.014005254863886555e-08
-1.014252078354183684e-08
-1.014660668253197222e-08
-1.014904012635273186e-08
-1.014950197104620360e-08
-1.014982318255990242e-08
-1.014730169462936612e-08
-1.014680944893980206e-08
-1.014913875200845324e-08
-1.014978298366199197e-08
-1.014587400839762016e-08
-1.014620773556108385e-08
-1.014773288354664821e-08
-1.014606836276433796e-08
-1.014671343775473944e-08
-1.014997220329723387e-08
-1.015030394015270598e-08
-1.015191330369394477e-08
-1.014774466903390378e-08
-1.015185219225072524e-08
-1.015431229214899199e-08
-1.015462940399318952e-08
-1.015494886762453715e-08
-1.015538898903701687e-08
-1.016074192252501440e-08
-1.016094104926403693e-08
-1.016333508268866226e-08
-1.016575664977123413e-08
-1.016184155467898540e-08
-1.015793596156479987e-08
-1.015400434445567970e-08
-1.015288517050442329e-08
-1.015698463764106350e-08
-1.015729097179084950e-08
-1.015760206609868213e-08
-1.015803661457251277e-08
-1.016210714071355810e-08
-1.016249884089156981e-08
-1.016051385926490478e-08
-1.016085050842741976e-08
-1.015695663657968424e-08
-1.015722362260534203e-08
-1.015174826328114293e-08
-1.015207119850455842e-08
-1.015270159601115062e-08
-1.015430186452779352e-08
-1.015451971042373770e-08
-1.015484051958120579e-08
-1.015892285264787585e-08
-1.015478598175199720e-08
-1.015745080624305402e-08
-1.015322606176576418e-08
-1.015354341983292689e-08
-1.015399701360299361e-08
-1.015636724937523597e-08
-1.015629242608386244e-08
-1.015673042280046230e-08
-1.015250854339043449e-08
-1.015296451202578527e-08
-1.014886870640479158e-08
-1.014909566637354257e-08
-1.014434599584145121e-08
-1.014405649621610483e-08
-1.014012951944665396e-08
-1.014078442338832871e-08
-1.014244797381341524e-08
-1.014309732936926584e-08
-1.013892899623059538e-08
-1.014431716316696245e-08
-1.014015024851820773e-08
-1.014430276240428410e-08
-1.014342792740323239e-08
-1.013694411821249423e-08
-1.013432736603969307e-08
-1.013482126075694738e-08
-1.013492754360978856e-08
-1.013528519131894231e-08
-1.013563075959062268e-08
-1.013598890201967926e-08
-1.013871892399719983e-08
-1.014115249875224959e-08
-1.014111777806043958e-08
-1.014150498387211562e-08
-1.013760804134358912e-08
-1.013216643661668120e-08
-1.013266192426088169e-08
-1.013278315526567297e-08
-1.013346677582392314e-08
-1.012871506895194883e-08
-1.012388170387953882e-08
-1.012634863995313735e-08
-1.012673181365551858e-08
-1.012711395228085067e-08
-1.012750597445134172e-08
-1.012999439790304115e-08
-1.013036616373433530e-08
-1.012786950973311616e-08
-1.012964629520196380e-08
-1.013209796535101794e-08
-1.013419044681562954e-08
-1.013664070929983909e-08
-1.013694936123103611e-08
-1.013580701856849109e-08
-1.013616184222233839e-08
-1.013682356322171700e-08
-1.013292421810798893e-08
-1.013707828790254494e-08
-1.013743533136284062e-08
