0.000000000000000000e+00
0.000000000000000000e+00
0.000000000000000000e+00
0.000000000000000000e+00
0.000000000000000000e+00
0.000000000000000000e+00
0.000000000000000000e+00
5.888586374108337965e-04
1.135652135795734699e-03
1.534024265823313382e-03
1.811112295030002086e-03
1.996996071910220414e-03
2.118338502597755940e-03
2.196159471093348838e-03
2.245939172205995305e-03
2.278605368569380698e-03
2.301651331694910731e-03
2.320097382318582740e-03
2.337232346509763442e-03
2.355155318553756559e-03
2.375159937867496289e-03
2.398002086728341295e-03
2.423783060425852356e-03
2.453021792413176416e-03
2.485738584987112927e-03
2.521868780298700680e-03
2.561300501820233666e-03
2.603898817864910235e-03
2.649520969402777062e-03
2.698025697918489223e-03
2.749278697089603887e-03
2.803155537987411881e-03
2.859542970971034985e-03
2.918339204391254185e-03
2.979453555848899423e-03
3.042805738833729429e-03
3.108324953089345276e-03
3.175948888010886664e-03
3.245622706709445394e-03
3.317298053019137466e-03
3.390932104158989741e-03
3.466486682941853203e-03
3.543927433906936958e-03
3.623223065438573899e-03
4.271868581581839824e-03
4.921271576995383396e-03
4.665533266929451119e-03
4.518382447573042471e-03
5.267793390116044284e-03
4.988596070750653255e-03
5.732835236484427888e-03
5.362635930755763405e-03
6.095082134981117360e-03
5.667770516708338369e-03
6.386247660635703538e-03
5.926903547032271770e-03
6.467366747253986553e-03
7.186690028022614529e-03
6.531435053432086378e-03
7.034939392576638334e-03
6.294389363250167853e-03
5.973056137621785520e-03
5.827053076636075531e-03
6.383946622570517426e-03
6.903832369350954706e-03
7.175541951812237224e-03
6.632031842273862672e-03
6.380427320628933273e-03
6.685437579395320587e-03
6.966613105136208739e-03
7.225231789132851440e-03
7.462544889886935616e-03
7.110974760083179497e-03
7.369461483531543691e-03
7.606784750524587038e-03
7.824691567953071664e-03
8.024908169320521881e-03
8.209191429995840381e-03
8.379335709816458991e-03
8.537156298439456045e-03
8.684458191275170116e-03
8.822998642173640951e-03
8.954450309223710089e-03
9.080369627938384910e-03
9.202172928955903303e-03
9.321121112728023017e-03
9.438312462805152625e-03
9.554680075175035758e-03
9.238891216757475627e-03
9.431069000033671240e-03
9.611282827170332735e-03
9.781872842267967660e-03
9.944855493907958643e-03
1.012287006023669667e-02
1.029352274920342092e-02
1.045846711151511045e-02
1.061904891721777294e-02
1.077636756593262218e-02
1.093131335133592716e-02
1.106233787244123752e-02
1.119521451248847894e-02
1.132977950080857853e-02
1.146590294495757924e-02
1.160345794296275407e-02
1.174231074075032452e-02
1.188231972842444979e-02
1.202333747020515632e-02
1.216521438706051617e-02
1.230780212776809608e-02
1.245095667115293445e-02
1.259454097398951013e-02
1.273842737484833301e-02
1.288249836656546812e-02
1.302664878029253549e-02
1.317078641870123717e-02
1.331483269241355051e-02
1.345872300526899934e-02
1.360240691618515990e-02
1.350014845551625146e-02
1.351993382514017975e-02
1.438461167493672657e-02
1.427147807248819490e-02
1.593290105355336245e-02
1.560626023920387399e-02
1.523075267945628135e-02
1.370870466091057317e-02
1.377130684679930654e-02
1.369047206560350220e-02
1.278820493945980255e-02
1.234510630064203363e-02
1.224685353376918015e-02
1.247730278674492356e-02
1.209441352186545714e-02
1.272168212418604144e-02
1.224867109042132932e-02
1.201223141712098874e-02
1.225985419402399190e-02
1.194093889857865062e-02
1.214437266889643180e-02
1.182354075074758433e-02
1.201415495684936274e-02
1.213343334310587780e-02
1.291581084175127264e-02
1.250132905104380313e-02
1.200702519030532635e-02
1.284884957742041256e-02
1.217373010910868802e-02
1.201210392520582135e-02
1.289383309545923811e-02
1.231865043110241115e-02
1.315758723520982915e-02
1.243756682359503651e-02
1.228845724449661482e-02
1.211276870153171412e-02
1.208629965588657248e-02
1.236985010818480307e-02
1.321461680698685776e-02
1.262452143548018629e-02
1.344560352938486275e-02
1.270141528782387820e-02
1.251059017688686131e-02
1.338012639179934730e-02
1.418581816808431144e-02
1.316286179674871874e-02
1.288873604549525820e-02
1.265208288555260720e-02
1.251320516754068739e-02
1.253099547739617084e-02
1.338064574689302837e-02
1.390964796225896243e-02
1.328895428302954984e-02
1.385594066602127694e-02
1.371392260240362863e-02
1.450468934055763187e-02
1.354150697168419321e-02
1.327059358545298363e-02
1.411241153128430306e-02
1.349562479884009250e-02
1.405366419813558476e-02
1.488250567283593354e-02
1.386208750806645386e-02
1.346858539512980728e-02
1.403555540739831811e-02
1.378554802780354929e-02
1.436552309642847962e-02
1.407009103527790718e-02
1.465613614789101730e-02
1.432511273144114472e-02
1.432174604715572355e-02
1.389897645135087026e-02
1.446888624497048338e-02
1.418641787025381323e-02
1.420527912997258772e-02
1.474875677165239998e-02
1.415022861186799978e-02
1.472166538349974421e-02
1.437465468861761665e-02
1.401754270800078563e-02
1.395056818936572796e-02
1.417263836034831671e-02
1.393843042916828590e-02
1.380869168532929125e-02
1.369366125329708056e-02
1.377429473816399810e-02
1.385596551652242860e-02
1.393986054884339271e-02
1.415385399551061067e-02
1.394380466747508623e-02
1.387966196667102074e-02
1.392310420632382473e-02
1.397304316271701097e-02
1.457538504728075890e-02
1.517304266933710080e-02
1.463525385369345878e-02
1.524288478323461773e-02
1.475921856338403663e-02
1.545504709094613904e-02
1.603825308518544782e-02
1.565308852279578486e-02
1.502358452492471089e-02
1.496294659211177581e-02
1.548903203216014240e-02
1.523119344032950601e-02
1.486072416034554811e-02
1.473465513810405525e-02
1.479012248628173813e-02
1.475729430626795957e-02
1.469010675342764631e-02
1.461086168969261828e-02
1.453136111804803100e-02
1.445758522130223024e-02
1.439227292644397298e-02
1.433636331655971374e-02
1.428982045709220952e-02
1.425210767521241373e-02
1.409732369044979818e-02
1.421532396297206513e-02
1.426143378669621903e-02
1.427281096521230974e-02
1.426799811338558092e-02
1.425689644142808660e-02
1.424474512407781362e-02
1.423420458143223946e-02
1.410606707582739809e-02
1.423514751304274552e-02
1.429365815083884911e-02
1.431657139348220878e-02
1.432218598487590769e-02
1.432032605595237075e-02
1.431624008768137869e-02
1.431264341155102232e-02
1.431084178671859775e-02
1.429385741590817605e-02
1.428038385184062301e-02
1.427064493351484602e-02
1.426447470114738936e-02
1.426153459555977270e-02
1.414096664781936200e-02
1.411487898804401897e-02
1.474580957890035508e-02
1.467476980522771507e-02
1.462403984405417218e-02
1.458786450963090245e-02
1.456231315018099472e-02
1.454473509107001919e-02
1.453331322795243033e-02
1.452676202889033145e-02
1.452413703053755112e-02
1.452471789997009967e-02
1.452793700636590725e-02
1.453333531033390927e-02
1.454053444938175482e-02
1.454921842588531404e-02
1.455912105144905634e-02
1.457001691961200100e-02
1.458171461466377210e-02
1.459405140008203719e-02
1.460688893518855870e-02
1.462010974257244370e-02
1.463361424877046048e-02
1.464731827891008024e-02
1.466115092092903395e-02
1.467505269666379009e-02
1.468897399111836026e-02
1.470287370090135950e-02
1.471671806982638442e-02
1.463493450253643136e-02
1.475188386924293320e-02
1.472316209561646064e-02
1.472357333171482943e-02
1.481073936461446520e-02
1.487482133409613085e-02
1.497680476838950461e-02
1.511370263879536872e-02
1.521891559499981110e-02
1.534487664689455910e-02
1.549349573981340968e-02
1.560957734698811307e-02
1.575349345197576967e-02
1.585773988287161526e-02
1.590615122022447439e-02
1.600860870544330156e-02
1.604177127747138595e-02
1.626057197903469850e-02
1.705932361111811221e-02
1.776020343899023177e-02
1.713054583189756175e-02
1.654842672620336977e-02
1.717455045067324548e-02
1.755034864488419499e-02
1.792188445577979489e-02
1.712334201409454124e-02
1.672403902630204692e-02
1.665159843810221085e-02
1.653055499988051111e-02
1.632168085116934494e-02
1.696016855913309862e-02
1.755149914073527925e-02
1.708432059390232668e-02
1.677993352305327465e-02
1.641975978897668165e-02
1.623248993826320249e-02
1.612139946174593816e-02
1.614721527587667169e-02
1.612287399219523507e-02
1.669401472904882486e-02
1.626215370011440883e-02
1.617074107511805650e-02
1.610868291761853935e-02
1.606492014107735802e-02
1.603302624348620226e-02
1.600913484080232485e-02
1.599091529909552403e-02
1.597672595376496349e-02
1.596555408624486527e-02
1.595669646249458715e-02
1.593902138239012070e-02
1.594059757583181358e-02
1.648831628756417672e-02
1.612700696983834781e-02
1.596319103033640510e-02
1.595644539133782985e-02
1.596425048476204922e-02
1.597384748530887924e-02
1.652814348140584089e-02
1.617988352319788686e-02
1.610140232141557895e-02
1.612299385522598591e-02
1.612983443915919426e-02
1.605211829284225455e-02
1.599384299236665530e-02
1.655381147863165675e-02
1.628619103310665478e-02
1.627261032278483344e-02
1.691549703359966975e-02
1.663583922200289125e-02
1.659751548161999407e-02
1.648715466897350199e-02
1.644734000608273627e-02
1.705700111913428796e-02
1.669636365924219087e-02
1.651951702627847685e-02
1.643047906222945553e-02
1.639183007296695846e-02
1.637747115350000199e-02
1.637422814530471726e-02
1.637030875118074616e-02
1.636302621526161682e-02
1.635295462784053591e-02
1.634044511393924204e-02
1.632456197122203814e-02
1.630109124222673192e-02
1.684798899199460229e-02
1.725313548553210341e-02
1.657256322002673143e-02
1.620571049088944879e-02
1.595139009072772673e-02
1.570116456252203599e-02
1.549094776378176323e-02
1.530152014682241435e-02
1.516673385320689571e-02
1.503274862284440828e-02
1.490555078924693522e-02
1.479111423085640448e-02
1.468684170204385790e-02
1.459114231927399231e-02
1.448842442494283761e-02
1.441385474541202055e-02
1.430498780922568464e-02
1.427453085515384412e-02
1.422808575822253480e-02
1.415113381489254731e-02
1.406500659641291701e-02
1.398159030364511113e-02
1.390292448291424211e-02
1.382289617655718499e-02
1.375743472686331674e-02
1.368077360839226389e-02
1.362082440543503463e-02
1.355125213658815199e-02
1.349227159389762565e-02
1.342830374732134624e-02
1.336008129361870855e-02
1.330351064729044623e-02
1.325187264195216291e-02
1.320101932773515632e-02
1.315538001181105338e-02
1.309563443426793941e-02
1.304795667858989032e-02
1.298889228491904337e-02
1.294205764633818249e-02
1.288499906394023620e-02
1.283528535339370329e-02
1.279076826515216682e-02
1.274331383432168556e-02
1.268550216994991653e-02
1.262806791333002769e-02
1.258215029672277163e-02
1.254338497355639293e-02
1.249677888766782818e-02
1.245722277939559190e-02
1.242069734579974091e-02
1.237608891714154016e-02
1.233740151034692922e-02
1.230016849149244938e-02
1.225977363482010779e-02
1.222283096016976885e-02
1.218316377207951176e-02
1.214840016121344381e-02
1.211337616167024352e-02
1.207789422655243007e-02
1.203921941338402697e-02
1.200834058552335479e-02
1.196785828436044107e-02
1.193736708654270263e-02
1.191221639675871594e-02
1.187353409431533141e-02
1.184578667617149084e-02
1.182292650873218234e-02
1.178631947553590055e-02
1.176232490750050291e-02
1.172769578909496797e-02
1.170370103650568601e-02
1.168511686736106031e-02
1.165236105029593405e-02
1.162932594335773506e-02
1.161095840554467705e-02
1.157904396597531776e-02
1.155711848651806012e-02
1.153275269743675620e-02
1.151353913631576222e-02
1.148990910913821710e-02
1.146779086554387296e-02
1.143155733746123448e-02
1.142509615288865056e-02
1.140919251679044233e-02
1.138860295529702492e-02
1.136505697315694056e-02
1.133956240194156084e-02
1.131274132708914339e-02
1.128499082113170252e-02
1.125534987949537019e-02
1.122723208587996131e-02
1.118245845716498918e-02
1.116925777408511733e-02
1.114801738733014677e-02
1.110627552619737266e-02
1.109908915642220800e-02
1.107703732990350867e-02
1.105212153640724657e-02
1.102449584680588804e-02
1.097974426195649778e-02
1.096947916698949588e-02
1.094857525180934626e-02
1.091961394909186055e-02
1.089127921834779321e-02
1.086329752571385705e-02
1.083549484949248264e-02
1.080660934781858123e-02
1.078105010646328819e-02
1.075113709924306604e-02
1.072530440836354931e-02
1.069353631805069864e-02
1.066514104745397082e-02
1.064374161738915019e-02
1.061040152755436672e-02
1.058282203518057414e-02
1.055588793534253597e-02
1.052983452336891251e-02
1.050276603168988354e-02
1.048265590009945895e-02
1.045322855874676084e-02
1.042903439572193808e-02
1.040638504069267903e-02
1.038736723685658621e-02
1.036673181575356421e-02
1.034470143611503079e-02
1.032716506712572091e-02
1.029894218738829775e-02
1.027728695990492297e-02
1.025594063548364299e-02
1.023418886694375980e-02
1.021523870297376402e-02
1.019490643428679934e-02
1.017399463406348792e-02
1.015866888020273279e-02
1.013531036312384156e-02
1.014223135350944376e-02
1.010140340560165828e-02
1.010992071413802790e-02
1.006868476693748189e-02
1.007708253092604554e-02
1.003568184105630909e-02
1.000996674558303490e-02
9.988389207619524299e-03
9.968437556432965807e-03
9.948275113462698785e-03
9.929276015020815221e-03
9.910498649882984457e-03
9.891759011830149675e-03
9.872968662694495828e-03
9.854161971867680253e-03
9.834130740686531161e-03
9.815066675241519711e-03
9.796239506006236900e-03
9.777777506236942640e-03
9.763172517951232768e-03
9.739061771253387789e-03
9.720473225702750200e-03
9.701771992375271894e-03
9.681535642515115558e-03
9.664332717246619173e-03
9.644810839112267706e-03
9.627104626025012254e-03
9.609199904376962767e-03
9.600145005811378321e-03
9.584539070537023697e-03
9.570554973635278517e-03
9.552650230209505308e-03
9.531950605915292737e-03
9.514391968229054738e-03
9.498685571358104693e-03
9.470798137117701632e-03
9.463987336468498990e-03
9.447552765844365041e-03
9.433089023034418527e-03
9.417132559160185101e-03
9.400397618755322593e-03
9.381759778378224654e-03
9.365852544197642710e-03
9.347769184499759784e-03
9.329835416187355276e-03
9.312001958218095454e-03
9.295973325617159014e-03
9.282232889498759007e-03
9.256702636189341124e-03
9.249724746857713661e-03
9.239349269172173265e-03
9.226032588914521645e-03
9.210981351738450895e-03
9.194959248018858000e-03
9.177792679288752573e-03
9.159578853678141883e-03
9.143268773358761980e-03
9.124263592975297849e-03
9.107774668633333501e-03
9.119910472965526288e-03
9.093248550207969419e-03
9.071659007702407435e-03
9.052147544304061863e-03
9.035052021045099704e-03
9.020711756818953694e-03
9.004115962091328515e-03
8.990494234153963496e-03
8.981786490625989772e-03
8.968851015995782730e-03
8.956766577240878047e-03
8.942276130672662665e-03
8.926143407929843648e-03
8.914204318506945002e-03
8.924354193920562561e-03
8.929987412291931839e-03
8.896106197317043759e-03
8.872306853589702336e-03
8.851350547526953480e-03
8.834527480132787700e-03
8.843994652627485895e-03
8.820291332531728784e-03
8.801096503801151411e-03
8.783895844176721479e-03
8.767394021955633027e-03
8.751754064712092065e-03
8.736692440195632445e-03
8.722021063665626531e-03
8.707598858679747519e-03
8.692744085475016466e-03
8.679883332366520807e-03
8.667015894165092799e-03
8.656303976997728120e-03
8.644174788708748614e-03
8.652964745779078218e-03
8.630690874871402643e-03
8.636759802111218520e-03
8.612440205842213786e-03
8.592630289066269592e-03
8.575764600536496876e-03
8.560795324787068283e-03
8.545099503597898202e-03
8.532735657491338777e-03
8.521162432193373631e-03
8.511571930332159294e-03
8.498518276401715796e-03
8.485238102822277584e-03
8.472301423802827691e-03
8.459502479802366928e-03
8.447410497338748991e-03
8.434669088620031993e-03
8.420606098534883996e-03
8.410863539988237478e-03
8.396990209939251756e-03
8.382596554642560149e-03
8.371226065896760979e-03
8.360407315740042006e-03
8.347738734592822715e-03
8.334403948270343102e-03
8.319184674625661191e-03
8.308948273817534647e-03
8.299163253122313066e-03
8.290195628297086436e-03
8.278093885342601571e-03
8.266336753150775249e-03
8.254218849750373163e-03
8.242437266815127311e-03
8.230225395500600019e-03
8.219994360901134930e-03
8.205891022752776973e-03
8.194466003351792011e-03
8.183088481556461194e-03
8.171312452557507114e-03
8.159832107749991764e-03
8.149821293720133086e-03
8.138977820736468735e-03
8.129316218700286326e-03
8.118850730176608785e-03
8.107842375167007357e-03
8.096322060082677963e-03
8.088600812939605866e-03
8.074202022767927242e-03
8.063848730158735753e-03
8.055343406937693143e-03
8.042680838534863041e-03
8.030741689843010067e-03
8.023396313339778083e-03
8.011498660721670662e-03
8.000039728113408563e-03
7.990990928828238180e-03
7.981512840318656307e-03
7.971890660128787276e-03
7.963500437273885596e-03
7.954231375788848799e-03
7.944797381179405718e-03
7.936162690544637174e-03
7.926898299988842725e-03
7.918201432884981045e-03
7.909047996712442394e-03
7.900932622320741214e-03
7.889127380629648578e-03
7.876939488668230349e-03
7.867640667561029422e-03
7.857050938962004474e-03
7.848446767701708002e-03
7.839329683430325268e-03
7.830428884638812245e-03
7.820628174790660719e-03
7.810239903922601770e-03
7.801277063959559561e-03
7.790979597712602463e-03
7.781686972938209497e-03
7.771556957586901911e-03
7.760302965496535324e-03
7.750685028467774358e-03
7.739735370019053783e-03
7.730302233683645011e-03
7.719447998836347774e-03
7.709699731609263168e-03
7.699289343131118790e-03
7.689589257063946665e-03
7.680601602456323118e-03
7.671113117753514642e-03
7.659870760002707515e-03
7.649983294019929020e-03
7.641675953060672599e-03
7.632743100594948163e-03
7.622656305320732462e-03
7.612562463911273780e-03
7.603442764962956013e-03
7.583943552133616713e-03
7.577390777010858253e-03
7.571465987939951514e-03
7.563002458996735677e-03
7.555044765390062436e-03
7.545828091052513703e-03
7.537526830743890467e-03
7.527869208040643273e-03
7.522154982738731184e-03
7.516159330506179403e-03
7.512722132948295058e-03
7.496629802076561731e-03
7.493372031615747227e-03
7.487602823472956810e-03
7.481661236678077004e-03
7.474654148759796862e-03
7.466761933563276742e-03
7.461332569525611774e-03
7.454132986443759608e-03
7.444940682539567985e-03
7.436008708498128249e-03
7.426157461507832021e-03
7.416215965882816744e-03
7.407700203498588341e-03
7.397030104426030941e-03
7.385348686426733943e-03
7.375044400455540126e-03
7.364352998010623153e-03
7.354474177406238738e-03
7.343928259055818031e-03
7.334155705599809671e-03
7.323716322240327384e-03
7.314046395286355993e-03
7.303762029815426271e-03
7.295773121884972789e-03
7.285364751627564778e-03
7.275940341736922452e-03
7.266050046130812304e-03
7.256178537038010697e-03
7.246851530002701783e-03
7.236577817965234721e-03
7.227320149497494864e-03
7.217619613747815362e-03
7.209726395920725527e-03
7.201362610295584249e-03
7.191698834085766441e-03
7.183049010541175949e-03
7.173326009776099035e-03
7.164728968575367028e-03
7.155128216181952730e-03
7.145706224537608925e-03
7.138488740251067166e-03
7.129171782994731671e-03
7.120793226253742565e-03
7.111322182645003070e-03
7.102210994938674277e-03
7.094065185031935179e-03
7.084834113254810835e-03
7.075694048916883992e-03
7.068712398277721132e-03
7.059674555881427852e-03
7.051537742960605447e-03
7.042340196179658687e-03
7.033491732725699781e-03
7.024892178175017737e-03
7.017132097068154439e-03
7.008266453897876724e-03
6.999438940642215348e-03
6.992457541910965420e-03
6.983692812417083805e-03
6.977315372448937569e-03
6.968996914916815791e-03
6.960049458178856237e-03
6.951372951890706815e-03
6.942881171414712858e-03
6.934552490967140284e-03
6.927003101206902387e-03
6.918402565704033676e-03
6.909809405078719963e-03
6.903078810343062609e-03
6.895335042098226647e-03
6.886960247700488723e-03
6.878806535668683352e-03
6.870498023518688789e-03
6.864184191410444523e-03
6.856357946995825930e-03
6.847793333712092270e-03
6.839981002630678847e-03
6.831662964820604984e-03
6.823648602795377716e-03
6.815530190137077289e-03
6.809413933018807451e-03
6.801844837270059306e-03
6.793557279319309417e-03
6.786010197474046102e-03
6.778390160848309087e-03
6.770540425484379739e-03
6.762397869210411833e-03
6.755194754452170831e-03
6.747291063421884810e-03
6.740335643512843783e-03
6.733271983439506787e-03
6.726461122793327141e-03
6.719647546513227501e-03
6.712844270711101902e-03
6.705970353595007774e-03
6.699173200199592254e-03
6.692220540053386152e-03
6.685490224859486595e-03
6.678694607381983894e-03
6.671738425583779129e-03
6.664997563515068571e-03
6.657345722731667324e-03
6.650556424849115265e-03
6.643608428034974284e-03
6.636863908029947030e-03
6.629221321095015405e-03
6.622596020209725945e-03
6.615395289446310279e-03
6.608533761575017228e-03
6.601653092212359138e-03
6.594551423021247083e-03
6.587574811844807213e-03
6.580683988884354976e-03
6.573945778310712196e-03
6.568452676205656371e-03
6.559445969724898157e-03
6.551812850599511573e-03
6.544791209441120153e-03
6.537914457725882943e-03
6.531409335293321926e-03
6.524147258193959374e-03
6.517905073471788602e-03
6.511260491401740964e-03
6.504718362141958393e-03
6.498329168876933876e-03
6.491794119945305808e-03
6.485037549825350099e-03
6.478471095651403000e-03
6.471954431543804412e-03
6.465706872052443162e-03
6.459601987325276802e-03
6.453314487850474353e-03
6.446566170460976859e-03
6.440071607862985111e-03
6.433802537845412922e-03
6.427270886288131112e-03
6.420999896281611580e-03
6.414631192639844680e-03
6.408246470323578081e-03
6.402064736145242699e-03
6.395992459537107669e-03
6.389582262438094247e-03
6.383237477566715279e-03
6.376896471053682125e-03
6.370330369885414401e-03
6.363480492303984389e-03
6.357606453275307934e-03
6.351427327997452750e-03
6.345136556482364881e-03
6.338729861745099302e-03
6.332254277404802088e-03
6.326092342194371970e-03
6.319601326547779480e-03
6.313323450001261106e-03
6.306818740014834626e-03
6.300580975160056940e-03
6.294147823121588187e-03
6.287876821926308667e-03
6.281663284242897279e-03
6.275683689393985257e-03
6.269731569869237478e-03
6.263649912090767102e-03
6.257815555128377200e-03
6.251772934000224442e-03
6.245632827438370518e-03
6.239728516190181686e-03
6.233588352622831952e-03
6.227688276386532037e-03
6.221709019505878430e-03
6.215627647883110486e-03
6.209579907921362885e-03
6.203499878455438071e-03
6.197849734177030868e-03
6.192232507466266696e-03
6.186326419531248087e-03
6.180378015171426008e-03
6.174533421014175190e-03
6.168709480004764753e-03
6.163175536372639783e-03
6.156846111997514234e-03
6.151486423483204513e-03
6.145051180377471972e-03
6.140315237928261650e-03
6.134346240620753947e-03
6.127517933910215514e-03
6.121808093322792486e-03
6.115115223881827100e-03
6.109748337352169552e-03
6.103062941625277994e-03
6.097830348526302700e-03
6.092635509193936039e-03
6.086436480661895458e-03
6.080150188434805397e-03
6.073874510192485421e-03
6.067663980548561667e-03
6.061818664000273235e-03
6.055490125778208339e-03
6.050457626834363466e-03
6.045040013457456292e-03
6.039396471515180026e-03
6.033664389784404621e-03
6.027894442145721732e-03
6.022151595951712351e-03
6.016689576725278189e-03
6.011152637648747681e-03
6.006011235333603634e-03
6.000662136716155247e-03
5.995208098301671625e-03
5.990196848900846902e-03
5.985187617717701962e-03
5.979942104715627905e-03
5.974595296169701690e-03
5.969619445370472066e-03
5.964412089536252209e-03
5.959046849032897768e-03
5.953692726736719426e-03
5.948759454297531529e-03
5.943811596796244601e-03
5.938864361620228849e-03
5.933925303834623743e-03
5.928741637877607031e-03
5.923446986644567008e-03
5.918511288683248744e-03
5.913307231459523014e-03
5.908043600533775461e-03
5.903150351472978563e-03
5.898208599120957109e-03
5.893245207249432974e-03
5.888020171620792116e-03
5.882668913322193667e-03
5.877669292689334871e-03
5.872407358178387618e-03
5.867092761002768581e-03
5.861921355959238619e-03
5.856800971071073926e-03
5.851601511990923293e-03
5.846691451487107463e-03
5.841772691093259293e-03
5.836844060112296104e-03
5.831905398225050233e-03
5.826707043466112200e-03
5.821401572014294791e-03
5.816621422651664652e-03
5.812732320008591816e-03
5.806523704777298220e-03
5.800977626411203854e-03
5.795482795975415158e-03
5.785262884761415390e-03
5.782782969247102917e-03
5.778815410325295956e-03
5.770158452305804847e-03
5.769372269839572603e-03
5.761372801256405690e-03
5.760937790775316585e-03
5.759170067969679452e-03
5.756578894355664222e-03
5.752851467511094739e-03
5.743440587545100944e-03
5.742001759146909447e-03
5.733666073424558210e-03
5.733179744170244230e-03
5.731492656553195848e-03
5.728921438041881947e-03
5.724849389312644359e-03
5.721583237520297405e-03
5.717509493741565821e-03
5.712836461545111807e-03
5.707438116095763653e-03
5.703130848200026540e-03
5.697609440044776839e-03
5.691527109649511737e-03
5.681127288608495834e-03
5.679645988155818115e-03
5.674671908368462969e-03
5.669015222040130544e-03
5.659219672764784041e-03
5.651701927031942824e-03
5.651552559875521603e-03
5.649351214588267667e-03
5.646142296416759021e-03
5.642842085713638788e-03
5.640049782981301600e-03
5.634681871329896147e-03
5.629276202556342257e-03
5.619276466887875021e-03
5.616797704141057723e-03
5.612767203959097284e-03
5.609400424669076443e-03
5.611169457883992059e-03
5.605568906867773593e-03
5.599114587165704600e-03
5.593459153781910227e-03
5.587800583873747499e-03
5.583769941503039305e-03
5.577010004929609972e-03
5.577964316130183155e-03
5.566545276944212355e-03
5.562283739677621568e-03
5.557616048655629470e-03
5.554674083705721938e-03
5.548681447764072100e-03
5.543073555026014655e-03
5.537706431242137364e-03
5.533207020454208695e-03
5.528870122779274560e-03
5.523885661752408159e-03
5.520372986450283390e-03
5.514580384579980538e-03
5.510524428018463705e-03
5.504108757927576347e-03
5.499150572677845641e-03
5.494118358027312750e-03
5.489235695611272003e-03
5.484322280322899250e-03
5.480156290468360218e-03
5.476312780170223236e-03
5.472214262963602700e-03
5.467490651243044932e-03
5.463972513446530184e-03
5.459588421048062329e-03
5.455314585094785292e-03
5.450590501729228425e-03
5.446773996901879862e-03
5.442844309982462075e-03
5.439147748167677196e-03
5.434585676700475626e-03
5.430095548080834424e-03
5.425969558931547851e-03
5.421523447895826471e-03
5.418128666133305987e-03
5.413171651371733936e-03
5.408059168984543155e-03
5.404525931735463390e-03
5.398944334973058978e-03
5.395085245288949727e-03
5.389585795829645795e-03
5.384571087496445307e-03
5.380011410229206155e-03
5.375693134335042186e-03
5.371547691250849049e-03
5.367521675993424529e-03
5.363573985397855279e-03
5.359673423310578125e-03
5.355602906666131167e-03
5.352163622745826320e-03
5.348360844537138059e-03
5.344785746902006723e-03
5.340691704394722079e-03
5.336295785166297878e-03
5.332976914990652378e-03
5.329468021412014922e-03
5.325357082671898154e-03
5.321068477440319029e-03
5.316677229077512723e-03
5.312613637019812651e-03
5.308536982137464222e-03
5.304461346160690288e-03
5.300395854373106397e-03
5.296346117753466219e-03
5.292315286035697425e-03
5.288304812809531234e-03
5.284120376351101114e-03
5.279953747159296662e-03
5.275745269922079567e-03
5.271535771914267685e-03
5.267235760302655355e-03
5.262981555307889858e-03
5.259945941341646371e-03
5.255045021466078770e-03
5.250474658017133603e-03
5.245402584412137310e-03
5.241488884279957294e-03
5.239102119063862757e-03
5.234722475323870354e-03
5.230291868675125515e-03
5.227408417408705051e-03
5.222708817522334068e-03
5.218273494962937659e-03
5.214144291601684189e-03
5.210233976602706568e-03
5.206477466005266647e-03
5.202824823753352847e-03
5.199064641196287674e-03
5.195896549130291781e-03
5.192475475562919121e-03
5.188928353572455805e-03
5.185793070609790757e-03
5.182348795810187529e-03
5.178766991082049340e-03
5.175127359216368308e-03
5.171275907762546906e-03
5.168162501985019107e-03
5.164460686209855489e-03
5.161227073224285145e-03
5.157320946442067906e-03
5.154761898872781654e-03
5.150459735250568355e-03
5.145866281941585338e-03
5.142096946874127363e-03
5.137923558350988677e-03
5.134437142527131098e-03
5.130479815598215122e-03
5.127043289064755170e-03
5.123442360022047518e-03
5.120995461374838222e-03
5.118069022285233818e-03
5.112789262359612730e-03
5.108483666528084929e-03
5.104949774164725500e-03
5.101030306291958263e-03
5.097673756167432971e-03
5.094201324601431262e-03
5.091915617242955341e-03
5.087731179107639161e-03
5.084031686281235106e-03
5.080447527456294875e-03
5.076752202602335430e-03
5.074597603783622193e-03
5.070270973747356170e-03
5.066061134541426786e-03
5.062539681600532540e-03
5.058941848358740855e-03
5.055803206560325475e-03
5.052510163719748336e-03
5.048922726168373655e-03
5.045825200849337472e-03
5.042463573563478463e-03
5.039104096785188350e-03
5.035895178438022472e-03
5.033593354576870738e-03
5.029673811805311472e-03
5.025489785642428021e-03
5.021980095369883539e-03
5.018489466447224705e-03
5.014878597072262682e-03
5.012776015971620765e-03
5.008545500078659569e-03
5.004421583686141303e-03
5.000984748464899418e-03
4.997520501416004290e-03
4.993999971808578756e-03
4.990781817271266844e-03
4.987373410305404042e-03
4.985412179849046076e-03
4.981388295893953225e-03
4.977497639796938517e-03
4.975278485691434632e-03
4.970984496306231695e-03
4.966890070824576085e-03
4.963525866782045326e-03
4.960174083845533301e-03
4.956681231633161544e-03
4.953337337952060798e-03
4.950536101356102503e-03
4.947345978733970299e-03
4.944423010442726418e-03
4.942200536761903046e-03
4.938249122927227883e-03
4.935563389931472110e-03
4.931251016574585665e-03
4.927360429512587375e-03
4.923762732727625900e-03
4.920328362842559672e-03
4.917496063777082073e-03
4.914301719419876362e-03
4.911388074135548433e-03
4.908182468685209215e-03
4.905165889445633857e-03
4.902322515921517070e-03
4.899146084606702777e-03
4.895689214909101743e-03
4.892568317989330097e-03
4.890224191564876248e-03
4.886197680157657736e-03
4.883492939013196754e-03
4.879183866683037447e-03
4.875043161952117426e-03
4.871367683029165924e-03
4.868060085856628673e-03
4.866303435258543392e-03
4.862444896878857260e-03
4.858939410078043190e-03
4.855554889436425325e-03
4.852689340725629442e-03
4.849897224705207281e-03
4.847043335897680862e-03
4.844439951447152698e-03
4.841469826806098567e-03
4.838922350650008870e-03
4.835901548059400902e-03
4.833212252650233992e-03
4.830279924088628357e-03
4.827599891391542303e-03
4.824544980121076368e-03
4.821828774529343664e-03
4.818912448885318521e-03
4.815805615891252320e-03
4.812521103395805966e-03
4.809683265929417736e-03
4.806342395299267184e-03
4.803459914383197138e-03
4.800076462078869434e-03
4.797066859029719757e-03
4.793795551682382937e-03
4.790932112998043564e-03
4.787530808558505650e-03
4.784487308406224632e-03
4.781245607108977613e-03
4.777855394872367566e-03
4.775689419768685585e-03
4.772837485706489177e-03
4.768207529987836604e-03
4.764426157777095633e-03
4.762020438165969274e-03
4.758920925901285147e-03
4.755491966514726471e-03
4.752050847639423779e-03
4.747127777952999186e-03
4.742977478690857569e-03
4.739212795023895267e-03
4.737144534533097029e-03
4.733347888696229182e-03
4.729889808846900190e-03
4.728053282746391695e-03
4.724370920731423701e-03
4.722372136582509913e-03
4.718502925855945149e-03
4.715501959127561642e-03
4.712973980307453778e-03
4.710284107429162266e-03
4.707784215578872042e-03
4.705160561340566809e-03
4.703643528594318030e-03
4.700748665778291258e-03
4.699037766564015915e-03
4.695361740526719264e-03
4.692242452296690666e-03
4.689501281960910782e-03
4.686590793243731144e-03
4.683849550393072610e-03
4.682268530602129789e-03
4.678709184465347157e-03
4.676873332537533762e-03
4.672945953542124130e-03
4.669799514543061456e-03
4.666502034094436799e-03
4.663663688621833350e-03
4.660812814638943397e-03
4.658238818043938453e-03
4.655550086935816671e-03
4.652939615047274428e-03
4.650169123096195567e-03
4.647769562325084446e-03
4.645039217841246890e-03
4.641997003402006244e-03
4.639300810870707233e-03
4.636555694041632862e-03
4.633723797576206650e-03
4.630740772709953691e-03
4.627741058099338160e-03
4.624624738807940963e-03
4.621531447766212032e-03
4.618340973860289578e-03
4.615195817053031023e-03
4.611964181250942721e-03
4.609027607408121979e-03
4.605626073931444985e-03
4.602556829182739666e-03
4.599295251948750697e-03
4.596280651669428820e-03
4.593254350391421346e-03
4.590343186251543035e-03
4.587311416270529497e-03
4.584100459720395239e-03
4.580734694739091277e-03
4.577402595513553780e-03
4.574377685781612184e-03
4.570961283606850799e-03
4.567569515241723041e-03
4.564236139847571185e-03
4.561119910694242871e-03
4.557926010667639853e-03
4.554439690261515017e-03
4.551213030829346154e-03
4.547717451637913431e-03
4.544491804696859823e-03
4.541239132557487422e-03
4.538008562235506041e-03
4.534669065437459123e-03
4.531127542502703595e-03
4.527885906833053684e-03
4.524646423434517707e-03
4.521449015919312177e-03
4.518153274518185540e-03
4.514667746115723010e-03
4.511477167910202951e-03
4.508216509576543941e-03
4.504975465157277752e-03
4.501926337861029796e-03
4.498574916532729027e-03
4.495746758924257756e-03
4.492460917804738663e-03
4.489521273261891203e-03
4.483730798741021248e-03
4.481830790347156659e-03
4.479890458996017670e-03
4.474536761217375903e-03
4.473230670076900999e-03
4.471489341844645839e-03
4.470474758549228961e-03
4.468784621873164026e-03
4.464944890982674996e-03
4.461767863210502373e-03
4.458901368657771334e-03
4.453161396459407589e-03
4.452363384835172390e-03
4.449749752476031377e-03
4.444665838040560112e-03
4.443334828193794099e-03
4.441546311511896349e-03
4.439330259304297664e-03
4.437327419913758737e-03
4.434955299228167391e-03
4.432680227632172267e-03
4.427134091376220930e-03
4.425692668203358264e-03
4.424157795745755489e-03
4.422118794194815870e-03
4.419742906340443610e-03
4.417484254347180637e-03
4.414806265010137384e-03
4.412203837768600111e-03
4.409292767111768624e-03
4.406392409356552423e-03
4.403352537191046120e-03
4.400360444652267992e-03
4.397250476716285487e-03
4.394263101232136204e-03
4.391424465229123129e-03
4.385912521835473761e-03
4.384278078595175640e-03
4.379538493934995863e-03
4.379647195074953987e-03
4.377746091473766997e-03
4.375687776424384487e-03
4.370759473009216967e-03
4.369561595773936366e-03
4.364997279839517678e-03
4.364390976007252558e-03
4.363424010932813978e-03
4.362572791666448867e-03
4.360148299465981848e-03
4.357778713727437046e-03
4.355183800806235878e-03
4.352430433167426421e-03
4.346936378344131227e-03
4.345493490966970823e-03
4.343795138164129564e-03
4.341755695157024919e-03
4.339489335915105821e-03
4.337085853553719964e-03
4.334674147044520823e-03
4.332104836540355899e-03
4.329463942298386429e-03
4.326866380524451751e-03
4.324145565724782717e-03
4.321445364373198428e-03
4.318758127180578367e-03
4.315788625252641418e-03
4.312961304971010823e-03
4.310181715961751425e-03
4.307437397505726150e-03
4.304599396396349004e-03
4.301817193271123378e-03
4.299077226440396055e-03
4.296244858823895958e-03
4.293473034037163620e-03
4.290747792889788685e-03
4.287756619974371526e-03
4.284927390222788984e-03
4.282117011043248128e-03
4.276680053820923130e-03
4.274960765017959095e-03
4.273072143198180899e-03
4.268144352835680569e-03
4.267701934256230151e-03
4.262956001906823694e-03
4.262092129583170026e-03
4.260568958576081526e-03
4.258953113783988526e-03
4.257057723616780066e-03
4.254811037520084965e-03
4.253288587747787973e-03
4.250408709059248606e-03
4.247610411899860328e-03
4.244542168836097466e-03
4.241922272564680428e-03
4.239307442879391465e-03
4.236520183391117092e-03
4.233949527782237925e-03
4.228684917259282333e-03
4.227647285579082259e-03
4.222753675442731357e-03
4.221560559787436960e-03
4.217363821752633836e-03
4.216603027666261834e-03
4.215810241928684941e-03
4.213989302248233836e-03
4.212798499711996845e-03
4.210996191491094519e-03
4.209145261054228655e-03
4.207520485207175837e-03
4.205541901762424421e-03
4.203108806062816859e-03
4.200215652423954470e-03
4.197864548297630324e-03
4.195471737564622321e-03
4.193038174060709049e-03
4.190473970436782263e-03
4.187635691406200837e-03
4.184848970442173362e-03
4.182106746632520237e-03
4.179402961728860208e-03
4.176732742266616068e-03
4.174092090358762046e-03
4.171477659384012493e-03
4.168886592303596914e-03
4.166316405871534935e-03
4.163764908219493022e-03
4.161435217307962210e-03
4.158938271849748486e-03
4.156440196206987250e-03
4.153945806827720987e-03
4.151657877642928388e-03
4.148962110394978711e-03
4.146260626564215145e-03
4.143559124845719484e-03
4.140961470732586018e-03
4.138419694412308857e-03
4.136134125615139462e-03
4.133660053921019498e-03
4.131401747435836137e-03
4.129250567302666756e-03
4.126746007169077544e-03
4.124468938901779298e-03
4.122305687866752860e-03
4.119795172645300714e-03
4.117515850044974057e-03
4.115352568159779713e-03
4.112844980636077598e-03
4.110568975341504817e-03
4.108409317861413772e-03
4.105906896062791987e-03
4.103635262945605836e-03
4.101479537802073597e-03
4.098982011377779941e-03
4.096732992599713859e-03
4.094297255740494100e-03
4.092088300903799075e-03
4.089942251177800837e-03
4.087459894701789970e-03
4.085152871287595772e-03
4.082453923944107631e-03
4.080169391072900435e-03
4.077623791522417759e-03
4.075301844469362417e-03
4.072752827402173481e-03
4.070429734585261083e-03
4.067882020143387921e-03
4.065725351095440983e-03
4.063109001717795689e-03
4.060765330863609114e-03
4.058126282141306419e-03
4.055779693949028257e-03
4.053277211762041157e-03
4.050962019819504510e-03
4.048426072280657088e-03
4.046168538448368518e-03
4.043874733667423942e-03
4.041409698249834835e-03
4.039169424208727613e-03
4.037039915833338932e-03
4.034577838912779650e-03
4.032338518698083511e-03
4.030208573571422530e-03
4.027746799590347510e-03
4.025507894399517339e-03
4.023378301627190436e-03
4.020918768379718421e-03
4.018682360907749850e-03
4.016555362528389898e-03
4.014100546721527905e-03
4.011868712730078113e-03
4.009746186125934773e-03
4.007297882638884666e-03
4.005179080366127152e-03
4.002786367799428431e-03
4.000316836965645516e-03
3.997878185770120489e-03
3.995485570203938762e-03
3.993406663824299041e-03
3.990979791296945904e-03
3.988881611877561316e-03
3.986515181548538726e-03
3.984073216198663440e-03
3.981661773130306357e-03
3.979294566876383048e-03
3.977235835025253775e-03
3.974832186097360803e-03
3.972751990472542585e-03
3.970337236622637281e-03
3.967479255516044405e-03
3.965408091631199283e-03
3.963146723801461331e-03
3.960855925572248290e-03
3.958545479354585485e-03
3.956222698319188623e-03
3.953892992444115254e-03
3.951560312120607800e-03
3.949227495071704584e-03
3.946896536762878153e-03
3.944568800396406130e-03
3.942245179300182811e-03
3.939926221896340557e-03
3.937612227332383009e-03
3.935303318179316466e-03
3.932999495263917074e-03
3.930700678634669806e-03
3.928585168511886799e-03
3.926219898669706249e-03
3.923537005440672597e-03
3.921186456904515207e-03
3.919041424090498674e-03
3.916849270319208882e-03
3.914499729354264587e-03
3.912359450977407130e-03
3.909873474203522277e-03
3.907714871836569584e-03
3.905028438504095506e-03
3.902689405444653963e-03
3.900562619973381440e-03
3.898214592438564892e-03
3.895875947751303251e-03
3.893546590008329852e-03
3.891225969678330579e-03
3.888912309619167989e-03
3.886619866632126750e-03
3.884700356595160997e-03
3.882328839028378453e-03
3.879630124405591962e-03
3.876629456039325586e-03
3.873872723636428549e-03
3.871281033414563071e-03
3.868552646147602365e-03
3.866067111898085357e-03
3.866783387018306664e-03
3.864296286035856162e-03
3.859534909585705335e-03
3.857949556241293751e-03
3.856105616405571847e-03
3.854368982889317188e-03
3.852506935276251744e-03
3.850614662352364829e-03
3.848968234848022460e-03
3.846733106449713811e-03
3.844789343879555406e-03
3.842520716391795155e-03
3.840671244977438004e-03
3.838793416042918499e-03
3.836776240932501889e-03
3.835135358001839478e-03
3.832965250239890251e-03
3.830932954769902463e-03
3.828810090465740567e-03
3.826847522674055486e-03
3.824718836313959012e-03
3.822540455088957543e-03
3.820366289053829870e-03
3.818457921910665357e-03
3.816236932885337749e-03
3.814046250798194468e-03
3.811878946845737980e-03
3.809986242972360562e-03
3.807848370814121124e-03
3.805607613917643631e-03
3.803573928299391546e-03
3.801510950449728601e-03
3.799428392183626380e-03
3.797333606103419149e-03
3.795232088225165834e-03
3.793127025840045685e-03
3.791021874490098711e-03
3.788880975346360647e-03
3.786981008534895474e-03
3.784987738455654338e-03
3.782953486436823037e-03
3.780891053021323209e-03
3.778810963886296368e-03
3.776720755556247679e-03
3.774625997220543323e-03
3.772530730227017376e-03
3.770437816787507168e-03
3.768349215836664778e-03
3.766441813569187426e-03
3.764364664524790741e-03
3.762468536699416395e-03
3.760404880928164360e-03
3.758305766012513816e-03
3.755978026240240977e-03
3.756753161218613808e-03
3.755320436525625034e-03
3.752978929121911916e-03
3.750400176914455829e-03
3.747962725331433018e-03
3.745400547222420447e-03
3.742938592531434416e-03
3.740720803093700812e-03
3.738314809458762999e-03
3.736281696882004077e-03
3.733928186479195874e-03
3.731870069345418275e-03
3.729796341999428843e-03
3.727649488914468352e-03
3.725580732333226650e-03
3.723534642778780854e-03
3.721502346622830928e-03
3.719484451178731426e-03
3.717718829417604107e-03
3.715675280086066633e-03
3.713666450256762879e-03
3.711685600205088479e-03
3.709727242613555451e-03
3.707786900593218731e-03
3.705860118346638102e-03
3.704173381792799907e-03
3.702261643729772272e-03
3.700702361229743758e-03
3.698338054246655578e-03
3.695821734326373321e-03
3.693602982328946741e-03
3.691229704855135060e-03
3.689359015644332312e-03
3.687458042450496472e-03
3.685504713392680903e-03
3.683434329753159861e-03
3.681579202522666967e-03
3.679943619714885067e-03
3.678041258246763767e-03
3.676151222776119498e-03
3.674148332077724604e-03
3.672304117751149042e-03
3.670461693584646610e-03
3.668615182160786092e-03
3.666692488951218531e-03
3.664676169187714144e-03
3.662705244824674029e-03
3.660779833203932354e-03
3.658624704979004504e-03
3.656531688306588132e-03
3.654785988997935869e-03
3.652985866753076082e-03
3.651108344212730932e-03
3.649101777014546969e-03
3.647126319047446115e-03
3.645059001389311382e-03
3.643039394464933634e-03
3.641033881119542463e-03
3.638884560642670525e-03
3.636950773298218767e-03
3.635021774078773735e-03
3.633458346076780515e-03
3.631938429624203754e-03
3.630585967312809255e-03
3.631859291036571014e-03
3.632894362467080016e-03
3.630321889444419747e-03
3.627902283238029942e-03
3.625488331401325714e-03
3.623860133282788901e-03
3.621139965804748458e-03
3.618611011990213386e-03
3.616199732639253581e-03
3.617070450077417183e-03
3.614386339068026508e-03
3.611840073861493586e-03
3.609450141026529588e-03
3.607060761196980922e-03
3.604811492757840474e-03
3.602483002085718825e-03
3.600232562857577038e-03
3.597855729038651126e-03
3.595931152979960424e-03
3.593690937611382710e-03
3.591651867842114102e-03
3.589611652334981536e-03
3.588096137646617015e-03
3.585590437049371998e-03
3.583067821551533944e-03
3.580942480109023003e-03
3.578822950753971811e-03
3.576838337624120220e-03
3.574823177997994358e-03
3.571066291709789047e-03
3.569845035826356514e-03
3.566524783943678806e-03
3.565939813992302990e-03
3.565094377741845604e-03
3.564148450102494828e-03
3.563339494150318757e-03
3.561539730312905921e-03
3.557920538838840307e-03
3.557515762392373000e-03
3.555941739887160617e-03
3.554359581231943208e-03
3.552489147793067101e-03
3.550842978464244324e-03
3.548949627782602839e-03
3.547278130158764906e-03
3.545352399535943704e-03
3.544251100714863965e-03
3.542187371504560648e-03
3.540218562088635976e-03
3.538307166598137713e-03
3.536480105110293565e-03
3.534596913616786049e-03
3.532803216689385777e-03
3.530949026913299520e-03
3.529140738109599537e-03
3.527407538001992113e-03
3.525523081758416902e-03
3.523906625864241336e-03
3.522677430284526859e-03
3.521277924660752654e-03
3.519703622924790203e-03
3.518206835322052698e-03
3.516549835669977985e-03
3.513016014919839117e-03
3.512103362830892427e-03
3.510883706176316441e-03
3.509869200662514045e-03
3.508952771979662998e-03
3.506985688939158550e-03
3.504854970345720831e-03
3.502980524993789049e-03
3.500897993254745155e-03
3.499655589471403067e-03
3.497452367421793364e-03
3.495541590657836456e-03
3.493316041891719043e-03
3.491193044990930760e-03
3.489322373159295561e-03
3.487205114721714499e-03
3.485963876175331849e-03
3.486430724836212750e-03
3.486807799760526655e-03
3.487078207151256444e-03
3.484023533266797628e-03
3.481131351568936445e-03
3.478679378889413479e-03
3.476375118804108776e-03
3.474046408689169044e-03
3.471764118571283447e-03
3.469573134431927497e-03
3.467513129271036342e-03
3.465390910752579306e-03
3.463348289819150223e-03
3.461842137246205851e-03
3.459537639541517776e-03
3.457153003116931328e-03
3.454997849321662928e-03
3.452738637258985065e-03
3.450730435364857823e-03
3.448804348403418721e-03
3.446875147062470127e-03
3.444834786483922610e-03
3.443002009629379887e-03
3.441206817655204867e-03
3.439464447377907439e-03
3.437931872284049652e-03
3.436168069043016391e-03
3.434420551967330010e-03
3.432714556872376241e-03
3.431205875874978120e-03
3.429458953917640870e-03
3.427721104496737978e-03
3.426077209123577858e-03
3.424201689353914644e-03
3.422540504015398818e-03
3.420691971254258452e-03
3.418824261201738185e-03
3.416822590205824666e-03
3.414997908233118398e-03
3.413262484649333059e-03
3.411527994040174094e-03
3.409795166850836286e-03
3.408064371415716470e-03
3.406335740324266653e-03
3.404609260974082903e-03
3.402884839216754366e-03
3.401151667281395764e-03
3.399420175087799513e-03
3.397690240116181797e-03
3.395961772680656729e-03
3.394234704487060581e-03
3.392421946314812600e-03
3.390569813049057728e-03
3.388709278543166562e-03
3.386860046804090335e-03
3.385261417693302341e-03
3.383434607268781102e-03
3.381717615105830216e-03
3.380322837964674487e-03
3.378635806138211364e-03
3.376748614194168777e-03
3.375136706887001126e-03
3.373736986598203317e-03
3.371925555228205001e-03
3.370192498182177955e-03
3.368455681216075536e-03
3.366718845141213404e-03
3.365046399865662292e-03
3.363308329731466272e-03
3.361453300559493883e-03
3.359543238569495747e-03
3.357769881528872499e-03
3.356052234437640735e-03
3.354367541545925317e-03
3.352688561771030237e-03
3.351013036520438058e-03
3.349310263759240017e-03
3.347576746237322046e-03
3.345762158575039339e-03
3.343973691910792634e-03
3.342237486303158405e-03
3.340427925482402499e-03
3.338832903429785320e-03
3.337196591513699306e-03
3.335613607432978342e-03
3.334051853605960857e-03
3.332323796042981415e-03
3.330723429265108546e-03
3.329134650519364590e-03
3.327554523535297942e-03
3.325980778310074892e-03
3.324411669383740917e-03
3.322845863424616578e-03
3.321282350132735359e-03
3.319720371723313551e-03
3.318159367200431732e-03
3.316401117881383545e-03
3.317146578194894724e-03
3.316051067893595675e-03
3.314104414313935598e-03
3.311950578538294665e-03
3.310133015112432832e-03
3.308166523714988882e-03
3.306361705241454927e-03
3.304624258672140061e-03
3.303182334572197631e-03
3.300072496211248554e-03
3.297357651221996793e-03
3.294990975093821037e-03
3.294612110707759514e-03
3.294191299267311586e-03
3.293229612320171511e-03
3.292411356956596955e-03
3.289743783575981798e-03
3.289077368178970878e-03
3.288022998090972104e-03
3.287171261909297825e-03
3.285864911952716353e-03
3.284769956124560918e-03
3.283511329180487798e-03
3.282709683348018336e-03
3.281468904678853590e-03
3.279216693014385189e-03
3.277226508916345100e-03
3.275291933427126444e-03
3.273544938887274110e-03
3.271648033599866643e-03
3.270172907839813750e-03
3.268802139046182026e-03
3.267269196798879873e-03
3.265666370208814961e-03
3.264139449749792199e-03
3.262790828195704079e-03
3.261238895065994049e-03
3.259854892765128281e-03
3.258311899585228637e-03
3.256800692331600702e-03
3.255355839537199883e-03
3.253901519792821648e-03
3.252618206028422276e-03
3.251133060770744140e-03
3.249356657866742104e-03
3.247970315062192678e-03
3.246619716923946058e-03
3.245204900833395089e-03
3.243830049192188147e-03
3.242354769127286408e-03
3.240884386762921468e-03
3.239374241790247272e-03
3.237915919081853222e-03
3.236560378810577829e-03
3.235024081111476449e-03
3.233655606656347329e-03
3.232110447675332846e-03
3.230736443211693152e-03
3.229187712360970242e-03
3.227836207386402742e-03
3.224304967326472714e-03
3.223455855465472402e-03
3.222477479370627895e-03
3.221391631994308981e-03
3.220053585785995296e-03
3.219085940192853695e-03
3.217949851451071437e-03
3.216295262550164860e-03
3.214873057473025941e-03
3.213258074347176071e-03
3.212057231351957923e-03
3.210682256511197992e-03
3.209125437779661652e-03
3.207666417121241269e-03
3.206706919098027860e-03
3.204866747068172740e-03
3.201567589450448736e-03
3.200150168918752813e-03
3.198788002094733827e-03
3.197468297053057251e-03
3.196097489613870454e-03
3.194717856788909915e-03
3.193272136779541723e-03
3.192003205365447419e-03
3.190532027876358603e-03
3.189243273555788724e-03
3.187844643517439430e-03
3.186458974897142700e-03
3.184934240400320252e-03
3.183427484278935488e-03
3.181933030879892463e-03
3.180446422989983285e-03
3.178964210694352425e-03
3.177483765679117809e-03
3.176003126193214024e-03
3.174520867950889232e-03
3.173035996945032869e-03
3.171537964460070282e-03
3.170036189656712418e-03
3.168530504497081828e-03
3.167020912687418255e-03
3.165507534151042971e-03
3.163990572899517961e-03
3.162338883178524886e-03
3.160735270176304526e-03
3.159218006259848204e-03
3.157533954201905118e-03
3.156117919406845745e-03
3.154384779528290970e-03
3.153007887619374040e-03
3.151445903713262758e-03
3.149791525138859356e-03
3.150575050428174300e-03
3.148750128658056938e-03
3.146814053955659333e-03
3.147511720787312187e-03
3.145245792325482639e-03
3.143411779550239066e-03
3.141413004990894434e-03
3.139425595270587538e-03
3.137806625204083745e-03
3.136155286879475316e-03
3.134547466421310977e-03
3.132981876219610284e-03
3.131481351793378477e-03
3.129849613212741521e-03
3.128369543939529904e-03
3.126794752033360079e-03
3.125190104234726665e-03
3.123594998205400652e-03
3.121912007752452884e-03
3.120331742091191074e-03
3.118676069469553721e-03
3.117010986987966536e-03
3.115386923031329691e-03
3.114022653932816027e-03
3.113124799666403507e-03
3.113738308904018693e-03
3.118609522037187835e-03
3.135000240359997730e-03
3.183058116644313460e-03
3.300628326359208650e-03
3.533760673965016981e-03
3.874486813515289757e-03
4.226290677936735997e-03
4.632901599587732795e-03
5.024751918664343425e-03
5.393867770900428668e-03
5.567494932259392168e-03
5.901274990814185661e-03
6.209669469482366304e-03
6.247648479566045472e-03
6.539094186172921333e-03
6.808404634993295464e-03
6.728998958812375773e-03
6.993907541146821526e-03
7.236911411859761958e-03
7.460021878996384199e-03
7.665489707662446160e-03
7.854300385880717827e-03
8.028328996632414991e-03
8.187773604526764337e-03
8.334333288388803482e-03
8.971498283628675727e-03
9.034271250349159774e-03
9.095359809604268084e-03
9.154164235958628729e-03
9.252501048069797923e-03
8.852800000661180391e-03
8.938487083055475860e-03
8.721204863759419654e-03
8.905688182160385880e-03
8.750290514644149323e-03
8.947981011204112975e-03
8.822957628497203261e-03
9.025591631901903542e-03
8.933419701477644803e-03
8.871518632233239832e-03
9.552588569534663232e-03
9.691123212383589286e-03
9.804457671725337609e-03
9.542546055451893786e-03
9.442723026588002722e-03
9.538631488888995799e-03
9.504312889313701676e-03
9.645196977051703410e-03
9.769914142540601920e-03
9.721955016842507430e-03
1.036462191147194921e-02
1.047493978241529483e-02
1.025803200215683747e-02
1.032143893812056956e-02
1.039312145771902583e-02
1.033626588287187009e-02
1.097907916742152379e-02
1.074610328597180864e-02
1.079094360747553244e-02
1.071263728238148159e-02
1.135539873665794737e-02
1.198215545511730797e-02
1.147639965665143459e-02
1.124382849933318849e-02
1.113133437732446301e-02
1.107961468619439276e-02
1.171076236790269919e-02
1.146084815610179559e-02
1.133853672339752566e-02
1.128076944045625085e-02
1.190929877557697983e-02
1.165355981443863716e-02
1.153400772488958302e-02
1.224359685632298370e-02
1.216429615624332536e-02
1.285201823734911757e-02
1.222606831901261806e-02
1.221963650470764273e-02
1.221701328224735622e-02
1.221780683631693704e-02
1.222169622391043597e-02
1.222840494262753853e-02
1.223771062197618990e-02
1.224924659583129065e-02
1.226300294952896268e-02
1.227877968299970896e-02
1.229629950630007316e-02
1.231540499962074063e-02
1.233597784599074765e-02
1.235773417531599999e-02
1.238079122671453293e-02
1.299916444597414358e-02
1.287236939267030061e-02
1.279305837549067106e-02
1.274644130048883418e-02
1.272229415075573460e-02
1.271327645084912444e-02
1.272027379215600468e-02
1.272623121191759216e-02
1.265756190788764127e-02
1.271849704112697210e-02
1.333288565686353670e-02
1.393219902745895800e-02
1.331180969211590362e-02
1.325833867128785142e-02
1.322632248291415874e-02
1.320620579625250181e-02
1.319748554210195546e-02
1.320219164340205933e-02
1.312948372583834858e-02
1.310860775644924481e-02
1.320993746807940308e-02
1.328713407479758038e-02
1.323890686550424634e-02
1.326511164961974992e-02
1.329025485740924911e-02
1.331089096531916718e-02
1.332756260980405387e-02
1.333848929936933859e-02
1.402753376399645119e-02
1.392104153714460515e-02
1.384358097436129247e-02
1.372224127846463984e-02
1.369604363981494904e-02
1.367564844706811028e-02
1.366547412555939311e-02
1.365798809245756876e-02
1.366147265273841629e-02
1.366507509348212704e-02
1.434112954505495363e-02
1.421798390891049896e-02
1.412438366729597966e-02
1.399611864456943959e-02
1.403606494265866728e-02
1.407312430980675426e-02
1.409047062394241760e-02
1.395383173427110039e-02
1.388549057779447406e-02
1.398386540958631089e-02
1.404220086328265664e-02
1.407909524920098777e-02
1.410494241246985914e-02
1.412528247947761675e-02
1.412002787586113563e-02
1.470889708155066235e-02
1.436432366971925403e-02
1.419939908205281390e-02
1.422913664326530027e-02
1.419819610913422916e-02
1.418240488774383246e-02
1.417911690026031624e-02
1.417275162519004983e-02
1.418376775026253082e-02
1.419434428669422502e-02
1.420495794100332110e-02
1.479757440571620453e-02
1.471213081742867891e-02
1.463779430842035434e-02
1.521679547651742098e-02
1.482126984410312570e-02
1.470025578993255228e-02
1.470967138168563851e-02
1.516277148762479321e-02
1.507955965325841891e-02
1.502487163881753400e-02
1.499032354482408153e-02
1.496528197219264278e-02
1.493849645012184681e-02
1.492991849515079919e-02
1.492823487383719561e-02
1.493298528698657271e-02
1.493713047628870277e-02
1.494687070178873402e-02
1.495520442245578535e-02
1.496841311771971231e-02
1.496816775052168397e-02
1.498065948814993747e-02
1.499550407054085592e-02
1.501166699345621997e-02
1.503077152952760412e-02
1.503556590937624518e-02
1.504102519137237408e-02
1.504752202044666066e-02
1.505516406720651748e-02
1.506394485854278126e-02
1.507380288526828475e-02
1.508465689510266744e-02
1.509640871557635725e-02
1.511966666021151776e-02
1.514165301044595284e-02
1.515709012071157248e-02
1.517106496329890392e-02
1.518478933479930695e-02
1.519871875015439688e-02
1.521304450325249719e-02
1.522782645565516450e-02
1.524306165348300428e-02
1.525871936760320180e-02
1.527475863948107165e-02
1.529113677608331424e-02
1.530781321551321489e-02
1.532475106079742369e-02
1.534191748492747670e-02
1.535928360245028372e-02
1.537682413146355780e-02
1.539451697746593677e-02
1.541234282637764068e-02
1.543028476956358197e-02
1.544832797150803329e-02
1.546645938124448921e-02
1.548466748446971145e-02
1.550294209174324193e-02
1.552127415792832477e-02
1.553964687749098510e-02
1.555812037173277818e-02
1.557654649760634863e-02
1.559500394688888292e-02
1.561350878142176574e-02
1.563205385861217434e-02
1.565062603569835828e-02
1.566921278453210775e-02
1.568548971902223449e-02
1.612737207961171051e-02
1.663925994441869949e-02
1.714919232753929490e-02
1.672738890533695399e-02
1.724469348550225142e-02
1.772808032384072530e-02
1.727931949952948854e-02
1.698707993789824039e-02
1.750965872877667182e-02
1.708552151442907854e-02
1.749487930314583967e-02
1.804471035357607320e-02
1.753977833050477178e-02
1.794624466245263450e-02
1.850981405682761843e-02
1.802469493304969042e-02
1.758194575602864060e-02
1.744563877163920335e-02
1.735411442616268882e-02
1.728251489302210300e-02
1.712699504807658687e-02
1.710418031723516183e-02
1.708802591992959752e-02
1.707463932159646730e-02
1.706260056301998548e-02
1.705151900070150592e-02
1.704138854461292873e-02
1.703231211094967043e-02
1.702439333001094443e-02
1.701770145797397091e-02
1.701226640094710002e-02
1.700808460654847781e-02
1.700512761343334067e-02
1.700335006015562742e-02
1.700269615413450147e-02
1.700310450632388712e-02
1.700451156127441577e-02
1.700685392753091205e-02
1.700962339372273646e-02
1.700483982795951074e-02
1.701215572915536559e-02
1.702388673471791347e-02
1.703676765512196489e-02
1.704953754186101442e-02
1.706180866038769714e-02
1.707354953697709163e-02
1.708154300517197854e-02
1.709350205669547818e-02
1.710505556983734840e-02
1.710361285264315467e-02
1.707193103198495140e-02
1.709552362844436388e-02
1.709997217520410617e-02
1.710098299983156545e-02
1.710154491720998135e-02
1.710276082859737284e-02
1.710502579688714248e-02
1.710971449611238190e-02
1.711151631201958054e-02
1.711536263685586520e-02
1.712034715322897915e-02
1.712619370011966499e-02
1.713403932784956021e-02
1.719187990424315277e-02
1.721766668184606872e-02
1.722880345471585958e-02
1.720743245842442856e-02
1.777315983912975891e-02
1.753705849673202130e-02
1.742601072595440989e-02
1.737414768785952232e-02
1.734992901952725139e-02
1.733977984768644495e-02
1.733951386402516823e-02
1.734409674164472462e-02
1.735217252349159286e-02
1.736172588466884312e-02
1.742095842565942812e-02
1.745794323273258328e-02
1.744821844132909625e-02
1.748558148922616656e-02
1.750163057733382724e-02
1.805876353855615304e-02
1.780885442549661954e-02
1.769313992092361176e-02
1.764334465332569740e-02
1.761842226660034413e-02
1.760876069176649586e-02
1.760924234309819633e-02
1.761532024521883164e-02
1.767058519866092012e-02
1.764684991756598417e-02
1.766249284957087037e-02
1.770239024204215555e-02
1.772321969475159839e-02
1.785982024470695109e-02
1.789560619099313243e-02
1.798276266193601577e-02
1.809448456020679857e-02
1.858472874994191934e-02
1.921141175635091014e-02
1.898937230097993284e-02
1.884387298829155039e-02
1.863399408436303833e-02
1.852892676169441352e-02
1.847369366495121845e-02
1.904540503420881423e-02
1.879685415100068244e-02
1.867964152547928539e-02
1.859793562907549949e-02
1.901143575197825411e-02
1.886065767013496430e-02
1.876641381713964676e-02
1.869023821180952616e-02
1.910361970571122434e-02
1.895001468182065663e-02
1.948483217949556479e-02
1.911400369824269724e-02
1.902328836042667046e-02
1.957097513489044691e-02
2.002430045583660292e-02
1.955112785330916092e-02
1.930076812731266328e-02
1.915561040758953504e-02
1.898716089133184459e-02
1.890707390884684147e-02
1.945940808883122458e-02
1.922950529730921287e-02
1.972902086673607516e-02
2.015301476740094175e-02
1.970302955997461219e-02
1.945329609629750309e-02
1.994332307165212412e-02
2.037301683067254190e-02
1.989625012581852995e-02
1.962309586130276187e-02
1.937983891101117961e-02
1.928798021516302599e-02
1.928346026329742779e-02
1.932726118137298096e-02
1.934212518920478893e-02
1.980085632278806573e-02
1.966812819427721237e-02
1.956962238233068974e-02
2.013409958990271600e-02
1.987316833468992516e-02
1.961822950704580903e-02
1.949119121608667085e-02
1.941025553982731258e-02
1.996237219261415285e-02
1.971398130692621209e-02
1.957238396303337055e-02
1.947338840177869831e-02
1.940687300448219743e-02
1.934816456435432472e-02
1.927930483258128228e-02
1.917324936102281913e-02
1.900705061492441103e-02
1.878163579045059872e-02
1.857793145878343377e-02
1.841184570617080893e-02
1.825472030014393607e-02
1.810222552912689811e-02
1.804789917333901247e-02
1.795417994427866634e-02
1.798854217781759371e-02
1.784238751234542772e-02
1.772331492740801193e-02
1.766638255700340651e-02
1.765131919068195498e-02
1.759586050607621355e-02
1.751366608922938148e-02
1.743455615521336335e-02
1.734431649405204431e-02
1.725480719877301936e-02
1.722832080504478267e-02
1.717257278774911647e-02
1.720427579335778376e-02
1.708985921638598096e-02
1.704936254897602629e-02
1.707235142189056365e-02
1.708394072358089544e-02
1.693457584087001977e-02
1.685543965329256919e-02
1.682631507805566751e-02
1.677083871648521810e-02
1.670639809868138329e-02
1.663868750803730243e-02
1.657213783009607935e-02
1.650260005202517158e-02
1.643972559404763278e-02
1.637590328961250827e-02
1.630875682600290213e-02
1.631544548258923727e-02
1.623274028861209847e-02
1.616208903732529664e-02
1.609942533571130305e-02
1.604980340115226209e-02
1.600228851489875204e-02
1.595358490993779160e-02
1.591317749868260967e-02
1.587055058082460432e-02
1.582988591831548109e-02
1.582895954787630691e-02
1.576974961585072763e-02
1.576932480734427947e-02
1.570441878655704296e-02
1.570822478601538799e-02
1.563741168683928373e-02
1.557907860964615789e-02
1.552691370179124820e-02
1.553407248387640716e-02
1.553792262390006097e-02
1.543997173166350781e-02
1.539832733729124339e-02
1.535905076331105061e-02
1.531206879950230797e-02
1.527219618243414248e-02
1.528046554013292105e-02
1.528612068350811148e-02
1.520102994990052241e-02
1.516372172949485668e-02
1.512498822330897788e-02
1.508915906727803340e-02
1.505487170914709787e-02
1.501573027440256114e-02
1.497029649634736698e-02
1.495825888376957173e-02
1.493280569498144084e-02
1.489755123550813055e-02
1.486500407786543743e-02
1.483375605882480790e-02
1.480485451475073433e-02
1.477589724628491225e-02
1.474406241335900029e-02
1.470126069700855576e-02
1.468948871725560094e-02
1.466858401764479375e-02
1.464453076084570177e-02
1.461831437262647165e-02
1.458707572274999843e-02
1.454985779809283945e-02
1.453852317841758217e-02
1.455012258085675025e-02
1.450757362273404419e-02
1.446964750245739555e-02
1.443667235981715286e-02
1.440570358547644571e-02
1.437827641917687263e-02
1.438441952674575364e-02
1.434377829892840434e-02
1.430608533986903533e-02
1.427264376641839208e-02
1.424283690122500959e-02
1.421480684350033379e-02
1.418797430350098032e-02
1.416222706487825847e-02
1.412768037711093806e-02
1.411953123527247625e-02
1.409975173173315735e-02
1.406885050985961019e-02
1.406128791529313339e-02
1.403704369559110633e-02
1.404086399565888411e-02
1.400481917482994387e-02
1.400864269592735391e-02
1.400578523605684744e-02
1.398147421238779553e-02
1.393944015372346884e-02
1.390228733394875682e-02
1.386737606407171912e-02
1.383668046919991727e-02
1.381093990576373089e-02
1.378306305301607061e-02
1.376170580074799303e-02
1.374841046193453487e-02
1.373266947571856814e-02
1.371227812513783201e-02
1.372043509724885091e-02
1.368435394548188355e-02
1.368818579075602171e-02
1.363918264575729455e-02
1.361860852934961702e-02
1.359073391603034600e-02
1.356777644586005041e-02
1.353428610126470449e-02
1.352534824759712984e-02
1.353379199799568250e-02
1.350538908044364265e-02
1.347647123407678428e-02
1.347481250954662979e-02
1.347187750020683444e-02
1.343062163697910164e-02
1.339902861741748032e-02
1.337206325480289060e-02
1.335953575503323956e-02
1.334049764100103674e-02
1.330908015236723432e-02
1.330196170780648460e-02
1.328725461317290316e-02
1.327108799385290361e-02
1.324854649389384242e-02
1.322876800621734621e-02
1.320862199606306388e-02
1.318894583072715947e-02
1.316267527485750349e-02
1.315782901681255938e-02
1.314077070166581353e-02
1.312409226446649771e-02
1.310597670166969812e-02
1.308711360108521550e-02
1.306888201564630238e-02
1.304970384387268284e-02
1.303157396308622651e-02
1.301328231281673534e-02
1.301341697646640240e-02
1.301284827840721095e-02
1.298470366863115413e-02
1.295174737526553523e-02
1.293973562723681019e-02
1.292601172669013455e-02
1.290818526566230376e-02
1.291128414240322667e-02
1.288897815019979590e-02
1.286830138614237888e-02
1.285015124173005674e-02
1.285330669700605194e-02
1.285337391466474279e-02
1.285394786254890134e-02
1.280788245149137340e-02
1.278046919195980138e-02
1.276144892885768857e-02
1.274900348052197124e-02
1.273680012799322837e-02
1.271844133426968185e-02
1.270157432658188847e-02
1.268418390940290012e-02
1.266714897773989559e-02
1.265033149865298426e-02
1.263392734895198502e-02
1.261630145536538419e-02
1.259667086487916213e-02
1.257945180629572307e-02
1.255673973064250909e-02
1.254483998572526043e-02
1.254579712459038057e-02
1.253891530696222417e-02
1.252773241390496388e-02
1.251091479122956422e-02
1.249582107515198777e-02
1.247783403423957660e-02
1.246018705257452563e-02
1.244281553661272938e-02
1.242579902862043714e-02
1.240912879423870796e-02
1.239276209676703003e-02
1.237665033910225441e-02
1.236074966466870623e-02
1.234502389536273198e-02
1.232944440591374896e-02
1.231398898759542698e-02
1.229864055324426768e-02
1.228338599098125969e-02
1.226247093270450839e-02
1.225830708252276420e-02
1.224884309730194659e-02
1.223595392607091520e-02
1.222216581778338973e-02
1.220556689505300843e-02
1.219122655915315379e-02
1.217792655156696088e-02
1.216361343475553213e-02
1.214878024889723754e-02
1.213648612198896248e-02
1.212112327864388849e-02
1.210213482749040136e-02
1.209854366385999802e-02
1.208881206287473059e-02
1.207573724323675324e-02
1.206048201250563279e-02
1.204313026704041147e-02
1.204141645238511645e-02
1.202890039474172751e-02
1.202911349448299895e-02
1.202270644022552896e-02
1.201203491601431951e-02
1.199846744425198120e-02
1.198623535054236036e-02
1.197161190713127987e-02
1.195515062928163667e-02
1.194012716387454591e-02
1.192831604279095958e-02
1.191718285019166546e-02
1.190477895000292309e-02
1.189210257568778725e-02
1.189813466125458526e-02
1.187909082494930518e-02
1.185878726979126829e-02
1.185914139268102498e-02
1.184186772100779411e-02
1.182769651485340509e-02
1.183020284480806872e-02
1.183271945534291464e-02
1.182790074767464672e-02
1.180065144619843985e-02
1.177757424527446292e-02
1.176059016589967900e-02
1.174349366905829382e-02
1.174446663562929601e-02
1.172881185086565962e-02
1.171476401432171299e-02
1.170283802205278161e-02
1.169021190826991137e-02
1.167729166129041762e-02
1.168387726373819324e-02
1.165918331444813424e-02
1.166293093436228390e-02
1.164493647356152489e-02
1.164679336231318890e-02
1.162660004356300819e-02
1.160894939627371905e-02
1.159282837331607890e-02
1.159491542735880884e-02
1.157289290650233282e-02
1.155595184264824118e-02
1.155538645760918748e-02
1.155526173978550959e-02
1.155402906425025307e-02
1.152617023048422250e-02
1.152812637226399012e-02
1.152555437204227234e-02
1.149013406504571788e-02
1.146499577348835015e-02
1.144631313070184481e-02
1.143095734859530740e-02
1.143183996146835205e-02
1.141180876363988295e-02
1.139593841986471894e-02
1.138190582067270980e-02
1.136694508835920693e-02
1.135308719192084682e-02
1.134173928545752739e-02
1.132955207602527083e-02
1.131727202201533895e-02
1.130762914173878177e-02
1.128930512866442061e-02
1.127954451844438190e-02
1.127940962682594944e-02
1.127428773797204721e-02
1.126066498263009891e-02
1.125953727177845740e-02
1.124953299674264634e-02
1.123905327521160062e-02
1.122801690775497400e-02
1.121707662923435156e-02
1.120720736368927516e-02
1.119450944037923834e-02
1.118349190744960184e-02
1.117275607504737873e-02
1.117529796117996965e-02
1.116039817272041629e-02
1.114520644129738530e-02
1.113095246618375604e-02
1.111404999525008978e-02
1.111062282926229480e-02
1.110513692239402384e-02
1.109858059682753556e-02
1.108793270621295096e-02
1.107794192697002071e-02
1.108079394918382726e-02
1.108274911621896265e-02
1.106605032039288672e-02
1.105099609261551465e-02
1.103577469617544882e-02
1.102372694873096637e-02
1.101063440326897382e-02
1.100059898236354153e-02
1.098896255523821447e-02
1.097866886425695986e-02
1.096488250084694423e-02
1.096395085336718776e-02
1.095898343791906412e-02
1.095169148885300620e-02
1.094285638611446759e-02
1.093423833076161665e-02
1.093609005851535303e-02
1.092175565061478948e-02
1.090583909528531313e-02
1.089327468611536731e-02
1.088357079223205987e-02
1.088302323174665347e-02
1.087015171056973650e-02
1.085699713556098449e-02
1.084668022632842566e-02
1.083756382388209073e-02
1.082865947866287933e-02
1.081963787447796400e-02
1.081064207228881260e-02
1.080309134386981361e-02
1.079112035276811113e-02
1.078125064647403666e-02
1.078435424055815967e-02
1.077175490161394293e-02
1.075963964609090266e-02
1.074848546280417379e-02
1.073925916169740646e-02
1.072937542348713358e-02
1.072019716589323393e-02
1.072288282439903991e-02
1.070486427408135453e-02
1.069897290892971552e-02
1.069050879541911907e-02
1.068155852222457854e-02
1.067289393950028066e-02
1.067417883335009497e-02
1.066022305091057429e-02
1.064859694040758142e-02
1.065228875424803316e-02
1.065291212877950491e-02
1.062952283967635164e-02
1.061826086250838852e-02
1.060880165529204909e-02
1.060018626319063351e-02
1.058654767676554809e-02
1.058423730123204953e-02
1.057881745848377256e-02
1.057150285656665092e-02
1.056328439662999885e-02
1.055482774190961981e-02
1.054618979127395356e-02
1.053747828181641512e-02
1.054035585717512380e-02
1.054115296559017707e-02
1.052364775053638013e-02
1.050743516341089145e-02
1.049352087305426180e-02
1.049516223695461797e-02
1.048105060465309019e-02
1.046848757756693726e-02
1.045301509677790119e-02
1.044758206999531029e-02
1.045126355421491411e-02
1.044005447214942962e-02
1.042903031620206512e-02
1.041775313159685849e-02
1.041914455101329573e-02
1.040614566640402951e-02
1.039125494286287713e-02
1.038625054314750926e-02
1.039097404970307052e-02
1.037961674022318259e-02
1.036894544395649230e-02
1.036921766359172846e-02
1.035488836089634712e-02
1.034449969224232255e-02
1.033315683898683272e-02
1.032343897010162999e-02
1.032553555187461745e-02
1.031061855437863904e-02
1.030131007602508308e-02
1.030050991174046894e-02
1.029622425723079882e-02
1.030016538751145350e-02
1.028951675417585747e-02
1.027956910767944751e-02
1.027003944718497819e-02
1.026090199241111445e-02
1.024654175932091481e-02
1.025241677944347535e-02
1.024283623626122408e-02
1.023369500695860135e-02
1.022540554750697717e-02
1.021565432482883680e-02
1.020470501179219884e-02
1.020633726083877181e-02
1.019504775687470229e-02
1.018491401158121146e-02
1.017608443939111047e-02
1.016738640490179313e-02
1.016024402997285636e-02
1.015061517673641021e-02
1.014142144777375673e-02
1.013398837316170989e-02
1.012612625671201021e-02
1.011787038815493978e-02
1.011125670543103726e-02
1.010340381251301559e-02
1.009517157130546301e-02
1.008322557150176380e-02
1.008075477899401419e-02
1.007555745077239051e-02
1.006507705391693382e-02
1.006300645768841949e-02
1.006721031530027899e-02
1.006935629471867460e-02
1.005719607408211980e-02
1.004683557894663244e-02
1.004693532991411849e-02
1.003382674248082772e-02
1.002180072346008435e-02
1.001224114723139706e-02
9.999661322249090226e-03
9.995491310874134172e-03
9.989697792010058738e-03
9.979577822873847079e-03
9.977285864584475861e-03
9.972605672481347355e-03
9.966727310948718041e-03
9.960229333709264346e-03
9.951901773175743024e-03
9.943501029123974488e-03
9.935961933625087061e-03
9.925375213399693919e-03
9.923144075434322045e-03
9.918665969000282912e-03
9.910446309125686692e-03
9.903355262367477541e-03
9.896757341184779164e-03
9.890302564703227009e-03
9.890648135854463244e-03
9.892211337888536307e-03
9.875851204024514024e-03
9.869082652761785104e-03
9.858727941238557002e-03
9.856843776506552315e-03
9.860907429663005180e-03
9.853905512107921649e-03
9.844610484019640506e-03
9.838002593694418485e-03
9.829373597884384986e-03
9.823133872937152636e-03
9.815624703525711869e-03
9.805486186785637714e-03
9.803728585430703316e-03
9.796319370147257843e-03
9.796305582184505409e-03
9.794228039731145766e-03
9.789066364209267693e-03
9.784061704279718025e-03
9.775986335996035212e-03
9.768843417185686315e-03
9.762311625479528493e-03
9.752075204044793888e-03
9.749983552841488127e-03
9.745833607505027807e-03
9.740549794308080503e-03
9.734514199211017141e-03
9.737106218709058389e-03
9.728017842206719556e-03
9.719558276888659240e-03
9.712169964064199662e-03
9.699284658502909176e-03
9.695427154436265377e-03
9.690217860434599539e-03
9.684009660939669681e-03
9.686918699755256434e-03
9.673197613091722921e-03
9.667709289886397897e-03
9.657146626504931400e-03
9.655395186401313432e-03
9.646941565073847979e-03
9.646376823558207650e-03
9.643210683430158969e-03
9.637870136139181296e-03
9.631745277707782701e-03
9.625565422886485367e-03
9.629120894604679959e-03
9.628585159825724105e-03
9.615984923343173785e-03
9.605663225714506509e-03
9.592712398376265770e-03
9.588551038524250475e-03
9.582928215996948731e-03
9.576862351362444570e-03
9.569836311715748667e-03
9.563399414299428303e-03
9.555975474762406011e-03
9.549814583237337118e-03
9.542344850322515004e-03
9.544845200143399835e-03
9.534396449414237265e-03
9.526048603030259909e-03
9.528796178276663364e-03
9.517137620614860016e-03
9.517387530191823153e-03
9.506399028114047994e-03
9.497363285729511218e-03
9.490149623663610146e-03
9.481231666727540919e-03
9.471059801848705911e-03
9.468954882142336521e-03
9.465343539735245407e-03
9.461582561352530063e-03
9.454340275546651781e-03
9.449712091552887536e-03
9.450209091880013360e-03
9.451043275225952389e-03
9.440695746271071664e-03
9.432343478306640105e-03
9.425318304637634800e-03
9.418988890222091889e-03
9.412946023039926030e-03
9.402866466301743054e-03
9.401316718736920514e-03
9.398460301643055126e-03
9.393020106990229365e-03
9.387812654347408442e-03
9.382053878021786794e-03
9.375982539540419006e-03
9.369656494317512782e-03
9.360569537505192272e-03
9.358413711909209856e-03
9.350240219238392311e-03
9.348917188650348806e-03
9.346253766978774441e-03
9.340644457904629522e-03
9.335199015655630192e-03
9.329333848244037927e-03
9.323825400372584907e-03
9.318511962152440861e-03
9.312924230272915521e-03
9.307038009876937926e-03
9.300910027595856930e-03
9.295310147753641991e-03
9.290604255467181313e-03
9.282988786676747012e-03
9.273558212124881350e-03
9.271450703334051247e-03
9.267694242279578276e-03
9.262653831875914540e-03
9.254378038415745147e-03
9.253118812848201355e-03
9.250102475359152712e-03
9.245783418948081561e-03
9.240893013013732477e-03
9.234938042480541481e-03
9.229924367802570112e-03
9.224627969443869799e-03
9.218871667605432751e-03
9.213388243423461382e-03
9.215671099016614284e-03
9.207692236914767278e-03
9.208481659824969967e-03
9.198118677047516928e-03
9.190083595237541481e-03
9.182450116324883740e-03
9.183907305447431071e-03
9.175226480359307754e-03
9.174807299805290070e-03
9.165369152182363532e-03
9.165103233765382884e-03
9.154047885060875508e-03
9.149902808506896537e-03
9.143052487577737336e-03
9.133147556050194918e-03
9.130293448208854842e-03
9.125377517767175109e-03
9.120929645152034068e-03
9.116012833634437248e-03
9.110715416305497152e-03
9.105252662159285179e-03
9.099790297503308409e-03
9.093983933631945987e-03
9.088877884414902839e-03
9.084019010509774075e-03
9.077015426007159146e-03
9.070771755062182959e-03
9.066145750412807694e-03
9.068169830059653880e-03
9.060550638245483054e-03
9.053481245673979799e-03
9.044399356895984829e-03
9.041512773545515649e-03
9.038200025231249088e-03
9.032163331418865612e-03
9.027517424433709192e-03
9.022832916319195595e-03
9.018254915285454920e-03
9.013715324016884772e-03
9.008317563319644464e-03
9.004002802051444890e-03
9.000090756600100800e-03
8.991028457090400119e-03
