0.000000000000000000e+00
0.000000000000000000e+00
0.000000000000000000e+00
0.000000000000000000e+00
0.000000000000000000e+00
0.000000000000000000e+00
0.000000000000000000e+00
0.000000000000000000e+00
1.449887052131615503e-04
3.488005345044009934e-04
4.554438779304004529e-04
5.136414794325083527e-04
5.503829960890882500e-04
5.798400182905838690e-04
6.089254698484148015e-04
5.770935230078267026e-04
5.862984334211396526e-04
1.392226023239073740e-04
4.719977030227029738e-04
5.815579825960648592e-04
6.483203966305584477e-04
7.113303557224782015e-04
4.948506623970782897e-04
7.496305335054743264e-04
8.302409886034811887e-04
6.551830612792020276e-04
8.061275586382422344e-04
9.368280588323230290e-04
9.233568025638961597e-04
9.766526893134730002e-04
1.037124836159253327e-03
1.096809541236859606e-03
1.974650267646449377e-03
1.611001715115689681e-03
1.376573903274669330e-03
1.499433907562797152e-03
1.534238861437897845e-03
1.415541298845379844e-03
1.386369190895658798e-03
1.411161664327898000e-03
1.456069184726910357e-03
1.487747672522893479e-03
1.535018499969420655e-03
1.563005280232654479e-03
1.618023752217934326e-03
1.669739177103485468e-03
1.711861895834676690e-03
1.745756337250986686e-03
2.426193910393209703e-03
2.118184649360971197e-03
2.683625356672969618e-03
2.270834272522076740e-03
2.150485694379544906e-03
2.110438718056772966e-03
2.106881012264378000e-03
2.064785203723390559e-03
2.071343882997850414e-03
2.700591537909141724e-03
3.126718447633531055e-03
2.587223084589901530e-03
3.082768771392724490e-03
2.635016172317511396e-03
2.509924437101268557e-03
2.473903953875694964e-03
2.467248545784417671e-03
2.472464480100561475e-03
2.483396707011903577e-03
2.497403467052017323e-03
2.513151398771601604e-03
2.529894111073577399e-03
2.547189042592273942e-03
2.564766926345296918e-03
2.582718692979885187e-03
2.583215726119059228e-03
2.671264323216704720e-03
3.237760447117338496e-03
2.928259630080943046e-03
2.752392519723717828e-03
3.277500243949582788e-03
2.962268039347621187e-03
2.912226298818071379e-03
3.507313226335767586e-03
3.103838206695225428e-03
3.539656298721089063e-03
3.807814180733854175e-03
3.246049688303848362e-03
3.703802832663943834e-03
3.156061273500043729e-03
3.625369825785590763e-03
3.191135670744527086e-03
3.120112686566334573e-03
3.104888461073751754e-03
3.109644866186245509e-03
3.122106196198532174e-03
3.605218209112398715e-03
3.917388517485187460e-03
4.197546245924616524e-03
3.595652485680706119e-03
3.497271442714411718e-03
3.542318200158539945e-03
4.067713519403953586e-03
3.643378024591170748e-03
4.215826782642179138e-03
4.392909952244156320e-03
4.628729227985972812e-03
4.820917412330522241e-03
4.979303875655466567e-03
5.117422317280140472e-03
5.250840315607064462e-03
3.886690497898359631e-03
4.343999436319312575e-03
4.680993203511962970e-03
4.957034072233529841e-03
3.835645152057104695e-03
3.059517208061341038e-03
2.814760908886793436e-03
2.663091120800603704e-03
2.575940412221850058e-03
2.503130589066066003e-03
2.586454256816767255e-03
2.567071699060813339e-03
2.518332747067819795e-03
2.493961847460202108e-03
3.066709606810708380e-03
2.633521808270578284e-03
2.731394869981240963e-03
2.824011862351250273e-03
2.679625453038575553e-03
2.775047170479300052e-03
2.862714873088467987e-03
2.707562029971200164e-03
2.651839689778962266e-03
3.181024789551684193e-03
2.751663689233086081e-03
2.779378222106460277e-03
2.690253076018811560e-03
3.260338217717895573e-03
2.790054409931863773e-03
2.816243567104576365e-03
2.713386623207225765e-03
2.775899454516977949e-03
2.644843837191202234e-03
2.713371162930139444e-03
2.763849813187341329e-03
3.289269716767534695e-03
3.014324149291247850e-03
2.768794187729678793e-03
2.621713453922880528e-03
3.138739225477077746e-03
2.678843489698318550e-03
3.158689251786428627e-03
3.620350874852690335e-03
3.746257290738752750e-03
4.064196427323379761e-03
3.272594905809961523e-03
2.704565416563509302e-03
3.149771425084868775e-03
2.930415681287296126e-03
3.275218687649023106e-03
2.771483576166605678e-03
3.205591691953763207e-03
2.745041279872245752e-03
2.612578953894190148e-03
2.553652460419237030e-03
3.114141111162921707e-03
3.396907933553539385e-03
2.836336780204673502e-03
2.884060068687905112e-03
3.267097432926308141e-03
2.831454018593715719e-03
3.246553597016688369e-03
3.704557740120773077e-03
2.880744360490595027e-03
2.637469224288485712e-03
2.527903940980675071e-03
2.660459544650223360e-03
2.535023211095710754e-03
2.669762421391635998e-03
3.107974797348961489e-03
3.346321291244009136e-03
2.994192020964631194e-03
3.269592299408058660e-03
2.675625415890692596e-03
2.724035152363102688e-03
2.570386334700897231e-03
2.989705208793836007e-03
3.222823691151338946e-03
3.376885474364471791e-03
3.035597856061339559e-03
3.330296389027615194e-03
3.062140507933941522e-03
2.743706701037235476e-03
3.315289957256850953e-03
3.091871637727322715e-03
2.766662272980563528e-03
3.155805390184812653e-03
3.361944269312322833e-03
2.810369087766712362e-03
3.157001713361024323e-03
3.626207404134102266e-03
3.689497386436641282e-03
3.288792033520754332e-03
3.552346249158694607e-03
3.238370271291229896e-03
2.868850922728022508e-03
2.962304395308718290e-03
2.848169464826660890e-03
2.958003385117230488e-03
3.069802169368257647e-03
2.871128419016250218e-03
3.239223145430975264e-03
2.898059932602248603e-03
3.024647042977135838e-03
2.863602408675974820e-03
2.941774568899452585e-03
2.989461630180839918e-03
2.815321322718916663e-03
2.943995418141093397e-03
2.815594719261921546e-03
3.191523557401998619e-03
3.663661807552559893e-03
3.333184469941341804e-03
3.274979867181787661e-03
3.028916531515857356e-03
3.142264999276783797e-03
3.002646176487472514e-03
3.059050359400383810e-03
2.885273908003172048e-03
3.422330186674094055e-03
3.065098539678840286e-03
3.154962337498773590e-03
3.727782810071484081e-03
3.816992331916624348e-03
3.875861343443543112e-03
3.505111400508498318e-03
3.162335620284967546e-03
3.482223936428058362e-03
3.921769124687813322e-03
3.597934467086822026e-03
3.255642170346406683e-03
3.138145201248304650e-03
3.486800026375652933e-03
3.385150640687484367e-03
3.167096879436876074e-03
3.094469567666263687e-03
3.451474383046676791e-03
3.365037680571780765e-03
3.166984875445794274e-03
3.102720849979107281e-03
3.463776514083422107e-03
3.695820343191702755e-03
3.243853322524176304e-03
3.548833219685704459e-03
3.415202033689329966e-03
3.206806782192106638e-03
3.114621927267313857e-03
3.464215251596380971e-03
3.167881016377410708e-03
3.096905634302632611e-03
3.449128909403959345e-03
3.377556829708761206e-03
3.668148546499311498e-03
3.279524925415805425e-03
3.353716031763870689e-03
3.215342964187628549e-03
3.563883267113693472e-03
3.748694620797371740e-03
3.380231750166823659e-03
3.278542723709382527e-03
3.391121660543655776e-03
3.475013607279292711e-03
3.295511586593014280e-03
3.403373880191323808e-03
3.273212043648182894e-03
3.217395860121452858e-03
3.556846178437950406e-03
3.471288523508037158e-03
3.293643348800506885e-03
3.396033840083678961e-03
3.263418240021465078e-03
3.114898613761890762e-03
3.128146526134362258e-03
2.894037786333186844e-03
2.887226575279827796e-03
2.689071251188202092e-03
2.567484689531485380e-03
2.461361658723471187e-03
2.390808985386167103e-03
2.341836307815942358e-03
2.341297157989746715e-03
2.229591855261659188e-03
2.202650437526210148e-03
2.136801620385569978e-03
2.100241637474787020e-03
2.089768586324419666e-03
2.096492651199022370e-03
2.023071849859697791e-03
1.981037316647960185e-03
1.990381109693778634e-03
1.929140733975659525e-03
1.890357949126392342e-03
1.887562540327042404e-03
1.830444575488060499e-03
1.799440370317101443e-03
1.776127964252222080e-03
1.774415807344792472e-03
1.734322330361109943e-03
1.707957500289558660e-03
1.712544058414483625e-03
1.660653863553479591e-03
1.667146760861287812e-03
1.607565307224506721e-03
1.575305684700095818e-03
1.550778040661676769e-03
1.533899665842325529e-03
1.509197702242814996e-03
1.486113913530551396e-03
1.473171468824224783e-03
1.460392752562445114e-03
1.457128500943333281e-03
1.434358185025958040e-03
1.445787562667427868e-03
1.399302414155562113e-03
1.405686699509750646e-03
1.355898836350838540e-03
1.324947452805552749e-03
1.289816121234627208e-03
1.288212070728611720e-03
1.254695365110986048e-03
1.228079125286762928e-03
1.213435530025303065e-03
1.201819263969045211e-03
1.202213903190518839e-03
1.175788464934995978e-03
1.154667114092966474e-03
1.140719501828046890e-03
1.122109806556159791e-03
1.105744619743909271e-03
1.091796162008390556e-03
1.078904778239642105e-03
1.063778520615499311e-03
1.052075038786371005e-03
1.039879743424815262e-03
1.023992110446719740e-03
1.012173058433113492e-03
1.015506103343827423e-03
9.920396421796817254e-04
9.789740734491680484e-04
9.689277895167825328e-04
9.480395173182831758e-04
9.444249164471341324e-04
9.196196202172102641e-04
9.035095579272068612e-04
8.955033840021442860e-04
8.872997865314647715e-04
8.715191952353873884e-04
8.755548748930197522e-04
8.763809268041045531e-04
8.519692177881455376e-04
8.355235867435584869e-04
8.325336255532834280e-04
8.278438237701524422e-04
8.043866416505840444e-04
7.910700794001191295e-04
7.759743392901808246e-04
7.773588811759435391e-04
7.582855708125169720e-04
7.459287486680954860e-04
7.496436693163855509e-04
7.297488793154560671e-04
7.194544873788178731e-04
7.121749707274694242e-04
7.049643102657655348e-04
7.082780764147089897e-04
7.011372778017999075e-04
6.866344817515190879e-04
6.738187840943932194e-04
6.662514482243420567e-04
6.622505124990852405e-04
6.571936973007452831e-04
6.546037275577510457e-04
6.589002427659752066e-04
6.372178345001811234e-04
6.234827963915668065e-04
6.237085572058210332e-04
6.306024077444738907e-04
6.114379117413360149e-04
6.116435396285647454e-04
6.088298020710703352e-04
5.900880199765312856e-04
5.937166666213134804e-04
5.762869144619265022e-04
5.816312270985612987e-04
5.658815785653082504e-04
5.587593893414122270e-04
5.522079545394742439e-04
5.586365924443948078e-04
5.395762388272052441e-04
5.284911510466117068e-04
5.364916100001615451e-04
5.401481967096111170e-04
5.246548519328098287e-04
5.169092705602118965e-04
5.080289621885281754e-04
5.085487483805884541e-04
5.023392267895998792e-04
4.979470395171436753e-04
4.922174268661817049e-04
4.867868318114365817e-04
4.908849789582115037e-04
4.824306823142998960e-04
4.770219993452229465e-04
4.836359172266324830e-04
4.872506542040688999e-04
4.751520519497509859e-04
4.797074563384073898e-04
4.712977007049312769e-04
4.694013383399864400e-04
4.643873603666359706e-04
4.752502297238836654e-04
4.802200020704916797e-04
4.850458216733078191e-04
4.869460083487431746e-04
4.705304372041474881e-04
4.596546745352203642e-04
4.687898062603002231e-04
4.586427705750462536e-04
4.611731983289513496e-04
4.539911927004258718e-04
4.489547988546838445e-04
4.536141598523724117e-04
4.515061367365902681e-04
4.604075939454333345e-04
4.483153372954129740e-04
4.442519124670252229e-04
4.442767456188378983e-04
4.527873035278851314e-04
4.449929277509035103e-04
4.552884504766485868e-04
4.474851085883247087e-04
4.443237754096940762e-04
4.479325061836792344e-04
4.534586370387783442e-04
4.466364845819137505e-04
4.413747148802771737e-04
4.370308456648042236e-04
4.443795949642504015e-04
4.373315073030792691e-04
4.347078414347838255e-04
4.356328759157313099e-04
4.372671003642303539e-04
4.445309584016510652e-04
4.513474644535553685e-04
4.428982559221195429e-04
4.392769059592849679e-04
4.440509189589048273e-04
4.438035602596202109e-04
4.499661585755654336e-04
4.504421228179178449e-04
4.517682737531780734e-04
4.480502178648371409e-04
4.453916333014063303e-04
4.509242775107002998e-04
4.460340509090388039e-04
4.428497136390097447e-04
4.414352033088431268e-04
4.409092243319201899e-04
4.436948107415572876e-04
4.463744516956136710e-04
4.437956592790115668e-04
4.417072077115946735e-04
4.405236621585373758e-04
4.413108425028011814e-04
4.431014389141674334e-04
4.454262237261364266e-04
4.476826555549318185e-04
4.596638329252000776e-04
4.694799218593559637e-04
4.634523860705064497e-04
4.677488484219172291e-04
4.649890876050666636e-04
4.647799478081471422e-04
4.683782904639499645e-04
4.716708691419879695e-04
4.797009731036750097e-04
4.732138864584401242e-04
4.716444119464979767e-04
4.714658425507112336e-04
4.731511642473207649e-04
4.722681916375315531e-04
4.709651687354654884e-04
4.706895969060764795e-04
4.732943490205199222e-04
4.728443208391553071e-04
4.721193450489214122e-04
4.727243079685472527e-04
4.717635825321531465e-04
4.768555087707127211e-04
4.751003472669823699e-04
4.744990975680651976e-04
4.736724323810171267e-04
4.801322444896560901e-04
4.784414033500328668e-04
4.772385895057518310e-04
4.836605433871544058e-04
4.881929983684863295e-04
4.840540650087710281e-04
4.896653073899137837e-04
4.877511229844533770e-04
4.916412633148459655e-04
4.939601567383434351e-04
4.999285669438247471e-04
4.979625714462921010e-04
4.963562780646357591e-04
4.974089912767765565e-04
4.963862737325131381e-04
4.969722628244355395e-04
4.996938352340885448e-04
5.088291374358011598e-04
5.055969040428876177e-04
5.046062577559851754e-04
5.090174719528161923e-04
5.066455418743343693e-04
5.072913873021390281e-04
5.071053526287228703e-04
5.118594296834978003e-04
5.113991412431462486e-04
5.131913583067360335e-04
5.159560712039546566e-04
5.153252343049364182e-04
5.129466739152100047e-04
5.115783404429863563e-04
5.143865515337020956e-04
5.209085638935240454e-04
5.172665593917213705e-04
5.141296085433621826e-04
5.133393897679194634e-04
5.145856990013741644e-04
5.187206479229100609e-04
5.174848404998266599e-04
5.174146970638838312e-04
5.247654162349624663e-04
5.313535586855544501e-04
5.353398802448394939e-04
5.331206396134047665e-04
5.327960345406113508e-04
5.404430328680654089e-04
5.394532355362746884e-04
5.472630083552143965e-04
5.441093725959301065e-04
5.402919962280872557e-04
5.408153221857448173e-04
5.448553610254702750e-04
5.538415120864781599e-04
5.591703036759543928e-04
5.535705561112880691e-04
5.501242794487438015e-04
5.541297632941644125e-04
5.519578004394787513e-04
5.507489742863136200e-04
5.494242645222747069e-04
5.474423587180477597e-04
5.467371968070622312e-04
5.473064485376322825e-04
5.516358132055643832e-04
5.555904127995504134e-04
5.584118165188778782e-04
5.546942319793025196e-04
5.579174078019611500e-04
5.561408479793306320e-04
5.560881555672414272e-04
5.563448690686312531e-04
5.587560565947280239e-04
5.587479105158721805e-04
5.585792775822439942e-04
5.629691815471904448e-04
5.597662778601575784e-04
5.601387204788310648e-04
5.596471191056717536e-04
5.591981190602391067e-04
5.602135310600442992e-04
5.645696716343574046e-04
5.612996523077284699e-04
5.597174126088511059e-04
5.589909126892667057e-04
5.600887149669720550e-04
5.659640611926419545e-04
5.638830630206204553e-04
5.710815227642052723e-04
5.672097972643175496e-04
5.633993780698953952e-04
5.618343976598938255e-04
5.605380853397678781e-04
5.608220798123564766e-04
5.627946510173398960e-04
5.615556565885416063e-04
5.594099179201894806e-04
5.581340278025149083e-04
5.572376719008065088e-04
5.568713886271282150e-04
5.600077494907540259e-04
5.597937429971666656e-04
5.588254885840860482e-04
5.575955241946817242e-04
5.549151841331700918e-04
5.523544249780298898e-04
5.498686048045764441e-04
5.474425666092741288e-04
5.460955748149920680e-04
5.463850892858002507e-04
5.443598676121264674e-04
5.421945848763598747e-04
5.402657163861290801e-04
5.385143396756608908e-04
5.369491824427197841e-04
5.387307441270362081e-04
5.387239317735826195e-04
5.417713337100893206e-04
5.396550610735961545e-04
5.380513836483802109e-04
5.367817097277461464e-04
5.375282626485900590e-04
5.425854763205506526e-04
5.379224841144781373e-04
5.357193535632020836e-04
5.376337540735576454e-04
5.351090486753418357e-04
5.332372329331424915e-04
5.326245731101686854e-04
5.319508361685320935e-04
5.325432776314142913e-04
5.342268615890211070e-04
5.391966222413169902e-04
5.426595087688834912e-04
5.457386058915714372e-04
5.401310931347269367e-04
5.377525092846724419e-04
5.371403678505693108e-04
5.421491147448775699e-04
5.383517569691299116e-04
5.404061288040940209e-04
5.378632933899674552e-04
5.411427522199863767e-04
5.381419227733108979e-04
5.380696287323793797e-04
5.384880109678913613e-04
5.363102157703470308e-04
5.359854793631713349e-04
5.361602386780572882e-04
5.389641995744543597e-04
5.361952545312687274e-04
5.351029986459088878e-04
5.332741099976168403e-04
5.318699821337758088e-04
5.319239784766339281e-04
5.334890226314170864e-04
5.337522374850135016e-04
5.340850840758470941e-04
5.326284436125817241e-04
5.322206050770439401e-04
5.309869659582245422e-04
5.329979349066648947e-04
5.306823172228581015e-04
5.321049158066526669e-04
5.291195295051676723e-04
5.323540080816702809e-04
5.287024261719175606e-04
5.266472981674153332e-04
5.249229027461721269e-04
5.269492371963779625e-04
5.248887876651398650e-04
5.233337428905860279e-04
5.236724058939656650e-04
5.224782335350287117e-04
5.236964272295752121e-04
5.281125689880983515e-04
5.293256309215178075e-04
5.308943719627313030e-04
5.280780073713853707e-04
5.257317151459772525e-04
5.236615494427943485e-04
5.217796536557461678e-04
5.238027025283642285e-04
5.210256035045101935e-04
5.248001383434564449e-04
5.218474958460561424e-04
5.236629212503507869e-04
5.228956951462470975e-04
5.235317386775850679e-04
5.242631686403487201e-04
5.243004434001274916e-04
5.271809634849966781e-04
5.222371750034815897e-04
5.245760099270524663e-04
5.197036945935040730e-04
5.170469954849654659e-04
5.188927882010696980e-04
5.190227580062934266e-04
5.170987244093761415e-04
5.164654799132639912e-04
5.162145107342475114e-04
5.145351253584284912e-04
5.131394311009285225e-04
5.117814418677369510e-04
5.096524260870427970e-04
5.079383456316866703e-04
5.073119482560728205e-04
5.100897905906343283e-04
5.075369399177187980e-04
5.062690426616833772e-04
5.080660271143400131e-04
5.047227117599362373e-04
5.028552593842328111e-04
5.027603753760767841e-04
5.018045282847383376e-04
5.040456405664139883e-04
5.013143029841737658e-04
5.003009777476474578e-04
5.024750075302286678e-04
4.980928622479564123e-04
5.001962395347891999e-04
4.950167532024929212e-04
4.921699376521371239e-04
4.902823069088236381e-04
4.897843442632110900e-04
4.935468630300366300e-04
4.897365161674827267e-04
4.875357467144570182e-04
4.866209925703801620e-04
4.906261067663120201e-04
4.868739156088652820e-04
4.884590256466703412e-04
4.832389523217850533e-04
4.799458985447813456e-04
4.776070139542621263e-04
4.768036599561709110e-04
4.764145306560108148e-04
4.743380810412589741e-04
4.730479823755074243e-04
4.752103500488658147e-04
4.718604071552501603e-04
4.697703967068922676e-04
4.709950228657556071e-04
4.704978471295362830e-04
4.701138587330455859e-04
4.684190542008859421e-04
4.677492091536783686e-04
4.695632280054040978e-04
4.659092876217407969e-04
4.630773527945109425e-04
4.609969769541533472e-04
4.602130665803394471e-04
4.583599091280310834e-04
4.566724522269749779e-04
4.554307392133527966e-04
4.538840286196610505e-04
4.555986175918957937e-04
4.529241182882060013e-04
4.519119071115906936e-04
4.500880834380272303e-04
4.484985925295725817e-04
4.486803739606360242e-04
4.510098819678232552e-04
4.479944240994238264e-04
4.458074200229644843e-04
4.458527852165050979e-04
4.483878871713476311e-04
4.453832725203610288e-04
4.441975902561123954e-04
4.421085308368544295e-04
4.405240694771661797e-04
4.390003381432084121e-04
4.418091595913498310e-04
4.385791509272430103e-04
4.361441384168995958e-04
4.355305833348477643e-04
4.352446978637902969e-04
4.368959456378718512e-04
4.380002143522965675e-04
4.343594034767528692e-04
4.362710693562033004e-04
4.326266846057192023e-04
4.335060905494792166e-04
4.326872714073893059e-04
4.348249448517083168e-04
4.307420626204095260e-04
4.281292799201141808e-04
4.298795605812921966e-04
4.265499743252077250e-04
4.239189339859339651e-04
4.252626329075970268e-04
4.257891976983951832e-04
4.219600356247188650e-04
4.234745006901963530e-04
4.232947439855416880e-04
4.205744473948558652e-04
4.185821249023502608e-04
4.208814953255701763e-04
4.218263298795543736e-04
4.181532964559809044e-04
4.163299007678256222e-04
4.162387541624401610e-04
4.153358396538908703e-04
4.145837751976466862e-04
4.130135506287824221e-04
4.110916970248624006e-04
4.094396806613942669e-04
4.080680611645126740e-04
4.089806657425254835e-04
4.104485407138924952e-04
4.070915188026880344e-04
4.045000061047243850e-04
4.026710022071722239e-04
4.034144701383302273e-04
4.025184444332419284e-04
3.999933605049743601e-04
4.013982799204563021e-04
4.010164897805146723e-04
4.019337531392997201e-04
3.978127543023235566e-04
3.949704086207928228e-04
3.961787146286588346e-04
3.956192953953497227e-04
3.930033793801246508e-04
3.905007307093366848e-04
3.918192772563056526e-04
3.880048807300529143e-04
3.865208477646042912e-04
3.848871811069021426e-04
3.834830948743428664e-04
3.822791982872553391e-04
3.812059521661692813e-04
3.802051431753772576e-04
3.792383207768146736e-04
3.782832298136584834e-04
3.790793767415701174e-04
3.797160199121630045e-04
3.775319786438857792e-04
3.754693011965737782e-04
3.738609652538194212e-04
3.732453381696643310e-04
3.757056773595723984e-04
3.734024046825601406e-04
3.721323032780721510e-04
3.704220489599563404e-04
3.699869862128613127e-04
3.731671668084080018e-04
3.694114075327659336e-04
3.661943972020742619e-04
3.648613125209476671e-04
3.676784502636032837e-04
3.675633508391618173e-04
3.693359797199813441e-04
3.648553258242149145e-04
3.663236944837611306e-04
3.670609193803742393e-04
3.622189643592510716e-04
3.632553671407967588e-04
3.586830191970480797e-04
3.555214707792409218e-04
3.567439937822381108e-04
3.527667921280619456e-04
3.499400288812626434e-04
3.474613530117520721e-04
3.452279546561521240e-04
3.459383201653509982e-04
3.453191222411334128e-04
3.432666389924232675e-04
3.433043742255448717e-04
3.427706332162661507e-04
3.452340491234607059e-04
3.420534037293088137e-04
3.392145213385600044e-04
3.400394705802833872e-04
3.370026923194935462e-04
3.381482678670777778e-04
3.350029102850205268e-04
3.328261765215778873e-04
3.338409373032202973e-04
3.342365785764967335e-04
3.309521933997861204e-04
3.288064739511876045e-04
3.297950976888675435e-04
3.274554401459628503e-04
3.258774575504552848e-04
3.253213694871970752e-04
3.239002364057552816e-04
3.223854201863662894e-04
3.211624539274760101e-04
3.207798848834542572e-04
3.218813610628257324e-04
3.223649371814241594e-04
3.221266521881483206e-04
3.221923525167203037e-04
3.211045166048365532e-04
3.220765803275738351e-04
3.179188199123273101e-04
3.152550024922817881e-04
3.135022858507363727e-04
3.141698770354861667e-04
3.119336225506475044e-04
3.136648528356378416e-04
3.108672515929000952e-04
3.116865228416643152e-04
3.120023911502179271e-04
3.081568191102724164e-04
3.083890672607114908e-04
3.053039305613347901e-04
3.033655961570902665e-04
3.034375528306043623e-04
3.017292488091627639e-04
3.023202871301589154e-04
3.000830356093942106e-04
3.010171755325863449e-04
2.979855879935933366e-04
2.958519575896712103e-04
2.940299075348373867e-04
2.933365476081806417e-04
2.918382534928210198e-04
2.913450580148246980e-04
2.913106940856946547e-04
2.910867202573108495e-04
2.895290905253422803e-04
2.888789316946471677e-04
2.871314731833052411e-04
2.852881092808734367e-04
2.834977612781675255e-04
2.825657519413604982e-04
2.819712003574614714e-04
2.833251633510169734e-04
2.800885665779129555e-04
2.775877294846906818e-04
2.755654322638523388e-04
2.748495525900563111e-04
2.743072205894703567e-04
2.769525830900176899e-04
2.736259505508098814e-04
2.746628968737452542e-04
2.733251512876233688e-04
2.704699829176593351e-04
2.715257353718303237e-04
2.718396887359864392e-04
2.671322610368065398e-04
2.673586017000406873e-04
2.638177207659630932e-04
2.614179789286797165e-04
2.596207652503512708e-04
2.582782059307120676e-04
2.574407675192069917e-04
2.563068411129965085e-04
2.558887041030411306e-04
2.571975472550891428e-04
2.578282913068386081e-04
2.533819893279998453e-04
2.505385757689937540e-04
2.506649530096216822e-04
2.510418203504616308e-04
2.498455152862622312e-04
2.491681164382142377e-04
2.472663842920608474e-04
2.464799808313878119e-04
2.447041536624061978e-04
2.434934692666423982e-04
2.448758881599511048e-04
2.440473265530318514e-04
2.454063121412664353e-04
2.409509643214014060e-04
2.405570305935411765e-04
2.377544189790470547e-04
2.355742853339948262e-04
2.345644793194712251e-04
2.341182288568943834e-04
2.325405538861680165e-04
2.345410282673376923e-04
2.317828977593972158e-04
2.305365252120328441e-04
2.299014880405070348e-04
2.280894841103997756e-04
2.271086480090944715e-04
2.283488199514627280e-04
2.249283898214604832e-04
2.234416046609733137e-04
2.228695079606157867e-04
2.254989449003097718e-04
2.222435124130450800e-04
2.237984162779205416e-04
2.199151017627798410e-04
2.169107735738695750e-04
2.145981948261766023e-04
2.132698687659584586e-04
2.118485527035807333e-04
2.110646848691166699e-04
2.094771249639471088e-04
2.115994827919409789e-04
2.088948677124224994e-04
2.120272857375371685e-04
2.143776010993247993e-04
2.390764734904960104e-04
3.336172246921842660e-04
5.672911775944866836e-04
8.772158563038090929e-04
1.161141842346569098e-03
1.805214349808909133e-03
2.349956086828236708e-03
2.093284336999812114e-03
2.091956218535068364e-03
2.649404945512484882e-03
2.417571236887605755e-03
2.331573018712179788e-03
2.354793461151855408e-03
2.491397360088870843e-03
2.541198678572931507e-03
2.641479400956098580e-03
2.746008538759503459e-03
2.835641706792052692e-03
3.356669142942486899e-03
3.147688282872313295e-03
3.110938608252655866e-03
3.118343612774393710e-03
3.645635904816530229e-03
3.962637250101303139e-03
3.518373652072121112e-03
3.420508530462379806e-03
3.353987716326256672e-03
3.850539331224528752e-03
3.551932687993819733e-03
3.495921309632810201e-03
3.986490877470394607e-03
4.286077522176690024e-03
3.877670976676439538e-03
3.857044528454328918e-03
3.957775173116184764e-03
4.055816189803024274e-03
4.144211774244993714e-03
4.059680853843367077e-03
4.036536296233672431e-03
3.974839981723643327e-03
3.958151154327615821e-03
4.422545489158264190e-03
4.070264390166128225e-03
4.080537362580072269e-03
4.087363204077570922e-03
4.065299063171223977e-03
4.507834073515232590e-03
4.335772183116287648e-03
4.240424270029125378e-03
4.298981209256153534e-03
4.279310291618438310e-03
4.351922410391945509e-03
4.329818354337472593e-03
4.299123719190034963e-03
4.260695980179291138e-03
4.712561861236724825e-03
4.936413724768707462e-03
4.408245360322366434e-03
4.311417105476717318e-03
4.258317751868640443e-03
4.299920792480088974e-03
4.404829821231748266e-03
4.904903913077469056e-03
4.548857685731305840e-03
4.970700713865211506e-03
5.238923447361293340e-03
4.741739629835234338e-03
4.543367984961604877e-03
4.989430853020027437e-03
5.212665131824778531e-03
4.487047493525337001e-03
4.332722397163884902e-03
4.771821055089115436e-03
5.015260486301637531e-03
4.514929221643470929e-03
4.292847477819189406e-03
4.757767835931476369e-03
5.032519816271241626e-03
4.347623400370754024e-03
4.149688858166650056e-03
4.094649751054280085e-03
4.137738990684913624e-03
4.216424155220383288e-03
4.760050926555198930e-03
4.987880003920530658e-03
5.173964344353260830e-03
4.492057318991072093e-03
4.180623929750143693e-03
4.636915486248604883e-03
4.338443030313360316e-03
4.827883313779874307e-03
4.367828591912476313e-03
4.158113761008392327e-03
4.107414274213311116e-03
4.004478006893125511e-03
3.996280935948210052e-03
4.408677369023561443e-03
4.125807130536252379e-03
4.508446215687284160e-03
4.154516476288844760e-03
3.959266490595342476e-03
3.919031217625118350e-03
3.919467991425651908e-03
3.920101078858601561e-03
3.889484373303792302e-03
3.991077325974179933e-03
4.089071210684253575e-03
4.032662280305743252e-03
3.980714171606248089e-03
4.399968253025005223e-03
4.163860813235060153e-03
3.997759133734718646e-03
4.050446941752001116e-03
4.039427957652358403e-03
4.075153644119650607e-03
4.019315552202651527e-03
4.430796770206491333e-03
4.102669735826958153e-03
3.999452356617849529e-03
4.005933077438384414e-03
4.378558930544901827e-03
4.578381442708551533e-03
4.190560470201882062e-03
3.995049053450322810e-03
3.903307147946250260e-03
3.868599195842070768e-03
3.880767731492990123e-03
4.000095242253787729e-03
3.921748005124387100e-03
4.304941927010069898e-03
3.951174377131422451e-03
4.302603561940810187e-03
4.094249308555436735e-03
3.918445028171535852e-03
4.281733800238646422e-03
4.076819537262749669e-03
4.396807121243156979e-03
4.129944008490005550e-03
3.925628340637687778e-03
3.933203557819564544e-03
3.806761005583575788e-03
3.745509174790590153e-03
3.841091087256937389e-03
3.783916549094418387e-03
4.151005063078811418e-03
3.999905062007130981e-03
3.908179072296485979e-03
4.416587404114763818e-03
4.073489392600326831e-03
3.961406876139783768e-03
4.304041346556525434e-03
4.128014100276866834e-03
4.063140289698447330e-03
4.059924788190333658e-03
4.559204854362175485e-03
4.086466285768869909e-03
4.107342250343821131e-03
3.964723207598624781e-03
3.870805694484969264e-03
4.207522990342627348e-03
4.060444707026084239e-03
3.889254655528651301e-03
4.213344271937241765e-03
4.068302521264910779e-03
3.902920393964559587e-03
4.224326883631441057e-03
4.088010112360251740e-03
4.374398060566470070e-03
3.945484817380945884e-03
4.234063276898475219e-03
4.080868094707951199e-03
3.901067867137181320e-03
3.892547000308538459e-03
3.985007203755675138e-03
4.269757538672841468e-03
4.120383281471801627e-03
4.057733763108162597e-03
4.055315534829124005e-03
3.914153202838149999e-03
3.948930470023198983e-03
3.987799793342162134e-03
4.292066514096893291e-03
4.142646450290016040e-03
4.146508184303110238e-03
4.435696939723127695e-03
4.532074079836706341e-03
4.236783261560461700e-03
3.992383275638150715e-03
4.006398270442773635e-03
4.264959293407049983e-03
3.936886388447974859e-03
4.014536224693355040e-03
3.923257674022034673e-03
4.234971044270946852e-03
4.128186248543336788e-03
3.966831338154036546e-03
4.066911558790920096e-03
4.373760786589258980e-03
4.008843751816826458e-03
3.927092546016703288e-03
4.236864019155434091e-03
4.104681339001859351e-03
4.043523167922486068e-03
4.060618945240629905e-03
3.953645630039576489e-03
4.069050429639481381e-03
3.991010708218717742e-03
4.303014077406836120e-03
4.205164914606463432e-03
4.052550130155180286e-03
4.157146740386319546e-03
4.448640127268860614e-03
4.278066338263592124e-03
4.254671301857820657e-03
4.118800226579949833e-03
4.173614411818143792e-03
4.132353283433753965e-03
4.466398554125144971e-03
4.409293461022207282e-03
4.235204548314192019e-03
4.518113964483832894e-03
4.381674655114115198e-03
4.598283364852961963e-03
4.234480276406222231e-03
4.507997574219097317e-03
4.322051463720339402e-03
4.319115472242613177e-03
4.195338286101774061e-03
4.494777738554062672e-03
4.389581407418280574e-03
4.238524216907691052e-03
4.535428265670366117e-03
4.428448966869108841e-03
4.681369669405583377e-03
4.797372611870021064e-03
5.113892684145100037e-03
4.734426994895624130e-03
4.560593680488539588e-03
4.458832709686172922e-03
4.768050840803378550e-03
4.951797173782257651e-03
4.716870236188203287e-03
4.577674609852905481e-03
4.678914186975929694e-03
4.556303699833625341e-03
4.855286086192123207e-03
4.722184250614308750e-03
4.672647156907544508e-03
4.585058641194067822e-03
4.520017867248183295e-03
4.602652652279132228e-03
4.905294314075442884e-03
4.699070837472285600e-03
4.639051278248091173e-03
4.614849008387511900e-03
4.492075614355478703e-03
4.591611694777265017e-03
4.895346733063094674e-03
4.701806667738084658e-03
4.614846092599745285e-03
4.940332439002087690e-03
4.798467487423779994e-03
4.815132695842877855e-03
4.687486755679082066e-03
5.019407920296437182e-03
4.768552880048404496e-03
4.668292808461704801e-03
4.723699386656405284e-03
4.733178234006769035e-03
4.693763087304819726e-03
4.724382011798856223e-03
5.117560687038153096e-03
4.962013792926073252e-03
4.975863733103863713e-03
4.955052898359219200e-03
5.279234384808951033e-03
5.461276675673982194e-03
5.027958045173730982e-03
5.380339915696319593e-03
5.148589528900993605e-03
5.131773131589418245e-03
5.009132120873205883e-03
4.962772893580120331e-03
4.876416199807870507e-03
4.707064489505669025e-03
4.558509202257465635e-03
4.393692307067026577e-03
4.353597571907047610e-03
4.276001310759719801e-03
4.116888404986074161e-03
4.099486019996329521e-03
4.049689368418785476e-03
3.922798386486442586e-03
3.866164724303372546e-03
3.824615038582984856e-03
3.785253012566691753e-03
3.744434430191956320e-03
3.710722838921637519e-03
3.679476927729663591e-03
3.646206704815618989e-03
3.611176734765264920e-03
3.608667029603968013e-03
3.559845209483375808e-03
3.551076531252256394e-03
3.518076441407347495e-03
3.511905249193470174e-03
3.513230625746571745e-03
3.450973160897963330e-03
3.408946907998261586e-03
3.379287828779969916e-03
3.350461551627781538e-03
3.322308654632660958e-03
3.315830407681536179e-03
3.289507210182113575e-03
3.268927968747687134e-03
3.239471482854322775e-03
3.228084418183941023e-03
3.184194896257480992e-03
3.163208767504943966e-03
3.140328973033146634e-03
3.135998862253036850e-03
3.122475357627408146e-03
3.107580753689759452e-03
3.071221264444945823e-03
3.051886816526644657e-03
3.035118925137225785e-03
3.041725621405505509e-03
3.026419649760270572e-03
3.009073188243860733e-03
2.989588978799246136e-03
2.938830973632833559e-03
2.933292107188717641e-03
2.897644812383609603e-03
2.869609851443394484e-03
2.863503753048235630e-03
2.833558801848668103e-03
2.817671279998729388e-03
2.807253204429194498e-03
2.791221164837559814e-03
2.775699874752946255e-03
2.759325577975807811e-03
2.754253572525045077e-03
2.734769706053269411e-03
2.722479559550322614e-03
2.711626362693869696e-03
2.694100704827601285e-03
2.684602493036603206e-03
2.662073902041500999e-03
2.642718118455689331e-03
2.626557621089375960e-03
2.630026030953453060e-03
2.600194798507715795e-03
2.577140474503392207e-03
2.563579825681150479e-03
2.567034951709107511e-03
2.539857688124364313e-03
2.520198718415489827e-03
2.505082034260569697e-03
2.490385531671523989e-03
2.485220585801895064e-03
2.472160951668267784e-03
2.468517027964961877e-03
2.462627543462470123e-03
2.447174354243486852e-03
2.430807102168613953e-03
2.413312049462374223e-03
2.398917098298708559e-03
2.386273576065545479e-03
2.375528102291391084e-03
2.365067064184051080e-03
2.350585077594497321e-03
2.340790463287451082e-03
2.330101306035719990e-03
2.317854226932514281e-03
2.317052441370909439e-03
2.311749412923336244e-03
2.296506897082634113e-03
2.287258944570263932e-03
2.276870872338643444e-03
2.264052016781209573e-03
2.260493525896056875e-03
2.247070738023404426e-03
2.238191685966756106e-03
2.229455956183229361e-03
2.218838782364080092e-03
2.209584864485375760e-03
2.199111531131625781e-03
2.200000957360209904e-03
2.182447660401160092e-03
2.169683492602231516e-03
2.167253709871563936e-03
2.151819776661751098e-03
2.143110468218540048e-03
2.144002380123244400e-03
2.126846955480288150e-03
2.117494125953356399e-03
2.107783054192041705e-03
2.105127656084393450e-03
2.087491952702314087e-03
2.078474148246872970e-03
2.070399474584383621e-03
2.061477248199072767e-03
2.064038842827342884e-03
2.047433321940994675e-03
2.036335818685347607e-03
2.027083663003903784e-03
2.025487064541437159e-03
2.012446895590957931e-03
2.002792161780797726e-03
2.001132075797218413e-03
1.988331915191959842e-03
1.978908921483074883e-03
1.977317088854491176e-03
1.964864569403440824e-03
1.963996607244950041e-03
1.961665259605610469e-03
1.950094486430337289e-03
1.939535022011451733e-03
1.935179249985419280e-03
1.926282642039289870e-03
1.916588527921031645e-03
1.914913875413831778e-03
1.913736998696302823e-03
1.893085260044291736e-03
1.882852315801786377e-03
1.875227597123163559e-03
1.866716793116851743e-03
1.854977669055718655e-03
1.843353937738467872e-03
1.834973242429843721e-03
1.827873532237306352e-03
1.821413012693312572e-03
1.815367797942191294e-03
1.810527456494010054e-03
1.805448574404267068e-03
1.798920632433603827e-03
1.800361264692829175e-03
1.786532201498614199e-03
1.777562627283740902e-03
1.778058766854084902e-03
1.776150279901189677e-03
1.762474772280597964e-03
1.755194099064927337e-03
1.757365677361044740e-03
1.745872104948548208e-03
1.737369298106944404e-03
1.730521983721905639e-03
1.731940896218370305e-03
1.720656429573591637e-03
1.715106839323798926e-03
1.718333872197275181e-03
1.716863733878365526e-03
1.702920066930230366e-03
1.694307978242731759e-03
1.687090556402232044e-03
1.684230477471809805e-03
1.675818014269453600e-03
1.675777378896814570e-03
1.666210652848149239e-03
1.659565482645325614e-03
1.658890394055706572e-03
1.647481835248099102e-03
1.647127019663113985e-03
1.637425528967345698e-03
1.630596243386045474e-03
1.626145889407521004e-03
1.622088579902924987e-03
1.618255367686116664e-03
1.611967543706210870e-03
1.604482922897937499e-03
1.598166113323168380e-03
1.590387304334378625e-03
1.584042548621128477e-03
1.578293415982740151e-03
1.571858626414018942e-03
1.565267390299263138e-03
1.560574963257804803e-03
1.559007722524713511e-03
1.558534734155214794e-03
1.552721635332926639e-03
1.552303492228024502e-03
1.543381148739814222e-03
1.538930752715861414e-03
1.539900831262319691e-03
1.532404312852231332e-03
1.531412818606436984e-03
1.526243625169398932e-03
1.521391523550569410e-03
1.518265291172682515e-03
1.515266768717632440e-03
1.512477198029055312e-03
1.508388791763215584e-03
1.508484208218952103e-03
1.499700950294041886e-03
1.495657127970628948e-03
1.492914272878642775e-03
1.489258098919060691e-03
1.482850494971160813e-03
1.479177646576723725e-03
1.474876904387284644e-03
1.475905776950853275e-03
1.467785795512727186e-03
1.461226460763148704e-03
1.456304315057172036e-03
1.452022933061186769e-03
1.449069429278498911e-03
1.446582238899224481e-03
1.444051474801816368e-03
1.446330345087787350e-03
1.436821766068680081e-03
1.429490510595848862e-03
1.423788155226313190e-03
1.419280422332780487e-03
1.418082187197006357e-03
1.414576977115267241e-03
1.414491417618629707e-03
1.409637030622051812e-03
1.413747043268437364e-03
1.404653913818149254e-03
1.400706751146080275e-03
1.397839476949047643e-03
1.395406406052368672e-03
1.392555567073605702e-03
1.392902081832397962e-03
1.385648052877208646e-03
1.381610607894595685e-03
1.377668905061130286e-03
1.373895091855831295e-03
1.376829542102442350e-03
1.375397430579766711e-03
1.368600529800695484e-03
1.370049762133057755e-03
1.363935551111622631e-03
1.365128737082960163e-03
1.360814344840649646e-03
1.356449462489550803e-03
1.358723665763700295e-03
1.358760387251195609e-03
1.347780870191489641e-03
1.347003573829153077e-03
1.339471146644233279e-03
1.340878653384974806e-03
1.333583165142376934e-03
1.330374257420558013e-03
1.328387968416783280e-03
1.326160230164763606e-03
1.327064931027877167e-03
1.321559965053997797e-03
1.319359924242141787e-03
1.317786761501555000e-03
1.315563124776031366e-03
1.316471676875602490e-03
1.311124951529346735e-03
1.309085472593218879e-03
1.310525421075975404e-03
1.307785069861355960e-03
1.305311587808116822e-03
1.302094308157031310e-03
1.299870013786758038e-03
1.296825697331405224e-03
1.297589521524061817e-03
1.295030713590778013e-03
1.292056781357564564e-03
1.297347299155882268e-03
1.289404163766083664e-03
1.284494111800965795e-03
1.286417113047694238e-03
1.281437497860338313e-03
1.278594788920101206e-03
1.275265607852421644e-03
1.272669706584778244e-03
1.275745754172991206e-03
1.268389742505926510e-03
1.263982284529802146e-03
1.266021306627357389e-03
1.260699113251001566e-03
1.257274987899476048e-03
1.254461307046678131e-03
1.252491002035971543e-03
1.256459394299824913e-03
1.251881312679642422e-03
1.250409862353407718e-03
1.248361537000403261e-03
1.249129307540836195e-03
1.250691376909884986e-03
1.250333350748478178e-03
1.243489923994722931e-03
1.239600900487408805e-03
1.237150611988013880e-03
1.239781160818759264e-03
1.234643398347495943e-03
1.232376872582091739e-03
1.232052238147485212e-03
1.231122680587798434e-03
1.231792144057325530e-03
1.229539634052018333e-03
1.228148476732427059e-03
1.225433564565919786e-03
1.224342384587823185e-03
1.223305352308140612e-03
1.225190391845471134e-03
1.221658716857576587e-03
1.220276051728458495e-03
1.218242260395885432e-03
1.215885360162594075e-03
1.214112820749041477e-03
1.212859673078348207e-03
1.213910880431140656e-03
1.216227008730069899e-03
1.210729775013225269e-03
1.207617848530623391e-03
1.205399041666388449e-03
1.207175228913909314e-03
1.204342058588653416e-03
1.206057458422843485e-03
1.203347158752327050e-03
1.202444690455872810e-03
1.200603132359801027e-03
1.202333731549731907e-03
1.200383666364840439e-03
1.199523251301587478e-03
1.198492247934429718e-03
1.198840678468565679e-03
1.197965909056220111e-03
1.201130284203788664e-03
1.197165902709152038e-03
1.199032106531239391e-03
1.194688203224553245e-03
1.197054170944772573e-03
1.192502259116107275e-03
1.190274165239951776e-03
1.192225391064943981e-03
1.189810233680882500e-03
1.193080090399689696e-03
1.189857087586843054e-03
1.193419898733516678e-03
1.189686613706769777e-03
1.190992101205828966e-03
1.188455530854387729e-03
1.190846632475495333e-03
1.186406044198568075e-03
1.188292627912068775e-03
1.185304048123042749e-03
1.184415692266205375e-03
1.185571234102705818e-03
1.184591344354907249e-03
1.183363474288640256e-03
1.182077216435389920e-03
1.181006973003834257e-03
1.182085280057737671e-03
1.183917629859920773e-03
1.182086539892041174e-03
1.180709868088653100e-03
1.179800796442592812e-03
1.179147630895455200e-03
1.180503648628433797e-03
1.179452234926409160e-03
1.179133491801392973e-03
1.180231891784505735e-03
1.180803050561335518e-03
1.180101100474906413e-03
1.181046769502258620e-03
1.181298838361488635e-03
1.185139379706284845e-03
1.181158531474951799e-03
1.184723642664003984e-03
1.186415134319468434e-03
1.181976067708534472e-03
1.180040777338081746e-03
1.179640215858241033e-03
1.178632071150476123e-03
1.178365877909515278e-03
1.183254267707850582e-03
1.181445461678382091e-03
1.181911070598157427e-03
1.185908985670675129e-03
1.185153109912462366e-03
1.188831471489398958e-03
1.184874172987154806e-03
1.183504798947332490e-03
1.188579553032170777e-03
1.184563486501055826e-03
1.182704253338834419e-03
1.186293685541156551e-03
1.183602605735151235e-03
1.184576779081530961e-03
1.188086680028527286e-03
1.191077694222209037e-03
1.187633242298763523e-03
1.188420614510615932e-03
1.190158171186173064e-03
1.189442998658357805e-03
1.193922073529335437e-03
1.196822753503251711e-03
1.192297719326040938e-03
1.191196725787557927e-03
1.191924033128161260e-03
1.191971207446435033e-03
1.191172809003537879e-03
1.190172778707521183e-03
1.190054902790416277e-03
1.191045266311707880e-03
1.191184227388769785e-03
1.190475393669515689e-03
1.191720838305349028e-03
1.191244990286166594e-03
1.189528747350737745e-03
1.192233460749853209e-03
1.190250633732115081e-03
1.188436833378242463e-03
1.191393577896354694e-03
1.189441994650897302e-03
1.189197021955207311e-03
1.190062534884040032e-03
1.191396195387922803e-03
1.195047788063652392e-03
1.195008365569827456e-03
1.198339290847805346e-03
1.195529223483266044e-03
1.198486030233064659e-03
1.196881862137216986e-03
1.196703885630690011e-03
1.197790730745618322e-03
1.198698971029294076e-03
1.198686507207469406e-03
1.199413180060543600e-03
1.198649368142618151e-03
1.197443180745100385e-03
1.197236477090318817e-03
1.196764232283304037e-03
1.195845196107064900e-03
1.198628876855062494e-03
1.200981091720804183e-03
1.199075555524747915e-03
1.198945192937189751e-03
1.200092514480216718e-03
1.203635113628065498e-03
1.207295973606786928e-03
1.207542255845062184e-03
1.208932929066142180e-03
1.211250305493355526e-03
1.212036829795776248e-03
1.211850785538898245e-03
1.212116817177760850e-03
1.215392690832456379e-03
1.214100269794465923e-03
1.214977694655955485e-03
1.218432262525975980e-03
1.218338490536724538e-03
1.217179328375933740e-03
1.220155738914230478e-03
1.224404742062540439e-03
1.221754393618795786e-03
1.220537434661633780e-03
1.220428727985711824e-03
1.221438220312171105e-03
1.223744806510224190e-03
1.228086863421734695e-03
1.226277600766134766e-03
1.225934486450930457e-03
1.226418897444092734e-03
1.225357378544572693e-03
1.225035835212146158e-03
1.226097268964193576e-03
1.227407062650970370e-03
1.228720554462991998e-03
1.233719539344352474e-03
1.237331119344126096e-03
1.234134048981605676e-03
1.233634882205941925e-03
1.237889337326786342e-03
1.241100507567777277e-03
1.239302190454205643e-03
1.243656798520259565e-03
1.240793347177743386e-03
1.240586561032730592e-03
1.241038427115054342e-03
1.240711026021446093e-03
1.240179272142155707e-03
1.242169579096097463e-03
1.241685613500775973e-03
1.245105906510868363e-03
1.247302782546605470e-03
1.245423975285320228e-03
1.245228846726254132e-03
1.246268977035347621e-03
1.247185998461436407e-03
1.247328129501584825e-03
1.248134582678223081e-03
1.247800354019462698e-03
1.248759786409930992e-03
1.249852605718154751e-03
1.253510794856099774e-03
1.255595525898384277e-03
1.253164748590823848e-03
1.255921340985016819e-03
1.254016436808819308e-03
1.252495329151776101e-03
1.255457331283832585e-03
1.254072245318638189e-03
1.256065249988736095e-03
1.258468441754695541e-03
1.256880656736242361e-03
1.257380276974812226e-03
1.258479217815439144e-03
1.258085544049686311e-03
1.257166615623300917e-03
1.256816949684841410e-03
1.257640959085354511e-03
1.259372161181898696e-03
1.260202074472105546e-03
1.259613920788665940e-03
1.260029625519987337e-03
1.263115941297326961e-03
1.261779909871546578e-03
1.264663374058722220e-03
1.263512842721426117e-03
1.263695733193853730e-03
1.263740776850863544e-03
1.263718752908116324e-03
1.263390964798455406e-03
1.263344481241329784e-03
1.264575202167855794e-03
1.265479353570459061e-03
1.267016260068826216e-03
1.270787375056170584e-03
1.269046320531114257e-03
1.268809722831265628e-03
1.271213719958919075e-03
1.271498751097360769e-03
1.273173400327026793e-03
1.276866223907391525e-03
1.279010911941574902e-03
1.276855696843970465e-03
1.276663174553716029e-03
1.277632840281356548e-03
1.278404224626245034e-03
1.278207292924965488e-03
1.278916861886314656e-03
1.279281411670169042e-03
1.280268782976124028e-03
1.284384985794395726e-03
1.282861691683756652e-03
1.283905455224571045e-03
1.283271120012974276e-03
1.284191457730449312e-03
1.284931111669723822e-03
1.287186963298508945e-03
1.286624783877504674e-03
1.287405392700746850e-03
1.288005094842070881e-03
1.288189030445008407e-03
1.289410237493587895e-03
1.289818828754529930e-03
1.288416070851045210e-03
1.288708201567123623e-03
1.289327585177918543e-03
1.290509505263448715e-03
1.293972163204992927e-03
1.295835548652657550e-03
1.293393274454390958e-03
1.292050657719418091e-03
1.290995047038440277e-03
1.290343008077832242e-03
1.290513243429847320e-03
1.290591881469832676e-03
1.291771904404420863e-03
1.293657144502857737e-03
1.295588489333776702e-03
1.293913656411727108e-03
1.295672039815182284e-03
1.294669136375853347e-03
1.294344090807753034e-03
1.294303954322706483e-03
1.294309950676564378e-03
1.296365158640644518e-03
1.294930189317184017e-03
1.296647539962142437e-03
1.295810235517180949e-03
1.295944116490549457e-03
1.298738807264354774e-03
1.297472872090566030e-03
1.295745128800779343e-03
1.296002082177605307e-03
1.296555783441111264e-03
1.297850140502926483e-03
1.297854915576646161e-03
1.297694055180925862e-03
1.298876756748196248e-03
1.302606693832042591e-03
1.300921472187527381e-03
1.300776261726738388e-03
1.299014277706861441e-03
1.297760182264867711e-03
1.297880514742394496e-03
1.300893473396686015e-03
1.303158765709444642e-03
1.304806558675980629e-03
1.302441895643979873e-03
1.301910844508919049e-03
1.304332621445630910e-03
1.306471174557283363e-03
1.304989230739889323e-03
1.304453298366298371e-03
1.304454286662815043e-03
1.304764954664472398e-03
1.305067485293032355e-03
1.307894322136621398e-03
1.305952491800882551e-03
1.309278819040349305e-03
1.311401137878304276e-03
1.308972021656523840e-03
1.307086620583336510e-03
1.307308312312210896e-03
1.310386845748323778e-03
1.312528906797855209e-03
1.310000042416143047e-03
1.309704585577670197e-03
1.310084490690216529e-03
1.310998513226779936e-03
1.311357440828608834e-03
1.311566962728877425e-03
1.312225961425456154e-03
1.315743981838485375e-03
1.317875106021238049e-03
1.318922197902405767e-03
1.317202395050992743e-03
1.316231544958729356e-03
1.315238574483757047e-03
1.316931873104987315e-03
1.318158901630273093e-03
1.316308597932763823e-03
1.315624509500196203e-03
1.316780641151277286e-03
1.315983595867953456e-03
1.316057349376276208e-03
1.316406191526753441e-03
1.316533902353994633e-03
1.316005123168334555e-03
1.314974798089840746e-03
1.313966801712762762e-03
1.313252309368190349e-03
1.312067529399063744e-03
1.310821492592889647e-03
1.310304235956833048e-03
1.312932566373298249e-03
1.310555525833595556e-03
1.310449595028995249e-03
1.310790112653836825e-03
1.311889645262626211e-03
1.311963860880149910e-03
1.311060991300067166e-03
1.312486723345790461e-03
1.310819119760309268e-03
1.310186371692639851e-03
1.312293644573980962e-03
1.311122260926506165e-03
1.311075227965069652e-03
1.310408316619138345e-03
1.309237395483770069e-03
1.308169947595611005e-03
1.307628440134017689e-03
1.307138000273083862e-03
1.306927361476611926e-03
1.308917254730574027e-03
1.310159351914303013e-03
1.308860735279432407e-03
1.307854937976132967e-03
1.306351514048215319e-03
1.306344953741450697e-03
1.306609370483197315e-03
1.306581633737746760e-03
1.305854806985556893e-03
1.306397253595365134e-03
1.305242298864722761e-03
1.304347433071084824e-03
1.305976140535736185e-03
1.304989787820543066e-03
1.304422076827532794e-03
1.303633499745049384e-03
1.303554063255185766e-03
1.303956064889388996e-03
1.305497223107776692e-03
1.306949303327059608e-03
1.305183556246480858e-03
1.305025799870446375e-03
1.305339244413989026e-03
1.305431693504127732e-03
1.306818959566841305e-03
1.305361386533277065e-03
1.305225885911881533e-03
1.305787310482281471e-03
1.306296823232261416e-03
1.306387589879887123e-03
1.305190654231019962e-03
1.305026948832272013e-03
1.305038394875679582e-03
1.306951139040918308e-03
1.306741615799650357e-03
1.312626026682695013e-03
1.341144356292850535e-03
1.440444268785889955e-03
1.688559510853066079e-03
2.030989345286177226e-03
2.709910252158054256e-03
3.249470798771164626e-03
3.688087984612492716e-03
4.032121382063003252e-03
4.298984757393348177e-03
4.503935792372237845e-03
3.857449551798408822e-03
3.696640398585132950e-03
3.618566614021923294e-03
3.699956478324445495e-03
3.810065183765165911e-03
3.914561221551310713e-03
3.907829068889263034e-03
3.966805234346538166e-03
4.052717940655326152e-03
4.059752658447768336e-03
4.042058993448310877e-03
4.007305384728193816e-03
4.488432968957206670e-03
4.242279128865838848e-03
4.132768131692066312e-03
4.096652781260312626e-03
4.184774074486469556e-03
4.280856401158272817e-03
4.240271322777239282e-03
4.267295515899444634e-03
4.360053641658884031e-03
4.870504442683199452e-03
4.402969862752753420e-03
4.342799559391436436e-03
4.289510843930599733e-03
4.266342502395065010e-03
4.285725982102639442e-03
4.319521784133828826e-03
4.358416775308094140e-03
4.335158892460483533e-03
4.361778599890109125e-03
4.386635475231820749e-03
4.884310509275846535e-03
4.478773126681367782e-03
4.383209746211852616e-03
4.370696092034937266e-03
4.353386446353552097e-03
4.398803749218688566e-03
4.465467128956734921e-03
4.465428112092129434e-03
4.418840934388529491e-03
4.419687558104102264e-03
4.384195385886308603e-03
4.471689724788829694e-03
4.451568562312774834e-03
4.479944080572501389e-03
4.565078880101730401e-03
4.535902541625925176e-03
4.512950044803088270e-03
4.950941410946058802e-03
4.702825123559706624e-03
4.569255241465036699e-03
4.563392655901598975e-03
4.593366815216176451e-03
4.618524215990610533e-03
4.572608352653939612e-03
4.589523092419484258e-03
5.103208563860462364e-03
5.281754758394536023e-03
5.365359365457029323e-03
5.376621305862811472e-03
4.801213590712650157e-03
4.534317367723678278e-03
4.897399256872181708e-03
4.614681291663552502e-03
4.952521511520386471e-03
4.629105883663403413e-03
4.428458762710841233e-03
4.465296262840384549e-03
4.861747593120452522e-03
5.006368060384847052e-03
4.588231803791681558e-03
4.370546410980669094e-03
4.721764907561654123e-03
4.494740007856839852e-03
4.816908523860130575e-03
4.519900903219869863e-03
4.820754110733432851e-03
4.512388910771519823e-03
4.300634577969342752e-03
4.637058440088543190e-03
4.429927638501885215e-03
4.256517111056546364e-03
4.730130460964737660e-03
5.047562326395249599e-03
5.277662988308801789e-03
4.717333903604997887e-03
4.492873690366905662e-03
4.362086308558182739e-03
4.365484180111828434e-03
4.383193232148147565e-03
4.293760991893813377e-03
4.382278601604778015e-03
4.293608326899878667e-03
4.302622883575374195e-03
4.327640222526080681e-03
4.232099557105850618e-03
4.574178993608297127e-03
4.423891484712005884e-03
4.269079851516382855e-03
4.222169867600484086e-03
4.334395124206158814e-03
4.251584777942835243e-03
4.283541034558619072e-03
4.319862697479442959e-03
4.237640899606437937e-03
4.584450638873882947e-03
4.773842775573272634e-03
4.513523692692605720e-03
4.387660037161906189e-03
4.381046278695727506e-03
4.324546638508908365e-03
4.255928590132846204e-03
4.606338598751941009e-03
4.474513879982206302e-03
4.329035887486299035e-03
4.670806586229709310e-03
4.520375042969599320e-03
4.366080910822883743e-03
4.707778423684323005e-03
4.553097597694644519e-03
4.412150687912913365e-03
4.888849408631723743e-03
4.521780288708427374e-03
4.560077628059705859e-03
4.916204299317917213e-03
5.072421659364967708e-03
4.744386771438186511e-03
4.521499715094173984e-03
4.496738713755827135e-03
4.617199502160363421e-03
4.502073233514364628e-03
4.579329386112285412e-03
5.102265577261783439e-03
4.872079935225360342e-03
4.674476356040397143e-03
5.034028532121731514e-03
4.853220078147152915e-03
4.685293883924752066e-03
4.731564945839517554e-03
4.654646003919488129e-03
4.707176109008077286e-03
4.617889930095125939e-03
4.595208104157516744e-03
4.638805233708270803e-03
4.667142333342350242e-03
4.789320601576036070e-03
4.753487978783621677e-03
5.161174384259359718e-03
4.995926760504615372e-03
4.850384320164247663e-03
4.836040277458104018e-03
4.832489337364131998e-03
4.932919459649415771e-03
4.892148545572072571e-03
4.855093812775774197e-03
4.811652050069115116e-03
4.921855847827028355e-03
4.892400221799764193e-03
5.337471431832635504e-03
5.636221668894642219e-03
5.859657725599704339e-03
5.468108761030316192e-03
5.242842834041344831e-03
5.221455269558888945e-03
5.233773837951750246e-03
5.158420847390127184e-03
5.181703412823224567e-03
5.213720183244019597e-03
5.135364242517249239e-03
5.200543832388299093e-03
5.152192246773607508e-03
5.653878494826397941e-03
6.002947155294030904e-03
6.273858828059253323e-03
5.801929150501922497e-03
5.528925440675353485e-03
5.982483262496935024e-03
5.766789097506281291e-03
5.593812468441605908e-03
5.458520663930383453e-03
5.400386063844010015e-03
5.381544799311016938e-03
5.920520920363853135e-03
5.717850145130260256e-03
5.725593119599509291e-03
5.661355882125529600e-03
5.720318868215773858e-03
6.375778024305151122e-03
6.853108799507495914e-03
6.334489774237200832e-03
6.913188110893636953e-03
6.420750955265825018e-03
6.139604658545550452e-03
5.991406020235706675e-03
5.961825070684517724e-03
6.082832985543623963e-03
6.097861229880674819e-03
6.212456249483339250e-03
6.980794405147644835e-03
6.677092503039811118e-03
6.638738644282760754e-03
6.542599948520216868e-03
6.416371060753817482e-03
6.365950481436660931e-03
6.488549644742425820e-03
6.601715710041384383e-03
6.603637346090690703e-03
6.646199525516344186e-03
6.650804271675071072e-03
6.597690817129198311e-03
6.542798321886989128e-03
6.522378969592484976e-03
6.590452759157001267e-03
7.387761535713877406e-03
7.155212087613833059e-03
7.109290195238621157e-03
7.169176839449897809e-03
7.025330271901814201e-03
6.970291517860632835e-03
6.928221788580541177e-03
6.882056109255824117e-03
6.856498360939634017e-03
7.664949116599157307e-03
7.406867993970428672e-03
7.242699804010871781e-03
7.241761821016096459e-03
7.229363058579275046e-03
7.163918562647287290e-03
7.203284132397242377e-03
7.183919763113184170e-03
7.371599883712148978e-03
7.415621852101057093e-03
8.345853979406786874e-03
8.095259179906151223e-03
7.884520321085547803e-03
8.782131781524661271e-03
8.380072721029070346e-03
9.282081167169747848e-03
8.850992809996733116e-03
8.550498623192671205e-03
8.270767960078922662e-03
8.106614469585876961e-03
7.999062019038789134e-03
8.018097028540489488e-03
9.031804343208977778e-03
8.767812628080224810e-03
8.448623658274052178e-03
8.419748267221633178e-03
8.276690980380479665e-03
8.294256056917354361e-03
9.193346410854758011e-03
8.636091580823974240e-03
8.585570547486565465e-03
8.442623094477469045e-03
8.303029378557131787e-03
8.489489270101386806e-03
9.569007727199563620e-03
1.067291417385870037e-02
1.013726668929509390e-02
9.510668018557922460e-03
9.610413141807544815e-03
9.695897008933980488e-03
9.464484974681492205e-03
1.050334537347644148e-02
1.170186231019621631e-02
1.111335839268514161e-02
1.013560728611807155e-02
9.604775278921701132e-03
9.261236479173378874e-03
9.034035469304830396e-03
8.877706909783806416e-03
9.006058884665690475e-03
8.740262810910443339e-03
8.277303904392253539e-03
7.891866915304440733e-03
7.669188601321402787e-03
7.331709999488228782e-03
7.123225115163462490e-03
6.970649553395814185e-03
6.755419993269506929e-03
6.573681611301979144e-03
6.467843926027134344e-03
6.334825835123897644e-03
6.179816734387217139e-03
6.089599189266820325e-03
6.002907862854301065e-03
5.996460727071628929e-03
5.854054034530875583e-03
5.787009444669671820e-03
5.699135834335723044e-03
5.720195528198674002e-03
5.636170542222535343e-03
5.547247658037502034e-03
5.564328279027558333e-03
5.484312485617055116e-03
5.400800959567769732e-03
5.416436134565161264e-03
5.342120172897624718e-03
5.264588622068133716e-03
5.279228544109043804e-03
5.210551886726666818e-03
5.138745333841715675e-03
5.152547157405407662e-03
5.085019636859722594e-03
5.018561744535504805e-03
5.031733565646168832e-03
4.965742318991567955e-03
4.900888216531524427e-03
4.913622319989497007e-03
4.852830536022029531e-03
4.789843351881578788e-03
4.802303401567004429e-03
4.798788798732534118e-03
4.786306733810280489e-03
4.776273556742866369e-03
4.678745055496341676e-03
4.617954189425405552e-03
4.632152989050669981e-03
4.562783166067385481e-03
4.523174997002227769e-03
4.525938913112476439e-03
4.461420131983573172e-03
4.418955548135728231e-03
4.426620564103195613e-03
4.362000756000345217e-03
4.359935756529776003e-03
4.300502947814793982e-03
4.257977327706602769e-03
4.231256652738740742e-03
4.247603333895971604e-03
4.247923854055729587e-03
4.247900623674982952e-03
4.189804722487389457e-03
4.181619750518767060e-03
4.135107659710967991e-03
4.098137304811550093e-03
4.079394353446352990e-03
4.050548584660024556e-03
4.027699900709919012e-03
4.018707005994365429e-03
3.999826929189887088e-03
3.977112088809764759e-03
3.979824884212640468e-03
3.980822204194750698e-03
3.980573460757747331e-03
3.936676006633899223e-03
3.908012556384371505e-03
3.877767167419094059e-03
3.854937719591350603e-03
3.829758734051619349e-03
3.805834565704696755e-03
3.809255378035853162e-03
3.810334627102590632e-03
3.778053204029136001e-03
3.752518247400449345e-03
3.733660930244975425e-03
3.720082040861489095e-03
3.723261662923099940e-03
3.698318859118527105e-03
3.695454076547605420e-03
3.677922393690924614e-03
3.660829465435705594e-03
3.648679465242882572e-03
3.639757340400823389e-03
3.632417386428965847e-03
3.619171905003021328e-03
3.630407110411726628e-03
3.611511633697134238e-03
3.602606488591503578e-03
3.586393671192028825e-03
3.589531475955437794e-03
3.566855484257830736e-03
3.557914447229887367e-03
3.563516705563702161e-03
3.543723041591329264e-03
3.527134065617771111e-03
3.527806434100006026e-03
3.530061734161999126e-03
3.514289222325939210e-03
3.496258959747539172e-03
3.500492465604288211e-03
3.479589542664224266e-03
3.486515920679555958e-03
3.490217911544852072e-03
3.459917689707187050e-03
3.463800552232143646e-03
3.437233256560962187e-03
3.418061476687994649e-03
3.400978390591741490e-03
3.386625566498308211e-03
3.389831751884969917e-03
3.371840285799954096e-03
3.357773471567299193e-03
3.349822264204610576e-03
3.338295099899901957e-03
3.329701189902373355e-03
3.319083783799104195e-03
3.309147486950176058e-03
3.310543665467008748e-03
3.302035173896128439e-03
3.295033113538331677e-03
3.297494774468923227e-03
3.288857003265666448e-03
3.281453804611167771e-03
3.284179340115117845e-03
3.274797285885122731e-03
3.266783917370880315e-03
3.269698448808400302e-03
3.260337753215814243e-03
3.264589397463791079e-03
3.246251779119419065e-03
3.235231568535029689e-03
3.230780413929740247e-03
3.217177912792929233e-03
3.222995320836369391e-03
3.204943514750780223e-03
3.191363366595728612e-03
3.195349955945181626e-03
3.177859919065701040e-03
3.166957867673842256e-03
3.159044422459844625e-03
3.153074690457880174e-03
3.142146272544682744e-03
3.146192044511464739e-03
3.131859555540289844e-03
3.118405264569507236e-03
3.119203305299722648e-03
3.124538814226990573e-03
3.108673975744685736e-03
3.098561763566881708e-03
3.086878212929783545e-03
3.079172959112613794e-03
3.084916403150772795e-03
3.069194677629683184e-03
3.058202000921028760e-03
3.068245981272643697e-03
3.052456300909728391e-03
3.039273769813194415e-03
3.031137131861938623e-03
3.025439779811772874e-03
3.020962825852963139e-03
3.013997626273889983e-03
3.002806056216983550e-03
2.994436459027338768e-03
2.985256447782830280e-03
2.979603246602807991e-03
2.975336656068017487e-03
2.971853225021814544e-03
2.977994176788562389e-03
2.976688233312430043e-03
2.981779655263322708e-03
2.961319253963123985e-03
2.949632577693128786e-03
2.953397646635053195e-03
2.933908377873756419e-03
2.923844618306775667e-03
2.916572011594542688e-03
2.913108510136974954e-03
2.905143308050906186e-03
2.897024631014039411e-03
2.899694234354183164e-03
2.900359083661496924e-03
2.897671454104483717e-03
2.883321645259157191e-03
2.871515093646226455e-03
2.863038436612824929e-03
2.854506683291591421e-03
2.848689212472416132e-03
2.848957581521827272e-03
2.843186754897891744e-03
2.847401099643204550e-03
2.849316621014836085e-03
2.831988997736639962e-03
2.834358872795039730e-03
2.836147079004719667e-03
2.818129630855570420e-03
2.820708741042765675e-03
2.821777059762187526e-03
2.803596775032446420e-03
2.806249938720023832e-03
2.790703005899653009e-03
2.778744964297691702e-03
2.772395573832981113e-03
2.772687367132736780e-03
2.764598968548281997e-03
2.767978349675043193e-03
2.766306655940253996e-03
2.754255296615793283e-03
2.747510251128854140e-03
2.742897419760442768e-03
2.746005077884400465e-03
2.747581506450897087e-03
2.749415644108738413e-03
2.750229484176441863e-03
2.751785071800283682e-03
2.752619444204590631e-03
2.732137109590415669e-03
2.719002092593092793e-03
2.723612011792980910e-03
2.708076014082700083e-03
2.696513057835697811e-03
2.689686457259288319e-03
2.682653681172114928e-03
2.688040091263332876e-03
2.691514445799220341e-03
2.694615008181339318e-03
2.678734068566057669e-03
2.683574236371855451e-03
2.684590014101456701e-03
2.668125938232563180e-03
2.657624822412013848e-03
2.648410591114530935e-03
2.640365065907774016e-03
2.643455151568802064e-03
2.633176581689728162e-03
2.634625899003489955e-03
2.636390476511646722e-03
2.626073537220302567e-03
2.619603535002962367e-03
2.615662952279074541e-03
2.618757375004232731e-03
2.621726314418798727e-03
2.609997028274474527e-03
2.611343803063509699e-03
2.602112432488251983e-03
2.593000458439975904e-03
2.596227557709235561e-03
2.597768043623188694e-03
2.586353620872583817e-03
2.589475065454860652e-03
2.575684461747773657e-03
2.575463529007194011e-03
2.565177194493501248e-03
2.559638477031139780e-03
2.555148726584821964e-03
2.548179876769618522e-03
2.545412841290523292e-03
2.540054888671411555e-03
2.537180665106403537e-03
2.533315526456336817e-03
2.528436140398649095e-03
2.525892922314559863e-03
2.521219510014610730e-03
2.527489343791849974e-03
2.530635207510678608e-03
2.529182800697110656e-03
2.516609331181857492e-03
2.508349457932701736e-03
2.511684793785912140e-03
2.503415808830317113e-03
2.507438334427875004e-03
2.499196554386323710e-03
2.493966391260166431e-03
2.488778905479461026e-03
2.488467157726004415e-03
2.483762565820829896e-03
2.488134662242191993e-03
2.481544312427691815e-03
2.483124864471891822e-03
2.478320131148276269e-03
2.485765104766180129e-03
2.477022406629586504e-03
2.468949583506557972e-03
2.464390645501324598e-03
2.470794482425814689e-03
2.473748442278534115e-03
2.462002265608204295e-03
2.464832895836893949e-03
2.467229617787186895e-03
2.454127934373767986e-03
2.444652570661182221e-03
2.446849504776899172e-03
2.448441892808384066e-03
2.437782149315986975e-03
2.441241566487112671e-03
2.430758075023348522e-03
2.432853844833260653e-03
2.433707528518108849e-03
2.423245628070208775e-03
2.418021416840471227e-03
2.415971254985333026e-03
2.416292911139073050e-03
2.412638369531311736e-03
2.419017639491022505e-03
2.422359736669460473e-03
2.424298034360455965e-03
2.410488638038938217e-03
2.403103560046149396e-03
2.404507215227636233e-03
2.398562762224526468e-03
2.401337737928971316e-03
2.392233701466523008e-03
2.396705446625996445e-03
2.387715460977585420e-03
2.390230806072019161e-03
2.392409467119866080e-03
2.382655217083001764e-03
2.386366190068012552e-03
2.377577223877175554e-03
2.372152468001492796e-03
2.367397407329619070e-03
2.372010997007556726e-03
2.371442965265741117e-03
2.374104854706188348e-03
2.365251326311790595e-03
2.369014703227273737e-03
2.370808169912530516e-03
2.359988926874662454e-03
2.355042547977237704e-03
2.351417063516297867e-03
2.347314505148168171e-03
2.345380551957682025e-03
2.343876590886329395e-03
2.341104646611508362e-03
2.337512502821742499e-03
2.340313805350258385e-03
2.333800210920927883e-03
2.329236630647285849e-03
2.330858667362217893e-03
2.326432344431356072e-03
2.324324985808973090e-03
2.321924786332102680e-03
2.321001428321345459e-03
2.319831758841533944e-03
2.316754118801017930e-03
2.315509154770278941e-03
2.321760901048203467e-03
2.314395376131145234e-03
2.309031871284156386e-03
2.305107211476381795e-03
2.302458271259960523e-03
2.299320240882995938e-03
2.296889764811649217e-03
2.301342745012075093e-03
2.296708641227624120e-03
2.294168682718500298e-03
2.296201863347963317e-03
2.290290078117213166e-03
2.286622157187839875e-03
2.286916437756242228e-03
2.289262429060784539e-03
2.283803327983036178e-03
2.279771076758485733e-03
2.276974115654839623e-03
2.275430369115399865e-03
2.272758649183853532e-03
2.273488246291433153e-03
2.273559087964161212e-03
2.278306625722104246e-03
2.269913869921575018e-03
2.264241912296899219e-03
2.260178027978832199e-03
2.256764640167036214e-03
2.259929847711594861e-03
2.254519931193871545e-03
2.251517385936274880e-03
2.253079793762197310e-03
2.250353426778595178e-03
2.251167671107129602e-03
2.246974798400186348e-03
2.245354788632037031e-03
2.248459470851815831e-03
2.248233802802895864e-03
2.243737312643628856e-03
2.240309126165551754e-03
2.236660640895210723e-03
2.238417171770790224e-03
2.239381536049717125e-03
2.240612824753413033e-03
2.236724940031081885e-03
2.241428547894724985e-03
2.234173921921017714e-03
2.236401211383326482e-03
2.238599625980125778e-03
2.237391918118636271e-03
2.230644115324187642e-03
2.227078505927166004e-03
2.232205426397620898e-03
2.235451889381062564e-03
2.226445364641066547e-03
2.227771660187755076e-03
2.222477752665519366e-03
2.219390296324114022e-03
2.222621705658173099e-03
2.224896258666259063e-03
2.215506619224244696e-03
2.210087107279129492e-03
2.211981545655217207e-03
2.207422077571435937e-03
2.210427305622142662e-03
2.204497249167708308e-03
2.208679368656790709e-03
2.202560452283519772e-03
2.199494587427408554e-03
2.198256116368102649e-03
2.202880388674988404e-03
2.204856394702570371e-03
2.206253941910668852e-03
2.197993788000779294e-03
2.199923275160892231e-03
2.201157461105862721e-03
2.193703922616452393e-03
2.189161686941837413e-03
2.185657671228830035e-03
2.186315862440008171e-03
2.183387886415671941e-03
2.181083705799058414e-03
2.183128650244475777e-03
2.179493623098311024e-03
2.177043764254821354e-03
2.174872780344277914e-03
2.172256902194008750e-03
2.169659006712993006e-03
2.167353859287335632e-03
2.168816683581259366e-03
2.165341692858624521e-03
2.163109886398839610e-03
2.162311136482408802e-03
2.161971741784968464e-03
2.165900301635232100e-03
2.168399766560341786e-03
2.162598916937896656e-03
2.158571439785866766e-03
2.156169543567737577e-03
2.154515802179873818e-03
2.153052642756619981e-03
2.155022696373870821e-03
2.152272417293271765e-03
2.150841104053269597e-03
2.150281253574204583e-03
2.151850579521175262e-03
2.149222835134612184e-03
2.147364161696990997e-03
2.145940459063894364e-03
2.145598700373546781e-03
2.148112341305546957e-03
2.143979366807286218e-03
2.141683555202139599e-03
2.139598972483791779e-03
2.138222828760277805e-03
2.136379210992461666e-03
2.135104803933751683e-03
2.134943124139693140e-03
2.137384024920602459e-03
2.133486823090530171e-03
2.136284695137319247e-03
2.132053609655493263e-03
2.134062474828501976e-03
2.129543928634775214e-03
2.126799163325327185e-03
2.124802451216017962e-03
2.126501876830538991e-03
2.124006779834702787e-03
2.122814755507801496e-03
2.124617809613266271e-03
2.123295757903648131e-03
2.120659905700472952e-03
2.121613659130561387e-03
2.119316318172276281e-03
2.123094224394089964e-03
2.125845745769000712e-03
2.119873963636548144e-03
2.116908143718676527e-03
2.115744656948942426e-03
2.117853538788177972e-03
2.114174491633058397e-03
2.112091131060039959e-03
2.111642703430377695e-03
2.111672475032539114e-03
2.110335507374877431e-03
2.110157344140312259e-03
2.114009129450289490e-03
2.109914474684559949e-03
2.107751163564081272e-03
2.107145745617766686e-03
2.105785950252153649e-03
2.107808168168723382e-03
2.106330461168881736e-03
2.104675299218006137e-03
2.108712021012165965e-03
2.104317187237953087e-03
2.106208333663750747e-03
2.102324500573199677e-03
2.100706799928414668e-03
2.102924971732206359e-03
2.104688382751363114e-03
2.100039933102548946e-03
2.097841105196801819e-03
2.096170569980687712e-03
2.095124258614450459e-03
2.098370236794733137e-03
2.095228905541801894e-03
2.093323511334393896e-03
2.096509800114276789e-03
2.097965973341287156e-03
2.093764516390023318e-03
2.091583706730348879e-03
2.091973698100407786e-03
2.091323213413037643e-03
2.094432884237806911e-03
2.095836801932576994e-03
2.091676443257695084e-03
2.093840627896309623e-03
2.090284629043875995e-03
2.088724629487204252e-03
2.086692728325006876e-03
2.085406085028679562e-03
2.089128656722466764e-03
2.085181141811936947e-03
2.086958308625852607e-03
2.083817588909442440e-03
2.086746540679707169e-03
2.083027534807613441e-03
2.083750954450780662e-03
2.081379134910638171e-03
2.080165221268509730e-03
2.079921022704772724e-03
2.078628477592087305e-03
2.077616725580988533e-03
2.077076998407373452e-03
2.078736874845282887e-03
2.078417666247351064e-03
2.082394415248572939e-03
2.084930000849461156e-03
2.086897167488766230e-03
2.081371897380634908e-03
2.079077414721541752e-03
2.082297451395659447e-03
2.079063386190316189e-03
2.077756210626419131e-03
2.076504151120267625e-03
2.076374782561141077e-03
2.076239135267360369e-03
2.075233949697474854e-03
2.079255275572944577e-03
2.075387016313917816e-03
2.077099453727171505e-03
2.073300945370837312e-03
2.071069335531128524e-03
2.071977561198018632e-03
2.070111044293226985e-03
2.069220188639015086e-03
2.069043705101758675e-03
2.070820827970238070e-03
2.068904288833967042e-03
2.071124031550547473e-03
2.068537294247635439e-03
2.071632962736902252e-03
2.073222672630809123e-03
2.069956171299597303e-03
2.069517765630779580e-03
2.069198126439042353e-03
2.067907265366264458e-03
2.068572333472551514e-03
2.067183927526411360e-03
2.068013242443506299e-03
2.067114546124610049e-03
2.070399877931200505e-03
2.067336544353881762e-03
2.066005315619917886e-03
2.068218302763003176e-03
2.065844172207953466e-03
2.064704291586083509e-03
2.064128940224480013e-03
2.063661435961994424e-03
2.064308322119329416e-03
2.063557942194560371e-03
2.065174656478580180e-03
2.063236408037505670e-03
2.064659728603834756e-03
2.067463400389557733e-03
2.064779333364946852e-03
2.068236393219952032e-03
2.064692702754372840e-03
2.065165565913379409e-03
2.068167189056441171e-03
2.064911352925935441e-03
2.063347767779183644e-03
2.065070382872485899e-03
2.062481402826982398e-03
2.061223216688351772e-03
2.062615562831976619e-03
2.065121884465426303e-03
2.062241425159538899e-03
2.060411448447013738e-03
2.059220246888843198e-03
2.058698258738728224e-03
2.058441275956029992e-03
2.060599066142105012e-03
2.058196122106442563e-03
2.056302881316807163e-03
2.054941326717657502e-03
2.054546164025650243e-03
2.057423902434246752e-03
2.054958426218373053e-03
2.054014487191585525e-03
2.053515366502295641e-03
2.052613931393104576e-03
2.051737453993729421e-03
2.052832112753116833e-03
2.052031644572782903e-03
2.054180351707529922e-03
2.052369828064215789e-03
2.055084378138078132e-03
2.052591222924216290e-03
2.051449834439633604e-03
2.051062074972198786e-03
2.053744012499408769e-03
2.051922864696348239e-03
2.051374632220975998e-03
2.051730719957989366e-03
2.055346799675611315e-03
2.057097232440346837e-03
2.053554912383754021e-03
2.052407502780878579e-03
2.054229683186065310e-03
2.057740419739895361e-03
2.059950817766737202e-03
2.056336653836360242e-03
2.055402927141325529e-03
2.054926430148479224e-03
2.054193687003364084e-03
2.057069015197404878e-03
2.058489739667185292e-03
2.055720126518328830e-03
2.054525034026194377e-03
2.056122203027455162e-03
2.057621526577513293e-03
2.054833380962511804e-03
2.056403194141154158e-03
2.054415254888048142e-03
2.053636214466891905e-03
2.052655948448428753e-03
2.054645592422083087e-03
2.053005882604036405e-03
2.052502224764163330e-03
2.054238446732320738e-03
2.055918021514940765e-03
2.052720438007909955e-03
2.054330800075127288e-03
2.051883510988994613e-03
2.050680690002365612e-03
2.051908736274193814e-03
2.050793642720350005e-03
2.051080581876424478e-03
2.053910368993821980e-03
2.051111343624778798e-03
2.050214461363380949e-03
2.052481096402564414e-03
2.051165509501834579e-03
2.054178209702223288e-03
2.051718038130806356e-03
2.054908324624366272e-03
2.052492644854042505e-03
2.051568778627021940e-03
2.050475241447585837e-03
2.050177367475031123e-03
2.050769894717496735e-03
2.049580458092975510e-03
2.048731724689284526e-03
2.048559972856367657e-03
2.049955202661940621e-03
2.048070112691053029e-03
2.047687964047734295e-03
2.047420857969856067e-03
2.048628320758444366e-03
2.048958143409718158e-03
2.047949480315508584e-03
2.047742155971071960e-03
2.048463535404493243e-03
2.049465596985094919e-03
2.050687702562703583e-03
2.051285662395590983e-03
2.054943345173804083e-03
2.056069805119853378e-03
2.054027789253975913e-03
2.054419308029775768e-03
2.053891806216340179e-03
2.055602096352249220e-03
2.054000153232832509e-03
2.054043667831245788e-03
2.053991361594154162e-03
2.056139822584512888e-03
2.053839357348874461e-03
2.055229916466810858e-03
2.053131630148419262e-03
2.055191206562184941e-03
2.052766847569503870e-03
2.053854975010610800e-03
2.052173916642363594e-03
2.051483766248491086e-03
2.051456591913719540e-03
