0.000000000000000000e+00
0.000000000000000000e+00
0.000000000000000000e+00
2.211090997540417213e-03
4.058262381598568697e-03
5.268934155003568431e-03
5.933945188377531821e-03
6.220904337661450206e-03
6.282388854246661117e-03
6.225374764267568167e-03
6.116621301338494993e-03
5.995805141659930199e-03
5.885685229689649120e-03
5.798448167581515822e-03
5.739608550356876601e-03
5.710550351344839508e-03
5.710259843846477584e-03
5.736501027727686219e-03
5.786573906972305135e-03
5.861613754863121556e-03
5.952655790367737676e-03
6.059019596888256393e-03
6.179517558403099624e-03
6.312924892556995467e-03
6.458132957531371142e-03
6.614186568767201069e-03
6.780276512558186877e-03
8.082002159471583097e-03
7.846300484439317283e-03
9.077567818515302339e-03
8.591806824565192610e-03
9.745246709299130658e-03
1.083468003307942393e-02
9.831695725879992936e-03
1.084488775661153481e-02
1.178018957218987528e-02
1.261398229247884945e-02
1.043969126114862450e-02
9.808867203913407620e-03
1.076478595689914219e-02
1.008291619530630838e-02
1.070997610154050469e-02
1.178600712993997657e-02
1.085253948977722704e-02
1.140327533633423568e-02
1.189216385178979568e-02
1.232676478605506179e-02
1.271468206018794116e-02
1.306382253715325341e-02
1.338227016931695795e-02
1.367788240113577969e-02
1.395783771623273009e-02
1.420210771714776159e-02
1.444575106202975259e-02
1.449131692747151340e-02
1.512224747844324868e-02
1.546739005798293543e-02
1.563221359074031327e-02
1.568570917562299785e-02
1.544739758694364112e-02
1.413765398416417379e-02
1.421132823975443209e-02
1.549811516134184768e-02
1.454389854331432190e-02
1.466316325760120935e-02
1.481184626839118085e-02
1.498431632732107055e-02
1.517585628615595456e-02
1.609544274654808524e-02
1.728848163906215527e-02
1.621334074335413836e-02
1.748913924853433971e-02
1.872901539838684251e-02
1.735600749178296820e-02
1.859086017712175895e-02
1.808441431161856780e-02
1.854811349754095437e-02
1.823294914179636808e-02
1.705890607021189054e-02
1.742790728164694478e-02
1.732928093252924726e-02
1.689281760115150105e-02
1.641750151832406870e-02
1.768442570922367993e-02
1.692279944565117794e-02
1.719192351748349834e-02
1.662927561498786164e-02
1.649732997822269884e-02
1.822436501944750195e-02
1.716704417961670281e-02
1.685056248588566799e-02
1.734605070366920798e-02
1.699522802760230350e-02
1.863290054803425772e-02
1.756252049595849116e-02
1.726573886535492583e-02
1.890025563109550694e-02
1.792046287438026769e-02
1.756999626677063428e-02
1.759495616207989305e-02
1.802762689642514390e-02
1.770469173954425726e-02
1.815096660529774350e-02
1.782352042374038201e-02
1.785200135503504579e-02
1.960141326411582799e-02
1.856299325400180208e-02
1.824802887299014839e-02
1.868406021821683236e-02
1.834898565118276564e-02
1.823392748161241361e-02
1.984786490670538070e-02
1.881644056707437035e-02
1.996056715873132173e-02
1.971706219499155463e-02
1.895693215444933452e-02
1.876340279390955462e-02
1.868191843917887951e-02
2.030260070640756490e-02
2.006863328380777828e-02
1.984897320478444180e-02
1.966553467418669099e-02
1.951769490984506597e-02
1.940352735703798279e-02
1.931978699602412974e-02
1.926290624521459841e-02
1.922936822342287411e-02
1.921587295685558278e-02
1.921941420137929582e-02
1.923730846993943616e-02
1.897081663437022447e-02
1.896060645392808053e-02
1.909626492969194317e-02
1.927763479896325849e-02
1.945624584445433680e-02
1.951010027837412827e-02
1.967284281295711076e-02
1.991852262067290991e-02
1.995785458487324415e-02
2.012770113514366493e-02
2.168827326620392099e-02
2.279066467518166619e-02
2.394895836131012007e-02
2.273040218129649889e-02
2.211732290950173263e-02
2.154726105223010030e-02
2.127201702366792249e-02
2.207001280289358838e-02
2.336294542904372371e-02
2.277302480837493925e-02
2.198923765085119414e-02
2.200581444714858059e-02
2.191419790917660537e-02
2.179947646925275984e-02
2.169405496082976725e-02
2.160866404188038076e-02
2.154502847584699454e-02
2.150139188284430625e-02
2.147490921553540238e-02
2.146263668254909038e-02
2.146190191796107025e-02
2.147040886380421204e-02
2.148623558484596269e-02
2.150779400072433747e-02
2.153378048470747097e-02
2.156312863521956183e-02
2.159496795776722627e-02
2.162858909586297743e-02
2.166341509395720150e-02
2.169897783718573864e-02
2.173489879801443481e-02
2.177087331705582218e-02
2.180665776817274429e-02
2.184205907381861142e-02
2.187692613584166224e-02
2.191114282853199799e-02
2.194462226666056906e-02
2.197730211435774267e-02
2.194532456875589871e-02
2.218354251896196075e-02
2.229016790389768549e-02
2.230072181327895711e-02
2.228761662492179454e-02
2.227237564178751600e-02
2.227133517021365194e-02
2.226411615763135635e-02
2.229010181044623756e-02
2.231168045399239616e-02
2.233216081475934006e-02
2.235017342371351315e-02
2.236872667834026440e-02
2.238743658770636288e-02
2.240607486799849751e-02
2.242450525938291875e-02
2.244266579038427245e-02
2.246055111836637100e-02
2.247819766223165330e-02
2.249567176972707902e-02
2.251306052746562467e-02
2.253046466979938961e-02
2.254792007398925824e-02
2.256752729962666418e-02
2.258581854551873491e-02
2.255848926167340965e-02
2.243122411048317777e-02
2.249285817098382184e-02
2.366269466252559836e-02
2.475840242564692276e-02
2.388073031591760390e-02
2.368826822164995724e-02
2.386761472688215396e-02
2.369872769219616773e-02
2.482901230919584354e-02
2.583720409381643629e-02
2.492073263337613032e-02
2.450736641921121006e-02
2.558814372487707919e-02
2.481764292157635082e-02
2.448190717223058810e-02
2.456339304138969656e-02
2.449141649611932120e-02
2.428144387599071377e-02
2.538075640107706130e-02
2.482365245384462321e-02
2.578674440717946409e-02
2.493893488714184550e-02
2.459480852844071752e-02
2.459922653040789650e-02
2.454640670300986191e-02
2.438865867113369779e-02
2.433839410547130808e-02
2.547721119540038645e-02
2.506453121261154743e-02
2.477073968689552305e-02
2.466004537168788383e-02
2.465667224402104049e-02
2.467876176274896166e-02
2.487603470289481006e-02
2.491640684583344353e-02
2.482041191295514260e-02
2.589146467095787552e-02
2.546715387652703430e-02
2.533732025348227335e-02
2.534301433151039604e-02
2.521850618245314452e-02
2.518777122072956079e-02
2.529821464087586222e-02
2.641185528433563981e-02
2.600205361192643727e-02
2.588318090616567591e-02
2.699772451796715600e-02
2.649245576201157693e-02
2.742423564796268864e-02
2.657525004267912924e-02
2.627951835140065681e-02
2.746576116744760612e-02
2.669326909829116204e-02
2.651342638075968733e-02
2.636750046631618216e-02
2.622524616095936109e-02
2.603755069391153198e-02
2.598170256564429070e-02
2.707603078139020347e-02
2.653876873159063607e-02
2.636505601605479421e-02
2.642441929194953160e-02
2.763003731328121659e-02
2.858965033495301095e-02
2.769029364134084278e-02
2.861141223762960276e-02
2.778091045297250219e-02
2.744619678817204755e-02
2.735947232615552893e-02
2.726409613834041012e-02
2.713845270167913881e-02
2.819332127430106139e-02
2.760051334719165403e-02
2.736973102312513853e-02
2.717725473869988737e-02
2.695869788048321780e-02
2.662299673017977375e-02
2.682018691680495767e-02
2.598932746146787043e-02
2.543401230016886436e-02
2.544401765473166752e-02
2.489267107769979961e-02
2.453184507435233683e-02
2.432797482191179084e-02
2.409205597114039143e-02
2.387830981330935770e-02
2.378203117187482202e-02
2.360269178434258250e-02
2.351299676088193513e-02
2.332147772914605621e-02
2.311422559690102727e-02
2.302144138635054890e-02
2.284840689140504172e-02
2.265119608150002392e-02
2.255332759909355056e-02
2.238824918432845076e-02
2.221416112474745158e-02
2.206383737762436167e-02
2.194253827753051347e-02
2.186416818426400316e-02
2.183518511174369764e-02
2.175948947031059594e-02
2.167944096356623149e-02
2.164472925983154661e-02
2.152716953796285707e-02
2.139230416402675486e-02
2.127495719575575595e-02
2.114804269061828362e-02
2.102061231132646563e-02
2.090575058921076076e-02
2.092375215696176335e-02
2.073943347660553438e-02
2.073775316052587497e-02
2.052960517735480037e-02
2.037612765377230795e-02
2.025179480021618156e-02
2.013280812765685587e-02
2.013318756550450811e-02
2.012070040734497897e-02
1.992445495289815738e-02
1.990148670751864732e-02
1.971719786014245607e-02
1.963669584043114744e-02
1.953864268699270421e-02
1.942836270606843399e-02
1.937516675835157173e-02
1.935815393576570745e-02
1.936686786202760496e-02
1.924472943296991201e-02
1.913011598401647556e-02
1.909422880688745050e-02
1.909591018445421992e-02
1.897527012104981495e-02
1.886150400995846577e-02
1.882082372610803175e-02
1.874313127329877565e-02
1.866227709343989266e-02
1.856682518735752394e-02
1.853604522236916574e-02
1.846514643468127534e-02
1.838891347789788772e-02
1.831225289892526517e-02
1.823637075810776234e-02
1.815775932911336751e-02
1.808593351253113754e-02
1.801538238639821890e-02
1.795050193905415800e-02
1.789089066976981557e-02
1.783339674221710511e-02
1.778823359740249951e-02
1.774010579438390842e-02
1.768941904614177232e-02
1.763239224355815996e-02
1.757263703865155277e-02
1.751674418101656361e-02
1.746638306938985696e-02
1.741156778241361933e-02
1.741567873786143555e-02
1.732126281283741936e-02
1.723498458677620929e-02
1.720440055885253186e-02
1.715294394668505015e-02
1.710144450638919830e-02
1.705074390560267980e-02
1.699219400848800063e-02
1.699663964378118203e-02
1.690918717188031814e-02
1.684039940363300791e-02
1.678203374390363836e-02
1.671721165490611463e-02
1.669319860927893223e-02
1.665339473777011081e-02
1.660623826224023880e-02
1.655982816265379534e-02
1.651089115159681472e-02
1.646580994061314085e-02
1.643211537658048615e-02
1.639816320999448393e-02
1.640754668583984874e-02
1.634217640544262037e-02
1.629528050067281450e-02
1.630131992116839318e-02
1.628824153555557749e-02
1.620062918840732211e-02
1.612635045869301523e-02
1.605283762896940122e-02
1.606343863910643724e-02
1.600497206177352652e-02
1.595273183893018004e-02
1.590611901621023436e-02
1.586455241433756130e-02
1.582830402917809187e-02
1.578476825571252171e-02
1.574709763699945475e-02
1.571587897092609903e-02
1.568753431851281979e-02
1.565150176792648104e-02
1.561120192566635770e-02
1.561379922323702374e-02
1.560944663452646687e-02
1.553858203043240009e-02
1.548318242386939950e-02
1.542825447883021221e-02
1.538309069755254381e-02
1.538816340878848901e-02
1.532345652211748732e-02
1.532107997679834667e-02
1.524719734769810868e-02
1.526102038518062191e-02
1.519903890521364688e-02
1.514567028442463485e-02
1.510728734981833105e-02
1.505877877963325562e-02
1.504983354918501895e-02
1.503008550903639322e-02
1.500503278471916439e-02
1.497362142685472290e-02
1.494217694278754394e-02
1.494989350823868607e-02
1.492673923959380103e-02
1.493201651006464958e-02
1.485094252268219506e-02
1.481319784181287305e-02
1.477602057766360180e-02
1.473267875363082693e-02
1.467925942111406382e-02
1.466391396324976532e-02
1.463676480264231028e-02
1.460400791838546188e-02
1.461218006031986261e-02
1.454479365687469210e-02
1.451754367258774325e-02
1.448627194628211712e-02
1.445355480482296388e-02
1.441749507134500174e-02
1.437841142305665114e-02
1.434342902282672444e-02
1.431907023004285601e-02
1.429097196611724477e-02
1.426849732293800424e-02
1.424673021324985960e-02
1.422034264492935511e-02
1.418919348574585772e-02
1.418588244166247604e-02
1.417169156567144386e-02
1.415663435281984406e-02
1.414560432686946291e-02
1.415741262225444531e-02
1.411986729435087996e-02
1.407316408133316502e-02
1.405719920867176675e-02
1.403090989033976138e-02
1.400137990943224608e-02
1.398529721623310157e-02
1.396375881854509775e-02
1.393195707877982296e-02
1.390460064836716164e-02
1.387618094025038808e-02
1.384833561430581783e-02
1.382063505119052876e-02
1.378996664815825869e-02
1.375403851770735757e-02
1.374856883939898702e-02
1.373304649317903803e-02
1.371082944233538436e-02
1.368209999125313651e-02
1.365346643058872739e-02
1.362646619398727443e-02
1.360001447828178278e-02
1.357341463082969296e-02
1.355573062810633278e-02
1.356972404332713877e-02
1.352544865195714346e-02
1.349140915861895933e-02
1.345638350312871115e-02
1.345890138421289989e-02
1.342216819154226116e-02
1.338822513219718735e-02
1.339098250404656409e-02
1.335533332242778287e-02
1.332406581902016197e-02
1.329742625366903130e-02
1.327231187692960723e-02
1.327573497326788900e-02
1.323867845731035477e-02
1.320979761700041312e-02
1.317974020527182093e-02
1.315600309613189356e-02
1.312598718289138128e-02
1.311913130837884245e-02
1.309522201121347297e-02
1.309034656623601391e-02
1.309560210378338078e-02
1.306735112582037631e-02
1.303686817108255097e-02
1.302501500022578557e-02
1.300063630868794617e-02
1.299660197817984267e-02
1.300649012754858183e-02
1.297624965587105585e-02
1.294829641437074755e-02
1.292587798183050113e-02
1.290217108638563176e-02
1.287872738522094843e-02
1.285652647943827213e-02
1.283885688107425788e-02
1.281750244002714291e-02
1.279964642267014154e-02
1.278181046679320587e-02
1.276601718494145554e-02
1.274651130574716400e-02
1.273042214181030474e-02
1.271609459461256822e-02
1.269000298937119492e-02
1.268551983690703946e-02
1.267639759904404251e-02
1.266478002854374944e-02
1.265024538700613814e-02
1.265969554753159504e-02
1.262857744370100323e-02
1.259840345104753546e-02
1.260373423238083171e-02
1.257215509620667263e-02
1.257639214562253707e-02
1.254477023175584044e-02
1.253909497846046953e-02
1.251095347036248508e-02
1.251605782111676890e-02
1.247636803056960571e-02
1.246331311323375240e-02
1.244798031887340596e-02
1.243357692224592199e-02
1.241668103871334562e-02
1.239668237127568469e-02
1.237758421851268414e-02
1.235900497727143547e-02
1.233895134277569056e-02
1.234767953658725409e-02
1.231489398124760090e-02
1.228945458535211747e-02
1.226737333827384452e-02
1.224726128020071567e-02
1.222901714497293645e-02
1.220824219375252033e-02
1.219078679468542543e-02
1.215983472349215638e-02
1.215054547543776078e-02
1.214270824434551983e-02
1.213560047376074230e-02
1.212150258240007362e-02
1.213160931640951644e-02
1.210015983383027662e-02
1.207453153764081327e-02
1.205302673849787710e-02
1.205710842431268609e-02
1.206069391409271552e-02
1.202026946995811418e-02
1.198976442922906893e-02
1.196508460897749079e-02
1.193867311443304845e-02
1.191090790932315333e-02
1.190512677604973167e-02
1.188654642476096382e-02
1.188447022756831950e-02
1.187549888364045937e-02
1.186388061236180388e-02
1.184466098111776160e-02
1.182742659882544262e-02
1.181053683746274494e-02
1.179491167341425312e-02
1.177877082024258136e-02
1.176192360188430680e-02
1.174451775485043509e-02
1.172652144921472982e-02
1.173536306936074497e-02
1.170788762125704596e-02
1.168666623930355447e-02
1.166648703421551553e-02
1.165035539826296367e-02
1.163181296191826038e-02
1.161621670888587227e-02
1.160210923014693210e-02
1.160195763032561590e-02
1.158263862057649224e-02
1.156640121445068337e-02
1.155383975401571943e-02
1.153834925547139734e-02
1.152553480437265750e-02
1.151199375157563320e-02
1.149517068203353802e-02
1.147902571627418267e-02
1.146653554552984171e-02
1.145337142043155107e-02
1.144191092739064997e-02
1.142627269135106788e-02
1.140850907738037712e-02
1.140560312193060477e-02
1.139852564392782042e-02
1.138993386999637668e-02
1.138002385864399918e-02
1.136859513044251313e-02
1.135577708581133292e-02
1.134265218719747448e-02
1.132998737402779454e-02
1.131524935120254219e-02
1.130016382522789839e-02
1.128448479543598358e-02
1.126858082796586107e-02
1.125265204795437672e-02
1.123679490315653180e-02
1.122324431566700149e-02
1.120554664087468691e-02
1.119215494836173566e-02
1.117577960248912483e-02
1.116360671297265614e-02
1.116171656865367831e-02
1.116518548576795819e-02
1.113987536699199282e-02
1.112060224680866578e-02
1.110540486220267312e-02
1.109164585192048101e-02
1.108074084445971434e-02
1.106970036425938136e-02
1.105732315983715304e-02
1.106202520088003793e-02
1.104337060156679838e-02
1.102081951954590570e-02
1.100492926275359155e-02
1.098530647109150458e-02
1.097050985624736449e-02
1.095752430071557024e-02
1.094639669597524852e-02
1.093451810539228242e-02
1.092339091249769530e-02
1.091356079543414834e-02
1.089869022278813424e-02
1.088591110652442281e-02
1.087393768419218226e-02
1.086418223611498868e-02
1.084978955734078321e-02
1.085149230132317032e-02
1.082868747347132815e-02
1.082293619407399994e-02
1.081529613324708899e-02
1.080647939116873880e-02
1.079535821444978921e-02
1.078447180940778592e-02
1.076516768720564218e-02
1.076144260967839758e-02
1.075343080544304171e-02
1.074327984961593284e-02
1.072941962211354516e-02
1.071475238043629284e-02
1.070087817152655385e-02
1.068920556380102346e-02
1.068918808301192250e-02
1.067040176588695405e-02
1.064875880241783479e-02
1.064124850301334350e-02
1.063197924519945943e-02
1.062317691118828261e-02
1.061292531756764107e-02
1.060126957991474467e-02
1.058943606480072450e-02
1.059334517579841456e-02
1.059441452862489724e-02
1.057195429300282312e-02
1.057198804765402574e-02
1.057154276595524169e-02
1.054546975813576946e-02
1.052294002501950876e-02
1.050399303145484707e-02
1.048223779889717079e-02
1.047466540849806629e-02
1.046527808209885176e-02
1.045511040527041802e-02
1.044271822352029443e-02
1.043056393095039350e-02
1.041880111849560059e-02
1.040686246865090391e-02
1.039357402521977336e-02
1.038185127366151456e-02
1.037053064309761442e-02
1.035900845138290269e-02
1.034772830853601840e-02
1.033846401062860423e-02
1.032369442921124772e-02
1.031101475222917854e-02
1.030130602324384227e-02
1.029201746136961318e-02
1.028215860397471877e-02
1.027267648425713754e-02
1.026406327617823862e-02
1.025285803361838943e-02
1.023846646867455391e-02
1.022691925710345236e-02
1.021694771560768822e-02
1.020845945502248629e-02
1.020043525753925456e-02
1.018845602575718309e-02
1.018566506605751709e-02
1.017991428512339189e-02
1.017223015895481197e-02
1.016369017899792018e-02
1.015498679600453785e-02
1.014640264084708775e-02
1.013699276026953922e-02
1.012648358630321814e-02
1.011686821655877894e-02
1.010741407550021925e-02
1.009762080642761378e-02
1.008708425448373754e-02
1.008005927781003598e-02
1.006688254246351083e-02
1.005655098766608524e-02
1.004717703462255571e-02
1.003832519180731728e-02
1.003047482704052563e-02
1.001940038019517171e-02
1.000666092807315534e-02
9.990160845957609184e-03
9.987351199197660317e-03
9.983119621255757276e-03
9.973159827380246450e-03
9.963938014236298213e-03
9.955460147949018665e-03
9.947701552462506064e-03
9.940597814216535141e-03
9.932524220916004107e-03
9.924503263397126476e-03
9.916226459910200408e-03
9.907777237149775068e-03
9.899217751628318698e-03
9.890809065112075860e-03
9.882118436356199936e-03
9.873542302853526020e-03
9.864625190733694593e-03
9.856011676164858071e-03
9.848065604189968486e-03
9.837769397646656602e-03
9.842861178588256654e-03
9.843406818478542611e-03
9.824938293511251836e-03
9.806615388312846585e-03
9.793075281481407671e-03
9.793717793696091883e-03
9.779688084592487451e-03
9.768047111228375656e-03
9.750447181344195496e-03
9.756581084823232053e-03
9.744911252774803023e-03
9.735114478386673598e-03
9.726413735831463195e-03
9.718295963559275830e-03
9.709712189365747592e-03
9.712454226940295254e-03
9.714214860831267909e-03
9.699171924582354609e-03
9.684234843489555877e-03
9.672075165124249807e-03
9.674190867259166438e-03
9.674475688886083682e-03
9.648660415857990280e-03
9.651250966800943229e-03
9.634905462123215594e-03
9.615638649103251320e-03
9.605516703269069423e-03
9.596214975409220888e-03
9.586650286225451706e-03
9.577095022775776803e-03
9.567462285584105511e-03
9.557667557862246574e-03
9.561069068895462417e-03
9.546898909014422605e-03
9.534227074157176213e-03
9.535931536861967303e-03
9.521446157866951532e-03
9.508035905177797051e-03
9.495865509208958888e-03
9.483767218872549143e-03
9.487269637919348853e-03
9.487891675498910313e-03
9.465598106080670704e-03
9.470507466704303212e-03
9.455020825541747553e-03
9.436026886669253780e-03
9.429195712971133111e-03
9.421308774897949392e-03
9.424661045245886007e-03
9.410828781886667813e-03
9.397903103887448109e-03
9.385799619378290201e-03
9.374338894776405168e-03
9.363387106358578987e-03
9.352842039209392777e-03
9.342439139794147737e-03
9.332953787189353367e-03
9.323776234191873125e-03
9.314692100446572351e-03
9.299492224480246372e-03
9.305416588524273100e-03
9.309846709856951091e-03
9.309306179164643022e-03
9.293396979932838642e-03
9.276729518442704617e-03
9.276847395365243540e-03
9.263772669910453478e-03
9.249813021863121515e-03
9.239390176692030901e-03
9.228953980213843930e-03
9.214816796407397301e-03
9.210865338072840927e-03
9.206513853985822532e-03
9.200865854071911196e-03
9.193636768805678663e-03
9.184705131134621864e-03
9.178141672948289878e-03
9.169823211953601061e-03
9.172459449981093180e-03
9.161231858476301046e-03
9.151411455783639917e-03
9.142673965750462706e-03
9.147154067793129839e-03
9.133963257168866215e-03
9.123272100907875784e-03
9.113907521095835837e-03
9.105468219999451190e-03
9.109913732339521356e-03
9.095797004048692888e-03
9.085366768196248902e-03
9.077514294522623373e-03
9.070119418658284874e-03
9.062425675523497204e-03
9.055510845370285181e-03
9.048268861969552962e-03
9.052858529552473485e-03
9.039879735823201645e-03
9.029422832823338560e-03
9.020968445508875319e-03
9.013853787774821560e-03
9.000315681985856728e-03
8.991933245641490352e-03
8.993119113021219926e-03
8.988650218361848507e-03
8.984477277967209408e-03
8.978751904303831563e-03
8.973807452995946621e-03
8.967808441145792495e-03
8.961529299643668581e-03
8.955040193780707675e-03
8.948030379132703577e-03
8.941239732392046446e-03
8.934682112861955239e-03
8.927028748199103414e-03
8.920562660859865031e-03
8.913937661889028211e-03
8.918739931720034639e-03
8.906891587672634628e-03
8.895627239302357145e-03
8.886992241707851459e-03
8.879147108337098401e-03
8.871720371175782424e-03
8.864083222919785093e-03
8.857431627382306508e-03
8.862372253111240605e-03
8.851298663780845025e-03
8.841000234763257346e-03
8.827487399508575708e-03
8.825174281020321462e-03
8.814441222262542688e-03
8.811616041843660027e-03
8.807752567687380033e-03
8.802995892243613285e-03
8.797687768665353805e-03
8.792079273741617435e-03
8.781754639765892295e-03
8.780151043326800409e-03
8.776508757150870352e-03
8.771678629181829667e-03
8.766527142541872056e-03
8.760815137186229312e-03
8.753642407777251916e-03
8.747137818959384997e-03
8.741388945092869525e-03
8.734895420995984067e-03
8.728615747432437455e-03
8.722692379125209297e-03
8.715699077282637250e-03
8.707830988369991490e-03
8.701927527503252810e-03
8.695124557837722451e-03
8.699554813360625347e-03
8.699340875847894061e-03
8.698941731452835766e-03
8.685349920525387013e-03
8.673582938259779759e-03
8.662798664561460749e-03
8.654975645325807196e-03
8.644619538241185216e-03
8.636676681542526657e-03
8.629501903317711789e-03
8.622899875127650743e-03
8.615935546091456690e-03
8.608723758039100657e-03
8.603089878695464876e-03
8.596027018379684068e-03
8.588044077196217707e-03
8.592975589477342899e-03
8.581624825564751480e-03
8.582269174295029807e-03
8.582363938704429263e-03
8.568404898448818766e-03
8.556923480440330881e-03
8.547877040932792478e-03
8.539884643712976342e-03
8.530429219594591606e-03
8.521371974885410053e-03
8.523069559700386169e-03
8.524002406654086414e-03
8.512930182488800263e-03
8.502649484989344836e-03
8.493895433043283094e-03
8.486573182927179340e-03
8.479271475075274289e-03
8.471582808849643584e-03
8.466211631345983701e-03
8.458100556930959329e-03
8.451045302172688692e-03
8.444972228086978366e-03
8.439116629094132668e-03
8.432799152814945964e-03
8.427211424555080752e-03
8.421665516014654670e-03
8.416405333982893491e-03
8.411522788251525953e-03
8.406409869296107423e-03
8.401274919317603188e-03
8.396130327196597853e-03
8.390971703159817371e-03
8.385776070148790590e-03
8.381062031122181108e-03
8.375776498402430145e-03
8.370562603017798683e-03
8.364914352385144705e-03
8.359251774656458606e-03
8.353911792348978418e-03
8.348257626713101107e-03
8.343212757004534602e-03
8.337894322859728743e-03
8.332542216139117094e-03
8.327535701962514650e-03
8.322112787550160068e-03
8.316877082576201383e-03
8.311027226130585088e-03
8.305181717151364357e-03
8.299852377740305973e-03
8.294435809115173475e-03
8.288317707339287743e-03
8.282506134863058464e-03
8.277129176815193820e-03
8.271445049408755398e-03
8.265784345607275416e-03
8.260169953153352618e-03
8.253733394980127674e-03
8.248115641086899152e-03
8.251911760178034030e-03
8.238819675425819097e-03
8.233899275726609332e-03
8.228472046270753418e-03
8.223557657677450089e-03
8.218229859441383151e-03
8.212844631157548494e-03
8.216701502546233660e-03
8.216729931936589404e-03
8.205703703346466094e-03
8.197777841387794348e-03
8.190055191464184689e-03
8.180517852569004975e-03
8.172953288476661124e-03
8.168155165320434286e-03
8.168642058526796521e-03
8.160764472511244580e-03
8.151184559941071495e-03
8.148979060125604787e-03
8.145621089576841195e-03
8.137938737121517413e-03
8.142714558160471516e-03
8.138776115270991013e-03
8.134508522341255682e-03
8.129679968364894246e-03
8.125483726394973003e-03
8.122912059034256144e-03
8.128454384161484109e-03
8.167958185325915541e-03
8.325580832149660770e-03
8.743544494997463820e-03
9.382115466471423887e-03
9.927110983904899669e-03
1.105295734332166838e-02
1.119944666930840910e-02
1.169163943052091426e-02
1.212922801811093347e-02
1.248935307452584374e-02
1.282731856540158567e-02
1.271914268996702027e-02
1.318077808409466589e-02
1.355843621615829622e-02
1.342023128124854650e-02
1.384874262417920381e-02
1.376826894428142579e-02
1.389286257712829022e-02
1.404536630876669114e-02
1.416646300297374865e-02
1.429451674300589482e-02
1.441964228743798995e-02
1.464606989807327488e-02
1.481828299212761650e-02
1.497023693646308030e-02
1.511666636047356155e-02
1.526620497727480125e-02
1.561472326196888111e-02
1.576929275924323845e-02
1.586959405515262281e-02
1.627674724975474579e-02
1.759476372628017427e-02
1.699772442655116469e-02
1.693987511707627583e-02
1.722903420445790965e-02
1.738856784130562994e-02
1.860368437097243560e-02
1.992711664691668855e-02
1.873584234423898709e-02
1.867241676715308482e-02
1.864605024813283454e-02
1.862258187029484230e-02
1.862242840690974885e-02
1.863860078454570440e-02
1.866698068898389046e-02
1.864645935424618511e-02
1.887760190881410116e-02
1.875918575216417930e-02
1.888872985384995595e-02
1.917566007342775755e-02
1.912143615557351795e-02
1.925519122290238541e-02
1.933839087666908499e-02
1.937266354796596604e-02
1.963310799629530007e-02
1.954923983890088229e-02
1.976129001287540293e-02
1.983257880306124946e-02
1.999544455848874594e-02
2.007356565951198824e-02
2.027353149411389999e-02
2.033474967429369992e-02
2.036101082503447013e-02
2.041313748065490263e-02
2.046867097535267493e-02
2.049506855322070706e-02
2.162937066617032222e-02
2.135060210146955129e-02
2.116653057548468012e-02
2.237566450096759724e-02
2.193505301902372653e-02
2.172127934519241244e-02
2.163690105253131615e-02
2.162911184475679177e-02
2.159347604636690024e-02
2.159802184715745380e-02
2.160461271429378258e-02
2.162586735211315114e-02
2.165382709276589268e-02
2.283146294211534436e-02
2.244680433279165610e-02
2.225648153911109067e-02
2.203317999617877831e-02
2.210836687864614625e-02
2.220037113767900361e-02
2.228293003339238895e-02
2.235376969648062914e-02
2.237642098090305079e-02
2.250494950034076513e-02
2.261617587072180247e-02
2.268034602286585211e-02
2.272694197440539368e-02
2.276968965384383939e-02
2.280231582071574892e-02
2.281886914321767240e-02
2.283392203970244227e-02
2.296455369772129260e-02
2.306740009377447609e-02
2.308182762765104493e-02
2.310674200055876093e-02
2.314464853398157107e-02
2.316944514740784666e-02
2.318921938976191074e-02
2.321566036530538224e-02
2.324038204161625251e-02
2.326458785430758625e-02
2.328898507878341545e-02
2.330757641832870847e-02
2.333492215492544153e-02
2.334677979313272422e-02
2.438750198345649919e-02
2.403568449625832770e-02
2.409257376737148140e-02
2.400229529094087544e-02
2.398921396678764181e-02
2.398689522092727067e-02
2.398715376307513844e-02
2.401952267667090829e-02
2.403886471247891621e-02
2.415115620600475840e-02
2.423129727881655551e-02
2.429815174864886906e-02
2.436036100233840429e-02
2.446539840457508108e-02
2.559281923113106150e-02
2.526483945513971485e-02
2.506245196961505786e-02
2.500179596983946595e-02
2.500223131989329911e-02
2.502234832461380787e-02
2.504156116488062689e-02
2.506307391056430967e-02
2.500081415508968730e-02
2.500568240630298214e-02
2.502903554763456079e-02
2.505142052933530608e-02
2.505502734367792347e-02
2.515032265553228744e-02
2.616163554672797098e-02
2.567702588358700827e-02
2.563592882401655865e-02
2.673997533100983676e-02
2.634613990257408944e-02
2.615644559601345773e-02
2.600841469552308757e-02
2.617417000348879613e-02
2.627801931446903730e-02
2.626615827310367982e-02
2.624336753465081329e-02
2.627386490619930404e-02
2.741075902698086528e-02
2.842188686776379869e-02
2.748287667055590577e-02
2.716707603483110162e-02
2.704472965833242329e-02
2.814579146797399276e-02
2.765257658874813174e-02
2.739878450800070642e-02
2.721339420456818717e-02
2.825931638580805871e-02
2.780481903114035563e-02
2.748667235317923951e-02
2.747571094942989969e-02
2.855165931350810149e-02
2.815575209796619335e-02
2.798327574769434237e-02
2.793802902238463892e-02
2.795520963286991095e-02
2.900966094564441655e-02
2.982381781673838078e-02
2.900974180704568237e-02
3.006707628943337818e-02
2.913901467795100911e-02
2.889948533268643649e-02
2.876595187150310373e-02
2.862130733579607011e-02
2.854151723706234781e-02
2.846304054299100481e-02
2.840138263195148005e-02
2.835660078065744411e-02
2.915688107330298429e-02
2.878353146437967122e-02
2.975599754168708685e-02
2.902499647075616751e-02
2.978807613075573624e-02
2.935835663253352421e-02
3.043222416001547734e-02
2.979042257990546783e-02
3.085541418214630266e-02
3.017644485408186444e-02
2.974601167963926776e-02
3.067520748109466358e-02
3.125039413589222187e-02
3.035062059908637602e-02
3.126970913521314593e-02
3.049705750243430699e-02
3.032479680227421343e-02
3.146587789103724719e-02
3.066831623797368345e-02
3.033656302982366132e-02
3.018865214144330136e-02
3.026309218951270252e-02
3.138759926191832250e-02
3.070268352661884026e-02
3.039924797803474077e-02
3.021998965693359004e-02
3.009058002852718627e-02
3.003732021409679862e-02
3.104167320965262739e-02
3.047084787235062805e-02
3.021086209062666394e-02
3.014229249022579160e-02
3.003070680670348602e-02
2.999399391278381385e-02
3.090046166929141802e-02
3.046131126119333218e-02
3.020982686453704477e-02
3.011422948525555032e-02
3.101503837571839214e-02
3.055122451479894141e-02
3.136866391837256351e-02
3.194458151632066645e-02
3.254851017034494920e-02
3.167648031400832620e-02
3.139494186624661176e-02
3.138223753987508247e-02
3.126155706723747485e-02
3.216428657169070893e-02
3.156397169109100009e-02
3.247898534255746344e-02
3.184641797363672866e-02
3.160077664291346261e-02
3.152460430269803104e-02
3.145472086347706614e-02
3.133644212683275171e-02
3.123881239285454525e-02
3.122487504748208340e-02
3.121658575119120108e-02
3.136927538906652407e-02
3.156820846232509525e-02
3.167694926004934602e-02
3.167256686301288954e-02
3.159992697429968994e-02
3.153429402701560247e-02
3.166645898378809415e-02
3.174652991717841904e-02
3.166907701425411559e-02
3.164683629283376182e-02
3.249866063614072903e-02
3.201910229128995117e-02
3.179368993274129390e-02
3.181928828556517680e-02
3.282018601990115136e-02
3.239203334989031874e-02
3.306379115319475065e-02
3.267486677244945542e-02
3.259268350401233610e-02
3.353071931502556863e-02
3.292678517822964640e-02
3.262838954114746087e-02
3.330373874735628043e-02
3.291294695120638297e-02
3.358658287126131681e-02
3.317984541557982697e-02
3.311611635868672021e-02
3.295032024936242476e-02
3.280925868440866255e-02
3.269971513884872144e-02
3.265713971069121591e-02
3.336037385230519736e-02
3.418306014764328077e-02
3.345125832519298126e-02
3.421403423977036756e-02
3.351022903886444887e-02
3.319614452986263675e-02
3.313420963107899242e-02
3.397539155202032590e-02
3.341311035676637620e-02
3.320631619540202056e-02
3.316125043323879529e-02
3.328799610724975100e-02
3.427875451023268405e-02
3.493086259189655263e-02
3.387750979313151889e-02
3.403219114530663114e-02
3.306002536771931316e-02
3.310003277641273417e-02
3.289689402885680874e-02
3.201134128596879597e-02
3.156905276712856229e-02
3.159252897155371415e-02
3.116303516699799048e-02
3.116719447624574299e-02
3.076748932345802628e-02
3.052465536469384233e-02
3.038898473402625033e-02
3.033412003043760297e-02
3.022972735454632076e-02
3.005527509563307373e-02
2.990234314819230702e-02
2.978180359748403699e-02
2.968587451556824186e-02
2.960573896870656932e-02
2.955003689653711366e-02
2.947254192260868183e-02
2.939428704713127616e-02
2.939766282503880612e-02
2.912357134946310863e-02
2.896128910987863167e-02
2.881264211720311469e-02
2.870409907311380002e-02
2.870100196623705247e-02
2.842816867020922164e-02
2.824791076239108883e-02
2.826768769151198971e-02
2.804362366236438225e-02
2.790589293455578851e-02
2.790929101329325812e-02
2.775562488746993739e-02
2.763723812763205917e-02
2.766135483310569465e-02
2.747759815454606930e-02
2.745372979220725429e-02
2.725446994441248563e-02
2.722240521905067157e-02
2.717938565193541919e-02
2.697794299519667982e-02
2.694927007169495292e-02
2.677417286378862282e-02
2.666848642201175013e-02
2.660110102899848616e-02
2.655768402343675061e-02
2.648582830168239033e-02
2.644172030997683082e-02
2.640077357574354203e-02
2.634692770309438742e-02
2.635067712008520857e-02
2.617145980129103808e-02
2.614761848614376161e-02
2.597594669554537800e-02
2.586328577458829603e-02
2.577788553444362862e-02
2.570601176949641881e-02
2.569791182726580830e-02
2.561198397478304384e-02
2.553630244376117395e-02
2.545890135490613826e-02
2.539197041026604665e-02
2.535449388740428425e-02
2.529175705403392815e-02
2.523354904485490893e-02
2.518923761223692062e-02
2.517156428984239705e-02
2.514563234839373163e-02
2.507909297435800822e-02
2.501861795060829341e-02
2.499085539545466139e-02
2.496489422272064537e-02
2.492817430004149945e-02
2.493426369334067472e-02
2.478167566352589002e-02
2.469920479050363368e-02
2.464462603762776483e-02
2.460010333280489986e-02
2.455780320685050505e-02
2.450961349919560453e-02
2.441382482644525315e-02
2.431603494338974852e-02
2.422614316947504370e-02
2.414994832080535891e-02
2.417469192521469815e-02
2.406353989642433244e-02
2.399776955924265431e-02
2.391391421760554609e-02
2.383601994276607350e-02
2.379616835359625246e-02
2.376513965242127435e-02
2.373560407234577563e-02
2.370644961815938576e-02
2.367397608261948005e-02
2.368060290699117512e-02
2.355085303959059129e-02
2.353469338403804331e-02
2.347786202772885605e-02
2.337597823123247279e-02
2.329104731108229062e-02
2.322497694897406734e-02
2.318920539509144313e-02
2.316277183558174482e-02
2.319106215219458172e-02
2.311570913297595828e-02
2.307737869179386433e-02
2.304774545781183501e-02
2.299325311531102978e-02
2.295397442862386062e-02
2.295849902722915670e-02
2.284743422735004137e-02
2.278970926112452999e-02
2.281356935450717938e-02
2.271396358440679400e-02
2.270494962828779884e-02
2.259188218111814195e-02
2.251616838771516860e-02
2.245819645965786357e-02
2.240844409724966277e-02
2.236875988869385656e-02
2.233751858264398926e-02
2.231159625897820298e-02
2.230159999472028712e-02
2.226285380570368691e-02
2.221513916966769142e-02
2.216684893314471716e-02
2.212546193702820407e-02
2.209153487108455466e-02
2.206423696565967818e-02
2.204314007438252024e-02
2.202565805866231463e-02
2.202639305332561998e-02
2.200243418556364211e-02
2.199217955940922786e-02
2.200264780958297028e-02
2.192702257755908823e-02
2.192016809991305382e-02
2.183869221406097363e-02
2.177499384037031790e-02
2.176775171312073792e-02
2.170543974151649402e-02
2.166613316878055265e-02
2.164129437250462626e-02
2.162160035003162992e-02
2.159794450916065894e-02
2.156907218118517613e-02
2.153298069299538348e-02
2.151561391856734312e-02
2.148137662573430459e-02
2.144240340668772393e-02
2.140256848112610799e-02
2.136594781719693831e-02
2.133044605674359190e-02
2.129577625677145022e-02
2.126296587810420566e-02
2.124759138242365841e-02
2.122136059066861632e-02
2.119617593343204459e-02
2.116884311557349491e-02
2.114716093418381182e-02
2.113374936304156237e-02
2.111633032943134244e-02
2.109011588882987731e-02
2.106092806990099778e-02
2.103508676492316098e-02
2.101372390865002479e-02
2.100254049323192068e-02
2.099803585618283813e-02
2.096628017034115471e-02
2.095090530988109878e-02
2.091570319674800060e-02
2.087642338018639090e-02
2.083731173307132312e-02
2.080076893840748092e-02
2.076657440592648979e-02
2.073384793266887932e-02
2.070129934258032461e-02
2.070334293716892538e-02
2.069890464542397529e-02
2.064090677362395709e-02
2.063312122554563505e-02
2.057720831276708268e-02
2.055692150414176189e-02
2.052685477036529996e-02
2.049511017786313435e-02
2.046587686665633787e-02
2.043989869427355333e-02
2.041732406852897475e-02
2.041156603601174124e-02
2.039043353801596459e-02
2.036901182389418141e-02
2.034513642286163437e-02
2.031672337654697250e-02
2.029380070478850259e-02
2.029805105412097951e-02
2.025588214367395057e-02
2.025539581097985861e-02
2.020612419228065906e-02
2.016587167010434889e-02
2.013419581355683358e-02
2.010553410667978436e-02
2.007841346792950399e-02
2.005548853630239464e-02
2.003179486456319047e-02
2.001244876525041030e-02
1.998973433438676339e-02
1.998034932337422465e-02
1.998675454190334752e-02
1.994809886148005140e-02
1.991811418990743071e-02
1.991942680588099090e-02
1.988084283570896310e-02
1.986482960250014057e-02
1.984172954246759754e-02
1.981536728709312398e-02
1.979226209934550895e-02
1.977132872587138851e-02
1.974742845226460167e-02
1.972533044261389965e-02
1.971749819575621676e-02
1.972574731791804439e-02
1.970666196333560605e-02
1.967307473497196743e-02
1.963951374302146113e-02
1.960824179493537295e-02
1.959816208930678649e-02
1.957627981878352214e-02
1.956955749706000905e-02
1.955159356687282898e-02
1.952874330470695530e-02
1.950771355679616070e-02
1.948366074694410366e-02
1.947279992205884491e-02
1.946358328607679725e-02
1.945948952565300025e-02
1.943869652008803697e-02
1.941494366451744502e-02
1.939115451889941028e-02
1.936763824332127584e-02
1.936474119255198953e-02
1.933691741623651261e-02
1.931452870003474639e-02
1.929270530712453094e-02
1.927558653539155828e-02
1.925532403405301463e-02
1.923270057641897693e-02
1.921348860661512004e-02
1.919801273977796152e-02
1.918127041343153927e-02
1.915968955525867989e-02
1.915272640858864742e-02
1.915450776064551303e-02
1.912025045122092703e-02
1.910717619182181540e-02
1.908393432983289395e-02
1.907334186407408719e-02
1.907592359500698623e-02
1.907287991238070315e-02
1.902587607838164552e-02
1.899022143870081336e-02
1.895967723037270472e-02
1.893368289366154783e-02
1.893555306655517537e-02
1.889711189922429341e-02
1.886634481953305270e-02
1.883869776604513852e-02
1.884313421423649410e-02
1.880298651526665643e-02
1.877703608801919999e-02
1.877797436000432085e-02
1.874151812008558599e-02
1.872272396893834290e-02
1.871663983372941556e-02
1.869834565743892785e-02
1.867618633388919147e-02
1.865445343601601635e-02
1.863586257303435911e-02
1.861709292840411228e-02
1.859677701239599926e-02
1.857583100302434564e-02
1.855832515969208993e-02
1.854002694151656722e-02
1.853270382846840952e-02
1.851753023894099279e-02
1.849727448382579298e-02
1.847781166883042878e-02
1.845596901466030684e-02
1.843521064690174099e-02
1.842645861002653943e-02
1.840853084653889041e-02
1.840135706722576675e-02
1.838641439203607744e-02
1.837266672675855195e-02
1.837048539821404397e-02
1.835644607049016427e-02
1.834160384398426588e-02
1.832289765269006290e-02
1.830380514012104262e-02
1.829488848936930076e-02
1.827688916143743736e-02
1.826749110207546295e-02
1.826435300887088373e-02
1.825079638119626521e-02
1.823071153165379751e-02
1.821091735010022319e-02
1.821303831793685130e-02
1.818177557735969202e-02
1.815896313040874302e-02
1.813965514769694254e-02
1.814310778851168163e-02
1.811483904353930474e-02
1.809422336277776919e-02
1.807841475794980113e-02
1.806327392653365310e-02
1.806668939632053578e-02
1.803610184680835490e-02
1.801404202384894113e-02
1.801297879690974893e-02
1.798699907187326086e-02
1.798768088051764386e-02
1.798169120270986729e-02
1.795076128153338599e-02
1.795007458606898837e-02
1.791919422633897474e-02
1.789625455914785682e-02
1.787182187653832063e-02
1.788162975426613524e-02
1.788125659924319141e-02
1.784212078733237242e-02
1.781441587334943108e-02
1.778881953945237945e-02
1.777454834690692098e-02
1.776801374564177319e-02
1.777018867357685328e-02
1.774522292931863046e-02
1.772337771259552969e-02
1.770317133930333561e-02
1.768571262796199070e-02
1.766571673993233213e-02
1.765953349254282406e-02
1.764575653248224782e-02
1.764266593889409276e-02
1.763273342055218795e-02
1.761562615553494485e-02
1.761850702034309726e-02
1.759448363005254243e-02
1.757419017293092300e-02
1.755712203526523310e-02
1.753887045942603348e-02
1.754103751969380773e-02
1.751417461607589904e-02
1.749208823789061978e-02
1.747411413635072477e-02
1.745791469682133126e-02
1.743892120866992815e-02
1.744713070114820019e-02
1.742623423193576451e-02
1.741923424028402750e-02
1.740561716659189823e-02
1.739788900789336276e-02
1.740275206306641023e-02
1.737637401757777256e-02
1.735342856385569538e-02
1.733511871396494972e-02
1.731839781451918400e-02
1.730050498488847760e-02
1.729500286096231909e-02
1.728234758107143748e-02
1.726550236391265550e-02
1.724785424432354400e-02
1.722979506309598244e-02
1.721254092353300194e-02
1.719842287202413833e-02
1.718542783668218846e-02
1.718467707051180016e-02
1.717518316751322216e-02
1.716337109993557042e-02
1.714939593115320099e-02
1.713368863364398906e-02
1.713739389078028363e-02
1.711499778253565071e-02
1.710484123037374349e-02
1.711518393205091471e-02
1.709604503040753135e-02
1.707586515684498749e-02
1.708263847312974440e-02
1.705912448948202279e-02
1.705667412412655362e-02
1.702866952054038485e-02
1.700593529975213958e-02
1.698816709082334384e-02
1.697395745666123446e-02
1.696348131574696924e-02
1.695290037600104271e-02
1.693846547935098576e-02
1.692781810805980836e-02
1.692810999706302263e-02
1.692281472089463348e-02
1.690181142118555788e-02
1.688484402661107053e-02
1.686764262782167179e-02
1.686150956057663394e-02
1.684934734449249419e-02
1.683450319922952937e-02
1.683704255270273425e-02
1.683508308585770011e-02
1.679848365805211921e-02
1.678047653739071082e-02
1.675834161712155476e-02
1.675055065070739715e-02
1.673644462567696820e-02
1.674602416191467782e-02
1.672480121993229207e-02
1.670435040466377793e-02
1.668468994009085493e-02
1.666654504403570006e-02
1.664882151480374245e-02
1.663492521488859135e-02
1.661884524911633881e-02
1.660174908894503087e-02
1.659901268334163654e-02
1.659026140072972916e-02
1.657968540429972590e-02
1.656893407354610367e-02
1.655459508672468133e-02
1.654314035005022623e-02
1.653094852896657904e-02
1.651815646385142167e-02
1.650568093673599260e-02
1.649569896130809177e-02
1.648573309623848834e-02
1.647676493885016566e-02
1.646528352757450908e-02
1.646761250411226535e-02
1.645010301453290677e-02
1.643418943658004130e-02
1.641879969937442771e-02
1.641510582572112964e-02
1.640531070017844928e-02
1.639468942353144651e-02
1.638261462267206689e-02
1.638442084661695039e-02
1.638306126981012301e-02
1.637931091862902463e-02
1.634768003987970356e-02
1.632348432372280472e-02
1.630405846044140003e-02
1.628745965726387246e-02
1.627266670964996192e-02
1.625861364849371521e-02
1.624821347584008008e-02
1.623703794786306512e-02
1.622685599549136826e-02
1.621685189673538474e-02
1.620937593652568495e-02
1.620122389541307426e-02
1.619077211507623584e-02
1.618888652486395741e-02
1.618459908104112957e-02
1.617761544161464698e-02
1.616914952591964535e-02
1.617169985076347821e-02
1.617066179014067448e-02
1.614551381283360967e-02
1.612632585768612042e-02
1.611134290991463394e-02
1.609546939772771301e-02
1.608327401897497247e-02
1.607315215077481305e-02
1.605934221223115008e-02
1.605998898699302971e-02
1.605794842845075301e-02
1.605461426966743252e-02
1.603075436028474077e-02
1.601117438358943754e-02
1.599386330982259866e-02
1.598062448484933659e-02
1.596679523103039164e-02
1.596243668457352285e-02
1.595346973806699084e-02
1.594315538419442332e-02
1.593764626640032864e-02
1.592994608654870956e-02
1.592149573219451414e-02
1.591042470249535296e-02
1.590380198125892694e-02
1.589441053291413761e-02
1.589922160137298077e-02
1.588601982036910720e-02
1.587212201276961068e-02
1.586142692425647135e-02
1.586400809401103396e-02
1.584587278918399289e-02
1.583087674394505900e-02
1.583171244942457867e-02
1.582979276720444459e-02
1.580232857204503377e-02
1.578121283341289358e-02
1.576335637136417472e-02
1.574653774206141374e-02
1.573405502544463624e-02
1.572276373837428950e-02
1.571324429052579214e-02
1.570209481336458379e-02
1.569176806874929275e-02
1.568069365270062174e-02
1.566646816260528624e-02
1.565926733679596713e-02
1.565833998017499354e-02
1.564796213885558465e-02
1.564514184439346964e-02
1.563748919938529394e-02
1.562791652935981504e-02
1.561541718233749876e-02
1.560027154650321483e-02
1.559494763308367019e-02
1.558784039538715915e-02
1.557678802009422950e-02
1.557039181514454675e-02
1.556595874351868886e-02
1.556759675056466376e-02
1.555885634962507480e-02
1.555436695865744338e-02
1.554649695651561837e-02
1.553504963442482213e-02
1.552298338942309508e-02
1.551157469721276341e-02
1.550126732860841045e-02
1.550406787772474516e-02
1.550371066496838285e-02
1.547852627511679506e-02
1.546215761356169865e-02
1.544798587656178758e-02
1.543623851705760476e-02
1.542556409536526875e-02
1.541587381684907110e-02
1.540557903479875847e-02
1.539452237896130407e-02
1.538665409329187210e-02
1.538233127385283706e-02
1.537485073859237543e-02
1.536613364787669037e-02
1.535783764361748488e-02
1.536170494014003733e-02
1.534634300176035415e-02
1.533263322727991367e-02
1.532195687306111415e-02
1.531182326965625090e-02
1.529695188821461951e-02
1.528904913552515260e-02
1.528670437864105419e-02
1.527916174853368239e-02
1.527115833774497777e-02
1.525943009623619874e-02
1.524892022840948838e-02
1.524468674693301232e-02
1.524756078549316385e-02
1.523159207405998250e-02
1.522625414765457243e-02
1.521822345933645897e-02
1.520656635937313317e-02
1.519837208649523624e-02
1.519279467268882383e-02
1.518983005870547069e-02
1.518349893449582981e-02
1.518073128308529765e-02
1.517561573071153982e-02
1.516825028830687955e-02
1.516066035180600215e-02
1.514889473217557320e-02
1.514545082913051205e-02
1.513697571199170214e-02
1.512820234471727587e-02
1.511744092944889567e-02
1.510645671437231552e-02
1.509476821090258852e-02
1.509760126846779529e-02
1.507753797028596465e-02
1.507044896086386782e-02
1.506195122967957101e-02
1.505204074937399952e-02
1.503782379279915149e-02
1.504291629857176099e-02
1.502673476937543134e-02
1.501777215038041340e-02
1.501195822292719986e-02
1.501221748018438489e-02
1.500649662553561053e-02
1.499484164504259753e-02
1.498457821654198933e-02
1.497482928376083801e-02
1.496385293734371104e-02
1.495278454085764187e-02
1.495041039669203070e-02
1.494243938038352509e-02
1.493688343103216631e-02
1.493145304585002248e-02
1.493208692189435839e-02
1.492817547562593286e-02
1.492112814561595384e-02
1.492404252065135731e-02
1.492372917707295368e-02
1.490164282141814150e-02
1.490070519182044341e-02
1.489787208026268489e-02
1.487131634549963312e-02
1.485086831087476834e-02
1.484986949159259120e-02
1.482927129678297123e-02
1.481227872499574563e-02
1.479781018301843699e-02
1.478731924374857877e-02
1.477761176525927214e-02
1.476852224375443771e-02
1.475953557117444873e-02
1.474924728516155761e-02
1.474352200666062367e-02
1.473688393782331130e-02
1.472964487607703737e-02
1.472073604073719302e-02
1.470933697442196320e-02
1.470646568373249613e-02
1.470037878069747721e-02
1.469209658815393352e-02
1.468434368704018590e-02
1.467413683951885109e-02
1.467909458651040291e-02
1.466963440580673975e-02
1.465828161432297487e-02
1.464764780196583377e-02
1.464415130131153410e-02
1.463884202432444437e-02
1.463102905825488902e-02
1.462409428624927669e-02
1.461538578642695985e-02
1.460533986090435665e-02
1.460964968245358209e-02
1.461139472102686646e-02
1.461041306524019437e-02
1.459093528280054446e-02
1.457689294468346441e-02
1.456315298990657273e-02
1.455331220726174303e-02
1.454098761463023907e-02
1.453696593680938592e-02
1.453154230017834198e-02
1.452412267673369554e-02
1.451634580958580459e-02
1.450737372388773497e-02
1.449908540891726993e-02
1.448959750656658545e-02
1.448140822645455940e-02
1.447346958454900391e-02
1.446449243558525256e-02
1.446273627295542943e-02
1.445520641036947274e-02
1.445116970726109153e-02
1.444396087793597960e-02
1.444323050841054071e-02
1.443843344546028723e-02
1.443082954439636051e-02
1.442286982675209175e-02
1.441541076368282707e-02
1.440285504782325143e-02
1.439676056956424970e-02
1.439375201206388039e-02
1.439537553541992733e-02
1.438841616294441600e-02
1.438624592056513864e-02
1.438035552678312325e-02
1.437254951646224459e-02
1.436311801648665169e-02
1.436314917995704793e-02
1.435637594333430758e-02
1.434192838542835274e-02
1.433718363495216364e-02
1.433088259066121230e-02
1.432275720107905985e-02
1.431280814831311678e-02
1.430212845418883487e-02
1.429545031817196048e-02
1.429352099604829819e-02
1.428573678097845058e-02
1.428215369569445919e-02
1.427626724576087219e-02
1.426700462253750745e-02
1.425902433331541208e-02
1.425156000904085653e-02
1.424465584317174439e-02
1.423791927197312970e-02
1.422903460118580057e-02
1.422523542178728145e-02
1.422347698402238493e-02
1.422640519940952808e-02
1.421491220073013706e-02
1.420961642582294765e-02
1.420697915514109767e-02
1.420234542169671391e-02
1.419300008404484476e-02
1.419064759182955653e-02
1.418519073496137851e-02
1.417778424366306425e-02
1.416882502489117540e-02
1.416092372128065040e-02
1.415234863351409050e-02
1.414252578374514124e-02
1.413396138111293679e-02
1.412632891060884924e-02
1.412156259463422103e-02
1.411615913069181466e-02
1.410646705833865783e-02
1.410572835804918372e-02
1.410000538513375527e-02
1.410814955452034149e-02
1.414407493718619450e-02
1.426975786310663574e-02
1.458811272344701961e-02
1.507601300307293869e-02
1.545411764937414979e-02
1.579570204510968509e-02
1.618748617733371462e-02
1.648661216338027230e-02
1.666211898623471896e-02
1.684826538363985715e-02
1.703815829277285226e-02
1.722885921857486222e-02
1.751087666275678162e-02
1.779500494212200509e-02
1.798876428921214118e-02
1.828764575760362734e-02
1.848940045513319461e-02
1.876484290187362819e-02
1.894688373383679111e-02
1.908131058610794406e-02
1.920841382354453175e-02
1.935089142875098464e-02
1.949711546276532148e-02
1.961756381499354246e-02
1.975399125540736739e-02
1.989246971697251898e-02
2.000733651088375253e-02
2.024106926497822034e-02
2.030861165598832341e-02
2.041179247442023031e-02
2.152514970240090864e-02
2.131800775025563532e-02
2.127697687158871045e-02
2.133166329612656148e-02
2.137328494120411745e-02
2.141775715570272756e-02
2.157809394480229848e-02
2.184419274410852319e-02
2.186038358197425063e-02
2.201595251196129810e-02
2.201001580878066133e-02
2.213483400087943448e-02
2.226435316669783671e-02
2.242345490380948797e-02
2.267909302701195257e-02
2.278188535852035054e-02
2.286971097987643489e-02
2.305205437789002373e-02
2.411667007538390722e-02
2.353627714605462107e-02
2.342039485428428977e-02
2.341424013554375613e-02
2.344002150468460152e-02
2.359172244776802652e-02
2.368757255921540017e-02
2.376375481693528829e-02
2.371429705635762566e-02
2.459446783645792209e-02
2.431092040955239175e-02
2.432638562433577997e-02
2.425252343169293986e-02
2.427328820089667827e-02
2.438965794164806716e-02
2.549649357273103822e-02
2.508590132343629930e-02
2.619116584778105258e-02
2.561596478559655110e-02
2.537643161722999419e-02
2.541353584084042605e-02
2.535780594586278802e-02
2.543513550665840381e-02
2.551250357279459882e-02
2.557398943574965000e-02
2.641633856726490967e-02
2.610286881830950131e-02
2.724543924543687545e-02
2.673839959464316060e-02
2.669632636943064519e-02
2.665467358365461101e-02
2.662179807590087793e-02
2.659371096458772177e-02
2.658210466337617914e-02
2.657123576327318978e-02
2.657234600694343210e-02
2.657670007281789579e-02
2.755081633533049135e-02
2.701707370923453130e-02
2.788781561612523399e-02
2.748847475711627825e-02
2.741002227139521796e-02
2.736118656572580563e-02
2.733778796202284214e-02
2.842898198199240306e-02
2.788144967156195447e-02
2.766885362617177435e-02
2.766580341267325244e-02
2.766972535504075292e-02
2.767301798973892391e-02
2.770997740599800974e-02
2.878706225490492918e-02
2.840987526168603158e-02
2.825731048360771713e-02
2.818584200915602578e-02
2.813922124214733589e-02
2.813470475507559229e-02
2.919487759730630266e-02
2.880044505708194771e-02
2.863782026568977013e-02
2.856033609139542462e-02
2.844692858560324278e-02
2.845606402636231824e-02
2.837871414899277578e-02
2.839989735714400221e-02
2.933618893027889474e-02
2.880526390143104548e-02
2.872106457581992400e-02
2.867014761145838045e-02
2.870972352615643389e-02
2.871109628705583242e-02
2.870603561298198589e-02
2.870256864006666409e-02
2.870223453677862857e-02
2.874562672199198685e-02
2.880440322334939726e-02
2.880271008596931026e-02
2.890882093773751785e-02
2.906277723329742796e-02
2.909404674449488082e-02
2.910093008880258042e-02
2.912666065739098753e-02
3.016232084970855293e-02
3.090665972379056520e-02
3.163866981613249613e-02
3.235767033050881980e-02
3.305689437180791418e-02
3.372933126052876651e-02
3.248873865944294087e-02
3.218492716047374747e-02
3.176373387254931985e-02
3.146847135648888488e-02
3.134782475936797458e-02
3.138206564613512523e-02
3.139366061235562833e-02
3.130787837283145053e-02
3.112083920122265743e-02
3.099684984263522194e-02
3.089797310876628289e-02
3.084520341694432788e-02
3.081007759498530924e-02
3.080943061559074381e-02
3.080756574662122521e-02
3.076224102641393968e-02
3.075552662615930327e-02
3.077961066272959581e-02
3.075245690156150347e-02
3.076799412185652477e-02
3.177181162111904211e-02
3.245845994843910010e-02
3.312585422637153582e-02
3.234646479579726674e-02
3.209262064906370782e-02
3.192486981111171407e-02
3.187427607473927033e-02
3.200801367510659051e-02
3.208035364725733002e-02
3.304219091627236954e-02
3.245548487669833865e-02
3.226578052713200556e-02
3.222929095259067372e-02
3.212861525412035596e-02
3.300274593503454285e-02
3.248327149223683569e-02
3.236011396324549316e-02
3.230284098016916738e-02
3.218465479533674095e-02
3.219182259664107176e-02
3.237760291941831764e-02
3.341699160084238285e-02
3.293133709472348403e-02
3.392432946377972602e-02
3.471428388715531305e-02
3.375575443197251918e-02
3.340782616756882845e-02
3.408429616342435742e-02
3.491291895333941547e-02
3.414372186267842363e-02
3.504614883129195113e-02
3.555387794407663393e-02
3.469880902138772205e-02
3.418596738774545146e-02
3.396264178139524192e-02
3.476941416314175554e-02
3.424472462063143929e-02
3.415579685142739602e-02
3.516871955285753165e-02
3.452816251861495767e-02
3.415684221419632710e-02
3.404828836644088058e-02
3.407201052009229542e-02
3.404417115619197409e-02
3.410804117791556983e-02
3.401566616665951254e-02
3.397382379204583192e-02
3.388731708610445009e-02
3.391229212715356212e-02
3.399919786175441966e-02
3.396427419309267642e-02
3.400169640101612795e-02
3.495150099782695641e-02
3.443432641488209517e-02
3.416054667677372036e-02
3.499570595613216151e-02
3.433171058364117845e-02
3.414418937369498308e-02
3.482494492634747446e-02
3.559649084720105383e-02
3.487939081287568660e-02
3.457854825426615736e-02
3.440634795797995610e-02
3.520807351297332993e-02
3.471333958532701880e-02
3.452913632545662193e-02
3.531112839097251543e-02
3.485998830598944359e-02
3.486902791657642275e-02
3.582850875283854347e-02
3.528647580012312518e-02
3.592777121504688725e-02
3.669159581583988222e-02
3.585559670644037494e-02
3.546542983951910671e-02
3.611385941986490489e-02
3.687106728045267540e-02
3.610754692273143718e-02
3.574416739713259794e-02
3.652058706783204572e-02
3.596520859492954858e-02
3.586085929301752878e-02
3.665755966736339300e-02
3.605353212241999700e-02
3.589313650819656726e-02
3.676862304625149597e-02
3.741771927737769926e-02
3.656560639375954630e-02
3.618210812783134722e-02
3.602177669473113214e-02
3.596032666817337159e-02
3.609210944904803903e-02
3.703565695140970809e-02
3.646677896828643545e-02
3.622587009130405489e-02
3.619091925061579396e-02
3.691381747810516117e-02
3.773919055097255115e-02
3.703007814532679326e-02
3.680651333378092555e-02
3.673926329775947797e-02
3.754990735197242385e-02
3.818445174552529547e-02
3.730343693100288821e-02
3.691734729348997851e-02
3.672713947206728696e-02
3.658740055396249996e-02
3.655332505429573220e-02
3.665885541272742576e-02
3.671099088086742651e-02
3.658815649266147774e-02
3.660920357206315368e-02
3.673283587031783703e-02
3.770182388614415347e-02
3.706514279291288350e-02
3.681652075809726393e-02
3.757249021168811154e-02
3.699056678636793855e-02
3.676814328620258560e-02
3.669081387024952096e-02
3.737019504242542617e-02
3.698315951370478166e-02
3.771271044940830569e-02
3.721466344511406565e-02
3.703689248212981011e-02
3.770275851291909897e-02
3.719741387327028109e-02
3.747404825603658368e-02
3.680813564071214183e-02
3.633058028584317672e-02
3.598269407948173626e-02
3.577550957848694979e-02
3.566444646357437576e-02
3.556486539090241566e-02
3.545023842006330556e-02
3.551025824655457824e-02
3.513911271372709838e-02
3.515241594253898372e-02
3.477940632959485023e-02
3.456327216422819260e-02
3.453506231905414947e-02
3.423229133387510614e-02
3.423302593116307052e-02
3.414267716079040504e-02
3.379802836085637335e-02
3.373784546253220246e-02
3.354811152853481859e-02
3.340444595707871278e-02
3.328601465940705939e-02
3.319286010881629390e-02
3.318256550651654119e-02
3.299389243659018450e-02
3.297895679399812791e-02
3.287423915374963757e-02
3.268919195384369786e-02
3.265791012949344208e-02
3.259111421379350809e-02
3.237619529708932881e-02
3.225871147185670890e-02
3.218866671761734521e-02
3.214802728201544141e-02
3.216574302579824213e-02
3.212202634259513773e-02
3.191326542873145627e-02
3.182247116187428282e-02
3.183877893278019150e-02
3.168874056207642703e-02
3.167283145569101122e-02
3.151049451073417718e-02
3.138145708737476169e-02
3.127773606899961201e-02
3.126662380837193916e-02
3.111018188971486145e-02
3.101638619521443485e-02
3.101541682314646470e-02
3.098471537050960511e-02
3.084077873161961830e-02
3.076303989965809699e-02
3.068956027800692765e-02
3.068043154406953701e-02
3.059559850053934077e-02
3.053997030781121710e-02
3.047052174778593428e-02
3.039725242898152699e-02
3.034658566845959901e-02
3.030300105220649909e-02
3.022630983620388026e-02
3.019388904991520892e-02
3.017784251978072874e-02
3.005203101947126129e-02
2.997290441944722161e-02
2.990361965578805514e-02
2.984355122110517178e-02
2.978203608677072733e-02
2.972469592142141376e-02
2.968894894905598283e-02
2.965942003740593830e-02
2.961018362600527712e-02
2.954990460392447130e-02
2.949684230712298558e-02
2.945382055392551518e-02
2.942587373081573948e-02
2.939982770397312623e-02
2.935300032299133222e-02
2.931425361774369145e-02
2.932897849651212863e-02
2.923642207403290977e-02
2.924438831716601531e-02
2.912593374893111819e-02
2.912675579681957283e-02
2.899543764059936066e-02
2.898389692694354480e-02
2.885507700272651674e-02
2.883362693489738976e-02
2.870933924694413913e-02
2.868792072657799438e-02
2.860524808447626605e-02
2.856198445071304187e-02
2.851536804614917750e-02
2.851256693502374207e-02
2.842959959931504188e-02
2.837806892265221093e-02
2.832761086755146776e-02
2.828861046247643438e-02
2.824975279797017902e-02
2.821074053404638154e-02
2.818174584927382598e-02
2.814529779805324816e-02
2.811588788845392761e-02
2.809340292483543736e-02
2.809206900761507947e-02
2.799957918410937024e-02
2.793506293606566604e-02
2.788782223756325340e-02
2.785932940246205886e-02
2.782929799815143240e-02
2.782688542275088203e-02
2.774333880684135001e-02
2.770310696731026479e-02
2.771641282170945325e-02
2.762759475411968521e-02
2.758073010072426001e-02
2.759035616656812032e-02
2.750613393240189386e-02
2.746200396851652611e-02
2.747539961342058273e-02
2.745741442700146487e-02
2.733635132959642833e-02
2.726228506740130050e-02
2.726579387864540641e-02
2.718271640164140676e-02
2.718382787508502249e-02
2.716080041787192340e-02
2.705077987976593767e-02
2.699156563843540732e-02
2.698562912315306817e-02
2.688942341833557015e-02
2.682836647354786691e-02
2.683558141339664402e-02
2.675132715071704831e-02
2.669597421074536639e-02
2.670088165353789664e-02
2.663015757474698417e-02
2.659348935185161522e-02
2.660475539831558267e-02
2.658624828550742655e-02
2.649312975250066662e-02
2.644589510619526837e-02
2.640486637627644309e-02
2.637030119289702351e-02
2.635050436893100062e-02
2.633345683140610530e-02
2.630741152183841552e-02
2.626810305239482557e-02
2.624206421237314582e-02
2.622264674295753106e-02
2.619492169187157687e-02
2.614877590222472459e-02
2.610831385556120626e-02
2.610386802538480766e-02
2.604245554484194147e-02
2.600686975560396325e-02
2.597596880433622468e-02
2.594743509080514945e-02
2.595714776747860136e-02
2.590478244383458140e-02
2.587639918863788441e-02
2.587307727290313886e-02
2.582383789394636364e-02
2.581748980189918150e-02
2.576723773376609142e-02
2.577081210683555834e-02
2.572514465732912703e-02
2.569665637365766211e-02
2.566045143122813385e-02
2.563210054841134899e-02
2.560444333842109080e-02
2.557193204308782011e-02
2.554282955993347412e-02
2.552518616001848983e-02
2.552643374898943759e-02
2.551394749281659172e-02
2.543847730056830736e-02
2.543534935803400121e-02
2.537110768995320953e-02
2.533331173194772190e-02
2.531497654395309035e-02
2.531327814143519844e-02
2.527094849344859243e-02
2.526477133086126037e-02
2.525617735583014084e-02
2.519748244270691648e-02
2.518972577048622305e-02
2.512693565980522389e-02
2.509306297819799067e-02
2.508230425877039024e-02
2.506407121583237307e-02
2.506266971942036625e-02
2.502118757902991458e-02
2.500027530423330063e-02
2.498289165000107739e-02
2.496297305581927917e-02
2.492844350703322942e-02
2.490373411759052441e-02
2.488562938637205180e-02
2.486539875649059969e-02
2.482470488092324012e-02
2.479658558466714055e-02
2.475587583845455242e-02
2.471403900045748836e-02
2.467315204843693183e-02
2.466913070067418279e-02
2.461024596298293232e-02
2.461559727548015553e-02
2.459355217486630316e-02
2.458630192461197517e-02
2.456552270445878927e-02
2.447901199111253423e-02
2.443525601310778117e-02
2.440900099134258802e-02
2.437337801983315011e-02
2.434128696448821516e-02
2.432300322595409847e-02
2.430881075150334580e-02
2.429078213968175609e-02
2.425753213984638973e-02
2.422288524747728475e-02
2.418854172838670602e-02
2.418766266093904868e-02
2.414470958880937657e-02
2.415167702984525114e-02
2.409956743719136874e-02
2.406630012372955318e-02
2.404871555231608005e-02
2.402546513455172672e-02
2.402664776483977305e-02
2.398360888338320687e-02
2.398753212293429360e-02
2.394137906861484172e-02
2.391781231346467099e-02
2.390117484227609335e-02
2.390057902780552343e-02
2.385535215476551618e-02
2.382129217698795293e-02
2.379652249329269886e-02
2.377956566035595298e-02
2.376326247039357506e-02
2.374510118264095207e-02
2.372926435763379749e-02
2.371954348535029039e-02
2.369873791175002367e-02
2.367587676423772367e-02
2.365129693461238275e-02
2.363326842978459227e-02
2.362772543679487330e-02
2.362831094006820343e-02
2.362447311753863161e-02
2.357696627739041054e-02
2.357447752032718752e-02
2.356585804992537836e-02
2.351155512329202932e-02
2.350526829880050794e-02
2.349258881605326144e-02
2.347564171143642561e-02
2.340478795210377064e-02
2.336149492903422109e-02
2.335302905370655047e-02
2.335792975496969737e-02
2.331326732302864066e-02
2.327943787443030599e-02
2.325628968072050023e-02
2.324567991492034261e-02
2.323747851220316074e-02
2.323973345576626701e-02
2.323129694317264612e-02
2.318703007436251698e-02
2.315822776785705223e-02
2.314395052529487698e-02
2.312409579626016620e-02
2.310128218534468134e-02
2.308043004255436528e-02
2.306888540620505995e-02
2.306942682892478697e-02
2.306407371820543353e-02
2.301441896704196910e-02
2.298277297573043249e-02
2.296674231409211175e-02
2.294717353896993939e-02
2.292850033446276400e-02
2.290693627613634223e-02
2.290580719395753778e-02
2.287845753332433049e-02
2.285590395041788014e-02
2.285419335028556279e-02
2.284192236442323526e-02
2.282794171834337180e-02
2.280839184056412602e-02
2.279566184013278457e-02
2.277308264406601584e-02
2.278699116752280762e-02
2.275031296152409122e-02
2.272817081007726114e-02
2.274352502436285256e-02
2.269762346251120999e-02
2.265872471537996174e-02
2.262872658749955773e-02
2.260580066632858140e-02
2.258804528646457879e-02
2.257463682171456654e-02
2.256341802253122517e-02
2.255368137854150967e-02
2.254491335627907891e-02
2.253674638046408024e-02
2.252956654495735442e-02
2.253170679005568611e-02
2.251942976594542567e-02
2.251407463691221938e-02
2.251724590469077192e-02
2.251328283700429478e-02
2.250221580244103278e-02
2.248613440612408712e-02
2.241820998374043084e-02
2.240614259151708920e-02
2.239383734012947644e-02
2.234292702334242028e-02
2.230796695172819477e-02
2.228253774274229285e-02
2.226426437203386788e-02
2.225081387177450798e-02
2.224078812008207021e-02
2.223303250676883849e-02
2.223504653086660898e-02
2.222305661997020163e-02
2.221971988284897337e-02
2.220372962553390783e-02
2.218645190766807551e-02
2.218678532246058654e-02
2.215362195701786607e-02
2.215640900701116439e-02
2.215028219642435972e-02
2.210268084220795223e-02
2.206946843339254588e-02
2.204602247105909296e-02
2.203145860857403521e-02
2.202093748068615839e-02
2.201404028791779932e-02
2.200147478568253989e-02
2.199871607987271410e-02
2.199671325363973529e-02
2.200517449030875081e-02
2.196369774518904666e-02
2.195913732669494203e-02
2.191575430865565915e-02
2.188439353291690356e-02
2.188769827440396887e-02
2.185216846941163624e-02
2.183715779171524832e-02
2.181316191746081323e-02
2.179149549505603189e-02
2.178976902268063218e-02
2.176770301732840890e-02
2.175715786979098496e-02
2.175371446000748735e-02
2.173616486507186016e-02
2.171836474625082197e-02
2.170728326815751785e-02
2.169270300167713827e-02
2.167418090065751507e-02
2.165421679758533155e-02
2.164581877598898210e-02
2.162953224710975619e-02
2.160914467875602041e-02
2.158958023547978208e-02
2.158958401374321337e-02
2.155162047470615336e-02
2.152451908793335394e-02
2.150692987526148583e-02
2.148947058342643573e-02
2.148460630817453781e-02
2.147257975954814171e-02
2.145873020698869579e-02
2.144022709774540125e-02
2.143258609538662915e-02
2.143574686169197330e-02
2.140686679370584766e-02
2.140307117099671252e-02
2.137232385664370599e-02
2.135084698682895854e-02
2.134223565239204423e-02
2.133936582311143568e-02
2.132511146346164135e-02
2.131958781328078395e-02
2.130757887957710275e-02
2.129573225995099600e-02
2.128215080006130855e-02
2.128509428465832562e-02
2.125411195776041873e-02
2.123203671764407885e-02
2.121607198406258096e-02
2.120358408762207034e-02
2.119058225648936394e-02
2.117740123867595595e-02
2.116232236536982891e-02
2.114672797262798568e-02
2.113022284645328652e-02
2.112376807798593825e-02
2.111050805781284137e-02
2.109678526109281041e-02
2.108173813697006294e-02
2.107350440241139572e-02
2.106693111085728570e-02
2.105458813586081127e-02
2.104052324052768652e-02
2.102623953213680896e-02
2.101891131674722690e-02
2.101561988055308805e-02
2.100482665797339873e-02
2.099054361707912431e-02
2.097580686573519149e-02
2.097746952838482407e-02
2.094885060639184449e-02
2.094802937999050430e-02
2.091835697114542356e-02
2.090763530299419304e-02
2.089270784055355726e-02
2.087626113054939433e-02
2.087078334760673892e-02
2.085950546557249763e-02
2.084314337463225378e-02
2.083668173979734417e-02
2.082345736159730079e-02
2.080735059120070521e-02
2.081486999268605809e-02
2.079253250182448373e-02
2.078206643851689128e-02
2.076863582695885960e-02
2.075567865927162650e-02
2.074255315859734397e-02
2.073649377688599124e-02
2.072307502134625515e-02
2.070800306237440686e-02
2.070172266402223876e-02
2.069671810118069513e-02
2.069373557496560420e-02
2.068124533963499462e-02
2.066542167224550558e-02
2.064956982195770632e-02
2.063691613677160960e-02
2.062166324689390304e-02
2.061494883048307220e-02
2.060995374204901975e-02
2.059948922433517751e-02
2.058494311738357299e-02
2.057887337103439518e-02
2.057535777977566316e-02
2.056267416477055784e-02
2.054636717903509865e-02
2.053890639365954160e-02
2.052558433551411599e-02
2.051228877552615723e-02
2.049715178864602166e-02
2.049086798974507351e-02
2.049908945812918548e-02
2.048056022635756646e-02
2.046136795210653017e-02
2.044291172754592045e-02
2.043490952316057152e-02
2.042169966297964490e-02
2.040634298621651563e-02
2.041485365180583170e-02
2.039364908069415949e-02
2.037642046537530005e-02
2.036089045853030355e-02
2.034414674540932153e-02
2.033144622433882137e-02
2.031978834961139027e-02
2.030964151137049090e-02
2.030055509093285290e-02
2.029907167961407521e-02
2.029071871460436452e-02
2.028775561370545905e-02
2.027843274970216395e-02
2.026695843362568902e-02
2.026120468231837682e-02
2.025643465846904689e-02
2.024435880505388863e-02
2.023993069728212413e-02
2.022789666130107508e-02
2.021367520586586988e-02
2.019939723900121553e-02
2.018558279363019334e-02
2.018005784686980469e-02
2.016776572847953086e-02
2.016115825427687580e-02
2.014996252843079955e-02
2.013573744741590371e-02
2.012954519106484319e-02
2.012055056040377987e-02
2.010960412983319595e-02
2.009684813811502338e-02
2.008552229204229808e-02
2.007342072244362730e-02
2.006567687092021546e-02
2.006361377206406643e-02
2.006744990922109881e-02
2.005032918739482750e-02
2.005156003325512387e-02
2.002991386906699187e-02
2.001310911789774133e-02
2.000595611106515195e-02
1.999510782558745411e-02
1.998050532786405098e-02
1.997404564745646274e-02
1.996960897089576983e-02
1.996010201153067612e-02
1.995065967148266367e-02
1.993857726329164443e-02
1.993228925368842330e-02
1.992868138966756228e-02
1.992539234435108247e-02
1.991596326184849608e-02
1.990421885018562806e-02
1.989319503000404332e-02
1.989069386978860668e-02
1.988252420882763785e-02
1.987283357735825096e-02
1.985996030006940277e-02
1.985448496124616810e-02
1.984451300811935007e-02
1.983153170022840250e-02
1.982711731802471247e-02
1.983020319433374812e-02
1.981173367601635205e-02
1.980169505595835711e-02
1.978858902384228458e-02
1.977438327458321682e-02
1.976244790333007637e-02
1.975136849017438204e-02
1.973888288962260054e-02
1.972645096837447737e-02
1.972107540388573846e-02
1.971101408203329575e-02
1.970728102737581353e-02
1.969854056813387724e-02
1.968768948514402345e-02
1.967550517310065819e-02
1.966826109319357030e-02
1.965884091598739739e-02
1.964937979689530823e-02
1.963715209400836159e-02
1.963260671550463160e-02
1.962863980509749542e-02
1.962232396539465712e-02
1.961290891097775685e-02
1.961453809413036056e-02
1.959854320430634567e-02
1.959260870749561165e-02
1.958149389066528301e-02
1.958294522123895862e-02
1.956626880150049222e-02
1.955014586440141644e-02
1.954408402647063100e-02
1.953463682398908982e-02
1.952404688378788639e-02
1.951808293975949155e-02
1.950974162323045047e-02
1.950264109492490239e-02
1.949445595711528020e-02
1.948549086335752550e-02
1.947717046362179572e-02
1.947195768009596026e-02
1.946281416610090922e-02
1.946153665745422451e-02
1.945377318075034584e-02
1.944360975401864672e-02
1.944929737091864730e-02
1.943467428956904830e-02
1.942051669535566419e-02
1.940978079004219634e-02
1.940027912171992872e-02
1.939080443416543384e-02
1.938108334959152620e-02
1.936875981662870838e-02
1.936214379899572902e-02
1.936035204334013438e-02
1.935179980460270677e-02
1.934198965721442565e-02
1.933433075312011862e-02
1.933245536306861870e-02
1.932164532519431779e-02
1.931629030061762786e-02
1.931355786621182305e-02
1.931902261377212854e-02
1.930188213478278500e-02
1.928592474740904728e-02
1.927100494136961550e-02
1.925689457747045349e-02
1.925122120953545388e-02
1.924394874299164074e-02
1.923494828156362829e-02
1.922569730014819442e-02
1.921639190290380661e-02
1.920694918982209648e-02
1.919456750179186419e-02
1.919109470545671270e-02
1.918391004740502628e-02
1.917328488703941639e-02
1.917113422264183492e-02
1.916312366801931066e-02
1.915939351668038276e-02
1.915510152464755533e-02
1.915303396288734958e-02
1.914962203313308811e-02
1.914747686690550232e-02
1.915227046643117395e-02
1.913652787853138693e-02
1.912092334360361578e-02
1.910974781276339463e-02
1.909898115292288368e-02
1.908831059448529155e-02
1.908410408393962365e-02
1.907645058006221181e-02
1.907926505045627608e-02
1.906233154045360034e-02
1.904633056370945432e-02
1.903895775700119655e-02
1.903461916051515934e-02
1.903719724496128959e-02
1.902148139941759603e-02
1.900657586100910554e-02
1.899881864634710843e-02
1.899578609649133637e-02
1.898410707506445125e-02
1.897999338941368935e-02
1.897232446061613773e-02
1.896253476166154250e-02
1.895244537954388769e-02
1.894222791912339443e-02
1.893187851592244286e-02
1.893206605460495337e-02
1.891868516487075352e-02
1.890883945116130643e-02
1.890043638219232949e-02
1.889712213516335504e-02
1.889028407972234355e-02
1.888255253872068301e-02
1.887522814414157799e-02
1.886787008934369403e-02
1.886056064410848720e-02
1.885386058354689143e-02
1.885130515572616683e-02
1.885307507173095143e-02
1.884436651163913512e-02
1.883679905786856540e-02
1.882897951534465847e-02
1.882027169154229518e-02
1.881172681619933812e-02
1.880988408847941024e-02
1.880353426256206606e-02
1.879988900048286393e-02
1.879756202322187264e-02
1.879558137837027826e-02
1.879375103266569397e-02
1.879157207617692185e-02
1.880049155430453534e-02
1.878689612349265098e-02
1.877877947039085019e-02
1.876896946497751129e-02
1.875633771667015171e-02
1.874365527730338307e-02
1.873808863838288472e-02
1.872965127421126127e-02
1.871948576534794226e-02
1.871027035672773522e-02
1.871058690644894842e-02
1.869652507014776810e-02
1.868512922172371055e-02
1.867627186313988719e-02
1.866559987862370304e-02
1.865671624610655208e-02
1.864641989029952249e-02
1.863765771041409058e-02
1.862916815090646244e-02
1.862479330593004231e-02
1.861811380840527538e-02
1.860988043892328192e-02
1.860102889079674748e-02
1.859309075998357222e-02
1.858607851302282107e-02
1.857879504862337480e-02
1.857009252597985674e-02
1.856484373145985550e-02
1.856115335719071835e-02
1.855885841247799373e-02
1.855246055541031475e-02
1.854483390341501656e-02
1.853730619988616310e-02
1.853869970209931842e-02
1.852641187215130908e-02
1.851747837398404900e-02
1.850782601527240986e-02
1.849941733380899497e-02
1.849016790388438233e-02
1.848595124801887674e-02
1.847989913959775451e-02
1.847299757443336340e-02
1.846639700726592642e-02
1.845893424205345690e-02
1.845106009298402849e-02
1.844305830029994639e-02
1.844799786729080932e-02
1.843617714857485879e-02
1.843000767569704518e-02
1.842808917974129643e-02
1.842070479538985422e-02
1.841257848141051451e-02
1.840279999764316693e-02
1.839332382031533264e-02
1.838550320807843391e-02
1.837684384840035032e-02
1.837013177147546472e-02
1.836240832458865130e-02
1.835517610406481315e-02
1.834819854977205733e-02
1.833971113521368906e-02
1.833638874385100023e-02
1.833042037156093138e-02
