0.000000000000000000e+00
0.000000000000000000e+00
0.000000000000000000e+00
0.000000000000000000e+00
0.000000000000000000e+00
0.000000000000000000e+00
0.000000000000000000e+00
2.585465015404395445e-06
6.121455613968212030e-04
1.076763211927147168e-03
1.415816660341958494e-03
1.655130134952025565e-03
1.820111505776640312e-03
1.932324561050878520e-03
2.008561324080914735e-03
2.061215736855616810e-03
2.099119371248872774e-03
2.128410315412342362e-03
2.153270431940617485e-03
2.176496149119532247e-03
2.199919341888421920e-03
2.224709025149477614e-03
2.251583855367715169e-03
2.280953663880053422e-03
2.312774088973669224e-03
2.347438985308211625e-03
2.384940698353537648e-03
2.425223277265909239e-03
2.468203781710219102e-03
2.513786134386989009e-03
2.561869999225704821e-03
2.612356328647326073e-03
2.665150685140114592e-03
2.720165086806008645e-03
2.777318883384212109e-03
2.836539003643466072e-03
2.897759806112989479e-03
2.960922687963156007e-03
3.025975554263659033e-03
3.092872215556126316e-03
3.161571758337184887e-03
3.232037916081250892e-03
3.304238459160033919e-03
3.378144612300442579e-03
3.453730505181252641e-03
3.530972661443930721e-03
3.609849521275645956e-03
4.263915265623577887e-03
4.829898978484931105e-03
5.476942985510105215e-03
5.089085420556957451e-03
4.851965538041423665e-03
4.714035702797537281e-03
5.449346451687649834e-03
5.185960076108764999e-03
5.921090605753343700e-03
5.568236913411919731e-03
6.295661148455178845e-03
5.884193130121622047e-03
6.600941568694039703e-03
7.334922767174751473e-03
6.668009798120645010e-03
7.185575302295535427e-03
7.901187796285824225e-03
7.124492177464552232e-03
7.612082607018261227e-03
8.307997077628489699e-03
7.476111054969092340e-03
7.717918567077789067e-03
7.040095588805746901e-03
6.708695713481944295e-03
7.003053756738066710e-03
7.275768507734894225e-03
6.979953657192915217e-03
7.262560488385385454e-03
7.523506894790337428e-03
7.764216108016900111e-03
7.986051846631753506e-03
8.190361844513651887e-03
8.378530088533599207e-03
8.552002179602323853e-03
8.712286453468453401e-03
8.860936768741594499e-03
8.999524034528610938e-03
9.129602907610988652e-03
9.252678828231355318e-03
9.370178854697574708e-03
9.483428220157914812e-03
9.593633437716129683e-03
9.701871792286743956e-03
9.809086684161950898e-03
9.916087926313668643e-03
9.898508398463264427e-03
9.900014165264005989e-03
9.936672386862091533e-03
1.049062125934524178e-02
1.090239267215334720e-02
1.120753516174356063e-02
1.143030785755087646e-02
1.158849984531803295e-02
1.169580206522062051e-02
1.176304757196893619e-02
1.037216618899577253e-02
9.734892989043513953e-03
1.080009635461448569e-02
1.097832517791847567e-02
1.110469788693084492e-02
1.119221192247584450e-02
1.125004444212209485e-02
1.010530301745027684e-02
1.036119536822797602e-02
9.669181721373756519e-03
9.989878387065996221e-03
9.476934404851741767e-03
9.821671151706245356e-03
9.427990241444118846e-03
9.192638356648767314e-03
9.597916892538660774e-03
9.320807239204307801e-03
9.165893219925176638e-03
9.785836218606812353e-03
9.515180901813908090e-03
9.909115992994082384e-03
9.615551997428892911e-03
9.456582434577585558e-03
1.008206964830638333e-02
9.808443739425708185e-03
1.015683160021878077e-02
9.852989454860959159e-03
1.021162572919677956e-02
9.911852750983610877e-03
9.752843172489594412e-03
1.013981905666801187e-02
9.894109680727167233e-03
9.769950956521451790e-03
9.726496379383553492e-03
1.011748960457547510e-02
9.951608106423094971e-03
1.088358694068910192e-02
1.047392040251932457e-02
1.023007078993490998e-02
1.010991118067502970e-02
1.009293365552670595e-02
1.009714805454864708e-02
1.012796279626417342e-02
1.051908015650498615e-02
1.036911122947951208e-02
1.033614576820987563e-02
1.033287453168107994e-02
1.035936137667245460e-02
1.041328695299174878e-02
1.047503222209329732e-02
1.104230793888159173e-02
1.093634161694454453e-02
1.133010188498812486e-02
1.157622685826674956e-02
1.244045587363680483e-02
1.165741756784416383e-02
1.250492918332202219e-02
1.172620202098203362e-02
1.256071151828572555e-02
1.178830003029490703e-02
1.261249948548884281e-02
1.184676805584106325e-02
1.266265206072742650e-02
1.190328128215012958e-02
1.271234032944754469e-02
1.195875405688436553e-02
1.276210267690257305e-02
1.201366383304398530e-02
1.281213136588022633e-02
1.206823208242589589e-02
1.286242975781998546e-02
1.212253097551587409e-02
1.178959359230977340e-02
1.197870418779012694e-02
1.169934128533078009e-02
1.189923659896361535e-02
1.164916321353871853e-02
1.185259448705192065e-02
1.162113651609107852e-02
1.182526561077577171e-02
1.160712444958251349e-02
1.165724786890469204e-02
1.171929214050068148e-02
1.164330479227764295e-02
1.162213904005285521e-02
1.247302118570635041e-02
1.252555434853819087e-02
1.214238986458003773e-02
1.227859589936908767e-02
1.200358418543884947e-02
1.217249807740379726e-02
1.194495183989217890e-02
1.182454100430159645e-02
1.262233421810397827e-02
1.338823947254952351e-02
1.263154275790484039e-02
1.229408007009005072e-02
1.210714729333249931e-02
1.202763225583585414e-02
1.283899989040437895e-02
1.267652775512530250e-02
1.349497068542132409e-02
1.331865807222065018e-02
1.273664592324658118e-02
1.350838161901215043e-02
1.285942184286170686e-02
1.273378451276292560e-02
1.288082679528559232e-02
1.277287876594999233e-02
1.293535463686060552e-02
1.283517455289987647e-02
1.300492050457168793e-02
1.310100627730793367e-02
1.296620059900221306e-02
1.310321223884023702e-02
1.315997446002743765e-02
1.301692213248266394e-02
1.360847455344949865e-02
1.358718099715890137e-02
1.338676933465750632e-02
1.313222033131750989e-02
1.327865008453497919e-02
1.332017406897369541e-02
1.404795362565822853e-02
1.384622549862500607e-02
1.332299336674258421e-02
1.333967352598447800e-02
1.334630135460026547e-02
1.304085661288776482e-02
1.297103513957575255e-02
1.287272401617318290e-02
1.297754547914566070e-02
1.295381355218645260e-02
1.309004331619342820e-02
1.389862031752493732e-02
1.356971508872790305e-02
1.338661018316509958e-02
1.336958489738615009e-02
1.336348457042131448e-02
1.337637461804274189e-02
1.347038186058448911e-02
1.356518393870548983e-02
1.366139311774225429e-02
1.449675080765205903e-02
1.415238920557079783e-02
1.475812414418544230e-02
1.467107313403166052e-02
1.461539474121620677e-02
1.421263096515083812e-02
1.479288676621270775e-02
1.468744571481861438e-02
1.442554002232983128e-02
1.447967479495967935e-02
1.505112697709934215e-02
1.472876488219003466e-02
1.441906167133986255e-02
1.432510774965933299e-02
1.427048786098594584e-02
1.431972894317883917e-02
1.437955565862952291e-02
1.444802900549033847e-02
1.440995742828168197e-02
1.467960870247951577e-02
1.479347666485127111e-02
1.483105558834561626e-02
1.482796819651729936e-02
1.480483986658306939e-02
1.477228552457769684e-02
1.458324617930151224e-02
1.468108526940404418e-02
1.471938067575793464e-02
1.472586658605281977e-02
1.471619589802443742e-02
1.455384193151521878e-02
1.466254301947057109e-02
1.470680847950377179e-02
1.470508425332850769e-02
1.464045943690884394e-02
1.445650361524902609e-02
1.402906888713098890e-02
1.378257767828565232e-02
1.353728972463887070e-02
1.322049385823248317e-02
1.311268697668182409e-02
1.288794358304529153e-02
1.282629805188124916e-02
1.264735623861088301e-02
1.253111390253304827e-02
1.253283571400701582e-02
1.240159524266769286e-02
1.231555469174162865e-02
1.232240756679312335e-02
1.228703021641116590e-02
1.221161886549462783e-02
1.211846000010908045e-02
1.198533499417832326e-02
1.189837904537357875e-02
1.187077876068080330e-02
1.177796559699731405e-02
1.173168168428704271e-02
1.163495764281822359e-02
1.158147958769448552e-02
1.148306913698031104e-02
1.142657473728228915e-02
1.128651477169725047e-02
1.124662393192316784e-02
1.116766456196481919e-02
1.114123172247445670e-02
1.105796387041166860e-02
1.104972295152878772e-02
1.101960251007991741e-02
1.100366757015684011e-02
1.093671484864608412e-02
1.083755678697937395e-02
1.077537754673689625e-02
1.071061183922672119e-02
1.061296941677285222e-02
1.053514452399967327e-02
1.056078281177336327e-02
1.048869327417345163e-02
1.039069490073007626e-02
1.032205241333556539e-02
1.025078080226150823e-02
1.018355660236553405e-02
1.010515280108030545e-02
1.003227797854347458e-02
9.948641502216372043e-03
9.897677076586159847e-03
9.817462295296492877e-03
9.754723868698043920e-03
9.699841970853382775e-03
9.666498116115159953e-03
9.600945553898504806e-03
9.559436047336285214e-03
9.506302638669878596e-03
9.475087444963323224e-03
9.420273693222264155e-03
9.384895851587209473e-03
9.331541344557109027e-03
9.293526270604000883e-03
9.250493710978869785e-03
9.217499717142776244e-03
9.188132746548073257e-03
9.139783406581973232e-03
9.104229861422686795e-03
9.075505869116646043e-03
9.028397350306941946e-03
8.993344459749995357e-03
8.964871225687931142e-03
8.920588438189821362e-03
8.888108082124491702e-03
8.863212335079515003e-03
8.821564805943172063e-03
8.795220712818643816e-03
8.755617387923842615e-03
8.726937709536787546e-03
8.704008424797278140e-03
8.667628829865769990e-03
8.641031282923903462e-03
8.619537113998232761e-03
8.584685908472491564e-03
8.558973235604746752e-03
8.530910994173100670e-03
8.508211979543376866e-03
8.489202420190198120e-03
8.455341401127325698e-03
8.429216118579409972e-03
8.407981333364643317e-03
8.374110155522982227e-03
8.348253908067562040e-03
8.327471788659166971e-03
8.294690334110168747e-03
8.269676694620564303e-03
8.249626020271304955e-03
8.217950205263913413e-03
8.193695577949217101e-03
8.174261312579087987e-03
8.143509842318430447e-03
8.119844859344268681e-03
8.100882648710431080e-03
8.070898057575146001e-03
8.047695062775505823e-03
8.029106094096554597e-03
7.999787113111457224e-03
7.976971297303880534e-03
7.958701056127536963e-03
7.929990398004477942e-03
7.907523519950240484e-03
7.889546723897819178e-03
7.861413693197257663e-03
7.839281307201061491e-03
7.821588829015773542e-03
7.794017065929770630e-03
7.772215010009356911e-03
7.754805267967380088e-03
7.727784776778378294e-03
7.706313476212935630e-03
7.689187442173797682e-03
7.668869353072077684e-03
7.639937229999272522e-03
7.623167324706781565e-03
7.596798280318155933e-03
7.575248196756476267e-03
7.557562323488806362e-03
7.538864577026834456e-03
7.520042594827737632e-03
7.503654490527102670e-03
7.491009216755436378e-03
7.467595099629470955e-03
7.446875863261178188e-03
7.432962117931029081e-03
7.408916081318096120e-03
7.387849912630587573e-03
7.372968845438704864e-03
7.348923489232152446e-03
7.327785570020140318e-03
7.314363656761902616e-03
7.288264263500501827e-03
7.266264096148229712e-03
7.246815382517222091e-03
7.234709074046359947e-03
7.210142921895888735e-03
7.189422963984432209e-03
7.170776831040547375e-03
7.154346338385308285e-03
7.144748370342160829e-03
7.121097530229509448e-03
7.101280409975232327e-03
7.083644351283585605e-03
7.068229762439666615e-03
7.059431412730918579e-03
7.036805950345451782e-03
7.017940190458643937e-03
7.005197101356644765e-03
6.985553713660845945e-03
6.968492325104042387e-03
6.953870665229253643e-03
6.937769151556788701e-03
6.924652675775314070e-03
6.915237275434294589e-03
6.896146135888051379e-03
6.883473259392239654e-03
6.852660836002812117e-03
6.843359857726357201e-03
6.831515589316942277e-03
6.823411014807255828e-03
6.807094824874107900e-03
6.780695000296459683e-03
6.776056867184580140e-03
6.764336119873599028e-03
6.749842705041121660e-03
6.725498512595591734e-03
6.724879184891688344e-03
6.700846735879527338e-03
6.701339678615737122e-03
6.697746156287135225e-03
6.689082984830375944e-03
6.669357714550940008e-03
6.656482207155343250e-03
6.637860851363013709e-03
6.625794262536521990e-03
6.607876577265785895e-03
6.596300550050149779e-03
6.578804059387763532e-03
6.567500806175356927e-03
6.550234833985622146e-03
6.539059633265242172e-03
6.521908324536754981e-03
6.510768476931773699e-03
6.493657666791278343e-03
6.482496911155740185e-03
6.465384351994118116e-03
6.454171492663803716e-03
6.437516229625061051e-03
6.426305172416709593e-03
6.409676213017867670e-03
6.398424193086559540e-03
6.381793502657055056e-03
6.370472646810398931e-03
6.353842822468707026e-03
6.342468479647540847e-03
6.325836026655128237e-03
6.314409719171923396e-03
6.302118346735849884e-03
6.284296193656092877e-03
6.270263209940906551e-03
6.260535097399960724e-03
6.248347401868321188e-03
6.230959707460541862e-03
6.217104910500394904e-03
6.207345941083350534e-03
6.195130967368633196e-03
6.177809612319756782e-03
6.169066367372470945e-03
6.152441993953507854e-03
6.138461580563053799e-03
6.124044397642263229e-03
6.109450632297281150e-03
6.094850021300514051e-03
6.080348625595212095e-03
6.066008129642952093e-03
6.051859798781538020e-03
6.037914511004788091e-03
6.024169919405658602e-03
6.010615536063121378e-03
5.997653943168743985e-03
5.984881696253799462e-03
5.972271562836964885e-03
5.959798827100365286e-03
5.947441582235826751e-03
5.935180749845586634e-03
5.918882046911396085e-03
5.908974035856102806e-03
5.898289763389360542e-03
5.887065430744707617e-03
5.875474107413763969e-03
5.863641889733680994e-03
5.847765998469220058e-03
5.834708400794406426e-03
5.825493177560579251e-03
5.814929372643441209e-03
5.803452481280703401e-03
5.791785659677937959e-03
5.779767844409288910e-03
5.767556825247957715e-03
5.755262955220509166e-03
5.742961877795676844e-03
5.727016183697777180e-03
5.713881785956751586e-03
5.704455669473338514e-03
5.693898717000872925e-03
5.682592245724912838e-03
5.671200103690198294e-03
5.659547661425796093e-03
5.647770757851565231e-03
5.635963171858820488e-03
5.624187969867669792e-03
5.612485974193727814e-03
5.597452311014035863e-03
5.585073515001357826e-03
5.576141648449847374e-03
5.566195168335786626e-03
5.555573729299257552e-03
5.544895420415078824e-03
5.533979914556837881e-03
5.522949741113410312e-03
5.511889808384106901e-03
5.500857442663816682e-03
5.489889911934001804e-03
5.475798239282385176e-03
5.464198464293697211e-03
5.455783506781780243e-03
5.446430090872010805e-03
5.436448678528676796e-03
5.426421902118816996e-03
5.416169068791645315e-03
5.405803825596934391e-03
5.395405316503187193e-03
5.385027281290765550e-03
5.374704902975037737e-03
5.364459947109895960e-03
5.351298998976724251e-03
5.340477290105818432e-03
5.332600016951806986e-03
5.323855410494856590e-03
5.314524212562699371e-03
5.304376322645834065e-03
5.294780008955966843e-03
5.285069758674460806e-03
5.275319077499612298e-03
5.265578359058505076e-03
5.255881015053098099e-03
5.246248099094510606e-03
5.236691782402630446e-03
5.227217954972956764e-03
5.215026390039279730e-03
5.205000510951579215e-03
5.197688966514520115e-03
5.189576056157326617e-03
5.180913036607114573e-03
5.171885593200506274e-03
5.162954422824285114e-03
5.153903806835977847e-03
5.144801906626855249e-03
5.135696144261719248e-03
5.126618579552484449e-03
5.117589991412624384e-03
5.108622965978630581e-03
5.099724223838940362e-03
5.090896365045415040e-03
5.082139169379044918e-03
5.073450557684627826e-03
5.064827295646505585e-03
5.056265502570024550e-03
5.047761013191997409e-03
5.039309629326211432e-03
5.030907289492535239e-03
5.020006868950612454e-03
5.012991864003298222e-03
5.005559903019519974e-03
4.997832535296665296e-03
4.989901514083738832e-03
4.981835698996815720e-03
4.973686392674248752e-03
4.965491473596456151e-03
4.957278593546795772e-03
4.949067648005140568e-03
4.940872681377472472e-03
4.932703353057253659e-03
4.924566062452180593e-03
4.916464809433002126e-03
4.908401849805039442e-03
4.900378192223881282e-03
4.892393972722582259e-03
4.884448734998911995e-03
4.876541638348068711e-03
4.866638550387075712e-03
4.857975628655153595e-03
4.850155303794904255e-03
4.844712625194078949e-03
4.836456411021968459e-03
4.829219535374284014e-03
4.822655220861404163e-03
4.815743598402319817e-03
4.808598071233479918e-03
4.803228620411645333e-03
4.794969144864538388e-03
4.788821338147722026e-03
4.780054644462128355e-03
4.773577549084567079e-03
4.764649227557786124e-03
4.758094483329903916e-03
4.749191965405099441e-03
4.742692730797911510e-03
4.733909325753214888e-03
4.727528834575716633e-03
4.718903149671640519e-03
4.712647915355656220e-03
4.704187898549239653e-03
4.698075173353646883e-03
4.689772487375634680e-03
4.683791587175038275e-03
4.675630176831906820e-03
4.669765289565217491e-03
4.661726301179214098e-03
4.655960102222945173e-03
4.648024611265875322e-03
4.642340236466552077e-03
4.634490662905684129e-03
4.628872701610598633e-03
4.621093453665568382e-03
4.615528368786688505e-03
4.607806045147614694e-03
4.602282268541204972e-03
4.594714084994948322e-03
4.586891789982876916e-03
4.579908915703599474e-03
4.574906931040018630e-03
4.567637114150183489e-03
4.562415191911158192e-03
4.554979547675344978e-03
4.549629481890067259e-03
4.542103042789817288e-03
4.536681391883358103e-03
4.529110095114708898e-03
4.523651243063623976e-03
4.516155685436650143e-03
4.508394537179989496e-03
4.501433977790020823e-03
4.496404181320407326e-03
4.489156860254141582e-03
4.483905910317732488e-03
4.476493268909188111e-03
4.471113839513741160e-03
4.463612212179757753e-03
4.458162311653799878e-03
4.450619203698514929e-03
4.445134743780314139e-03
4.437579318269912684e-03
4.432082189081097516e-03
4.424532010019901693e-03
4.419035261704923334e-03
4.411500619586802494e-03
4.406011780800447343e-03
4.398498458734942211e-03
4.393021655466075072e-03
4.385532690585679065e-03
4.380154809681432830e-03
4.372441192040903493e-03
4.366861752730696877e-03
4.359352449376357672e-03
4.351646320711719147e-03
4.344775580170201316e-03
4.337561069286793511e-03
4.331074549370614833e-03
4.327559106394798273e-03
4.319205920394432983e-03
4.311444729419344583e-03
4.304236703029494342e-03
4.297788927258162917e-03
4.291608636491120801e-03
4.286140608918072130e-03
4.279469281170038795e-03
4.273281442401080481e-03
4.268469599175997442e-03
4.262185114365656634e-03
4.256773380989598531e-03
4.245441747460696608e-03
4.241007953710280651e-03
4.236885961922791551e-03
4.232482921569940236e-03
4.226911429538239041e-03
4.223343778522567656e-03
4.218397639380625300e-03
4.212816881066890756e-03
4.206774128398695252e-03
4.200403391671269325e-03
4.192879265867247539e-03
4.188528970473240354e-03
4.180248693184165573e-03
4.171994619613116941e-03
4.164420290600235122e-03
4.157346420771246102e-03
4.150532542317322306e-03
4.144271714352764160e-03
4.139409030464251057e-03
4.133207816614563150e-03
4.127360998597650807e-03
4.124342276394164092e-03
4.117815459749358739e-03
4.111962923644850096e-03
4.106348712969959229e-03
4.098906168065113292e-03
4.093348847263918004e-03
4.085984740220724963e-03
4.079310493165747876e-03
4.073751203240263616e-03
4.067831887172667846e-03
4.063279658715941538e-03
4.058116418963291644e-03
4.050985893161014768e-03
4.045372743446260487e-03
4.038354801528125197e-03
4.032452829845939099e-03
4.026171198678349210e-03
4.020794795913611337e-03
4.016660432245240490e-03
4.011549857449858182e-03
4.014598335894267560e-03
4.007465720357617292e-03
4.000188959106793993e-03
3.992723959007921791e-03
3.985393548466174655e-03
3.978393556678694667e-03
3.971529558460572609e-03
3.964914221035646322e-03
3.958508970797434100e-03
3.952281807983094690e-03
3.946206135489842282e-03
3.939526304813609735e-03
3.929132499042056054e-03
3.924906097028372023e-03
3.921884704918387164e-03
3.916889389297799513e-03
3.913338827540943470e-03
3.907925677312967458e-03
3.902983619436523836e-03
3.898680466449995670e-03
3.893470171456305754e-03
3.888651304010090886e-03
3.884418927569775921e-03
3.879240996628782918e-03
3.874419923328836172e-03
3.869655725634527348e-03
3.867135662217940483e-03
3.860808462200224569e-03
3.854870184317407081e-03
3.849215798231289676e-03
3.844497065877618136e-03
3.838949496710472586e-03
3.834332710089682558e-03
3.828872571604952264e-03
3.824890874423563999e-03
3.819160772272171822e-03
3.813688692241775161e-03
3.809126171677869321e-03
3.803706424352207467e-03
3.798697840735503102e-03
3.795979389655743108e-03
3.789664341116164709e-03
3.784994261755198972e-03
3.778786112085520676e-03
3.772981334786897328e-03
3.767471040432363721e-03
3.762170602777841974e-03
3.757722631982740244e-03
3.752433680261396155e-03
3.748012841575543413e-03
3.742748803002494962e-03
3.737874355104280153e-03
3.735228101812459664e-03
3.729079583984809022e-03
3.724520412015403827e-03
3.718469957019579757e-03
3.712804114350912957e-03
3.709724362075277060e-03
3.703311414703066521e-03
3.697718191759098195e-03
3.693461824983648983e-03
3.690013670393869991e-03
3.683568032427416566e-03
3.677599096971894636e-03
3.672130064629098092e-03
3.667034069096799034e-03
3.662190676548265390e-03
3.657486246920098674e-03
3.655387347099256848e-03
3.650756733422846987e-03
3.644968422189145355e-03
3.639734877269716878e-03
3.634587589441730555e-03
3.629796458334588402e-03
3.627639559587476394e-03
3.622967344509616522e-03
3.617185086922030095e-03
3.611971338572794211e-03
3.606857819841133989e-03
3.602107409891798680e-03
3.597403105930096611e-03
3.592965112373734064e-03
3.591022414658341221e-03
3.586559593323446378e-03
3.580974094916134203e-03
3.575901542045060565e-03
3.570897448589544811e-03
3.566233007824814397e-03
3.564157441202010779e-03
3.559591134152982964e-03
3.553967309830759463e-03
3.548890057122199189e-03
3.544119787438950939e-03
3.539371653346939407e-03
3.534927823461087287e-03
3.533000797660122098e-03
3.528589853348705011e-03
3.523124551667758658e-03
3.518171589598549729e-03
3.513505922330939155e-03
3.505123188541036695e-03
3.502818886980358076e-03
3.499131158023976659e-03
3.495512660369510475e-03
3.491922981296625289e-03
3.488331555736512695e-03
3.485527316199883967e-03
3.482348656172720887e-03
3.477889289136168634e-03
3.473456278707252355e-03
3.469280851408552968e-03
3.467481876133920310e-03
3.463264086126129852e-03
3.457968937594507308e-03
3.453121196677218317e-03
3.448313556083464158e-03
3.443817178062221276e-03
3.441767105398759255e-03
3.437354086618450797e-03
3.431928469242333246e-03
3.426994764954302206e-03
3.422334999044564490e-03
3.418517969761508332e-03
3.414635604887082763e-03
3.409664198723294515e-03
3.405072167648004727e-03
3.400485904927602002e-03
3.396181651543071951e-03
3.394228531517560002e-03
3.389967994006265559e-03
3.384707053933442601e-03
3.379904934787396342e-03
3.375970983221123715e-03
3.372023645244175832e-03
3.367576795116886124e-03
3.362476289312999866e-03
3.357965153656035460e-03
3.353805816485685553e-03
3.349570570388015096e-03
3.347580284085721700e-03
3.343365465627060832e-03
3.338688796410204523e-03
3.334393325523341087e-03
3.329679279311859984e-03
3.324425311196310250e-03
3.320464150777326356e-03
3.315539852858094636e-03
3.311023456791941690e-03
3.307316086386994161e-03
3.302632289636560619e-03
3.298439305153836459e-03
3.294309187288670289e-03
3.290240261207219748e-03
3.287070833443799227e-03
3.282640539525114986e-03
3.279199136877105139e-03
3.275552596496970892e-03
3.271597872693510992e-03
3.267519203550407845e-03
3.263360176480115983e-03
3.258489508489461738e-03
3.253921318348290334e-03
3.249583128897482864e-03
3.245417668432923602e-03
3.241378499805410221e-03
3.237431887555644681e-03
3.233892425918678294e-03
3.231471631610541295e-03
3.227068748679185958e-03
3.222717850364541312e-03
3.218408826068979139e-03
3.214133984722909211e-03
3.209887542049223025e-03
3.205665204278410063e-03
3.201463832672443027e-03
3.197281174312539831e-03
3.193406713679728792e-03
3.189363813028712677e-03
3.185310754457024423e-03
3.181264747472068236e-03
3.176614097011514187e-03
3.172292636829008531e-03
3.168221353876692417e-03
3.164337462714212137e-03
3.160591322564962509e-03
3.156943926324632613e-03
3.153363514732567940e-03
3.149793917133791345e-03
3.146626447549321845e-03
3.144526371758423876e-03
3.140463586523424035e-03
3.136429617768058103e-03
3.132417851047126622e-03
3.128423482647840065e-03
3.124443116073669525e-03
3.120474435652423242e-03
3.116515944845676782e-03
3.112566757569025511e-03
3.108626432814168370e-03
3.104238070798260099e-03
3.099802700866492039e-03
3.095861857083490216e-03
3.092230103483063330e-03
3.090605033505173203e-03
3.086702265714866538e-03
3.082874495363732009e-03
3.079003182200159769e-03
3.075116858775795835e-03
3.070663969329250932e-03
3.066504339660495321e-03
3.062573294914519746e-03
3.058818706513241614e-03
3.055164514307557450e-03
3.051674585058096467e-03
3.048211841591090543e-03
3.045148428737497453e-03
3.042035788079966527e-03
3.035077270791365633e-03
3.032533524151142645e-03
3.029468447018300852e-03
3.027490394563793832e-03
3.024473123594838969e-03
3.021798584946562560e-03
3.018718015176633050e-03
3.021333103121478549e-03
3.023616774861314239e-03
3.018286637805255891e-03
3.020560177695284093e-03
3.022502616575687903e-03
3.015915771166866564e-03
3.017898082905003804e-03
3.019552016626248989e-03
3.012872900978425753e-03
3.006459177586717421e-03
3.000300932013265625e-03
2.993978799218340384e-03
2.985768581123020120e-03
2.981296535720847924e-03
2.983412323026013446e-03
2.978096983212825347e-03
2.980009674838907888e-03
2.974360655302168543e-03
2.968906739500731806e-03
2.962858695710196555e-03
2.958354449166413543e-03
2.962046371764744286e-03
2.970962317304809766e-03
2.987691258235784970e-03
3.077579414920391006e-03
3.318250598714303848e-03
3.701627910557761872e-03
4.094860531131719848e-03
4.461797676622997200e-03
4.880077158492516012e-03
5.272080373803004344e-03
5.480498919806680788e-03
5.837031494323911135e-03
6.169819006465022959e-03
6.482004676320671753e-03
6.463588739163881290e-03
6.487281072967534049e-03
6.796468997688609633e-03
7.081780584687938883e-03
7.044422728799639398e-03
7.321521444503195641e-03
7.574324933078248681e-03
7.809803448532300421e-03
8.031245974666128412e-03
8.231111654930338417e-03
8.421389219516215580e-03
8.592129187983250926e-03
8.342396926839320756e-03
8.491405327879631912e-03
8.638130556972337115e-03
9.274665528260544328e-03
9.391415795706334335e-03
9.449034546067320087e-03
9.560921974136405224e-03
9.603933906981146698e-03
9.730943993306500131e-03
9.416465186718903091e-03
9.583344403689124380e-03
9.336309302892467285e-03
9.513446451721519620e-03
9.332196084480092260e-03
9.439550047101279151e-03
9.639700822541358988e-03
9.495441180767824618e-03
9.613633966922557547e-03
9.821892423903955810e-03
9.673224622648315951e-03
9.891608788666753083e-03
9.764131246704593065e-03
9.758263158724488073e-03
1.000642652530435439e-02
9.942172824587418301e-03
9.911055762524365043e-03
1.015320040969798672e-02
1.032643452024186760e-02
1.036966473958463551e-02
1.055256694545699675e-02
1.060489257115593796e-02
1.075706698412439051e-02
1.057806189490121014e-02
1.064803242542926472e-02
1.059939051677617240e-02
1.059546887799219829e-02
1.061328682868289269e-02
1.063556879060388594e-02
1.127008801678725664e-02
1.127124848208078088e-02
1.115287531281097463e-02
1.110592099424819769e-02
1.174552055022474312e-02
1.170014889031753720e-02
1.152402806383685807e-02
1.145780485859253239e-02
1.210023344158932604e-02
1.203270494510804041e-02
1.184498817254688724e-02
1.249060290113769914e-02
1.238133844577726794e-02
1.215520012506212180e-02
1.280279422951277092e-02
1.342837856371433686e-02
1.281729091040635475e-02
1.273222107283766662e-02
1.268752940705014480e-02
1.334065541276239011e-02
1.296846616978464956e-02
1.362013588144864520e-02
1.350956945551791237e-02
1.331200309545427576e-02
1.303531998644325354e-02
1.367783102991951098e-02
1.327600634596905887e-02
1.391090276719125773e-02
1.382211882626158996e-02
1.442226955834051243e-02
1.373725563427314993e-02
1.342374562519811979e-02
1.405211754398067239e-02
1.396861740391694244e-02
1.389282661322548476e-02
1.384173154205243020e-02
1.379480480415378602e-02
1.375299089614257300e-02
1.371668564543349414e-02
1.368594294231083655e-02
1.366060870197998746e-02
1.364040787947159473e-02
1.420001973236271336e-02
1.406269906992195333e-02
1.396425685757298786e-02
1.389401353601128764e-02
1.444999853355002743e-02
1.428012112191072783e-02
1.415860333919588543e-02
1.407199299930572689e-02
1.401043502094131282e-02
1.387477035140526928e-02
1.390304784072663585e-02
1.382568155826326833e-02
1.389753522325812632e-02
1.447206949488553246e-02
1.437767731551492512e-02
1.430968455189302914e-02
1.416777469100044887e-02
1.419447117053065921e-02
1.411418800960989942e-02
1.418807439304197761e-02
1.411320252402943100e-02
1.406594916059813322e-02
1.405003850152258295e-02
1.404706132307312685e-02
1.405091764419474400e-02
1.405833841923801592e-02
1.406759492081295117e-02
1.407779495920999380e-02
1.408849727908405118e-02
1.409950027292354927e-02
1.471859271924750613e-02
1.448392625196585903e-02
1.453343795484663727e-02
1.446543825318095250e-02
1.439192932155044374e-02
1.501329374931963112e-02
1.473514475832636908e-02
1.458896685278201349e-02
1.466276287036724982e-02
1.469882541108285048e-02
1.471804749210420087e-02
1.456051491648124169e-02
1.448075299171244605e-02
1.444816807384980209e-02
1.504653300190528578e-02
1.499784551307963010e-02
1.487642430610821610e-02
1.475980680304120156e-02
1.470490704755516957e-02
1.468639307161908984e-02
1.533986717003042559e-02
1.504401926976031527e-02
1.488171469321165896e-02
1.494810234041137748e-02
1.498615144499553312e-02
1.500813816245202652e-02
1.502227995161460952e-02
1.503312443302263872e-02
1.504312515886265661e-02
1.505354047701744358e-02
1.506495407471386029e-02
1.507757737625206422e-02
1.509142431695362045e-02
1.510641115142023067e-02
1.512241233844753042e-02
1.513929087482149619e-02
1.515691393531926924e-02
1.517516020378433667e-02
1.519392262159418965e-02
1.521310870568583218e-02
1.578816122798288799e-02
1.560906705023672181e-02
1.605054231568575976e-02
1.585172417315668797e-02
1.629301803597966655e-02
1.590397506680125625e-02
1.586480560885098270e-02
1.582850454608840385e-02
1.627669930126168438e-02
1.597462748794433243e-02
1.581425475002823378e-02
1.586077446124392609e-02
1.579363281872360122e-02
1.644383649084369889e-02
1.627051158389657831e-02
1.599353201921261194e-02
1.592178891506993224e-02
1.657024542746632703e-02
1.620400346698964988e-02
1.603657807316278064e-02
1.596084556448628886e-02
1.655718260112813353e-02
1.633377116157801526e-02
1.616320792027122269e-02
1.616589495230462414e-02
1.679538827514438434e-02
1.665907764725687440e-02
1.640049662999591706e-02
1.626998443135360337e-02
1.624064994242646609e-02
1.627093786864458255e-02
1.633795806797034081e-02
1.642751527858717434e-02
1.653092146673791271e-02
1.664291508828874208e-02
1.676033062929717030e-02
1.688126678194909122e-02
1.700457504109055204e-02
1.712974666031217424e-02
1.725612802548264976e-02
1.738341851240248620e-02
1.751139403363782474e-02
1.763994564049956373e-02
1.776882634546855452e-02
1.789794520152482304e-02
1.802720455992323431e-02
1.815650515695548667e-02
1.828574932649120258e-02
1.841484298513271223e-02
1.854369681161370173e-02
1.882178382694504187e-02
1.884685090738040525e-02
1.863951824074329758e-02
1.869742613649562693e-02
1.863612326009631698e-02
1.853266571668231097e-02
1.894852497318918680e-02
1.874879427788423564e-02
1.915658173243331430e-02
1.976089451482021531e-02
1.917367215536943878e-02
1.895282387366719126e-02
1.877470398279700373e-02
1.860657167083149335e-02
1.846576255500787314e-02
1.834968920583583338e-02
1.825109250279135717e-02
1.816257151428876324e-02
1.808570123465673071e-02
1.802573262634666815e-02
1.797332330087143479e-02
1.792719657003583045e-02
1.788653219258801164e-02
1.785065899823153057e-02
1.781901722260894119e-02
1.779113341477877447e-02
1.776660284398071804e-02
1.774507662161093485e-02
1.772625194620087996e-02
1.770986451603435291e-02
1.769568250631245107e-02
1.768350171121198591e-02
1.767314157440156783e-02
1.766444191002719197e-02
1.765726016851021027e-02
1.821778264006545731e-02
1.786945640998464577e-02
1.770426131250072560e-02
1.762699591013455053e-02
1.758765643783596205e-02
1.753647833151023711e-02
1.760385557944192658e-02
1.769658104751338848e-02
1.780304344019228643e-02
1.791699200246860482e-02
1.803542613874593858e-02
1.815632832437139368e-02
1.827893175742317800e-02
1.840283768790952623e-02
1.852782022905949746e-02
1.865351208436578923e-02
1.878014104715962362e-02
1.898281530099596090e-02
1.889769004752904838e-02
1.879229016869438107e-02
1.878895850532895026e-02
1.888414210907725377e-02
1.959721453826611393e-02
1.935257290717474696e-02
1.922213759445370179e-02
1.882776913747413738e-02
1.852929086573962963e-02
1.822590732062856142e-02
1.789298929928842541e-02
1.769604756297750783e-02
1.763739209303674671e-02
1.747107924384709576e-02
1.731589280737206790e-02
1.711208171681303722e-02
1.699716587396608858e-02
1.697881233532377160e-02
1.684208921207228440e-02
1.681033344261032361e-02
1.667266637312920380e-02
1.663826796479028064e-02
1.655096460549874623e-02
1.659278011709792999e-02
1.660890338069632641e-02
1.635686981480084443e-02
1.620713580922784891e-02
1.615917797887666749e-02
1.607718360803237628e-02
1.598136810017785833e-02
1.588287514556359706e-02
1.578583350593447746e-02
1.580378240227282502e-02
1.581194026150339535e-02
1.563627737751381586e-02
1.551057548995017979e-02
1.540798984660824225e-02
1.531876503521348298e-02
1.523779274023114375e-02
1.515537496500063766e-02
1.507527655052915208e-02
1.500616710564184157e-02
1.494150618256188945e-02
1.487313353102982794e-02
1.480946633784415746e-02
1.474548945444060025e-02
1.468975948051917148e-02
1.464081630629564257e-02
1.458753014606196247e-02
1.453130195115926587e-02
1.448661784747090099e-02
1.443768084368587945e-02
1.438771714042941241e-02
1.433862272997819300e-02
1.429022662642212907e-02
1.424299470226659398e-02
1.419520581680113781e-02
1.415462010085955652e-02
1.410454493406409007e-02
1.406467346252390088e-02
1.402745455076831287e-02
1.399395070138201129e-02
1.395073583688906729e-02
1.391245917089457655e-02
1.387643340095531808e-02
1.384135061197392172e-02
1.380662148490882646e-02
1.377076977294525509e-02
1.371877571274724567e-02
1.370789621894237878e-02
1.368371494666624846e-02
1.365377239200302531e-02
1.362041959290898920e-02
1.358574580017970525e-02
1.355077538542443644e-02
1.351599009951921782e-02
1.348049603765672302e-02
1.349317419013347508e-02
1.344686508683021892e-02
1.340198287387624199e-02
1.335983412384874995e-02
1.332102914696463997e-02
1.327693584932812879e-02
1.324646339854301282e-02
1.321678779121655649e-02
1.318901795363862720e-02
1.316105852052096986e-02
1.313744061563342641e-02
1.310624126212665309e-02
1.307909746513978566e-02
1.305277656997914752e-02
1.302859875663070315e-02
1.300575830322579264e-02
1.298226365253493143e-02
1.295749980836691587e-02
1.292620759208821558e-02
1.290136837341854074e-02
1.286868174182729391e-02
1.284330422361351122e-02
1.282248062114448722e-02
1.280245736078589394e-02
1.277282775486611281e-02
1.274901148782724841e-02
1.272901285092213619e-02
1.270958461375959296e-02
1.268059439275501070e-02
1.265814355911847912e-02
1.263700470906749598e-02
1.261622113454643861e-02
1.259242632693153424e-02
1.257010845936926136e-02
1.255159244990038982e-02
1.256198314715361621e-02
1.252057077280413835e-02
1.248095409214354697e-02
1.247090825778789623e-02
1.245654517381364346e-02
1.243285413662246520e-02
1.241388814606373542e-02
1.241521191843088408e-02
1.238876338580802844e-02
1.235786860571439633e-02
1.233172664079888736e-02
1.231287718388500430e-02
1.231392214439312738e-02
1.228583419108016626e-02
1.225463559462021748e-02
1.223221832466134598e-02
1.220736130238045392e-02
1.218852621310682199e-02
1.217061285104701490e-02
1.215290551438059745e-02
1.213574637548889626e-02
1.211162426916732177e-02
1.209361005950071975e-02
1.207857907599916431e-02
1.205541200953923371e-02
1.203879188689463073e-02
1.201619614837329091e-02
1.200040215830239752e-02
1.199212936971369610e-02
1.197853250471048875e-02
1.196245830457219952e-02
1.194480766233241981e-02
1.192654753514888963e-02
1.191094570510868936e-02
1.189605203189033310e-02
1.187965956788416579e-02
1.186210513601544496e-02
1.184310918837385047e-02
1.182478534706104568e-02
1.180448064665619995e-02
1.181921779387747756e-02
1.177650772319637114e-02
1.176138502606169541e-02
1.173688168616536173e-02
1.170326012982575437e-02
1.169637943643117052e-02
1.168744541907033863e-02
1.166709835770070834e-02
1.164867932469098276e-02
1.163051183027921306e-02
1.161238506231281747e-02
1.159236774657346203e-02
1.157522866976607064e-02
1.155710756184218785e-02
1.153798045172349518e-02
1.155164765111963386e-02
1.151791618147771611e-02
1.149149403274266242e-02
1.150269204598551413e-02
1.146823817969066552e-02
1.144317181459412504e-02
1.142013171873001304e-02
1.143183835925111122e-02
1.140048524463923608e-02
1.137427865117546059e-02
1.135150813545895802e-02
1.136387084379070038e-02
1.133117388305955424e-02
1.130439412726387712e-02
1.128417460456924114e-02
1.126529675995442507e-02
1.124725807878595996e-02
1.122972605098058324e-02
1.120900821863364538e-02
1.117954724070753351e-02
1.116314332345291413e-02
1.115160472540840941e-02
1.115508706553606545e-02
1.115140979901476509e-02
1.114095777828083035e-02
1.111556334595544503e-02
1.109872777228682744e-02
1.110265501968304980e-02
1.109171954099678892e-02
1.106669940639185695e-02
1.105077977391312298e-02
1.105221179139979221e-02
1.104458388098436029e-02
1.102140948251763980e-02
1.101729572015429717e-02
1.100598496297323925e-02
1.097956147706998127e-02
1.097335249633964172e-02
1.096067940996214157e-02
1.094369076334742417e-02
1.092681759438557387e-02
1.094009150047328682e-02
1.090844794944697063e-02
1.088318045340323434e-02
1.086036465891595734e-02
1.083928413268819835e-02
1.082883923234865056e-02
1.080145060672493482e-02
1.079512319092247943e-02
1.077309590354723866e-02
1.076892744862322296e-02
1.074783828460739582e-02
1.074406925480841934e-02
1.073616293177127347e-02
1.072196502456602973e-02
1.070881709080497880e-02
1.068927907594452616e-02
1.067078300748395062e-02
1.065294524287133809e-02
1.064312606397310040e-02
1.062859644530381349e-02
1.061299643140393122e-02
1.059747223386866416e-02
1.058064299022929908e-02
1.056242863340560272e-02
1.054672322135934669e-02
1.053780503910610629e-02
1.052488291262335118e-02
1.051002839582945540e-02
1.049149290633375788e-02
1.047910252637805108e-02
1.045441964239778379e-02
1.044936102848863929e-02
1.043826649513254941e-02
1.042631330430309963e-02
1.041327099003557487e-02
1.039659109679084981e-02
1.037958489035658606e-02
1.035950971397152191e-02
1.034588846805461343e-02
1.033418675755923277e-02
1.031482872038121459e-02
1.031210486608506727e-02
1.030606593003800114e-02
1.029795099456201971e-02
1.028527359310528293e-02
1.025884229472091499e-02
1.025444069993006191e-02
1.024323240703359228e-02
1.023103225907561961e-02
1.021188815738494245e-02
1.019998736181134541e-02
1.019199657520372150e-02
1.019590631210695944e-02
1.019441888846521829e-02
1.019064146740595797e-02
1.017875593390162210e-02
1.016621605848253354e-02
1.015325689181412541e-02
1.013892000359633248e-02
1.012554253207695321e-02
1.011206599957375531e-02
1.009743544963456058e-02
1.008295013148537145e-02
1.006955308298196870e-02
1.006184933807597638e-02
1.005522736236546394e-02
1.004957945664591672e-02
1.003651800553435544e-02
1.002398317480829998e-02
1.001104716778405783e-02
1.000337067160025212e-02
1.001412016631200025e-02
9.994687437373634201e-03
9.977308145213770532e-03
9.968792199053853886e-03
9.955350976657832696e-03
9.948000685665977366e-03
9.938379096463594714e-03
9.927598262159761933e-03
9.916011502348012763e-03
9.901093473716995885e-03
9.887980735979049612e-03
9.869389312172613393e-03
9.853037226690494754e-03
9.838517981421237429e-03
9.824058305096075236e-03
9.810498343277705702e-03
9.797469431150687691e-03
9.785030301120519261e-03
9.772174180845511968e-03
9.761200867579866713e-03
9.750363300656629539e-03
9.737520302487139012e-03
9.725331903384254809e-03
9.712842116531159031e-03
9.701187081548478044e-03
9.688626479566950916e-03
9.678341121623593168e-03
9.665451629392581706e-03
9.656512565080963700e-03
9.642740665555288304e-03
9.630101874926433672e-03
9.617927776177384591e-03
9.607985199971066925e-03
9.595768311345400162e-03
9.597467912503373361e-03
9.584538500167234104e-03
9.572102887394776452e-03
9.561000321789206446e-03
9.550863184836014264e-03
9.538364441109106404e-03
9.527503270127477344e-03
9.517638837537256702e-03
9.508366114107914824e-03
9.497606290303698198e-03
9.489712694140827257e-03
9.480654432833952525e-03
9.474112036459815880e-03
9.463422937770325782e-03
9.453746468949700971e-03
9.443750259908192946e-03
9.433597448207507730e-03
9.423975916617276238e-03
9.414646185381913418e-03
9.405467162365640718e-03
9.396357085384042865e-03
9.386569392208492235e-03
9.380258479823379639e-03
9.368541365600058235e-03
9.357810898534378238e-03
9.348079890658255939e-03
9.338928913011877719e-03
9.330096725622046352e-03
9.321818226163023149e-03
9.314038082074670155e-03
9.305552828288541842e-03
9.296812167074185868e-03
9.287925897891463264e-03
9.278969322186924468e-03
9.270157214277792782e-03
9.260779177336709786e-03
9.252338810363048074e-03
9.242654304670461923e-03
9.236274522752515800e-03
9.225501522892668935e-03
9.217021959125933778e-03
9.205975757762430850e-03
9.195918125012981711e-03
9.187086373091691779e-03
9.178946607250566131e-03
9.171940714265261474e-03
9.164326680952258539e-03
9.157011338288554778e-03
9.149975678021312134e-03
9.141687933766143304e-03
9.133127573367153668e-03
9.124268576398529215e-03
9.118685159211770141e-03
9.108568733482055521e-03
9.099106057348890428e-03
9.091359013921208182e-03
9.082665898931195289e-03
9.075433028603670585e-03
9.067123557255141186e-03
9.059153481465369653e-03
9.051518587149516223e-03
9.044186952896427628e-03
9.036392733388033324e-03
9.028408510394774975e-03
9.020629594835235382e-03
9.012398397412595477e-03
9.004220144214697755e-03
8.996200375754210068e-03
8.987631035564932341e-03
8.980299747438386104e-03
8.971671590381407463e-03
8.963926725161974404e-03
8.954955342442271274e-03
8.946363966088072966e-03
8.938405259084540241e-03
8.930241657431871316e-03
8.921995437097157353e-03
8.913738225748544033e-03
8.905506400947504897e-03
8.897316929379710942e-03
8.888829979174839302e-03
8.880279330959082659e-03
8.871907817398083304e-03
8.863608834912958465e-03
8.855809547610600171e-03
8.847389683337090679e-03
8.839427145651794840e-03
8.831246214346657672e-03
8.823813927179392086e-03
8.815092589545971136e-03
8.808391515873103400e-03
8.800333366319737158e-03
8.792431082495657732e-03
8.784143209364554672e-03
8.775929320480288162e-03
8.765843748957382817e-03
8.757617027196877221e-03
8.749317605536339332e-03
8.741177890388291891e-03
8.733455024888080523e-03
8.726009770236851579e-03
8.718839391446490603e-03
8.711275544104158525e-03
8.703527368719182755e-03
8.695691539597774633e-03
8.687836675347308454e-03
8.679662537464280861e-03
8.671562124202798066e-03
8.663503893759328181e-03
8.655477316714257213e-03
8.647480178222415048e-03
8.639600104358994420e-03
8.625451385438619514e-03
8.629975116016909420e-03
8.623215104780004164e-03
8.615395439942814468e-03
8.607628054483880062e-03
8.599879726460047877e-03
8.592141265570377509e-03
8.584395593164585031e-03
8.576646049299507454e-03
8.568905081729895346e-03
8.561164463768427754e-03
8.553437976392441397e-03
8.545719886138974930e-03
8.538015516694186929e-03
8.530336192692151639e-03
8.522672124374136224e-03
8.515027723378148714e-03
8.507071238974605459e-03
8.499175055535431594e-03
8.491302098306468052e-03
8.483441752219256921e-03
8.475594733600043049e-03
8.467846463189977052e-03
8.459488797209766334e-03
8.451656958358562746e-03
8.443900000899548508e-03
8.436524679479209810e-03
8.429026171919510799e-03
8.421811907163033462e-03
8.414624949040053897e-03
8.407452787550260404e-03
8.400287671002079626e-03
8.392050648036299826e-03
8.384608761271840696e-03
8.377171718305384887e-03
8.369730361391393078e-03
8.362286892734832264e-03
8.354848260702143689e-03
8.346613328318160108e-03
8.339647977698523215e-03
8.332416481909786857e-03
8.325047333790516410e-03
8.316889136015531356e-03
8.310006842231990737e-03
8.302670750990647983e-03
8.296303441795905079e-03
8.289456359491477119e-03
8.280858791046018935e-03
8.273759404042378002e-03
8.267311150891432439e-03
8.260291301735247366e-03
8.253538645074992922e-03
8.247304322950817571e-03
8.241103443014435523e-03
8.234638386998723719e-03
8.228031192023378335e-03
8.221360739043738139e-03
8.214674953171003866e-03
8.207019635512706121e-03
8.199433467973442011e-03
8.191241611244962778e-03
8.183498441705294724e-03
8.175937201930038103e-03
8.168485320587712262e-03
8.160474734417210232e-03
8.154577444416692342e-03
8.147212363924925815e-03
8.139950612917976752e-03
8.133894627036309180e-03
8.127433225232089803e-03
8.121800846572244797e-03
8.115971079101719568e-03
8.109387721843951818e-03
8.114088491786254284e-03
8.104075802100837653e-03
8.095742502012226449e-03
8.087881126266726131e-03
8.080785248301530430e-03
8.074052249256126121e-03
8.067966865700921739e-03
8.061646574377306571e-03
8.054902408384606582e-03
8.048276238309141559e-03
8.038735490016511720e-03
8.035769256382684078e-03
8.033285175301481049e-03
8.037530595985852011e-03
8.028924810862760400e-03
8.017918782133230324e-03
8.015215683527960808e-03
8.008360491875511633e-03
8.003073055847952436e-03
7.997781156825733637e-03
7.992624521536073265e-03
7.987380745254816714e-03
7.982795128700263115e-03
7.976488354282305210e-03
7.980467546505793514e-03
7.972200852821305361e-03
7.962290557086531759e-03
7.954003890770774271e-03
7.947715454274710892e-03
7.941662374516640296e-03
7.935950483666558836e-03
7.939605587180192242e-03
7.929348032721933795e-03
7.921482393677195533e-03
7.915116563495559060e-03
7.909175956850299574e-03
7.903266364947314493e-03
7.897930685290517963e-03
7.892932744927352515e-03
7.883765485806383880e-03
7.881560092546995369e-03
7.879416485968264092e-03
7.875748544491864914e-03
7.868548598785588336e-03
7.862120903492328047e-03
7.856223618493756930e-03
7.850452920728653861e-03
7.844377753272626166e-03
7.838624345854333653e-03
7.832521171845829508e-03
7.826724601065673109e-03
7.820565484931363970e-03
7.814708661129847120e-03
7.808482920577864209e-03
7.802071673332314217e-03
7.796057520899123648e-03
7.791332276290684547e-03
7.785013383763472739e-03
7.779002384373992843e-03
7.774243676696751711e-03
7.767840816313370880e-03
7.761738416425557029e-03
7.756900733765920153e-03
7.750399998989684208e-03
7.744215747829075180e-03
7.738937536409626339e-03
7.733653976420916398e-03
7.728443872762686545e-03
7.721510449288641019e-03
7.716465072671062353e-03
7.711457398283199510e-03
7.705630193950147380e-03
7.700035378301763218e-03
7.694417758104810101e-03
7.690005256391557915e-03
7.683330720775653072e-03
7.677241343539573104e-03
7.671557208239943373e-03
7.665774347897250270e-03
7.660473829170711367e-03
7.655060742678744881e-03
7.649815070700255459e-03
7.644856446481056340e-03
7.641719161974914326e-03
7.635346906156637026e-03
7.630215446530601645e-03
7.624953298409910783e-03
7.619963720183718647e-03
7.614945974937230473e-03
7.609655199854040326e-03
7.604515070009660455e-03
7.599695062526334866e-03
7.595378754509597014e-03
7.590555386048790723e-03
7.586219029467250637e-03
7.581377856039775778e-03
7.576105355084460612e-03
7.571537484040664900e-03
7.566510232213151735e-03
7.561549997215730873e-03
7.556254998120354692e-03
7.550690580661262655e-03
7.545114210990848391e-03
7.536650923629652568e-03
7.534511203847950485e-03
7.531117208187478040e-03
7.526742708767206712e-03
7.522085944614512881e-03
7.517368242921439875e-03
7.509038821060851250e-03
7.507090391226923370e-03
7.504066910694344797e-03
7.499646034165397511e-03
7.495196945287676236e-03
7.490581329512912244e-03
7.485751473146057614e-03
7.480769458028515249e-03
7.475692570954291585e-03
7.470519635013998100e-03
7.465324145607810276e-03
7.460076469684946698e-03
7.454764710034134795e-03
7.449351862647369225e-03
7.443920822464526743e-03
7.438484527088016010e-03
7.429819048106908914e-03
7.427025639046184319e-03
7.423650628957827180e-03
7.418758896069886817e-03
7.413811871416269191e-03
7.409039515878054760e-03
7.404099189583338535e-03
7.399614872229596380e-03
7.394586268394598948e-03
7.389482038127850871e-03
7.384339945808975590e-03
7.379192568378380515e-03
7.374019124087119806e-03
7.369386216721375560e-03
7.364254840293133451e-03
7.359106291246060930e-03
7.354294329032205930e-03
7.348742807689863897e-03
7.343379610684007408e-03
7.338520459119051223e-03
7.333548417346708037e-03
7.328317108662197286e-03
7.323491453457522948e-03
7.317981275014300707e-03
7.312688684432322797e-03
7.307909478874108355e-03
7.303030272874583458e-03
7.297903214829329355e-03
7.293171947414796991e-03
7.287773787216925321e-03
7.282585858881557295e-03
7.278065634826854507e-03
7.272642806116422914e-03
7.266692205947067502e-03
7.261556096985368261e-03
7.256259233746686216e-03
7.251102555445135787e-03
7.254258241220290677e-03
7.246334949037748670e-03
7.239901896202812458e-03
7.234345698571145039e-03
7.228331662491533152e-03
7.222788395704023319e-03
7.218083851192558416e-03
7.213300612915124650e-03
7.207947764354996970e-03
7.202601554328464523e-03
7.197433072673745102e-03
7.192498249032426919e-03
7.187533076534999982e-03
7.183974981247472254e-03
7.178523426592607615e-03
7.173166096743791714e-03
7.168751897179855698e-03
7.164627369529283710e-03
7.159887022742603135e-03
7.161751799839558355e-03
7.152191990577977734e-03
7.148899693909609686e-03
7.144843515053564582e-03
7.141298622014766867e-03
7.136683007415759415e-03
7.132384851689173473e-03
7.127297581073533360e-03
7.122810177338977089e-03
7.118309693273272738e-03
7.114255429494762556e-03
7.118056345470569896e-03
7.106560261091857816e-03
7.102622019394393485e-03
7.097995062981728512e-03
7.093269805567590201e-03
7.088673797729876276e-03
7.083874870667680734e-03
7.079144692557094026e-03
7.074530089086600824e-03
7.069806144675274025e-03
7.065060497289832320e-03
7.056530640664537141e-03
7.054571251585674968e-03
7.052123403867790324e-03
7.048548205745496127e-03
7.044827760992649138e-03
7.040131534637600504e-03
7.035692286570247207e-03
7.031930665678117268e-03
7.028230599353169419e-03
7.023927077455693890e-03
7.018746715213600336e-03
7.013853199790218672e-03
7.009088105651248291e-03
7.004455075539508385e-03
6.999514608348234718e-03
6.994372161929513637e-03
6.989591604141755579e-03
6.985123634440411865e-03
6.980577014198798350e-03
6.976821121681100329e-03
6.974038697006772723e-03
6.976774126332689792e-03
6.993584243652019306e-03
7.072522458266193579e-03
7.280202614358873177e-03
7.610950178526199039e-03
7.957805972737723790e-03
8.226135088249264538e-03
8.458958425157500280e-03
8.722568838113431075e-03
8.866780190128740330e-03
8.995062609897850822e-03
9.121932470537743448e-03
9.345932949422248656e-03
9.412621213573625287e-03
9.494508517370376169e-03
9.578324175212090535e-03
9.788642295992610806e-03
9.832597362178797581e-03
9.871477043230103554e-03
1.004401376538124196e-02
1.024109723737603485e-02
1.025437710946457831e-02
1.029136802233107661e-02
1.035530479940890806e-02
1.042431029261515867e-02
1.061758347207585919e-02
1.063642527271710381e-02
1.081674249849089338e-02
1.082293990197525507e-02
1.094667541669584049e-02
1.111534023457311920e-02
1.125867786574504502e-02
1.123475905893575773e-02
1.139384917365339651e-02
1.152952661740098278e-02
1.163419746836240158e-02
1.172942834461208374e-02
1.180570673327572227e-02
1.188231916102146235e-02
1.180536597192167504e-02
1.178469979666720013e-02
1.177979584582632480e-02
1.237206834092367640e-02
1.217223805145347185e-02
1.213747990480469434e-02
1.273912718014738078e-02
1.272680632084833945e-02
1.272873266276901977e-02
1.274083490576945893e-02
1.276010905215546609e-02
1.281216485768348415e-02
1.286341451848806855e-02
1.347939626464180612e-02
1.311061336588318499e-02
1.313631948029105739e-02
1.314805070424073831e-02
1.317297951404898006e-02
1.321426864279871827e-02
1.308246629165810831e-02
1.302827613845671320e-02
1.301509878593922788e-02
1.309879590249512539e-02
1.369734502271061430e-02
1.350848494716535599e-02
1.358189469118203929e-02
1.364080429372205652e-02
1.352746756245996884e-02
1.348923830937137462e-02
1.347331350850158177e-02
1.359468496711631336e-02
1.361877533680234259e-02
1.374998840025561976e-02
1.371531410889393655e-02
1.371671554620633275e-02
1.372430667022859346e-02
1.375297879661776385e-02
1.378599967282676843e-02
1.382115597210919512e-02
1.385764943481807877e-02
1.445262008979729743e-02
1.441724622116103555e-02
1.439876522912380066e-02
1.434673273360647164e-02
1.442849531583956235e-02
1.434458349956108797e-02
1.443258673687222021e-02
1.436729860760641714e-02
1.435322457754318118e-02
1.434054441654693257e-02
1.435082393356006472e-02
1.438180603824347828e-02
1.445321380780386668e-02
1.449237014004502513e-02
1.509021621770322355e-02
1.498671719145269580e-02
1.503605141835382547e-02
1.498654276813468460e-02
1.500806699408706139e-02
1.498800470976990873e-02
1.509796230584422617e-02
1.520287112887849616e-02
1.585207243343968175e-02
1.562777561397071455e-02
1.550857376648406144e-02
1.550853180007173704e-02
1.547711171237508600e-02
1.555967732457035069e-02
1.555171388152617497e-02
1.564830313216800106e-02
1.571830376757363951e-02
1.574550437508559497e-02
1.586458973153996241e-02
1.591720631046030648e-02
1.593755398223571998e-02
1.596212561992781109e-02
1.601449771516798640e-02
1.603484913485253224e-02
1.671322224209613808e-02
1.658014125734907918e-02
1.646557961216133306e-02
1.627422014333098146e-02
1.685404038468282448e-02
1.666626600067925429e-02
1.640444385305301137e-02
1.639881001521597756e-02
1.632017199226388701e-02
1.636957444975796483e-02
1.633124610183818090e-02
1.696040597005126632e-02
1.679657806399439263e-02
1.657386935716288756e-02
1.651652962970999450e-02
1.648229358816292664e-02
1.646188508715000845e-02
1.646794394242224666e-02
1.654523432533743996e-02
1.659159378811121688e-02
1.662073390204310552e-02
1.654363343755774901e-02
1.648164523742791029e-02
1.653876836472800357e-02
1.657455454950253898e-02
1.720446561774843092e-02
1.705808372086033142e-02
1.692318942142316887e-02
1.692417303931275513e-02
1.687225631769478582e-02
1.692682107987504223e-02
1.686868036492419551e-02
1.684820478800012206e-02
1.684207824217479055e-02
1.684229678373600977e-02
1.682857965557415722e-02
1.680790705638392918e-02
1.688403169549797245e-02
1.692953603064460688e-02
1.695875369218601339e-02
1.698273686607750660e-02
1.699467724513270203e-02
1.705310538956767569e-02
1.768401466180091752e-02
1.753589808439772607e-02
1.746713945561577039e-02
1.791081489021856613e-02
1.769694443553366386e-02
1.763144489436533832e-02
1.761128609548938753e-02
1.756845433652481914e-02
1.755542210360590966e-02
1.753775988735611566e-02
1.753267932992710540e-02
1.752709738596037667e-02
1.754598830561120149e-02
1.759697881319345972e-02
1.760560682433274723e-02
1.819997305052696232e-02
1.791477620731914133e-02
1.789770258961316182e-02
1.789760775245065327e-02
1.788653399498286653e-02
1.786918890326896422e-02
1.784546764513104608e-02
1.780291929647918533e-02
1.786554426510531673e-02
1.789268673270756616e-02
1.850355679755310429e-02
1.821000638245006201e-02
1.817236639755647962e-02
1.875473210894451626e-02
1.845396906524818248e-02
1.831432848326053006e-02
1.827435300265526849e-02
1.823856796175614414e-02
1.820941979908338379e-02
1.817884079487271445e-02
1.815726457838234484e-02
1.873591187800285537e-02
1.854215729460285955e-02
1.843582424341746323e-02
1.836409956802150314e-02
1.832177096065254474e-02
1.829597974099552923e-02
1.826912880233980477e-02
1.825105370663144752e-02
1.824440216392885297e-02
1.826076776817461486e-02
1.831142239391888790e-02
1.829351380303334204e-02
1.836126729620858947e-02
1.835874599267443494e-02
1.843711275176400030e-02
1.846793804299183203e-02
1.846564609833321532e-02
1.845778379198685648e-02
1.845477301456728211e-02
1.844339497354352542e-02
1.841293595280283149e-02
1.848626983862188336e-02
1.864331801522082013e-02
1.862823157745497130e-02
1.864421617080963545e-02
1.866633472834764579e-02
1.867166865243191295e-02
1.867491432473838628e-02
1.866474180478278760e-02
1.865441249029637510e-02
1.868206002002972127e-02
1.871240474786096605e-02
1.872652844130653915e-02
1.872910841689887085e-02
1.872848454871564941e-02
1.873077303380367084e-02
1.875501732201051083e-02
1.883217090819376896e-02
1.947319100040892370e-02
1.931693668371707931e-02
1.973763334102361655e-02
1.952108703874967308e-02
1.938409658002586064e-02
1.981171525815064727e-02
1.960466515661722989e-02
2.017162160545669242e-02
1.981309096061208141e-02
1.955411658262130870e-02
1.945239066605546074e-02
1.946052618403817935e-02
1.936026212088294216e-02
1.992898493888671865e-02
2.040411809620835265e-02
1.995215100636422642e-02
1.976996315435891258e-02
1.970049208687825459e-02
1.964327707914712007e-02
1.962161210625135155e-02
1.966293278913282955e-02
1.970614068053894857e-02
1.970249388558097461e-02
1.969108386432952273e-02
1.967062226492710675e-02
1.964369646447506820e-02
1.963823436387403601e-02
1.968267837455922945e-02
1.968210670566603038e-02
1.966534869217397008e-02
1.967447635501965233e-02
1.971271017387232413e-02
1.976834555258877649e-02
1.975727594362454084e-02
1.983729054205143894e-02
1.984827878981118565e-02
1.983892165565819335e-02
2.041249841300225853e-02
2.012524315973533359e-02
1.996937469382109587e-02
1.990191190714167210e-02
1.988039249475868561e-02
1.991746708499338159e-02
1.991538060518407982e-02
1.993224678099181704e-02
1.997630273034380066e-02
2.002588826151598805e-02
2.003426072520058526e-02
2.001620824319538111e-02
2.053215783684333995e-02
2.017882240042254138e-02
1.979700742482813289e-02
1.949539644302806726e-02
1.926658160328395542e-02
1.907129649252634757e-02
1.892860396965273875e-02
1.879929011344167941e-02
1.867892818721770751e-02
1.856692923159494399e-02
1.845614235452773186e-02
1.835847678085921267e-02
1.826446825569852037e-02
1.818086159630920989e-02
1.812251535084546603e-02
1.806997797402095859e-02
1.801419032984132376e-02
1.795535053155644309e-02
1.789416996757325559e-02
1.783203514923161967e-02
1.776949629752284932e-02
1.770446808434114616e-02
1.764390044276109223e-02
1.758274881083409652e-02
1.752394186609360430e-02
1.746727301531876206e-02
1.741386510574985391e-02
1.735871263853188892e-02
1.730872166723245939e-02
1.725808203343113731e-02
1.719806868803397046e-02
1.713828761967869929e-02
1.709756944153280334e-02
1.706099766445279275e-02
1.702638933014493511e-02
1.698931631186557933e-02
1.695041228551342691e-02
1.691038137458772406e-02
1.686967760693277793e-02
1.682860067123292253e-02
1.678735488261503400e-02
1.674608450716657745e-02
1.670489493523147698e-02
1.666380696272130521e-02
1.661771300581797381e-02
1.657099441862701014e-02
1.652023581149522288e-02
1.646206374671170189e-02
1.644495378148521161e-02
1.641744650451555307e-02
1.636989275611778691e-02
1.635792856009348969e-02
1.632519879359692686e-02
1.629419816656158329e-02
1.625974371109280628e-02
1.627416114708591516e-02
1.621363946114695240e-02
1.615844268446589224e-02
1.616702826955100300e-02
1.610701980370784700e-02
1.604521270173311573e-02
1.602733334156708489e-02
1.599723290051237312e-02
1.596350514146339244e-02
1.593208743395253466e-02
1.589658475107785102e-02
1.586255005154848380e-02
1.583085131722668584e-02
1.583900935245467420e-02
1.578470212797077402e-02
1.573180757798208970e-02
1.569448931623093277e-02
1.565847156418300259e-02
1.562700314378167796e-02
1.559437366177308416e-02
1.555814689767362827e-02
1.552207860023970681e-02
1.549517706465809025e-02
1.546859849132248103e-02
1.544754751761518233e-02
1.541996707533396793e-02
1.539561108443765480e-02
1.537404517647011915e-02
1.535344674601492668e-02
1.533195659150972390e-02
1.530320295617216067e-02
1.527726786651096604e-02
1.525371066518325242e-02
1.523033922845782109e-02
1.520408435908109437e-02
1.517899870760410289e-02
1.515229897926681328e-02
1.512864864200599326e-02
1.510179985875539747e-02
1.507516297429711306e-02
1.504631333894664025e-02
1.502070314784362259e-02
1.498886433452717784e-02
1.495985753459970827e-02
1.493602695227574939e-02
1.491166375433964492e-02
1.488754454402610276e-02
1.485945299386143108e-02
1.482786140001476384e-02
1.482086337099450951e-02
1.480534964484585096e-02
1.478644684646575683e-02
1.476318596630657801e-02
1.473804568965917522e-02
1.471241578331394621e-02
1.471815720008093700e-02
1.468099197349692110e-02
1.464965013652199700e-02
1.461422961842219481e-02
1.458670173805095421e-02
1.458927425799948045e-02
1.458776409494402793e-02
1.453381871393683369e-02
1.451139369052998652e-02
1.448559004948353317e-02
1.445938396212691039e-02
1.443363706963073090e-02
1.440855539996931112e-02
1.438410997931955683e-02
1.438819104667552785e-02
1.438798542077755239e-02
1.438429980343177740e-02
1.432936265686556021e-02
1.433061712082453303e-02
1.432675927839265409e-02
1.425892733182441974e-02
1.425734466785889831e-02
1.425820558732980060e-02
1.425177127909163510e-02
1.424623260434495012e-02
1.423266738332748006e-02
1.420734421611609746e-02
1.418262375182997685e-02
1.414131189734251816e-02
1.410592579203361410e-02
1.411277202344282666e-02
1.406968132677552212e-02
1.403055115455212158e-02
1.399917433130997216e-02
1.395807754605230336e-02
1.395169192025805596e-02
1.393969028736839061e-02
1.391798709051208886e-02
1.389035132572347814e-02
1.388357653356775759e-02
1.386937292453923123e-02
1.384746980130242139e-02
1.383411771678955127e-02
1.382078509352064992e-02
1.380209426855138512e-02
1.378996449548916883e-02
1.377631000674854611e-02
1.375912799762976126e-02
1.373788296758029354e-02
1.374469109805399186e-02
1.371078984258071280e-02
1.367964471667834983e-02
1.365139383916580233e-02
1.362418004723649906e-02
1.359956697782855120e-02
1.357506442784084735e-02
1.355049808725933627e-02
1.352157983666954499e-02
1.351322627850553605e-02
1.349900987830199989e-02
1.347815460051497716e-02
1.345992024024660061e-02
1.346233665787166522e-02
1.343931101341817348e-02
1.341817215167851601e-02
1.339667734597969721e-02
1.338253745856391591e-02
1.336752766909516180e-02
1.335233731750290302e-02
1.333781511398760868e-02
1.333250682775321064e-02
1.332770276764254705e-02
1.332268498426714479e-02
1.331055992462767956e-02
1.329355411966452565e-02
1.327597563844813179e-02
1.327353490104447344e-02
1.326959657846489386e-02
1.327807880672208542e-02
1.325955993392073477e-02
1.325871921192325886e-02
1.323218001111336854e-02
1.320866966443327156e-02
1.318378062806248308e-02
1.317653589345115298e-02
1.316678516471065166e-02
1.314834259095270033e-02
1.313436264797152725e-02
1.312135265657724849e-02
1.309660950943679347e-02
1.309094003555525201e-02
1.308185179172403900e-02
1.307047533114572002e-02
1.305809887613440003e-02
1.304288403510281413e-02
1.302694127773122192e-02
1.301192937719997458e-02
1.299607023285301137e-02
1.298026969646205037e-02
1.295888493236436838e-02
1.295627163637442028e-02
1.294305234869171789e-02
1.293109296945887249e-02
1.291391515735204956e-02
1.289995546128670789e-02
1.290372237760695900e-02
1.288420849381291360e-02
1.286696417466566891e-02
1.284897454091489533e-02
1.283282945767829156e-02
1.281836533412674707e-02
1.279581864553859874e-02
1.279177064410429165e-02
1.278334352658871270e-02
1.279067783324505138e-02
1.276208762668177600e-02
1.275410403704390142e-02
1.274088162527917817e-02
1.271853026498935557e-02
1.271410554823921603e-02
1.269794336527315520e-02
1.267722071224566122e-02
1.267254655621826570e-02
1.266216331988221158e-02
1.264785462022587070e-02
1.262928455893900549e-02
1.262398070024169094e-02
1.261542067524298177e-02
1.260284812590236475e-02
1.258680725637678979e-02
1.257400737736838296e-02
1.256314479921313669e-02
1.255267243648649535e-02
1.254252165452229839e-02
1.253173532016132845e-02
1.252125956312436644e-02
1.250839293920060283e-02
1.249219725014865355e-02
1.247898704890828929e-02
1.246822388853866675e-02
1.245146232005359642e-02
1.244948053075928610e-02
1.244216239436263943e-02
1.243377665305783406e-02
1.243800866855444831e-02
1.241936747550381921e-02
1.240254602699405323e-02
1.238766572389093067e-02
1.237208401120326595e-02
1.235719378024361520e-02
1.234292672353488364e-02
1.232783676932170877e-02
1.231478553111065022e-02
1.229916570111715818e-02
1.228602579696324443e-02
1.228808969256405155e-02
1.227063539626475908e-02
1.225493357211464816e-02
1.224228340985242074e-02
1.222908543680496785e-02
1.221648543089756851e-02
1.220287910456163347e-02
1.218538062744208006e-02
1.218170132663490279e-02
1.217104632889244413e-02
1.215539757328617902e-02
1.215353324211618929e-02
1.214761268257761977e-02
1.215395022652708198e-02
1.213678835097430075e-02
1.212303645177426753e-02
1.211011117427304197e-02
1.209311569308360590e-02
1.209016386669979279e-02
1.208361719898787962e-02
1.207379393934977438e-02
1.207870026724548740e-02
1.208045224686709988e-02
1.206117952790147947e-02
1.204097758685498260e-02
1.201939467231781175e-02
1.201283817787714842e-02
1.201803481796118872e-02
1.199541669752052925e-02
1.198887935921353134e-02
1.199636587946181256e-02
1.197678956241580474e-02
1.196004925736389966e-02
1.194570697574883801e-02
1.193179749624165287e-02
1.191442428662735711e-02
1.191041616364906484e-02
1.190271561489506837e-02
1.189366487050365004e-02
1.188279127451977168e-02
1.187243503015434840e-02
1.187685282318411140e-02
1.186008494984666824e-02
1.186185818885227006e-02
1.184253232877661988e-02
1.184396618450157465e-02
1.182306654324130624e-02
1.180515801483572255e-02
1.178949895760300626e-02
1.177441863505911644e-02
1.176123758500284035e-02
1.174972164202833097e-02
1.173405846068688307e-02
1.171713052273773252e-02
1.171309170331419174e-02
1.170494928556850556e-02
1.169558506709190114e-02
1.169922822412997575e-02
1.167974220828523792e-02
1.167303436736483700e-02
1.166461790385033871e-02
1.165407675930455605e-02
1.165413562013597505e-02
1.163938332598779372e-02
1.162026199852061320e-02
1.161498896226037351e-02
1.160933248724400034e-02
1.159910330226910161e-02
1.159007713593949301e-02
1.158262666304891303e-02
1.158296216679658569e-02
1.156958291143151893e-02
1.155892813590979340e-02
1.155021759853120354e-02
1.154013613590163315e-02
1.153096236455196724e-02
1.152278360001273219e-02
1.151089854100217566e-02
1.150095665605628363e-02
1.149196324145666109e-02
1.148317504930673749e-02
1.147489758806821691e-02
1.146585431466880939e-02
1.145734661931090657e-02
1.144775779376188372e-02
1.143832924466708402e-02
1.142922640865566900e-02
1.143369540258130750e-02
1.141874778747081765e-02
1.140468831852527350e-02
1.139172178809855392e-02
1.138092471959106615e-02
1.137056977985286162e-02
1.135884767923028837e-02
1.136035383685470024e-02
1.136261691138554068e-02
1.134400124944023869e-02
1.132609935065372747e-02
1.131945214882018082e-02
1.131187772162912247e-02
1.131554654620406386e-02
1.131666183620259544e-02
1.131609754443498560e-02
1.129596759502866227e-02
1.129568387509972613e-02
1.127627238840035219e-02
1.125991139746857460e-02
1.124141334912219514e-02
1.123563534831763071e-02
1.122729098840677397e-02
1.121240136496521635e-02
1.122122064332526335e-02
1.122294243639031068e-02
1.120780636921949770e-02
1.121121388713188470e-02
1.119370009955121363e-02
1.117751247833832437e-02
1.116524712684285187e-02
1.116654406659906007e-02
1.115341639199302591e-02
1.114103308031953905e-02
1.113059138157934148e-02
1.112201504248823240e-02
1.111190579059295053e-02
1.111567900374941902e-02
1.110108901799027048e-02
1.108936404557284844e-02
1.107785681990732657e-02
1.108244376399471036e-02
1.106666612495686708e-02
1.105436436370346547e-02
1.104224396458611604e-02
1.103175600488197697e-02
1.103333942425750551e-02
1.102147349439873414e-02
1.100973066440832059e-02
1.099856794219557579e-02
1.098525171175534360e-02
1.098129329576793059e-02
1.097522931439017142e-02
1.096964861138857716e-02
1.096119460816915442e-02
1.095333310589830661e-02
1.094568092754178920e-02
1.094008971353733692e-02
1.093308363345705733e-02
1.092763143202155410e-02
1.093071991752998795e-02
1.093104898874361526e-02
1.091569930387926123e-02
1.091209074592628704e-02
1.091052307711977247e-02
1.089740089367833599e-02
1.088680755677506710e-02
1.087820546098357266e-02
1.087060904622738633e-02
1.086242487498631504e-02
1.085615976607727518e-02
1.085760492185706104e-02
1.084608269688506176e-02
1.083826926788009765e-02
1.082760288637214970e-02
1.081962990727687937e-02
1.081203156349614183e-02
1.080456057054466484e-02
1.079835998045707533e-02
1.080149469807120850e-02
1.078738385345283379e-02
1.077207338619594681e-02
1.076769631233970292e-02
1.076227829250081189e-02
1.075668946700644724e-02
1.075008483192551288e-02
1.074311592036293617e-02
1.073556116952725271e-02
1.072423051098468985e-02
1.072252589673263097e-02
1.071840543387240358e-02
1.071288045917946803e-02
1.070585972783915339e-02
1.069832701711053574e-02
1.069047132386730624e-02
1.068258382532847467e-02
1.067034758929286814e-02
1.066716733973133158e-02
1.067224798335152797e-02
1.066362197324256800e-02
1.065435101986882994e-02
1.064513602427457836e-02
1.063488163349181163e-02
1.062492487303174846e-02
1.061631088078239873e-02
1.060818479478118845e-02
1.059994733519983509e-02
1.058829327302980051e-02
1.058508852875604533e-02
1.058170148555255367e-02
1.057984081758516631e-02
1.057323662389045987e-02
1.056237380232123886e-02
1.056051897948238200e-02
1.055671374414034018e-02
1.055139117107485765e-02
1.054530741972841551e-02
1.053826269583394738e-02
1.054140491823738271e-02
1.053047707816738739e-02
1.051647793514220823e-02
1.051222895460154558e-02
1.050612449492550546e-02
1.049925806832046477e-02
1.049290018921731835e-02
1.048572328804003514e-02
1.047850347037380947e-02
1.047068173101409552e-02
1.046333443420588254e-02
1.045621451593059352e-02
1.044904912900309485e-02
1.044198513180765245e-02
1.043581604452050240e-02
1.042638976026070800e-02
1.041830147903130728e-02
1.041121390963653873e-02
1.040482515924989575e-02
1.039652587445733141e-02
1.039010597655102425e-02
1.038375829372817361e-02
1.037838983941239898e-02
1.036680146029660826e-02
1.036447029888875292e-02
1.036005744203840652e-02
1.035566539863268416e-02
1.034625504002590311e-02
1.034495702764335473e-02
1.034097832531419986e-02
1.033247146339625819e-02
1.033124493927930002e-02
1.032781773248129045e-02
1.031872552032834199e-02
1.031768174168774983e-02
1.031482712306646191e-02
1.030543017365940540e-02
1.030385683028296404e-02
1.030088604338925268e-02
1.029886430783601668e-02
1.029513818016803556e-02
1.028900873783331060e-02
1.028201184456938207e-02
1.027557046060804946e-02
1.027070911762857468e-02
1.026405904071540053e-02
1.025737406217234332e-02
1.025054699176628642e-02
1.024359901660009363e-02
1.024666520580138490e-02
1.023573390428447229e-02
1.023763130956300942e-02
1.022460779110555100e-02
1.021361570723955392e-02
1.020372799498257474e-02
1.019455762801843579e-02
1.018726058091903169e-02
1.017845932145930443e-02
1.017008350330559502e-02
1.016274248705985317e-02
1.015588981629434416e-02
1.015001856768472238e-02
1.015165251527337664e-02
1.014005784526192562e-02
1.013167165526052647e-02
1.013089033686952189e-02
1.012818743946827110e-02
1.012383053015514581e-02
1.011850335454552927e-02
1.011347602631543219e-02
1.010764150778269838e-02
1.010207683480598105e-02
1.009609956683598167e-02
1.008942018833386758e-02
1.008432110650858693e-02
1.007648820267464246e-02
1.006984173507038949e-02
1.006458864017479964e-02
1.005879781983628520e-02
1.005388163506699614e-02
1.004349424362955580e-02
1.004063185377833053e-02
1.003613056747579627e-02
1.003196009091715524e-02
1.002783974515911863e-02
1.002113940979979315e-02
1.001530878443850255e-02
1.001103784378995845e-02
1.000547884741366522e-02
9.998168601356278995e-03
9.989756214119616812e-03
9.994715050218780025e-03
9.997002146024289507e-03
9.988732354813359415e-03
9.986900788314601041e-03
9.979328316438128288e-03
9.977791185820653747e-03
9.968744047751951567e-03
9.969652420749819388e-03
9.963296331700375458e-03
9.955138526349150557e-03
9.948090918898956636e-03
9.943424171281595864e-03
9.943539569463409958e-03
9.935960697787573140e-03
9.926106753568008853e-03
9.924070956477846692e-03
9.921128573329048711e-03
9.917467886881269068e-03
9.909599334747503860e-03
9.908230424411180320e-03
9.905794356691258878e-03
9.901818449975762979e-03
9.896056166630220335e-03
9.889879065134716055e-03
9.883396803665749422e-03
9.877417818165534769e-03
9.870446025475909310e-03
9.863934588551601101e-03
9.857234466667939843e-03
9.850510323322368700e-03
9.843965221910895569e-03
9.834384011980052201e-03
9.838139720770834595e-03
9.832093105519796108e-03
9.835452944278920417e-03
9.827658736408249884e-03
9.818217102994091297e-03
9.806658295928550109e-03
9.802705001110481597e-03
9.797985934476092368e-03
9.793579920674321676e-03
9.787134619345428527e-03
9.781120681216715768e-03
9.775147142340165352e-03
9.769448507904624629e-03
9.761009874886608650e-03
9.759136523042411318e-03
9.761946585877746135e-03
9.755467113801666312e-03
9.749273656666911092e-03
9.743467857347809513e-03
9.737693348952346575e-03
9.731993270776522278e-03
9.722445873448240516e-03
9.719965257944766790e-03
9.716455517737646735e-03
9.712842426652162561e-03
9.706746711401374045e-03
9.701231599951766482e-03
9.695105670501295847e-03
9.690480371704335294e-03
9.685449554670370886e-03
9.680167348461632751e-03
9.674890688647786591e-03
9.668892078119738220e-03
9.660098243319308053e-03
9.657793183558877753e-03
9.654090053242731992e-03
9.649542984540916343e-03
9.641213584014929339e-03
9.639513950988620045e-03
9.636407606863343911e-03
9.632326989811583473e-03
9.623646350965025728e-03
9.622010602065002305e-03
9.619248823077956867e-03
9.615315724051705024e-03
9.609360006956906355e-03
9.603515017435868689e-03
9.598118398818340433e-03
9.592707724116128834e-03
9.587145205116135924e-03
9.581349189710874903e-03
9.576238090837472031e-03
9.571068313111814538e-03
9.565749441029164704e-03
9.560326654091858001e-03
9.555009560503931187e-03
9.549472579775281425e-03
9.544774998825555912e-03
9.540335432832265303e-03
9.533643368060402967e-03
9.527097365169840543e-03
9.522750414645356209e-03
9.513054976497060250e-03
9.511166653670972970e-03
9.506340039671587472e-03
9.501498948047255866e-03
9.497225828599575870e-03
9.493256601866850025e-03
9.489232059470881567e-03
9.484630146082443855e-03
9.480500260598902912e-03
9.482615306492555088e-03
9.476349454614724568e-03
9.468779079473929258e-03
9.462566665824087217e-03
9.457214013443496561e-03
9.452133175361749143e-03
9.444299893761751857e-03
9.439492145617383451e-03
9.439571312913968074e-03
9.438252676559240328e-03
9.435618912024455740e-03
9.432012609248455540e-03
9.427626024440867447e-03
9.422541584210478161e-03
9.417861401549168510e-03
9.413002782233377205e-03
9.407951216221328503e-03
9.402767972578234337e-03
9.398719958811765918e-03
9.393491411237664054e-03
9.386559353219881344e-03
9.381045098396116957e-03
9.373539256756246649e-03
9.371768606187871539e-03
9.369221306984280503e-03
9.365906618614522686e-03
9.368400701037513448e-03
9.369728776362266920e-03
9.362323220338903892e-03
9.356170976349291804e-03
9.349255917914947936e-03
9.351150407399607886e-03
9.351805674798348636e-03
9.351631388287616475e-03
9.339549692096866737e-03
9.326925884573988509e-03
9.321392727283281734e-03
9.314444007160867234e-03
9.308433519531866818e-03
9.302544960118799833e-03
9.297526905182268084e-03
9.291849417775116179e-03
9.283495685649140877e-03
9.281113434583999552e-03
9.283696074033844295e-03
9.280574555769393816e-03
9.276015156749986557e-03
9.271032857314417605e-03
9.266256000474605223e-03
9.261109197390805098e-03
9.256443527182552436e-03
9.257131302441431314e-03
9.258529521789930425e-03
9.250180814737800003e-03
9.240735593484112470e-03
9.233412034412328759e-03
9.227356000510021639e-03
