0.000000000000000000e+00
0.000000000000000000e+00
0.000000000000000000e+00
0.000000000000000000e+00
0.000000000000000000e+00
0.000000000000000000e+00
0.000000000000000000e+00
4.624165986985451660e-04
8.918004502028898262e-04
1.204632552309387213e-03
1.422223151931156912e-03
1.568193234388620769e-03
1.663480541922407506e-03
1.724591486506471538e-03
1.763682294741214648e-03
1.789334277152232651e-03
1.807431720589708531e-03
1.821916962797626161e-03
1.835372640201354865e-03
1.849447121316610994e-03
1.865156270225792889e-03
1.883093663196494646e-03
1.903338844996677092e-03
1.926299321647428984e-03
1.951991036056805037e-03
1.980363213971941903e-03
2.011328001423018548e-03
2.044779439791311049e-03
2.080605423815212653e-03
2.118695026573897029e-03
2.158942780527656462e-03
2.201250974607976869e-03
2.245530676584711789e-03
2.291701951909436413e-03
2.339693589863217627e-03
2.389442543374193165e-03
2.440893214693462630e-03
2.493996672790116647e-03
2.548709855572373062e-03
2.604994790096792912e-03
2.662817848662196989e-03
2.722149051633898642e-03
2.782961420491897406e-03
2.845230382674729386e-03
3.354596186765901409e-03
3.864556821200626491e-03
3.663731645202411829e-03
3.548177627549192747e-03
4.136672110037653560e-03
3.917425135319602299e-03
4.501858345222015112e-03
4.211149687956133869e-03
4.786322167313156357e-03
4.450764577513738503e-03
5.014967488112415453e-03
4.654255546144831120e-03
5.078668365948352942e-03
5.643535727533849876e-03
5.128979673867734707e-03
5.524369584360861243e-03
4.942833365008964669e-03
4.690498071262910913e-03
4.575845360794444927e-03
5.013160537970379194e-03
5.421414375931899593e-03
5.634781410011980261e-03
5.207975925220465450e-03
5.010396914357779022e-03
5.249914172775389104e-03
5.470714585627306850e-03
5.673801650353749171e-03
5.860157950333850195e-03
5.584078339203574215e-03
5.787061778476560586e-03
5.973426061756565569e-03
6.144543071762098574e-03
6.301768378364953210e-03
6.446481613745197459e-03
6.580091845761865642e-03
6.704024577927958362e-03
6.819697229955967895e-03
6.928489731258508089e-03
7.031715580216108680e-03
7.130597008409584464e-03
7.226246226393723618e-03
7.319653389110264592e-03
7.411680952370991449e-03
7.503061654112542014e-03
7.255080219295106936e-03
7.405992834388025817e-03
7.547510440977439790e-03
7.681470698235099218e-03
7.809457074986126367e-03
7.949247654681879452e-03
8.083257128224352953e-03
8.212783989420286562e-03
8.338885039295513765e-03
8.462423610063791318e-03
8.584098828050473751e-03
8.686989249530614049e-03
8.791334095706676566e-03
8.897004761383669677e-03
9.003899245130553980e-03
9.111917893865496137e-03
9.220955673719583023e-03
9.330901381824480839e-03
9.441639240401450417e-03
9.553051788609219497e-03
9.665022529780249727e-03
9.777438367529296334e-03
9.890191685093320181e-03
1.000318223300626468e-02
1.011631773570504517e-02
1.022951560660460661e-02
1.034270344535367404e-02
1.045581953759383044e-02
1.056881315750389343e-02
1.068164469491007622e-02
1.060134357242726449e-02
1.061688054978991540e-02
1.129589137661895538e-02
1.120705026549598249e-02
1.251172598067534260e-02
1.225522276449397818e-02
1.196034566238116797e-02
1.076511777051759183e-02
1.081427776925461548e-02
1.075080014966384168e-02
1.004227136349277252e-02
9.694316604177528884e-03
9.617161057187923606e-03
9.798127341732893944e-03
9.497453563178310729e-03
9.990032588313192685e-03
9.618588340940988080e-03
9.432917922645018410e-03
9.627370164630772234e-03
9.376933613606825563e-03
9.536685286003827866e-03
9.284743657028577193e-03
9.434428432372516174e-03
9.528094895199996570e-03
1.014247722541420510e-02
9.816994592226175112e-03
9.428829597296501872e-03
1.008989414669916873e-02
9.559738981395416238e-03
9.432817806312582265e-03
1.012521862715072378e-02
9.673541442855560293e-03
1.033233844239388015e-02
9.766923640627473216e-03
9.649831455805796959e-03
9.511867446606831616e-03
9.491081938370438814e-03
9.713747324223082416e-03
1.037712240058181329e-02
9.913734624183840466e-03
1.055851074700436300e-02
9.974117526638615755e-03
9.824267132769477079e-03
1.050709311748900324e-02
1.113978359211595381e-02
1.033648042935233005e-02
1.012121603572823693e-02
9.935377971479820644e-03
9.826320622367129554e-03
9.840290927040341862e-03
1.050750095462413963e-02
1.092291373724109740e-02
1.043549784189716327e-02
1.088073868252985126e-02
1.076921529515197443e-02
1.139018549444291255e-02
1.063382142563176237e-02
1.042107962539812888e-02
1.108213911659966522e-02
1.059779125308632497e-02
1.103600624147663134e-02
1.168687562037240557e-02
1.088556565050128981e-02
1.057655785629554347e-02
1.102178584138694545e-02
1.082546102796311943e-02
1.128090157265455688e-02
1.104890584365266284e-02
1.150911304864878429e-02
1.124916827990312708e-02
1.124652450328605426e-02
1.091453365504727047e-02
1.136207018009765569e-02
1.114025452387987225e-02
1.115506581985514258e-02
1.158184580841287864e-02
1.111183596514762721e-02
1.156057158949628377e-02
1.128807239351570929e-02
1.100764089953477215e-02
1.095504741250846216e-02
1.112943380444619823e-02
1.094551591983895615e-02
1.084363518848163212e-02
1.075330454246716319e-02
1.081662408886573459e-02
1.088075819702513658e-02
1.094663895860085827e-02
1.111468289217509842e-02
1.094973618058995950e-02
1.089936645234871465e-02
1.093348060374009327e-02
1.097269647133944370e-02
1.144570114143532262e-02
1.191502737226084012e-02
1.149271468266361423e-02
1.196987271322222379e-02
1.159006120315139200e-02
1.213647869718898625e-02
1.259445641045732825e-02
1.229199589520578277e-02
1.179766146742899924e-02
1.175004394963716919e-02
1.216316625838603262e-02
1.196069178136843249e-02
1.166977111978699869e-02
1.157077213299459451e-02
1.161432931438632389e-02
1.158855013008247038e-02
1.153578935239099601e-02
1.147356009988646612e-02
1.141113020313431863e-02
1.135319575660973662e-02
1.130190757414444372e-02
1.125800309521693410e-02
1.122145410127942111e-02
1.119183915600217155e-02
1.107029099618873219e-02
1.116295378688006434e-02
1.119916272820880611e-02
1.120809695428227198e-02
1.120431753689658631e-02
1.119559965953080376e-02
1.118605752075230858e-02
1.117778028480954228e-02
1.107715696752435523e-02
1.117852074644177379e-02
1.122446775035518957e-02
1.124246097157049519e-02
1.124686997585570662e-02
1.124540941817386321e-02
1.124220080505313260e-02
1.123937642134302355e-02
1.123796164846812586e-02
1.122462422844475172e-02
1.121404376095570116e-02
1.120639602141162983e-02
1.120155068556247246e-02
1.119924189099052482e-02
1.110456276638545695e-02
1.108407675134796648e-02
1.157953144846329309e-02
1.152374561392302543e-02
1.148390858919783909e-02
1.145550096462002489e-02
1.143543609339572366e-02
1.142163246415549109e-02
1.141266314833315823e-02
1.140751864845553423e-02
1.140545730005572758e-02
1.140591344292112355e-02
1.140844133015308029e-02
1.141268048909889823e-02
1.141833380074379171e-02
1.142515311971585394e-02
1.143292941463667882e-02
1.144148567920598263e-02
1.145067159924605983e-02
1.146035938165965162e-02
1.147044039082226186e-02
1.148082237453511116e-02
1.149142714013833867e-02
1.150218858711909466e-02
1.151305102993096033e-02
1.152396776179725503e-02
1.153489982124639851e-02
1.154581493076951154e-02
1.155668658244052988e-02
1.149246390383145203e-02
1.158430144333085290e-02
1.156174692170969936e-02
1.156206985557841661e-02
1.163051925564709266e-02
1.168084129303045317e-02
1.176092644388558421e-02
1.186842906604528881e-02
1.195105028318998487e-02
1.204996448345049299e-02
1.216667150120345764e-02
1.225782760990456501e-02
1.237084148375973761e-02
1.245270371170430039e-02
1.249071997662059598e-02
1.257117738832571122e-02
1.259721916267862556e-02
1.276903811850858654e-02
1.339627866395159440e-02
1.394666282327069497e-02
1.345220776983905957e-02
1.299508356413606180e-02
1.348676354407804534e-02
1.378186887449760548e-02
1.407362705728756880e-02
1.344655078406222816e-02
1.313298770162331722e-02
1.307610184095166564e-02
1.298104932504720067e-02
1.281702545366741365e-02
1.331841457403380551e-02
1.378277233136424029e-02
1.341590819642790068e-02
1.317688031257236575e-02
1.289404449685897097e-02
1.274698596378388143e-02
1.265974927056780566e-02
1.268002181172590143e-02
1.266090718404988026e-02
1.310941033937026989e-02
1.277028020621999264e-02
1.269849605898507039e-02
1.264976327272783821e-02
1.261539741139476936e-02
1.259035189672115876e-02
1.257159054982869353e-02
1.255728317965156340e-02
1.254614062626329199e-02
1.253736762600393684e-02
1.253041194600396785e-02
1.251653212849831998e-02
1.251776987549600012e-02
1.294788027489250475e-02
1.266415271250775389e-02
1.253551197474010032e-02
1.253021478583384897e-02
1.253634393895269351e-02
1.254388023386075572e-02
1.297915561729893856e-02
1.270567540471831403e-02
1.264404599472995251e-02
1.266100130962440409e-02
1.266637305651698367e-02
1.260534442628025165e-02
1.255958222713412023e-02
1.299931208137932760e-02
1.278915614869716166e-02
1.277849154181865537e-02
1.328333509387214645e-02
1.306372650562557386e-02
1.303363178925077276e-02
1.294696808361377009e-02
1.291570258146838672e-02
1.339445486656169575e-02
1.311125489805992778e-02
1.297238146849315037e-02
1.290246208568091024e-02
1.287211195914286267e-02
1.286083624324241975e-02
1.285828958649948284e-02
1.285521178007009713e-02
1.284949297885700815e-02
1.284158400223227650e-02
1.283176058027395497e-02
1.281928792832506825e-02
1.280085692641551136e-02
1.323032264402343450e-02
1.354847449170712426e-02
1.301403737524017834e-02
1.272595670450897380e-02
1.252624497923096603e-02
1.232974885892354489e-02
1.216467063660133310e-02
1.201591766132081331e-02
1.191007320989321411e-02
1.180485781427161388e-02
1.170497239893190759e-02
1.161510810768161088e-02
1.153322538567029369e-02
1.145807495012131708e-02
1.137741304536975077e-02
1.131885526021701553e-02
1.123336466002151750e-02
1.120944754271222671e-02
1.117297531935506141e-02
1.111254679943986592e-02
1.104491315548039067e-02
1.097940833662026765e-02
1.091763394978879746e-02
1.085478963559369930e-02
1.080338432540453066e-02
1.074318418329087144e-02
1.069610750857626427e-02
1.064147407046292515e-02
1.059515806147893341e-02
1.054492564208139860e-02
1.049135218150409887e-02
1.044692860647263369e-02
1.040637851639064117e-02
1.036644462547164393e-02
1.033060516265936306e-02
1.028368839011004066e-02
1.024624818933121510e-02
1.019986633417869354e-02
1.016308821308397649e-02
1.011828147353204845e-02
1.007924248610848200e-02
1.004428428184432447e-02
1.000701945272540298e-02
9.961621335918347322e-03
9.916519588389039255e-03
9.880461582709993210e-03
9.850020101941060757e-03
9.813421457808025120e-03
9.782358992416223531e-03
9.753676443334476087e-03
9.718646511627737627e-03
9.688266216721280744e-03
9.659028017866661334e-03
9.627306903424011353e-03
9.598296704925964040e-03
9.567147011210270363e-03
9.539847979365129529e-03
9.512344470521988393e-03
9.484481355827752147e-03
9.454110950395151411e-03
9.429862545695073123e-03
9.398072763187310594e-03
9.374128755085675210e-03
9.354378520163908473e-03
9.324002233583544505e-03
9.302212850011088233e-03
9.284261307482772133e-03
9.255514680188576745e-03
9.236672320014061716e-03
9.209478901880214716e-03
9.190636396779845382e-03
9.176042693402802763e-03
9.150320333990453331e-03
9.132231415658942364e-03
9.117807827683217445e-03
9.092746181887063212e-03
9.075528627466262349e-03
9.056394756285867861e-03
9.041306806447952510e-03
9.022750711486199338e-03
9.005381784000865766e-03
8.976928461333700746e-03
8.971854647682337910e-03
8.959365902771672038e-03
8.943197412765052992e-03
8.924707316360764447e-03
8.904687039577446894e-03
8.883625091225906198e-03
8.861833282865961073e-03
8.838556960599664933e-03
8.816476730030470277e-03
8.781317070670919059e-03
8.770950890095491684e-03
8.754271322584467052e-03
8.721492437767852310e-03
8.715849153531301727e-03
8.698532381788364951e-03
8.678966605300693013e-03
8.657272812239042228e-03
8.622130463395711111e-03
8.614069529926160484e-03
8.597654185488341413e-03
8.574911567400634455e-03
8.552660981291293138e-03
8.530687627561877803e-03
8.508854851138076408e-03
8.486171757794603795e-03
8.466100697092865043e-03
8.442610728228966410e-03
8.422324934159147736e-03
8.397378212929218141e-03
8.375080086322983508e-03
8.358275625901235434e-03
8.332094451059663537e-03
8.310436935574100001e-03
8.289286231405207372e-03
8.268827110345640038e-03
8.247570871482007293e-03
8.231778866306599732e-03
8.208670279233788378e-03
8.189671181889636095e-03
8.171885185302601648e-03
8.156950958977572316e-03
8.140746456517484325e-03
8.123446526496120451e-03
8.109675635511620975e-03
8.087512883327346858e-03
8.070507551317758141e-03
8.053744793492162435e-03
8.036663650101400977e-03
8.021782539746825230e-03
8.005816095626788406e-03
7.989394559257628411e-03
7.977359611442386145e-03
7.959016726867263608e-03
7.964451615018413796e-03
7.932390404399298003e-03
7.939078843002078320e-03
7.906697240300925716e-03
7.913291803430894111e-03
7.880780832253315299e-03
7.860587383052003788e-03
7.843643058766202811e-03
7.827975504463830989e-03
7.812142420416301816e-03
7.797222882991755588e-03
7.782477467425791967e-03
7.767761678036628342e-03
7.753006066447804510e-03
7.738237622120020670e-03
7.722507575550346948e-03
7.707537021093508432e-03
7.692752495561134413e-03
7.678254728872208057e-03
7.666785781018720797e-03
7.647852188522374917e-03
7.633255048460929962e-03
7.618569417384469383e-03
7.602678296024185066e-03
7.589169250415911741e-03
7.573839186605807808e-03
7.559934921114764249e-03
7.545874771601135574e-03
7.538764176411672478e-03
7.526509208833626410e-03
7.515527832125596004e-03
7.501467665508671119e-03
7.485212745815689357e-03
7.471424367754997409e-03
7.459090510089666504e-03
7.437191175226643206e-03
7.431842816434875570e-03
7.418937141344012463e-03
7.407579110181717122e-03
7.395048880882388286e-03
7.381907332589593938e-03
7.367271482478194439e-03
7.354779912078990983e-03
7.340579482377701873e-03
7.326496523211340622e-03
7.312492335357384521e-03
7.299905433682269545e-03
7.289115397956531101e-03
7.269067100878418182e-03
7.263587531341092821e-03
7.255439916962664465e-03
7.244982646576298216e-03
7.233163270143267050e-03
7.220581495442296785e-03
7.207100999750976587e-03
7.192798118286969876e-03
7.179990202452819076e-03
7.165065889019473465e-03
7.152117531251040057e-03
7.161647488032507787e-03
7.140710518009030401e-03
7.123756766834927340e-03
7.108434881465109517e-03
7.095010176081978544e-03
7.083749109692972015e-03
7.070716829168150266e-03
7.060020012135331986e-03
7.053182029488303147e-03
7.043024110758355771e-03
7.033534490138465545e-03
7.022155489150145279e-03
7.009486847976271334e-03
7.000111366711071065e-03
7.008081821029261277e-03
7.012505452638002207e-03
6.985899345164553464e-03
6.967210289961573572e-03
6.950753804214532261e-03
6.937543051902178744e-03
6.944977395952395618e-03
6.926363745809460681e-03
6.911290506065054934e-03
6.897783239609295292e-03
6.884824753445257031e-03
6.872543069226611477e-03
6.860715535861122705e-03
6.849194454901658298e-03
6.837869042393996191e-03
6.826203944411884939e-03
6.816104702703097012e-03
6.806000211352453318e-03
6.797588399094695033e-03
6.788063637737090997e-03
6.794966180717310414e-03
6.777475042819974815e-03
6.782240826177893603e-03
6.763143229101532122e-03
6.747586975431663255e-03
6.734342753759243322e-03
6.722587739669600229e-03
6.710262186829879516e-03
6.700553154299732431e-03
6.691464977376199337e-03
6.683933785728591107e-03
6.673683063620356078e-03
6.663254461051593136e-03
6.653095596544089663e-03
6.643044892050215672e-03
6.633549347536732768e-03
6.623543824123345920e-03
6.612500494481849019e-03
6.604849896357767834e-03
6.593955502205983699e-03
6.582652509086678663e-03
6.573723536324466675e-03
6.565227830677195300e-03
6.555279497011546296e-03
6.544808008362369006e-03
6.532856676907172755e-03
6.524818276270178546e-03
6.517134333635327646e-03
6.510092272420814515e-03
6.500589063226575211e-03
6.491356468620302494e-03
6.481840569015063364e-03
6.472588773823845752e-03
6.462999083464571713e-03
6.454964896783716398e-03
6.443889882775289020e-03
6.434918088396252532e-03
6.425983592751066675e-03
6.416736158933917383e-03
6.407720918836562821e-03
6.399859666099039571e-03
6.391344546207206392e-03
6.383757521293282299e-03
6.375539223554183357e-03
6.366894625753488635e-03
6.357847997954729942e-03
6.351784687312317379e-03
6.340477661899612989e-03
6.332347468928395569e-03
6.325668442102455775e-03
6.315724830103380989e-03
6.306349302294878521e-03
6.300581153873214060e-03
6.291238211938771432e-03
6.282239786330740330e-03
6.275133980755276918e-03
6.267691064623709743e-03
6.260134996743455665e-03
6.253546355482409586e-03
6.246267583272230653e-03
6.238859293025822601e-03
6.232078677066388468e-03
6.224803572825393996e-03
6.217974131172593864e-03
6.210786156754261739e-03
6.204413347415544018e-03
6.195142973571166230e-03
6.185572113624655116e-03
6.178269971894823423e-03
6.169954111399117425e-03
6.163197461573528130e-03
6.156038033433114745e-03
6.149048449105371655e-03
6.141352186156329163e-03
6.133194525597013627e-03
6.126156221821427335e-03
6.118069867957387671e-03
6.110772592060448836e-03
6.102817733379079651e-03
6.093980242656504842e-03
6.086427506829367694e-03
6.077829002033996973e-03
6.070421385769736791e-03
6.061897814845513231e-03
6.054242733830600930e-03
6.046067704840230039e-03
6.038450459337824615e-03
6.031392669215396643e-03
6.023941589203752299e-03
6.015113234650848982e-03
6.007348844185744774e-03
6.000825288094075068e-03
5.993810532783295369e-03
5.985889613795153906e-03
5.977963161645800244e-03
5.970801680262233235e-03
5.955489414974740776e-03
5.950343677455310898e-03
5.945691082356413699e-03
5.939044875578631394e-03
5.932795889187831261e-03
5.925558255352420672e-03
5.919039474251586858e-03
5.911455574215108109e-03
5.906968329807455072e-03
5.902260087565259182e-03
5.899560938560883400e-03
5.886924016160300505e-03
5.884365766963950591e-03
5.879835345845080795e-03
5.875169559896037917e-03
5.869667061407385540e-03
5.863469493645051545e-03
5.859205943972528759e-03
5.853552283638119649e-03
5.846333787320723806e-03
5.839319721817177143e-03
5.831583773262905522e-03
5.823776954613085755e-03
5.817089730166091766e-03
5.808710756663931947e-03
5.799537618604694821e-03
5.791445909376586286e-03
5.783050206844342518e-03
5.775292605389875829e-03
5.767011148036816151e-03
5.759336995632264450e-03
5.751139197659066796e-03
5.743545635391306484e-03
5.735469569257850911e-03
5.729196071008574656e-03
5.721022626882704687e-03
5.713621863291224422e-03
5.705855250794600493e-03
5.698103390897252436e-03
5.690779115437217053e-03
5.682711415189407173e-03
5.675441589647173789e-03
5.667823991025372661e-03
5.661625635923400734e-03
5.655057755190335406e-03
5.647469022953644641e-03
5.640676523486360013e-03
5.633041283623480694e-03
5.626290232868042494e-03
5.618750991726601494e-03
5.611352127126678982e-03
5.605684409408052266e-03
5.598368025797773040e-03
5.591788545661325466e-03
5.584351161725237787e-03
5.577196364019549289e-03
5.570799654403185697e-03
5.563550714605153269e-03
5.556373240773177305e-03
5.550890717574675191e-03
5.543793516186151966e-03
5.537403871687208295e-03
5.530181258266403388e-03
5.523232771630193216e-03
5.516479747200020954e-03
5.510385941180024130e-03
5.503423963723491977e-03
5.496491928777652927e-03
5.491009603395408112e-03
5.484126871035205526e-03
5.479118820019552097e-03
5.472586534353324379e-03
5.465560310660028467e-03
5.458746857871793999e-03
5.452078465844007425e-03
5.445538152366063978e-03
5.439609797219885357e-03
5.432856002471526252e-03
5.426107999039009831e-03
5.420822624034088780e-03
5.414741628114678150e-03
5.408165102455448139e-03
5.401762187488190828e-03
5.395237711692946539e-03
5.390279610408627714e-03
5.384133847927386439e-03
5.377408262038924601e-03
5.371273425365342101e-03
5.364741469296625126e-03
5.358447982555453355e-03
5.352072787342382516e-03
5.347269836970336768e-03
5.341326007183855480e-03
5.334817986219625441e-03
5.328891443424865933e-03
5.322907610986549534e-03
5.316743401625068782e-03
5.310349247009094401e-03
5.304692813337530746e-03
5.298486233882310908e-03
5.293024309049321197e-03
5.287477385805317009e-03
5.282128979903016885e-03
5.276778441477870084e-03
5.271435991771528280e-03
5.266038069131756538e-03
5.260700427205017987e-03
5.255240669547756212e-03
5.249955514061855309e-03
5.244619078254852962e-03
5.239156555128948907e-03
5.233863117434761625e-03
5.227854309952012501e-03
5.222522836771198614e-03
5.217066741116655262e-03
5.211770430931828534e-03
5.205768890274204558e-03
5.200566200011825027e-03
5.194911638433730335e-03
5.189523444770749450e-03
5.184120219753007852e-03
5.178543448857381680e-03
5.173064883028772286e-03
5.167653684633306127e-03
5.162362329094050822e-03
5.158048727443804125e-03
5.150975976345135293e-03
5.144981870532067299e-03
5.139467943735598343e-03
5.134067795152370134e-03
5.128959478152856494e-03
5.123256742764342730e-03
5.118354904457373018e-03
5.113137073140556349e-03
5.107999695564274800e-03
5.102982414965734348e-03
5.097850597402137432e-03
5.092544824549538954e-03
5.087388345200594651e-03
5.082270964799845761e-03
5.077364905815145990e-03
5.072570885908900262e-03
5.067633463010851221e-03
5.062334170830612608e-03
5.057234146216749507e-03
5.052311195530606765e-03
5.047182045844162551e-03
5.042257587437055238e-03
5.037256396849931761e-03
5.032242627180977430e-03
5.027388259239601830e-03
5.022619845709542195e-03
5.017586071303037354e-03
5.012603663553583631e-03
5.007624222858453496e-03
5.002468020715783621e-03
4.997088975745811630e-03
4.992476233443055716e-03
4.987623914208455522e-03
4.982683921854308938e-03
4.977652897767997908e-03
4.972567776324971107e-03
4.967728956039064135e-03
4.962631716760407437e-03
4.957701850517543668e-03
4.952593857401904609e-03
4.947695489911136182e-03
4.942643689539994584e-03
4.937719222346076582e-03
4.932839879872952769e-03
4.928144247110583485e-03
4.923470190063267311e-03
4.918694409724800459e-03
4.914112828799705075e-03
4.909367703008527678e-03
4.904546024238615534e-03
4.899909509886985100e-03
4.895087786351848443e-03
4.890454597653632121e-03
4.885759230290165345e-03
4.880983674662687025e-03
4.876234529173773501e-03
4.871460027509078548e-03
4.867023104397211197e-03
4.862612030663827044e-03
4.857974121122061312e-03
4.853302981504110068e-03
4.848713361554346513e-03
4.844139960027100261e-03
4.839794286501658896e-03
4.834823940981631402e-03
4.830615105831598602e-03
4.825561663394511980e-03
4.821842641105062062e-03
4.817155330337857810e-03
4.811793224456590440e-03
4.807309423261224741e-03
4.802053673027312404e-03
4.797839185447872259e-03
4.792589304142930336e-03
4.788480273980894736e-03
4.784400890948320613e-03
4.779532942164205558e-03
4.774596467288322495e-03
4.769668327320742036e-03
4.764791346988490016e-03
4.760201159761463102e-03
4.755231510116092984e-03
4.751279609106456858e-03
4.747025286946843226e-03
4.742593548490409150e-03
4.738092281856404707e-03
4.733561280030313019e-03
4.729051560320224855e-03
4.724762367307584060e-03
4.720414341529106245e-03
4.716376921306103878e-03
4.712176402146212376e-03
4.707893476274599941e-03
4.703958262020829784e-03
4.700024632625227072e-03
4.695905456770250314e-03
4.691706735948448365e-03
4.687799319369656895e-03
4.683710107425881342e-03
4.679496912429054190e-03
4.675292448294471152e-03
4.671418467483218033e-03
4.667533033371729610e-03
4.663648087957489655e-03
4.659769564052368418e-03
4.655698955202003213e-03
4.651541192269820213e-03
4.647665306754334216e-03
4.643578685130695001e-03
4.639445281704130362e-03
4.635602730294385680e-03
4.631722090410262185e-03
4.627824457529289628e-03
4.623721362065053193e-03
4.619519146958322997e-03
4.615593064497858743e-03
4.611460993224764104e-03
4.607287567221196936e-03
4.603226586572756705e-03
4.599205670831513042e-03
4.595122660019340492e-03
4.591266906985158949e-03
4.587404322135397138e-03
4.583533986149512622e-03
4.579655773133212149e-03
4.575573629518120237e-03
4.571407369727048878e-03
4.567653632803619912e-03
4.564599613549430793e-03
4.559724136556936140e-03
4.555368933912490488e-03
4.551053975042340487e-03
4.543028523290609799e-03
4.541081104973060389e-03
4.537965475880656636e-03
4.531167373876698705e-03
4.530550003597100424e-03
4.524268212316335212e-03
4.523926608995554668e-03
4.522538458571934324e-03
4.520503671931414523e-03
4.517576612813778598e-03
4.510186473942773278e-03
4.509056596428878509e-03
4.502510781872560118e-03
4.502128879147737454e-03
4.500804049609135986e-03
4.498784933233257628e-03
4.495587250796346038e-03
4.493022419941189623e-03
4.489823406422122076e-03
4.486153786047069984e-03
4.481914594528202747e-03
4.478532200107099639e-03
4.474196370389821840e-03
4.469420061858087219e-03
4.461253331221421044e-03
4.460090101418990281e-03
4.456184075573194590e-03
4.451742015143022972e-03
4.444049804665756165e-03
4.438146298811662498e-03
4.438029004359261669e-03
4.436300340576804398e-03
4.433780453914903941e-03
4.431188877411679737e-03
4.428996148886127533e-03
4.424780856299981129e-03
4.420535913949203387e-03
4.412683360781883245e-03
4.410736847705105067e-03
4.407571792347875564e-03
4.404927941126690789e-03
4.406317120586078322e-03
4.401919141873072983e-03
4.396850719037820494e-03
4.392409642514006306e-03
4.387966102952523331e-03
4.384800935937754711e-03
4.379492519484435090e-03
4.380241917239353043e-03
4.371274818977788877e-03
4.367928335724152560e-03
4.364262909643901699e-03
4.361952654959150820e-03
4.357246781333596296e-03
4.352843037340631792e-03
4.348628363446799781e-03
4.345095083807904400e-03
4.341689421829031913e-03
4.337775243842672927e-03
4.335016823973253906e-03
4.330468032317780040e-03
4.327282986673830316e-03
4.322244914451972737e-03
4.318351370205713961e-03
4.314399692441700344e-03
4.310565454469378506e-03
4.306707067000814515e-03
4.303435614843332049e-03
4.300417398166123291e-03
4.297198930665747062e-03
4.293489591398947335e-03
4.290726881963097088e-03
4.287284159096099723e-03
4.283928017977828642e-03
4.280218308339584464e-03
4.277221298412725407e-03
4.274135409297103241e-03
4.271232587748491176e-03
4.267650102177750204e-03
4.264124111603967600e-03
4.260884071043608001e-03
4.257392646425245397e-03
4.254726805531816938e-03
4.250834180441054669e-03
4.246819470343510435e-03
4.244044903669469751e-03
4.239661809276102332e-03
4.236631358480508550e-03
4.232312772398355571e-03
4.228374841926047130e-03
4.224794236462342360e-03
4.221403197720885979e-03
4.218147880449746312e-03
4.214986346993227113e-03
4.211886320019769987e-03
4.208823301936054709e-03
4.205626822604175384e-03
4.202926035229226712e-03
4.199939804485597686e-03
4.197132365849920790e-03
4.193917412221731707e-03
4.190465402026550060e-03
4.187859172684421823e-03
4.185103722510075119e-03
4.181875500674553728e-03
4.178507761594191065e-03
4.175059419318455887e-03
4.171868377699827594e-03
4.168667078157273220e-03
4.165466578736854060e-03
4.162274045305481250e-03
4.159093884030390549e-03
4.155928568322114769e-03
4.152779239650311420e-03
4.149493301813573023e-03
4.146221347598138922e-03
4.142916531113943583e-03
4.139610913042640790e-03
4.136234216803847362e-03
4.132893491405259696e-03
4.130509696385687053e-03
4.126661121263602676e-03
4.123072124195620129e-03
4.119089146144966178e-03
4.116015811068030224e-03
4.114141541448901318e-03
4.110702312004827289e-03
4.107223062609172311e-03
4.104958757318167076e-03
4.101268273967356541e-03
4.097785321279446245e-03
4.094542756673408453e-03
4.091472079861213640e-03
4.088522181965620339e-03
4.085653849396647490e-03
4.082701067997846281e-03
4.080213241097291506e-03
4.077526753876281433e-03
4.074741283842597643e-03
4.072279221145946870e-03
4.069574514552304692e-03
4.066761808996355483e-03
4.063903693170645669e-03
4.060879240492621355e-03
4.058434357426099655e-03
4.055527410063897512e-03
4.052988131152973454e-03
4.049920743247037956e-03
4.047911184417391471e-03
4.044532798256339490e-03
4.040925669271772450e-03
4.037965700627055635e-03
4.034688438468897291e-03
4.031950639537202133e-03
4.028843045379787435e-03
4.026144423312877536e-03
4.023316699889106611e-03
4.021395208925854572e-03
4.019097146326206481e-03
4.014951077176570800e-03
4.011569995782881919e-03
4.008794914661106823e-03
4.005717050315033174e-03
4.003081231808841567e-03
4.000354414379381739e-03
3.998559503078730204e-03
3.995273563925388731e-03
3.992368440721832772e-03
3.989553886549957427e-03
3.986652036354010331e-03
3.984960081452704021e-03
3.981562482401385453e-03
3.978256596396234808e-03
3.975491283654863754e-03
3.972665991289242755e-03
3.970201290978076294e-03
3.967615343222830222e-03
3.964798214346010839e-03
3.962365801823609056e-03
3.959725996344087839e-03
3.957087879606857594e-03
3.954567992804475761e-03
3.952760425599460663e-03
3.949682502438306604e-03
3.946396886796882907e-03
3.943640810996540749e-03
3.940899703619377484e-03
3.938064174290606921e-03
3.936413067658428924e-03
3.933090944744444331e-03
3.929852531868671672e-03
3.927153667397870543e-03
3.924433277074423909e-03
3.921668689403845325e-03
3.919141549642213805e-03
3.916465009199516199e-03
3.914924901846534265e-03
3.911765042050474421e-03
3.908709802903221134e-03
3.906967154279322729e-03
3.903595187151076909e-03
3.900379932781944392e-03
3.897738103837983335e-03
3.895106028891631884e-03
3.892363175617719398e-03
3.889737295914574844e-03
3.887537551837677921e-03
3.885032424868212295e-03
3.882737087803400655e-03
3.880991832396552162e-03
3.877888881652402902e-03
3.875779839788928705e-03
3.872393436167848382e-03
3.869338251233106745e-03
3.866513066024657337e-03
3.863816137523229735e-03
3.861592000832548069e-03
3.859083558635340375e-03
3.856795542705515611e-03
3.854278257442317508e-03
3.851909409938625295e-03
3.849676576740440788e-03
3.847182201227655838e-03
3.844467604161422563e-03
3.842016838480444545e-03
3.840176052084715280e-03
3.837014129013804984e-03
3.834890160505843946e-03
3.831506349102104143e-03
3.828254752744947656e-03
3.825368487083996832e-03
3.822771110159922832e-03
3.821391654474088143e-03
3.818361636601586267e-03
3.815608861687897098e-03
3.812951078604026687e-03
3.810700831760599830e-03
3.808508249852954677e-03
3.806267159252679950e-03
3.804222783731137179e-03
3.801890415911718737e-03
3.799889943836193534e-03
3.797517779835580046e-03
3.795405940493007651e-03
3.793103253030583391e-03
3.790998687474084455e-03
3.788599738743176140e-03
3.786466767477886415e-03
3.784176646723508286e-03
3.781736925106343912e-03
3.779157676026645690e-03
3.776929190161276966e-03
3.774305684386941584e-03
3.772042141088683027e-03
3.769385196944613492e-03
3.767021827676092765e-03
3.764452948283808845e-03
3.762204358394788568e-03
3.759533395396425035e-03
3.757143407544100144e-03
3.754597777074786605e-03
3.751935524518107412e-03
3.750234636092159273e-03
3.747995080507921135e-03
3.744359287056359207e-03
3.741389865931532555e-03
3.739500711878707227e-03
3.737066739054523135e-03
3.734374059287887473e-03
3.731671830966371006e-03
3.727805862128569323e-03
3.724546731417149956e-03
3.721590415406423116e-03
3.719966259927343435e-03
3.716984844789128842e-03
3.714269297420763876e-03
3.712827117414119367e-03
3.709935446626838954e-03
3.708365849257400440e-03
3.705327450647899652e-03
3.702970863276011746e-03
3.700985701992637582e-03
3.698873409178499334e-03
3.696910303920925185e-03
3.694850011020389853e-03
3.693658721501907969e-03
3.691385454993973206e-03
3.690041926776416268e-03
3.687155231480898805e-03
3.684705729065301978e-03
3.682553153585987980e-03
3.680267616431859637e-03
3.678114984007485860e-03
3.676873446992412475e-03
3.674078377631085149e-03
3.672636727037215110e-03
3.669552650277546624e-03
3.667081827013435585e-03
3.664492394511748019e-03
3.662263509721414186e-03
3.660024786591836807e-03
3.658003488650191440e-03
3.655892092440604646e-03
3.653842151323666299e-03
3.651666550280363837e-03
3.649782232618048808e-03
3.647638158420590804e-03
3.645249180208687528e-03
3.643131924722181614e-03
3.640976250156008516e-03
3.638752429617514612e-03
3.636409931561740676e-03
3.634054327448893798e-03
3.631607156470495652e-03
3.629178069025507363e-03
3.626672666202701567e-03
3.624202849813051939e-03
3.621665123538076077e-03
3.619359102360081293e-03
3.616687959505321490e-03
3.614277755039252416e-03
3.611716516473417911e-03
3.609349223000712925e-03
3.606972741014619413e-03
3.604686673467255662e-03
3.602305897039293197e-03
3.599784409685086173e-03
3.597141354973804137e-03
3.594524737174936962e-03
3.592149347936174440e-03
3.589466529048396595e-03
3.586803054501836157e-03
3.584185434558312660e-03
3.581738334362211205e-03
3.579230241088121774e-03
3.576492517086443668e-03
3.573958698635049461e-03
3.571213703931003496e-03
3.568680680564445800e-03
3.566126434956357148e-03
3.563589545376772208e-03
3.560967118441876918e-03
3.558186045216432669e-03
3.555640466284487686e-03
3.553096577479753198e-03
3.550585729859612183e-03
3.547997662992052968e-03
3.545260560933744063e-03
3.542755076207377077e-03
3.540194559233328462e-03
3.537649444596785517e-03
3.535255037885176935e-03
3.532623246903310657e-03
3.530402362399643040e-03
3.527822069986708171e-03
3.525513637461364161e-03
3.520966516363716048e-03
3.519474485231849359e-03
3.517950789446489240e-03
3.513746658674737899e-03
3.512721016552134128e-03
3.511353593155192108e-03
3.510556865169117951e-03
3.509229641276484599e-03
3.506214392477807751e-03
3.503719548582623529e-03
3.501468558994608182e-03
3.496961096161904647e-03
3.496334436727238822e-03
3.494282013769995157e-03
3.490289737401580921e-03
3.489244527214774294e-03
3.487840047856927486e-03
3.486099835080020207e-03
3.484527053226788278e-03
3.482664283608511140e-03
3.480877724317927094e-03
3.476522476213789441e-03
3.475390561083946742e-03
3.474185262466417384e-03
3.472584083334034899e-03
3.470718355448021517e-03
3.468944690078329396e-03
3.466841729125808361e-03
3.464798105278860119e-03
3.462512111142795976e-03
3.460234529592187778e-03
3.457847390713231304e-03
3.455497772031829173e-03
3.453055588621395562e-03
3.450709674130303384e-03
3.448480561194716860e-03
3.444152163927005888e-03
3.442868674756144592e-03
3.439146792322173279e-03
3.439232152725591254e-03
3.437739261553635073e-03
3.436122915992812204e-03
3.432252837236005136e-03
3.431312172903394891e-03
3.427727924806606499e-03
3.427251808912335201e-03
3.426492474374870714e-03
3.425824032250984925e-03
3.423920136534092194e-03
3.422059357547952048e-03
3.420021634516174063e-03
3.417859480786506182e-03
3.413545130986178969e-03
3.412412066051379294e-03
3.411078390229388413e-03
3.409476864431732184e-03
3.407697146743576821e-03
3.405809749551297425e-03
3.403915894132486780e-03
3.401898276066717217e-03
3.399824445005167339e-03
3.397784641893880977e-03
3.395648051130101264e-03
3.393527647614486258e-03
3.391417424542553325e-03
3.389085545727543898e-03
3.386865318757498449e-03
3.384682574013891942e-03
3.382527526391654413e-03
3.380298912022922358e-03
3.378114114476510506e-03
3.375962484081512869e-03
3.373738293559885859e-03
3.371561645874604583e-03
3.369421579206461053e-03
3.367072682683741602e-03
3.364850956252713257e-03
3.362644032725270547e-03
3.358374520305368576e-03
3.357024403944603146e-03
3.355541314416954357e-03
3.351671638549480730e-03
3.351324217824242294e-03
3.347597350703035522e-03
3.346918972435231239e-03
3.345722862687078650e-03
3.344453978432060468e-03
3.342965573883161304e-03
3.341201305046337389e-03
3.340005761668147014e-03
3.337744261838865387e-03
3.335546826033020194e-03
3.333137408167791138e-03
3.331080066310660240e-03
3.329026703122461850e-03
3.326837934936349717e-03
3.324819260594275017e-03
3.320685087915292971e-03
3.319870260585467206e-03
3.316027425632778192e-03
3.315090500456019645e-03
3.311794902490877886e-03
3.311197469098076454e-03
3.310574913426939277e-03
3.309144973064554254e-03
3.308209864323352796e-03
3.306794554799669366e-03
3.305341063413852563e-03
3.304065165817005219e-03
3.302511431578974976e-03
3.300600779742657483e-03
3.298328855413773780e-03
3.296482589597649233e-03
3.294603572580912052e-03
3.292692553388548802e-03
3.290678945635366892e-03
3.288450113023067087e-03
3.286261767726678194e-03
3.284108364980864534e-03
3.281985147388189177e-03
3.279888287933491187e-03
3.277814647171611862e-03
3.275761597081139603e-03
3.273726894097855888e-03
3.271708588188093625e-03
3.269704958130165498e-03
3.267875507598366931e-03
3.265914716073032003e-03
3.263953037040867762e-03
3.261994252743399825e-03
3.260197596696695795e-03
3.258080675177449544e-03
3.255959264562569011e-03
3.253837839900841893e-03
3.251797964279707145e-03
3.249801968151461423e-03
3.248007165660815598e-03
3.246064336355530995e-03
3.244290942306193946e-03
3.242601672018541412e-03
3.240634900871292110e-03
3.238846773643305754e-03
3.237148024365366084e-03
3.235176576830017976e-03
3.233386679328415121e-03
3.231687905824459726e-03
3.229718757340305398e-03
3.227931464839689599e-03
3.226235537494226684e-03
3.224270445530608500e-03
3.222486586396494830e-03
3.220793747020922557e-03
3.218832499277712953e-03
3.217066398643048455e-03
3.215153672766874002e-03
3.213419033386955004e-03
3.211733791885102232e-03
3.209784456739378771e-03
3.207972806451381276e-03
3.205853387679685924e-03
3.204059398677117348e-03
3.202060400258205548e-03
3.200237030793812252e-03
3.198235348680672670e-03
3.196411079475575123e-03
3.194410420282839738e-03
3.192716839681486625e-03
3.190662283116030545e-03
3.188821854471041335e-03
3.186749472653233398e-03
3.184906753092270337e-03
3.182941613706852593e-03
3.181123548869463444e-03
3.179132129943746179e-03
3.177359342640267981e-03
3.175558072628959037e-03
3.173622339295123756e-03
3.171863105692407543e-03
3.170190853717469795e-03
3.168257443620392869e-03
3.166498959034708214e-03
3.164826364089606912e-03
3.162893191883559343e-03
3.161135033206091769e-03
3.159462714956868049e-03
3.157531302345157036e-03
3.155775105066560907e-03
3.154104824132098091e-03
3.152177116013543754e-03
3.150424510179739360e-03
3.148757740823177401e-03
3.146835146673776593e-03
3.145171301945143359e-03
3.143292362016170301e-03
3.141353098539212754e-03
3.139438084103568765e-03
3.137559220346392008e-03
3.135926704908215384e-03
3.134020939979048972e-03
3.132373289883810894e-03
3.130514988767352322e-03
3.128597371805536334e-03
3.126703723261281802e-03
3.124844812829219616e-03
3.123228139965517069e-03
3.121340611973427888e-03
3.119707084121881111e-03
3.117810835700052501e-03
3.115566531518565441e-03
3.113940096076189910e-03
3.112164298025993370e-03
3.110365388987518329e-03
3.108551050854085895e-03
3.106727026483496919e-03
3.104897564202185965e-03
3.103065766157803336e-03
3.101233860746244360e-03
3.099403414958829157e-03
3.097575499285571202e-03
3.095750815235587348e-03
3.093929793471672518e-03
3.092112668907071385e-03
3.090299537793844958e-03
3.088490400781329723e-03
3.086685195085464746e-03
3.085023935603381767e-03
3.083166545789195554e-03
3.081059733929364473e-03
3.079213904404304401e-03
3.077529461458705737e-03
3.075808015553177857e-03
3.073962977249383808e-03
3.072282267849280046e-03
3.070330089770140561e-03
3.068634990978813537e-03
3.066525399160103041e-03
3.064688612462807341e-03
3.063018498718500775e-03
3.061174648875036874e-03
3.059338167157382975e-03
3.057508978254869485e-03
3.055686650633710269e-03
3.053869788746754830e-03
3.052069588118933030e-03
3.050562242815152685e-03
3.048699946813099478e-03
3.046580710791280122e-03
3.044224357719249943e-03
3.042059561722443468e-03
3.040024369401456150e-03
3.037881832161221096e-03
3.035930001584535940e-03
3.036492475300700718e-03
3.034539414405906885e-03
3.030800419400936450e-03
3.029555479349493874e-03
3.028107477513614088e-03
3.026743740763226942e-03
3.025281519323486448e-03
3.023795562670517079e-03
3.022502662544651782e-03
3.020747469691132184e-03
3.019221079451117878e-03
3.017439580564590558e-03
3.015987234913369928e-03
3.014512620780246659e-03
3.012928581429436068e-03
3.011640035324975040e-03
3.009935901622013202e-03
3.008339988614755663e-03
3.006672954069078679e-03
3.005131796540489245e-03
3.003460190073498071e-03
3.001749559418326503e-03
3.000042238850986372e-03
2.998543643794865723e-03
2.996799554253787475e-03
2.995079264026234787e-03
2.993377332088492746e-03
2.991891037024036176e-03
2.990212217171317726e-03
2.988452604395114634e-03
2.986855599737403902e-03
2.985235592591356773e-03
2.983600209412845886e-03
2.981955224024574174e-03
2.980304952316287486e-03
2.978651897191714280e-03
2.976998772205247459e-03
2.975317575331865375e-03
2.973825576854277706e-03
2.972260309552771443e-03
2.970662860114809019e-03
2.969043280500305478e-03
2.967409836271717519e-03
2.965768445681438506e-03
2.964123482080499583e-03
2.962478119042738500e-03
2.960834604194590054e-03
2.959194475840537606e-03
2.957696638477219989e-03
2.956065503031341316e-03
2.954576519217622446e-03
2.952955979716265309e-03
2.951307594997465596e-03
2.949479676648847706e-03
2.950088371603903914e-03
2.948963287183348474e-03
2.947124557444247631e-03
2.945099525036715127e-03
2.943185452626662351e-03
2.941173435460181854e-03
2.939240121346159765e-03
2.937498544363509323e-03
2.935609175128190210e-03
2.934012620465947883e-03
2.932164465057068934e-03
2.930548274914623885e-03
2.928919826446208224e-03
2.927233954084690597e-03
2.925609409039148495e-03
2.924002663867459034e-03
2.922406750321699092e-03
2.920822145310436862e-03
2.919435644787044242e-03
2.917830894391709728e-03
2.916253408390673436e-03
2.914697894239543039e-03
2.913160042879264951e-03
2.911636338716028314e-03
2.910123282718713161e-03
2.908798728860884173e-03
2.907297486701082741e-03
2.906073019461136164e-03
2.904216385757002559e-03
2.902240379929926870e-03
2.900498047072658323e-03
2.898634369056263607e-03
2.897165361577419638e-03
2.895672572811614290e-03
2.894138670238322400e-03
2.892512847502260072e-03
2.891056060473951288e-03
2.889771676428249097e-03
2.888277797483357421e-03
2.886793597849557531e-03
2.885220775705693661e-03
2.883772558320102548e-03
2.882325746704567353e-03
2.880875725463755230e-03
2.879365880489387613e-03
2.877782512822136055e-03
2.876234793077176062e-03
2.874722813399338897e-03
2.873030442768753894e-03
2.871386846854695821e-03
2.870015990956037780e-03
2.868602398027842067e-03
2.867128024499543491e-03
2.865552315288738636e-03
2.864001035413160819e-03
2.862377620319706342e-03
2.860791671324197736e-03
2.859216789679014381e-03
2.857528979733792163e-03
2.856010422801103128e-03
2.854495625868253353e-03
2.853267903265460734e-03
2.852074349241456950e-03
2.851012292948046454e-03
2.852012203601317353e-03
2.852825020429355929e-03
2.850804918915500735e-03
2.848904860054696491e-03
2.847009241434928211e-03
2.845730656409412376e-03
2.843594573973646025e-03
2.841608647052468271e-03
2.839715127071979275e-03
2.840398880641675956e-03
2.838291112487812198e-03
2.836291591344580840e-03
2.834414834272630523e-03
2.832538511462251787e-03
2.830772214774274383e-03
2.828943706762182628e-03
2.827176490681615820e-03
2.825310019953214576e-03
2.823798696422841464e-03
2.822039508894863893e-03
2.820438276193071650e-03
2.818836143770892238e-03
2.817646046347294098e-03
2.815678379622094454e-03
2.813697430030143425e-03
2.812028450247933391e-03
2.810364034558860205e-03
2.808805565353395331e-03
2.807223108715206725e-03
2.804272915803968265e-03
2.803313892779385561e-03
2.800706578419060074e-03
2.800247215527551601e-03
2.799583314668891224e-03
2.798840500327021488e-03
2.798205246573565175e-03
2.796791935094494752e-03
2.793949870626300219e-03
2.793632009367802427e-03
2.792395967155597829e-03
2.791153535819535219e-03
2.789684729193525614e-03
2.788392031807213328e-03
2.786905228818842457e-03
2.785592641728462833e-03
2.784080411547068534e-03
2.783215587940357765e-03
2.781594990770669580e-03
2.780048931844397893e-03
2.778547958700061746e-03
2.777113211030163287e-03
2.775634385809605531e-03
2.774225838529859219e-03
2.772769787665208246e-03
2.771349781735110880e-03
2.769988741161150386e-03
2.768508922761364968e-03
2.767239558624495950e-03
2.766274300747789943e-03
2.765175302466965895e-03
2.763939040981761366e-03
2.762763649490690507e-03
2.761462447309426596e-03
2.758687422428279974e-03
2.757970738579374088e-03
2.757012971390155037e-03
2.756216304483577809e-03
2.755496654965616972e-03
2.753951951719296829e-03
2.752278749388737192e-03
2.750806792302812505e-03
2.749171429956221140e-03
2.748195799991965185e-03
2.746465662432607049e-03
2.744965175158525957e-03
2.743217504962647268e-03
2.741550366292938839e-03
2.740081372462543994e-03
2.738418740070708551e-03
2.737444025139474171e-03
2.737810630224307880e-03
2.738106738141815599e-03
2.738319082597334697e-03
2.735920320286083871e-03
2.733649159198848003e-03
2.731723683722603411e-03
2.729914203412081835e-03
2.728085523078183083e-03
2.726293295255627532e-03
2.724572767835226148e-03
2.722955095070861767e-03
2.721288567645419043e-03
2.719684546299089289e-03
2.718501800722051068e-03
2.716692133815451493e-03
2.714819535889540034e-03
2.713127145181532234e-03
2.711353040005604412e-03
2.709776047107448696e-03
2.708263537101418712e-03
2.706748581447759872e-03
2.705146335106506632e-03
2.703707099295016292e-03
2.702297377990942138e-03
2.700929136301710720e-03
2.699725641751577268e-03
2.698340569268914586e-03
2.696968285922213531e-03
2.695628608793587851e-03
2.694443877705893567e-03
2.693072061691603996e-03
2.691707370123197496e-03
2.690416458421602056e-03
2.688943657622339459e-03
2.687639168524530615e-03
2.686187559977226951e-03
2.684720891963188454e-03
2.683149027625286731e-03
2.681716148532414887e-03
2.680353361916382182e-03
2.678991307942763227e-03
2.677630560212934923e-03
2.676271407970881935e-03
2.674913955335983615e-03
2.673558192412012462e-03
2.672204045266435637e-03
2.670843026815245339e-03
2.669483327425087316e-03
2.668124850884090633e-03
2.666767526764096761e-03
2.665411301435255571e-03
2.663987785816302259e-03
2.662533349878215723e-03
2.661072316647733645e-03
2.659620159210141291e-03
2.658364794019285951e-03
2.656930243502908864e-03
2.655581930639578161e-03
2.654486645523279967e-03
2.653161859795849769e-03
2.651679893117564815e-03
2.650414100878034900e-03
2.649314934026941997e-03
2.647892460314788237e-03
2.646531532083923506e-03
2.645167651277868792e-03
2.643803755466256518e-03
2.642490424208621298e-03
2.641125559319806859e-03
2.639668849297250111e-03
2.638168923319467521e-03
2.636776348467418079e-03
2.635427521305827581e-03
2.634104572288570659e-03
2.632786109645335586e-03
2.631470359757576497e-03
2.630133213051328092e-03
2.628771923219602995e-03
2.627346970946737095e-03
2.625942530868441687e-03
2.624579130147414261e-03
2.623158125333263733e-03
2.621905592679846502e-03
2.620620636084503366e-03
2.619377556562546908e-03
2.618151148651276603e-03
2.616794146394874065e-03
2.615537416656843819e-03
2.614289786723239615e-03
2.613048950811058986e-03
2.611813126341483438e-03
2.610580942646445642e-03
2.609351352692679520e-03
2.608123563115694217e-03
2.606896978845180297e-03
2.605671159344508450e-03
2.604290448225038673e-03
2.604875840373522058e-03
2.604015562347472730e-03
2.602486901870321254e-03
2.600795546171835986e-03
2.599368257103495949e-03
2.597824018462430249e-03
2.596406737700229783e-03
2.595042362482596985e-03
2.593910053988990414e-03
2.591467972335587122e-03
2.589336069525632888e-03
2.587477575390923195e-03
2.587180062253624686e-03
2.586849609098468283e-03
2.586094419350154581e-03
2.585451862992549713e-03
2.583357081445614243e-03
2.582833761380060218e-03
2.582005789779068597e-03
2.581336941736101041e-03
2.580311096373816542e-03
2.579451253762304972e-03
2.578462884139587612e-03
2.577833370849258714e-03
2.576859017049687537e-03
2.575090409120123561e-03
2.573527565168704304e-03
2.572008389327213023e-03
2.570636516317520697e-03
2.569146921984588952e-03
2.567988541021587554e-03
2.566912109087943292e-03
2.565708326221610800e-03
2.564449664852469848e-03
2.563250610751782906e-03
2.562191570515487404e-03
2.560972874563100226e-03
2.559886050672682996e-03
2.558674375048936283e-03
2.557487660152540920e-03
2.556353051825333011e-03
2.555211009328861842e-03
2.554203253737214081e-03
2.553037004702824256e-03
2.551642038007967666e-03
2.550553376176656339e-03
2.549492783775564406e-03
2.548381762553192636e-03
2.547302124457523700e-03
2.546143622322860622e-03
2.544988966235145478e-03
2.543803085523338708e-03
2.542657899594841578e-03
2.541593426255856110e-03
2.540387008432893126e-03
2.539312378188757387e-03
2.538099001813037825e-03
2.537020028985237461e-03
2.535803847705692202e-03
2.534742543188212276e-03
2.531969544864659701e-03
2.531302757636860832e-03
2.530534462299399798e-03
2.529681772336267627e-03
2.528631036665213334e-03
2.527871167734985301e-03
2.526979024430759009e-03
2.525679715357470601e-03
2.524562891741688464e-03
2.523294684135829729e-03
2.522351690866014937e-03
2.521271956024429169e-03
2.520049423526604746e-03
2.518903689514945428e-03
2.518150218675924406e-03
2.516705175612149546e-03
2.514114426077618519e-03
2.513001359649608222e-03
2.511931682636120607e-03
2.510895349843683937e-03
2.509818887561210757e-03
2.508735494914537956e-03
2.507600205583976512e-03
2.506603744107077647e-03
2.505448463626508675e-03
2.504436435695761663e-03
2.503338124992727023e-03
2.502249992581551466e-03
2.501052655065011485e-03
2.499869435536556089e-03
2.498695877041562634e-03
2.497528479437222289e-03
2.496364533588024941e-03
2.495201975541755726e-03
2.494039264782260765e-03
2.492875282852052843e-03
2.491709249181251092e-03
2.490532880115753443e-03
2.489353572297165092e-03
2.488171193769362060e-03
2.486985747442843880e-03
2.485797327490418991e-03
2.484606094117508806e-03
2.483309061700206526e-03
2.482049782779788532e-03
2.480858311731343278e-03
2.479535865946275348e-03
2.478423887703823641e-03
2.477062894426879276e-03
2.475981654157350179e-03
2.474755065570960477e-03
2.473455921661826991e-03
2.474071205325784149e-03
2.472638137926397393e-03
2.471117784788640429e-03
2.471665645859844399e-03
2.469886266457549731e-03
2.468446060109114309e-03
2.466876470274304099e-03
2.465315804975715466e-03
2.464044466521503590e-03
2.462747710048668673e-03
2.461485127115154142e-03
2.460255706591696345e-03
2.459077380664964878e-03
2.457796015402402817e-03
2.456633752417808347e-03
2.455397106016005224e-03
2.454137014496354970e-03
2.452884415899775350e-03
2.451562803768153609e-03
2.450321858957438259e-03
2.449021698865350150e-03
2.447714149434782396e-03
2.446438810871054761e-03
2.445367482993410398e-03
2.444662419523857717e-03
2.445144193652349154e-03
2.448969440778403853e-03
2.461840679712523974e-03
2.499579380111794074e-03
2.591904452778604016e-03
2.774977707353038208e-03
3.042541792413439288e-03
3.318804949825066106e-03
3.638106777884647647e-03
3.945817457901496135e-03
4.235675305062059325e-03
4.372020560662120796e-03
4.634130054497987046e-03
4.876304859823549741e-03
4.906128867750509520e-03
5.134994207873295330e-03
5.346477259689220302e-03
5.284121882069364728e-03
5.492148253463763515e-03
5.682973378898587002e-03
5.858176690498995316e-03
6.019525660210784009e-03
6.167794168224005787e-03
6.304454672342224564e-03
6.429662707955458197e-03
6.544752521019598160e-03
7.045102946706189272e-03
7.094397055525842287e-03
7.142368439511465050e-03
7.188546148551605564e-03
7.265767694250829800e-03
6.951892025179779583e-03
7.019180040808698298e-03
6.848553512818162346e-03
6.993423848742636416e-03
6.871393778572760028e-03
7.026635395501273917e-03
6.928457524438297321e-03
7.087581159011719506e-03
7.015200747401262489e-03
6.966591318798587631e-03
7.501419245024488168e-03
7.610207185424428325e-03
7.699206024654442655e-03
7.493533099005001384e-03
7.415144462857109660e-03
7.490459083548889688e-03
7.463509508440342027e-03
7.574142411689338723e-03
7.672079817712302435e-03
7.634418663802534227e-03
8.139089599471261219e-03
8.225719583992851733e-03
8.055387094003113244e-03
8.105179043701577629e-03
8.161469611229422300e-03
8.116822288679543043e-03
8.621608180836499644e-03
8.438657795418153668e-03
8.473869827012319930e-03
8.412377743519749637e-03
8.917122934589922362e-03
9.409299989547476387e-03
9.012142061940625268e-03
8.829509496692661968e-03
8.741170554261929251e-03
8.700556318285318155e-03
9.196181491651184495e-03
8.999929840666233069e-03
8.903881599034440750e-03
8.858518333901910582e-03
9.352087382318019504e-03
9.151261695051050513e-03
9.057380299582735647e-03
9.614603666561577847e-03
9.552330724145874710e-03
1.009238241971283090e-02
9.600838925617567396e-03
9.595788175729164787e-03
9.593728221898134567e-03
9.594351380919786260e-03
9.597405623938915983e-03
9.602673820227164772e-03
9.609981347568397753e-03
9.619040271829294025e-03
9.629842807259770751e-03
9.642231898580978094e-03
9.655989796642290568e-03
9.670992883434221393e-03
9.687148247461863093e-03
9.704232972337563032e-03
9.722339123133545008e-03
1.020793281678046907e-02
1.010836369516745006e-02
1.004608265100393610e-02
1.000947537738575144e-02
9.990513198458533806e-03
9.983431814487870454e-03
9.988926659197740199e-03
9.993604878396995447e-03
9.939680516958366088e-03
9.987531419138585831e-03
1.046999609897961148e-02
1.094062254948582891e-02
1.045344564814479349e-02
1.041145613484371728e-02
1.038631458814114929e-02
1.037051743542093986e-02
1.036366962848248030e-02
1.036736521723866100e-02
1.031026942922398486e-02
1.029387602996365003e-02
1.037344782805665888e-02
1.043406847627077055e-02
1.039619680272521086e-02
1.041677479271580636e-02
1.043651915221865435e-02
1.045272419401753299e-02
1.046581603754045443e-02
1.047439650541930924e-02
1.101548663712369029e-02
1.093186083934029156e-02
1.087103291273599538e-02
1.077574775277859165e-02
1.075517537397302492e-02
1.073915951711019827e-02
1.073116986587214876e-02
1.072529126319656315e-02
1.072802760501566192e-02
1.073085651553939458e-02
1.126174590080415011e-02
1.116504257915806875e-02
1.109154054893349978e-02
1.099081709551682010e-02
1.102218596763657188e-02
1.105128780196001394e-02
1.106490944741812116e-02
1.095761019665512752e-02
1.090394352164308911e-02
1.098119492328509389e-02
1.102700435930976768e-02
1.105597663781981467e-02
1.107627379670577707e-02
1.109224636466430575e-02
1.108812005017211812e-02
1.155054494788211941e-02
1.127995969198880045e-02
1.115044835935527501e-02
1.117380055465644340e-02
1.114950369350264404e-02
1.113710322518166734e-02
1.113452124728481901e-02
1.112952274907282393e-02
1.113817344851705804e-02
1.114647894951894050e-02
1.115481359830046773e-02
1.162018112885752734e-02
1.155308432331559471e-02
1.149470964139213264e-02
1.194938540527373284e-02
1.163878858966392420e-02
1.154375914835979559e-02
1.155115298728483578e-02
1.190696165942822272e-02
1.184161739685864537e-02
1.179867220760700414e-02
1.177154241600756983e-02
1.175187786818009984e-02
1.173084383858366553e-02
1.172410777578753588e-02
1.172278566825489879e-02
1.172651605403952219e-02
1.172977117201956000e-02
1.173741993805704244e-02
1.174396420950468180e-02
1.175433668185753115e-02
1.175414400086884428e-02
1.176395346354709021e-02
1.177561055892424428e-02
1.178830291557219148e-02
1.180330525064795036e-02
1.180707016243571356e-02
1.181135720596999256e-02
1.181645901039924534e-02
1.182246012687596104e-02
1.182935547222293583e-02
1.183709674474574085e-02
1.184562013897423952e-02
1.185484856241605933e-02
1.187311246986012120e-02
1.189037782464743079e-02
1.190250021798471870e-02
1.191347432750193905e-02
1.192425174806738958e-02
1.193519018466648353e-02
1.194643985581236335e-02
1.195804776935693349e-02
1.197001160568966251e-02
1.198230723395787324e-02
1.199490249040451907e-02
1.200776384920923534e-02
1.202085945808812478e-02
1.203416034273018832e-02
1.204764072487365945e-02
1.206127792145859738e-02
1.207505207921560388e-02
1.208894584785916160e-02
1.210294406050580612e-02
1.211703343920757583e-02
1.213120233398485431e-02
1.214544049623105838e-02
1.215973888403914550e-02
1.217408949588682024e-02
1.218848522884387157e-02
1.220291288592414980e-02
1.221741967895064764e-02
1.223188927473209398e-02
1.224638346803613199e-02
1.226091487184045176e-02
1.227547787724142005e-02
1.229006216354096639e-02
1.230465789268932533e-02
1.231743977989746552e-02
1.266443942502068487e-02
1.306641271762610385e-02
1.346685041724272197e-02
1.313561828200366516e-02
1.354184519156790938e-02
1.392143731000876176e-02
1.356903617189416690e-02
1.333954743638773865e-02
1.374991605744099732e-02
1.341685125109449289e-02
1.373831012812882363e-02
1.417007929656358134e-02
1.377356826005119578e-02
1.409275654526095933e-02
1.453531410648137290e-02
1.415436166572581894e-02
1.380668133042707406e-02
1.369964271692021909e-02
1.362777083826521331e-02
1.357154543801056962e-02
1.344941942482090307e-02
1.343150356256974168e-02
1.341881790088647088e-02
1.340830572551217174e-02
1.339885197644786335e-02
1.339014989070303613e-02
1.338219468592219408e-02
1.337506717973360737e-02
1.336884875053129945e-02
1.336359378353442831e-02
1.335932576329196958e-02
1.335604190020783268e-02
1.335371984426452288e-02
1.335232397420819776e-02
1.335181047745724950e-02
1.335213114666285519e-02
1.335323607325101906e-02
1.335507547743015194e-02
1.335725027296999490e-02
1.335349385323155759e-02
1.335923885540089666e-02
1.336845093339035853e-02
1.337856601199081778e-02
1.338859389851025476e-02
1.339823011428739608e-02
1.340744994375687310e-02
1.341372702307703363e-02
1.342311818010329463e-02
1.343219087754110586e-02
1.343105794624951943e-02
1.340617897052561250e-02
1.342470567204545086e-02
1.342819900937989967e-02
1.342899278577506898e-02
1.342943404604894989e-02
1.343038887217040157e-02
1.343216749757718091e-02
1.343584942089714497e-02
1.343726434382077652e-02
1.344028477068897644e-02
1.344419899213771842e-02
1.344879014552620780e-02
1.345495112926746277e-02
1.350037194998722836e-02
1.352062168945292187e-02
1.352936713072530085e-02
1.351258499867699636e-02
1.395683717492458148e-02
1.377143243980023107e-02
1.368422928238841041e-02
1.364350247947515062e-02
1.362448413870435276e-02
1.361651423689477780e-02
1.361630536629231981e-02
1.361990419043817603e-02
1.362624590870050757e-02
1.363374793465760987e-02
1.368026183187250402e-02
1.370930511595345840e-02
1.370166846995213988e-02
1.373100877750828633e-02
1.374361174240411147e-02
1.418111492667036358e-02
1.398486727960619042e-02
1.389399944779805621e-02
1.385489641557989364e-02
1.383532546159280119e-02
1.382773845804551906e-02
1.382811668731503442e-02
1.383288951842987641e-02
1.387628776407213299e-02
1.385764901573320433e-02
1.386993303596170679e-02
1.390126350367449498e-02
1.391762037451967950e-02
1.402488951803794286e-02
1.405299136543088426e-02
1.412143325672385319e-02
1.420916579033397811e-02
1.459414282275925401e-02
1.508626199342911860e-02
1.491189972170939987e-02
1.479764259272360952e-02
1.463282971112726642e-02
1.455032285652885921e-02
1.450694962719182961e-02
1.495590088646871034e-02
1.476071982480667288e-02
1.466867555446380034e-02
1.460451386895116922e-02
1.492922562190554005e-02
1.481082320180885509e-02
1.473681575896921420e-02
1.467699687871536034e-02
1.500161547515466848e-02
1.488099312510363093e-02
1.530097250976609341e-02
1.500976977603125234e-02
1.493853319173357209e-02
1.536861851154385818e-02
1.572460403963616554e-02
1.535303291618031474e-02
1.515643141356905546e-02
1.504244252938270049e-02
1.491016315467862986e-02
1.484727276353996032e-02
1.528100757970701253e-02
1.510047041826784869e-02
1.549272804332496589e-02
1.582568030886567084e-02
1.547231769199445932e-02
1.527620797820006260e-02
1.566101443735988183e-02
1.599844266529292999e-02
1.562404917928072491e-02
1.540954767096461286e-02
1.521852380819204223e-02
1.514638937220227910e-02
1.514283996216245209e-02
1.517723577513600645e-02
1.518890812484851617e-02
1.554913870827497394e-02
1.544491048465798655e-02
1.536755622742497912e-02
1.581082667262024774e-02
1.560592360103345115e-02
1.540572623946970948e-02
1.530596610915934720e-02
1.524240925910019806e-02
1.567597325636654534e-02
1.548091783693164580e-02
1.536972483069240503e-02
1.529198598505502986e-02
1.523975303503830731e-02
1.519365070169341296e-02
1.513957680190335976e-02
1.505629397762067202e-02
1.492578207885436083e-02
1.474876921057281624e-02
1.458880507283324968e-02
1.445838190514338664e-02
1.433499508324353501e-02
1.421524458822994233e-02
1.417258340086647445e-02
1.409898793265451124e-02
1.412597177248489655e-02
1.401120001065236410e-02
1.391769515869139585e-02
1.387298753040682245e-02
1.386115862924665668e-02
1.381760825114874448e-02
1.375306294221860341e-02
1.369093980385217152e-02
1.362007675705824775e-02
1.354978724912153133e-02
1.352898811785317040e-02
1.348521053372402946e-02
1.351010614548609629e-02
1.342025754517496908e-02
1.338845648119871279e-02
1.340650909305637906e-02
1.341560989438236873e-02
1.329831722576223056e-02
1.323617347110859349e-02
1.321330263902176921e-02
1.316973837962934213e-02
1.311913470430186093e-02
1.306596319754329064e-02
1.301370332775438413e-02
1.295909697442995147e-02
1.290972316694398263e-02
1.285960503831253335e-02
1.280687652702060080e-02
1.281212896900258552e-02
1.274718255901669678e-02
1.269170182181794670e-02
1.264249351626503537e-02
1.260352659833532431e-02
1.256621429502406510e-02
1.252796851935609329e-02
1.249623754610570438e-02
1.246276364742415245e-02
1.243083066091919646e-02
1.243010320437850681e-02
1.238360706144504136e-02
1.238327346948996967e-02
1.233230432433855654e-02
1.233529308464938537e-02
1.227968525217458355e-02
1.223387768236176669e-02
1.219291382834677973e-02
1.219853544863466754e-02
1.220155887147359591e-02
1.212464037942280817e-02
1.209193803292761896e-02
1.206109507913064038e-02
1.202420126706569420e-02
1.199289025489422289e-02
1.199938398363855144e-02
1.200382483242125667e-02
1.193700511524334318e-02
1.190770786241426848e-02
1.187729136676361069e-02
1.184915558779846105e-02
1.182223054583305191e-02
1.179149371364603474e-02
1.175581565481270165e-02
1.174636280567228908e-02
1.172637502552139124e-02
1.169869054201284203e-02
1.167313203785609946e-02
1.164859371615936667e-02
1.162589802511096448e-02
1.160315857503019243e-02
1.157815944242780032e-02
1.154454827867509858e-02
1.153530402463787824e-02
1.151888806420982118e-02
1.149999961715485013e-02
1.147941251475117011e-02
1.145488155043523221e-02
1.142565520469854268e-02
1.141675439906516577e-02
1.142586313226704592e-02
1.139245045349901453e-02
1.136266797868467661e-02
1.133677338814935258e-02
1.131245435063456609e-02
1.129091645317560968e-02
1.129574048856664750e-02
1.126382590476200478e-02
1.123422652587252081e-02
1.120796565838134279e-02
1.118455904031907117e-02
1.116254770664904666e-02
1.114147675499588958e-02
1.112125806454675181e-02
1.109412937722489834e-02
1.108773005111925516e-02
1.107219768024312982e-02
1.104793169006427871e-02
1.104199296549640032e-02
1.102295455984305186e-02
1.102595455007924878e-02
1.099764941470679491e-02
1.100065193434113242e-02
1.099840803947320714e-02
1.097931717426164390e-02
1.094630883371831669e-02
1.091713361328375959e-02
1.088971862835412356e-02
1.086561411213853370e-02
1.084540066355260159e-02
1.082350963808560024e-02
1.080673829888340043e-02
1.079629778742345440e-02
1.078393676757542601e-02
1.076792392785722030e-02
1.077432940288796694e-02
1.074599573769857187e-02
1.074900479410883028e-02
1.071052379681263801e-02
1.069436743546310457e-02
1.067247816856424329e-02
1.065445021652965986e-02
1.062815105022554309e-02
1.062113236759246182e-02
1.062776304275146570e-02
1.060545891117681966e-02
1.058275041832516111e-02
1.058144786163752252e-02
1.057914306902628214e-02
1.054674582673949083e-02
1.052193658438653305e-02
1.050076133031099812e-02
1.049092378448007214e-02
1.047597360904460942e-02
1.045130220693016310e-02
1.044571226273618460e-02
1.043416313320818037e-02
1.042146787386419304e-02
1.040376657328307558e-02
1.038823500013894702e-02
1.037241482038681051e-02
1.035696359852784215e-02
1.033633395956469817e-02
1.033252830907466918e-02
1.031913282233384854e-02
1.030603564465563775e-02
1.029180992663139560e-02
1.027699718506906550e-02
1.026268035723999078e-02
1.024762019781075284e-02
1.023338323621224115e-02
1.021901924090897265e-02
1.021912498904938363e-02
1.021867840406880459e-02
1.019657711541132640e-02
1.017069732675925965e-02
1.016126478843159577e-02
1.015048773769599601e-02
1.013648904437436382e-02
1.013892251813304328e-02
1.012140615615696009e-02
1.010516918806296342e-02
1.009091631392316536e-02
1.009339421745083544e-02
1.009344700186732419e-02
1.009389770940459334e-02
1.005772364427933233e-02
1.003619666746978847e-02
1.002126050994234935e-02
1.001148739713805802e-02
1.000190439637949763e-02
9.987487674927769676e-03
9.974242417356999138e-03
9.960586138835332559e-03
9.947209014583263675e-03
9.934002650636647794e-03
9.921120864366424208e-03
9.907279671854701819e-03
9.891864238832610151e-03
9.878342524115624190e-03
9.860507274522929688e-03
9.851162689557929966e-03
9.851914307807008858e-03
9.846510181078044210e-03
9.837728522723404936e-03
9.824522046018453400e-03
9.812669311918716109e-03
9.798544519052938828e-03
9.784686766578093442e-03
9.771045330729295417e-03
9.757682674145002136e-03
9.744591937942005677e-03
9.731739562011799613e-03
9.719087384212038438e-03
9.706600965023055513e-03
9.694251894645912124e-03
9.682017694340473365e-03
9.669880924125268118e-03
9.657828165859600605e-03
9.645849123098577949e-03
9.629425028253275204e-03
9.626155256330365742e-03
9.618723415172831040e-03
9.608601857393095358e-03
9.597774385850927487e-03
9.584739648979706886e-03
9.573478526307417635e-03
9.563034348568795126e-03
9.551794600395419749e-03
9.540146454442434421e-03
9.530492170732540735e-03
9.518428097427584014e-03
9.503516921058991276e-03
9.500696866182640685e-03
9.493054872768125901e-03
9.482787529736176266e-03
9.470807962042443462e-03
9.457182051491425448e-03
9.455836233848475755e-03
9.446007673243446423e-03
9.446175015371366737e-03
9.441143708958455241e-03
9.432763616323298211e-03
9.422109405364614831e-03
9.412503834840364389e-03
9.401020394611166175e-03
9.388093746970433556e-03
9.376296179039872447e-03
9.367021188247766014e-03
9.358278558473787437e-03
9.348538072432327484e-03
9.338583618978752929e-03
9.343320471449334877e-03
9.328365802442723301e-03
9.312421906361917356e-03
9.312699990593848939e-03
9.299135389521073422e-03
9.288007080390110401e-03
9.289975241336274545e-03
9.291951475375643046e-03
9.288167459535395798e-03
9.266769235054700751e-03
9.248647261316416887e-03
9.235310070145918634e-03
9.221884600229058801e-03
9.222648647598547661e-03
9.210355319680868513e-03
9.199323889751937627e-03
9.189958693364830636e-03
9.180043708303926506e-03
9.169897747480572001e-03
9.175069263516317380e-03
9.155677695965992388e-03
9.158620612219165250e-03
9.144489992686794314e-03
9.145948162995616235e-03
9.130090832925170236e-03
9.116230201917513432e-03
9.103570748299556065e-03
9.105209661905417154e-03
9.087915903185412106e-03
9.074612491070804809e-03
9.074168507727509853e-03
9.074070569805364403e-03
9.073102579200699111e-03
9.051225703591032207e-03
9.052761814928768011e-03
9.050742084692175657e-03
9.022927365069566621e-03
9.003186866165862820e-03
8.988515833785537881e-03
8.976457305497693301e-03
8.977150400270467526e-03
8.961420379880130280e-03
8.948957778625804896e-03
8.937938314222326416e-03
8.926190009085543595e-03
8.915307734575000573e-03
8.906396495138231215e-03
8.896826171160793911e-03
8.887182938558070219e-03
8.879610615390781322e-03
8.865221206342727145e-03
8.857556432669295293e-03
8.857450505508540628e-03
8.853428408736124799e-03
8.842730784903135577e-03
8.841845220552235415e-03
8.833989102727686157e-03
8.825759628145940505e-03
8.817093032837331618e-03
8.808501893871185234e-03
8.800751795769407720e-03
8.790780420402854664e-03
8.782128615398315796e-03
8.773698023077697652e-03
8.775694105441295134e-03
8.763993658054759425e-03
8.752063954843942659e-03
8.740870649226567882e-03
8.727597543209703046e-03
8.724906271757749271e-03
8.720598320349293511e-03
8.715449794747516174e-03
8.707088261008006855e-03
8.699242741106694501e-03
8.701482365914120151e-03
8.703017711807831819e-03
8.689904546978238775e-03
8.678082822090222442e-03
8.666129823651230399e-03
8.656669015835999695e-03
8.646387753135654705e-03
8.638507177204752738e-03
8.629369369395123446e-03
8.621285980153136838e-03
8.610459878818315857e-03
8.609728278343038374e-03
8.605827485841132871e-03
8.600101292705558328e-03
8.593163297912143755e-03
8.586395745237713692e-03
8.587849862738189746e-03
8.576593395176707740e-03
8.564094505093549844e-03
8.554227975186984301e-03
8.546607739494843300e-03
8.546177753345984840e-03
8.536070055728544811e-03
8.525740082709259982e-03
8.517638460730614369e-03
8.510479568008105442e-03
8.503487198752346723e-03
8.496402748836140786e-03
8.489338560609694870e-03
8.483409154240223807e-03
8.474008621344569434e-03
8.466258177133463222e-03
8.468695355311089620e-03
8.458801395888388211e-03
8.449287575594349731e-03
8.440528462333035664e-03
8.433283268821385043e-03
8.425521805681807780e-03
8.418314339591064996e-03
8.420423322958175624e-03
8.406273786503477494e-03
8.401647438405952101e-03
8.395000772577139100e-03
8.387972337180521834e-03
8.381168247674536734e-03
8.382177244072187144e-03
8.371218102026357563e-03
8.362088395613243713e-03
8.364987488691933218e-03
8.365477009796173924e-03
8.347109960672399395e-03
8.338266199455412683e-03
8.330838110348409362e-03
8.324072649061603144e-03
8.313362593457013922e-03
8.311548310828609579e-03
8.307292237992652470e-03
8.301548256114472252e-03
8.295094496159532982e-03
8.288453687539549045e-03
8.281670511575096177e-03
8.274829571627907374e-03
8.277089262708942768e-03
8.277715212875907599e-03
8.263968786320447998e-03
8.251237429550162608e-03
8.240310870243827343e-03
8.241599794043725363e-03
8.230518266829795274e-03
8.220652822239127647e-03
8.208502653267607876e-03
8.204236227324841410e-03
8.207127208800152340e-03
8.198324984839721816e-03
8.189667978935893586e-03
8.180812275680588580e-03
8.181904924058042150e-03
8.171697210982787132e-03
8.160003882058026320e-03
8.156074046695688251e-03
8.159783303380198013e-03
8.150864679977705071e-03
8.142484766337554358e-03
8.142698533903886676e-03
8.131446075336296736e-03
8.123288102399468455e-03
8.114380831124297019e-03
8.106749621196262731e-03
8.108396016700636019e-03
8.096682055467685143e-03
8.089372330129641561e-03
8.088743980261547950e-03
8.085378558312145483e-03
8.088473433626825956e-03
8.080111316645160677e-03
8.072299667855853747e-03
8.064816253474233615e-03
8.057640828860419130e-03
8.046364081394681220e-03
8.050977594132530460e-03
8.043454222793389868e-03
8.036275834132173765e-03
8.029766319956554987e-03
8.022108918092962782e-03
8.013510684536057777e-03
8.014792450659358539e-03
8.005927073306601596e-03
7.997969285584549670e-03
7.991035633798144674e-03
7.984205275420291903e-03
7.978596539275545352e-03
7.971035231206697463e-03
7.963815615819092725e-03
7.957978600168181746e-03
7.951804668227108880e-03
7.945321532176936180e-03
7.940127965370458868e-03
7.933961276447715205e-03
7.927496694389890228e-03
7.918115786560670638e-03
7.916175532319829830e-03
7.912094194816577525e-03
7.903864189917392605e-03
7.902238200238947616e-03
7.905539389041265838e-03
7.907224575334331415e-03
7.897675445010483158e-03
7.889539596062816393e-03
7.889617928110997588e-03
7.879324068032106040e-03
7.869880323026002752e-03
7.862373416533147141e-03
7.852494780955666248e-03
7.849220170793192591e-03
7.844670659043406422e-03
7.836723689408103821e-03
7.834923869399873855e-03
7.831248626517984049e-03
7.826632489850238530e-03
7.821529783792731047e-03
7.814990349748463655e-03
7.808393446438405619e-03
7.802473175121333107e-03
7.794159677023265731e-03
7.792407617760344074e-03
7.788891067919312579e-03
7.782436365680900706e-03
7.776867936320081172e-03
7.771686746675094022e-03
7.766617965139438820e-03
7.766889333896110324e-03
7.768116879052417052e-03
7.755269657356961797e-03
7.749954475992787591e-03
7.741823168777900617e-03
7.740343579293990604e-03
7.743534668891461151e-03
7.738036230561313317e-03
7.730737067393506252e-03
7.725548049219516100e-03
7.718771905264565705e-03
7.713871998553362141e-03
7.707975227476716006e-03
7.700013692852065127e-03
7.698633490559703835e-03
7.692815211068299540e-03
7.692804383710755145e-03
7.691172939328638769e-03
7.687119599037933911e-03
7.683189559335179726e-03
7.676848165830913243e-03
7.671239002588509104e-03
7.666109742839538957e-03
7.658071326000809483e-03
7.656428802355081525e-03
7.653169949572641469e-03
7.649020697488079744e-03
7.644281089064026286e-03
7.646316539959280636e-03
7.639179655338063611e-03
7.632536561094732837e-03
7.626734695804444041e-03
7.616616173637397527e-03
7.613586967987373728e-03
7.609496234043617267e-03
7.604621083515662044e-03
7.606905482096343492e-03
7.596130641026561242e-03
7.591820792125631573e-03
7.583526185291467221e-03
7.582150821282268929e-03
7.575512394712696947e-03
7.575068916712152274e-03
7.572582622621621372e-03
7.568388818610394427e-03
7.563579113825408262e-03
7.558726221691331078e-03
7.561518248563947782e-03
7.561097548859707813e-03
7.551202884619578892e-03
7.543097502426160915e-03
7.532927527575433886e-03
7.529659711246900096e-03
7.525244243246554353e-03
7.520480864879181687e-03
7.514963484047915837e-03
7.509908742514248906e-03
7.504078900419236531e-03
7.499240899708459543e-03
7.493375097169574506e-03
7.495338562060910662e-03
7.487133408107799273e-03
7.480578044071145918e-03
7.482735649173861275e-03
7.473580462781998120e-03
7.473776710793406455e-03
7.465147703020130927e-03
7.458052150712841250e-03
7.452387434484991809e-03
7.445384376272240999e-03
7.437396654152873127e-03
7.435743711068726336e-03
7.432907810280270713e-03
7.429954403940570128e-03
7.424267210174934767e-03
7.420632808017491380e-03
7.421023090483142362e-03
7.421678154705785638e-03
7.413552487790820225e-03
7.406993651593457746e-03
7.401476950794211307e-03
7.396506613090420186e-03
7.391761294073190443e-03
7.383846059328741905e-03
7.382629079644898243e-03
7.380386003643557742e-03
7.376113948943979932e-03
7.372024660976867448e-03
7.367502431712408609e-03
7.362734754865380392e-03
7.357767062908355041e-03
7.350631293136761224e-03
7.348938374876223985e-03
7.342519926639779274e-03
7.341480982373360664e-03
7.339389461059248054e-03
7.334984604851136313e-03
7.330708429340648986e-03
7.326102653702210553e-03
7.321777001383023703e-03
7.317604485477325130e-03
7.313216573323711410e-03
7.308594265280294114e-03
7.303782107412299524e-03
7.299384655754287583e-03
7.295689231134778151e-03
7.289708985700776855e-03
7.282303381140842365e-03
7.280648404911366396e-03
7.277698545922023712e-03
7.273740432228410074e-03
7.267241649630429984e-03
7.266252809920059792e-03
7.263884152258382083e-03
7.260492500596355502e-03
7.256652181824002623e-03
7.251975885943146016e-03
7.248038767175291226e-03
7.243879632265665114e-03
7.239359346157325792e-03
7.235053344343678541e-03
7.236846016220783301e-03
7.230580406715031785e-03
7.231200321638414814e-03
7.223062519208878728e-03
7.216752761711448146e-03
7.210758373360631746e-03
7.211902669112812969e-03
7.205085824869578853e-03
7.204756652408994544e-03
7.197345100898234170e-03
7.197136281526489432e-03
7.188454780700604362e-03
7.185199751258181285e-03
7.179820358133948664e-03
7.172042252393151518e-03
7.169800989792324969e-03
7.165940627235540400e-03
7.162447819290835432e-03
7.158586764845958905e-03
7.154426829764421424e-03
7.150137059636608138e-03
7.145847595366150787e-03
7.141287996741968978e-03
7.137278338460223762e-03
7.133462781036320824e-03
7.127963033695789395e-03
7.123060028290839792e-03
7.119427337521944642e-03
7.121016798838453697e-03
7.115033629806095071e-03
7.109482204964091140e-03
7.102350415003883151e-03
7.100083650163202878e-03
7.097482228173285397e-03
7.092741756958637761e-03
7.089093437362775640e-03
7.085414805223622103e-03
7.081819810546791626e-03
7.078254978139592729e-03
7.074016245813258448e-03
7.070627967025972654e-03
7.067555931334352191e-03
7.060439524358802857e-03
