0.000000000000000000e+00
0.000000000000000000e+00
0.000000000000000000e+00
0.000000000000000000e+00
2.516903879400390312e-04
1.553300915336912249e-03
2.558453565277020100e-03
3.263250934241996790e-03
3.697194478885276053e-03
3.942621988774828827e-03
4.064905141363915099e-03
4.111753682542905984e-03
4.116177533888663691e-03
4.100134956486453479e-03
4.077728178542698936e-03
4.057649641313482332e-03
4.044948821854309033e-03
4.042278026087103675e-03
4.050759170810712927e-03
4.072743507278016664e-03
4.104249402382569023e-03
4.145436513567257904e-03
4.195918662208623744e-03
4.255106633580718958e-03
4.322363733369553526e-03
4.397078048299466434e-03
4.478693572391957353e-03
4.566720466810397436e-03
4.660734813863188358e-03
4.760373333034015331e-03
4.865325983696705894e-03
4.975328001427425234e-03
5.090152158158642998e-03
5.209601620413430167e-03
6.343846602189106079e-03
6.142276396191473191e-03
6.057322412970508885e-03
6.972103395100229771e-03
6.683884009658329871e-03
7.561108667828529001e-03
7.148700742757681768e-03
7.989475938725180276e-03
7.508940886067051734e-03
8.321041187483009527e-03
9.086721983882259379e-03
8.308503735212495120e-03
9.052354141288711936e-03
9.742388970711909554e-03
1.037108148641315702e-02
9.233919173018958690e-03
8.640376816359700285e-03
9.317423246251690938e-03
9.668890130895078927e-03
8.825188614293299691e-03
9.219285121441170294e-03
8.797328718849001250e-03
9.218615921741793451e-03
9.598053508570097980e-03
9.939980920375568463e-03
1.024856418254627838e-02
1.052785782680586320e-02
1.078199135582608853e-02
1.101515482082198946e-02
1.123148451352298099e-02
1.143491567942378495e-02
1.162904556312281679e-02
1.181704655879910887e-02
1.132562000320637072e-02
1.164451760801704649e-02
1.193692449869268590e-02
1.220872762947255129e-02
1.204005005578815540e-02
1.238697606786063297e-02
1.269997642981247378e-02
1.298759396435096407e-02
1.325643412986311602e-02
1.351157037324837197e-02
1.375685458290800203e-02
1.406205786269951880e-02
1.434995842196968088e-02
1.462509746702158470e-02
1.482775605420676157e-02
1.503330358758892850e-02
1.524109553835572076e-02
1.502727682160681123e-02
1.511340633103415779e-02
1.573837302485203010e-02
1.669854472075676249e-02
1.618471574780497996e-02
1.664024963412075175e-02
1.603290304427916826e-02
1.636160211769451325e-02
1.533170511251756921e-02
1.511494948934884001e-02
1.556584589591169035e-02
1.569243151095414332e-02
1.698401210766244812e-02
1.519011388277848040e-02
1.512779260432936881e-02
1.437528765539011766e-02
1.422796262581651518e-02
1.452191209927088979e-02
1.458340248323524227e-02
1.573256099183663326e-02
1.514289895188081908e-02
1.441169189457728976e-02
1.413411940077612117e-02
1.422895662931620946e-02
1.464363736943848776e-02
1.484014515289655382e-02
1.442916623688117288e-02
1.422715614186133640e-02
1.462032545806728027e-02
1.434060686265543894e-02
1.554614753372171587e-02
1.488521533449704316e-02
1.460015503893118127e-02
1.582917693689905175e-02
1.514608638569897407e-02
1.485220293388202564e-02
1.609266252727904051e-02
1.539171998048110071e-02
1.508869033131550810e-02
1.514456362191711827e-02
1.523334636466647067e-02
1.528283619808638340e-02
1.656123275277096574e-02
1.586404573855237574e-02
1.555913229956698042e-02
1.551637241684496529e-02
1.681310824084054217e-02
1.636082946394668350e-02
1.722957529864295109e-02
1.699448482895666093e-02
1.779896681655192617e-02
1.682818840745952879e-02
1.641115607471497692e-02
1.653541582104661387e-02
1.734010303899172559e-02
1.703747312642556189e-02
1.685965110935487912e-02
1.621623290928075889e-02
1.601046980598217623e-02
1.589416154501625128e-02
1.705976420878575414e-02
1.644672827276174448e-02
1.618522645574495614e-02
1.606718026176424605e-02
1.703995096825170266e-02
1.787411936989797070e-02
1.746383463481435139e-02
1.722855133890525622e-02
1.660505035681501124e-02
1.741535567611619470e-02
1.678277515843254117e-02
1.676604303184467057e-02
1.671157744857827004e-02
1.634577510339402587e-02
1.626812570928255416e-02
1.644383450802331878e-02
1.649749178693877411e-02
1.624063121792953049e-02
1.621024593674275788e-02
1.622195526412831615e-02
1.623542750442657362e-02
1.715987739993192832e-02
1.686451237989637988e-02
1.683961774386273300e-02
1.687172706826069180e-02
1.783489671180838246e-02
1.887198406246333102e-02
1.773381024673667886e-02
1.747277351176739282e-02
1.733327475800406497e-02
1.721642132506540426e-02
1.726153453320536380e-02
1.822678533094865966e-02
1.904249995776326199e-02
1.847195389828262813e-02
1.940482421484573256e-02
1.884035975914880034e-02
1.848644597486638272e-02
1.844808697149983093e-02
1.834636629960364335e-02
1.824339844780263273e-02
1.818996235666215516e-02
1.914589669543652686e-02
1.862252049582477018e-02
1.833783465895675799e-02
1.827361166647289634e-02
1.830803471232308674e-02
1.824704234321496144e-02
1.830878875574014006e-02
1.830760923516009525e-02
1.830415859405392504e-02
1.842812564011364271e-02
1.923605849543196661e-02
1.894962108246731752e-02
1.850207751453265478e-02
1.949123525220582132e-02
2.027034493158760831e-02
1.974078968595300090e-02
1.929867502947850422e-02
1.924646109241847508e-02
1.910829775414128739e-02
1.877488918103904780e-02
1.970991284011368652e-02
2.053798950311370650e-02
1.942374894639936622e-02
1.905472238777696642e-02
1.883464267090927124e-02
1.971090293439442531e-02
1.916704282667998360e-02
1.909206755056341853e-02
1.883576193366510651e-02
1.869873907080601624e-02
1.945140551247287464e-02
2.026657024447673858e-02
1.947728668205843047e-02
1.929434323127723894e-02
1.919389300655284514e-02
1.913733524185942669e-02
1.910488291939122299e-02
1.908638809021796431e-02
1.907648624774446050e-02
1.907219217039540088e-02
1.907173365270448812e-02
1.967831967481614361e-02
2.056352857524717040e-02
2.139486820096380554e-02
2.048209646996702535e-02
2.135024317760996632e-02
2.066331986769603946e-02
2.151374264893946703e-02
2.216615406459652646e-02
2.092620080429434884e-02
2.175948635380502150e-02
2.103795771029901354e-02
2.042871272318178000e-02
2.017086806092971765e-02
2.099998907429129202e-02
2.042815159461313507e-02
2.026920823883965328e-02
2.118049787496176228e-02
2.053336815180497460e-02
2.024645585851382948e-02
2.009908728559851865e-02
2.097744768426401327e-02
2.174529897291729158e-02
2.238526127861313955e-02
2.119030521077923043e-02
2.077816235953050539e-02
2.069688650000193336e-02
2.067635470328471267e-02
2.062040398451151293e-02
2.050962860500000692e-02
2.056604639781540317e-02
2.053569323065694910e-02
2.044489344967419242e-02
2.038492654222848893e-02
2.034463879334664008e-02
2.031673344754621538e-02
2.108418248178562868e-02
2.078476928595792902e-02
2.047855928988174742e-02
2.045196783205609214e-02
2.048755812703535392e-02
2.046644486014696437e-02
2.138349756501810653e-02
2.082863402900206329e-02
2.058540463745012206e-02
2.044916644416620854e-02
2.038674525095232615e-02
2.034091090239444760e-02
2.030218211595233302e-02
2.026827364484703325e-02
2.023839595440637268e-02
2.021220537471575540e-02
2.018945860967139017e-02
2.016991563470338367e-02
2.015332407433764739e-02
2.013942600822656026e-02
2.012796779851312723e-02
2.095819239168311698e-02
2.064994269313037353e-02
2.141486745504211919e-02
2.075194337605733991e-02
2.049206922269846548e-02
2.038112790769077559e-02
2.033200114620812432e-02
2.115137452345218841e-02
2.083507703617147599e-02
2.160293519664852405e-02
2.107179048820329026e-02
2.083195433192254822e-02
2.083807772430297175e-02
2.071583131664310462e-02
2.076318322824252313e-02
2.067707164752040361e-02
2.148855662028891986e-02
2.116779456969886813e-02
2.091050700644288274e-02
2.085263202409787242e-02
2.170517764807138733e-02
2.131524294495052221e-02
2.220246005351142124e-02
2.168525629713166647e-02
2.246883057852331125e-02
2.186048218891029418e-02
2.261010336971368273e-02
2.196969610695236400e-02
2.268277198302391662e-02
2.210218330966957564e-02
2.283795283633804560e-02
2.223406869869977084e-02
2.205011943110283396e-02
2.195598814723769693e-02
2.279388510678672514e-02
2.244218795606265152e-02
2.315698374629767547e-02
2.250648203759730848e-02
2.234855927679000459e-02
2.219655886904004297e-02
2.215489750314843242e-02
2.300618646542085255e-02
2.245089039659829006e-02
2.220492010269730851e-02
2.207663300230054346e-02
2.287813830845046581e-02
2.235049928465743935e-02
2.297050641485383349e-02
2.271003950222583168e-02
2.269574254867118973e-02
2.269563852872837767e-02
2.270979453515339572e-02
2.281319492550364092e-02
2.287024984782866366e-02
2.380482280488682711e-02
2.317809114352680985e-02
2.302784181358430438e-02
2.303689443180696739e-02
2.394315861012016877e-02
2.351056087996499303e-02
2.318606388463365434e-02
2.314397201462805448e-02
2.401236038190057709e-02
2.357577778896491338e-02
2.322316575804614369e-02
2.306705653584073534e-02
2.387665426207594838e-02
2.331946267491827665e-02
2.316263638394691626e-02
2.309196816602646085e-02
2.398925183379240281e-02
2.360206406659198092e-02
2.330942173155101799e-02
2.318261717966119129e-02
2.318167524229794441e-02
2.328594792049128517e-02
2.334839547546167793e-02
2.340045026433929670e-02
2.343249878173590817e-02
2.347423728524336561e-02
2.351027087657052428e-02
2.353912708710238083e-02
2.356201308923867865e-02
2.360098351216205481e-02
2.362555188438630188e-02
2.366388133796406418e-02
2.370351525661645170e-02
2.364872856963446540e-02
2.355907809068287506e-02
2.356409036740165705e-02
2.431619875248308693e-02
2.493439686692158763e-02
2.424008739020511172e-02
2.381639686643534370e-02
2.381254922793605081e-02
2.366682896322350182e-02
2.364265173386505617e-02
2.362068832593505752e-02
2.372211368110725693e-02
2.444878963127949251e-02
2.412830130003510570e-02
2.386841542990352644e-02
2.381400708286101134e-02
2.370058764625827818e-02
2.374944729056996384e-02
2.373925103029018296e-02
2.371200025969205302e-02
2.432935729309641110e-02
2.415896941373621432e-02
2.475839323732527755e-02
2.436901559337814258e-02
2.503066431309687936e-02
2.472629247696732369e-02
2.471718227272751145e-02
2.476971330099604976e-02
2.477191489682770836e-02
2.459488390139033531e-02
2.446765687871685011e-02
2.525699028703470503e-02
2.468082468524804979e-02
2.540355919099326898e-02
2.488287645182890237e-02
2.555384221291835678e-02
2.499625730557389000e-02
2.568525458248868687e-02
2.505121443058760944e-02
2.484001099215790015e-02
2.464822865662320492e-02
2.459448946801081823e-02
2.452937672996160362e-02
2.525049745029166529e-02
2.588936460856837429e-02
2.515757499544810094e-02
2.593314071524073852e-02
2.517599070757610760e-02
2.488453464718458352e-02
2.482815659016633647e-02
2.474806314273636856e-02
2.472270769822709421e-02
2.529086180936139863e-02
2.503153044279476588e-02
2.485833633128476522e-02
2.481250801221577054e-02
2.474697282880717122e-02
2.478368304572232950e-02
2.471337504413291530e-02
2.470281600116437659e-02
2.473590490687132062e-02
2.472109279352960320e-02
2.472351859733920576e-02
2.463233321010938753e-02
2.462824724124661191e-02
2.453856855933717399e-02
2.527988026157087023e-02
2.488877585583029739e-02
2.566632093296561390e-02
2.519967254292081182e-02
2.600671539763060869e-02
2.538735228098747479e-02
2.513181552459443913e-02
2.587996797316856681e-02
2.536276584828162095e-02
2.614711204303023576e-02
2.556806580350784452e-02
2.539572451325343774e-02
2.610651211543178057e-02
2.552978451113965819e-02
2.622239603475134614e-02
2.562915140133530112e-02
2.630913501380094388e-02
2.693269197506058601e-02
2.621107755465630629e-02
2.582155436902435278e-02
2.661533957938854930e-02
2.604443163862693589e-02
2.675087710484416390e-02
2.732094902072530751e-02
2.655727844514952501e-02
2.619727217168439648e-02
2.594860418758837203e-02
2.582187193316121121e-02
2.581008076859344844e-02
2.660900095952611552e-02
2.626179131564115865e-02
2.599273053299493152e-02
2.587690681904975670e-02
2.579803582490093963e-02
2.572540447662454918e-02
2.630757019072080954e-02
2.611388044155529484e-02
2.609245618537622824e-02
2.701007503932511059e-02
2.770782914448102416e-02
2.691531537606558014e-02
2.659912693713441592e-02
2.638611721722608494e-02
2.623925514051440866e-02
2.612495440121823109e-02
2.602995256197137078e-02
2.660655179167696616e-02
2.638434172750324380e-02
2.634437236671501384e-02
2.636995394604587858e-02
2.633741396984468769e-02
2.622144399156739122e-02
2.619813922706633325e-02
2.690574832787753778e-02
2.651232388503545201e-02
2.728777321751894164e-02
2.678988920602603033e-02
2.759649573945367751e-02
2.698564899936136199e-02
2.667732328901827044e-02
2.729467257429519372e-02
2.670635004768178930e-02
2.647820497572118265e-02
2.696897258916798948e-02
2.628976720603947229e-02
2.576847469899183965e-02
2.579782643110814511e-02
2.526629313287678466e-02
2.530483169480611527e-02
2.487348916988940672e-02
2.491642816988274070e-02
2.488578847169664598e-02
2.442170760549703182e-02
2.443627261727948641e-02
2.408833624286307526e-02
2.384911719648988293e-02
2.367888446773420280e-02
2.355584381834111701e-02
2.346472563325859712e-02
2.338682041469101330e-02
2.340892241513920988e-02
2.328611291992453355e-02
2.316622051436178359e-02
2.305377827880329689e-02
2.296206531147093610e-02
2.289016553386263864e-02
2.283644498538521528e-02
2.278044033703464227e-02
2.270811945221799105e-02
2.264590441823156192e-02
2.258114976016806219e-02
2.250331661347643869e-02
2.243305291785747252e-02
2.237756062922750810e-02
2.232058636382985503e-02
2.224896735202612497e-02
2.218746327327821705e-02
2.212487033450378365e-02
2.205035295750225333e-02
2.198286340389839569e-02
2.192938661296051084e-02
2.188002172327272246e-02
2.181418302899060940e-02
2.173413702139563239e-02
2.165956669188235512e-02
2.159785799185490879e-02
2.154607815910315749e-02
2.148489564540320002e-02
2.144008549715217121e-02
2.138706030366533187e-02
2.130353025131158373e-02
2.131760805510212603e-02
2.116738339514721498e-02
2.104474890904456039e-02
2.099345637396252823e-02
2.101157330603302398e-02
2.085544028255155447e-02
2.073731608718570180e-02
2.063828519594191474e-02
2.064146279676946916e-02
2.051596827627174754e-02
2.041617803981111631e-02
2.033018127875598630e-02
2.026026636272557080e-02
2.019927260737722566e-02
2.014399701029514350e-02
2.008738756362121736e-02
2.004155452171137858e-02
1.999984198417637665e-02
1.995620551146148544e-02
1.990524133551192440e-02
1.984995565270509729e-02
1.980143426397132367e-02
1.974713061998595656e-02
1.973350555144599838e-02
1.974942921590128186e-02
1.967152648796553771e-02
1.959666492851232927e-02
1.956390598670689623e-02
1.950791648789500926e-02
1.944845543220962564e-02
1.939215569424405233e-02
1.933199275452043495e-02
1.931115556235408690e-02
1.926920714035404089e-02
1.922245129996635535e-02
1.917259830584285007e-02
1.917661750007156746e-02
1.908919530676000606e-02
1.908435418084152360e-02
1.907403420420916706e-02
1.905528051955687405e-02
1.892918334268749517e-02
1.890941798475629862e-02
1.880560806950628064e-02
1.873553148880380964e-02
1.867603102238729260e-02
1.862114451869912105e-02
1.857477047259306277e-02
1.852937563005141453e-02
1.848518875068172820e-02
1.843970983523803009e-02
1.839368550893457840e-02
1.835045656537799205e-02
1.830340501101060391e-02
1.830614768731755881e-02
1.830607158353663930e-02
1.822937332488369644e-02
1.816994310945781524e-02
1.811806239102381130e-02
1.807562131704773881e-02
1.803955768466278600e-02
1.800314052724195923e-02
1.796769064329371834e-02
1.793139919469759203e-02
1.789134694217704366e-02
1.785916228572397013e-02
1.786439731259080801e-02
1.781515153997865683e-02
1.776983884140095546e-02
1.777417983018120262e-02
1.771986897462728139e-02
1.768279065313047016e-02
1.764202297280722045e-02
1.766073432173399446e-02
1.761547010057802967e-02
1.759056418355041743e-02
1.755975685761529057e-02
1.751945510152767491e-02
1.747675913482350796e-02
1.743379323232808337e-02
1.739167796963397850e-02
1.735698054569626697e-02
1.732509891649975167e-02
1.729175886456479558e-02
1.725924291683864076e-02
1.722327270587393003e-02
1.719320712577511803e-02
1.716424074194433658e-02
1.713446055417625416e-02
1.711179165324367910e-02
1.708796997401463777e-02
1.706827130459196221e-02
1.704650073148815045e-02
1.702218749580545684e-02
1.702545557015053279e-02
1.698390053993396182e-02
1.694503343500177242e-02
1.693108061852570054e-02
1.690600656928855153e-02
1.687802282609949731e-02
1.684794354828407850e-02
1.681755859967325531e-02
1.679144222217168053e-02
1.676173724664841574e-02
1.673011694754373418e-02
1.671904381472812118e-02
1.669749107083749046e-02
1.666871698174857488e-02
1.663390894234053827e-02
1.662230186227590945e-02
1.659869753952949653e-02
1.656168349091600642e-02
1.654916609756719101e-02
1.652684600541819496e-02
1.649927174407600505e-02
1.646936492909710156e-02
1.643697738786767046e-02
1.642548825602166765e-02
1.640321828722883860e-02
1.640976688570941477e-02
1.636100560237094964e-02
1.631999077902343206e-02
1.628472729590174639e-02
1.625254059182666341e-02
1.622511144098600852e-02
1.619596999138133223e-02
1.616510777809777519e-02
1.613905744853404850e-02
1.613787166963931430e-02
1.613450715206731639e-02
1.609138670386563510e-02
1.608930506047958481e-02
1.604305798808195946e-02
1.604422741705870126e-02
1.603297784207297419e-02
1.597785079756462029e-02
1.593623566394972504e-02
1.590161238619281978e-02
1.588303575547241400e-02
1.586522979315564338e-02
1.584715305781151523e-02
1.582145120307413763e-02
1.581405702326666926e-02
1.579717492729940109e-02
1.577494382583185389e-02
1.574405258392856666e-02
1.572449652301992351e-02
1.572343881365714097e-02
1.570115367394911421e-02
1.567599510009335881e-02
1.564452236124979495e-02
1.561802045045521461e-02
1.559568198003693888e-02
1.557065222850350511e-02
1.554936425722610455e-02
1.552737595170359565e-02
1.550027593276943200e-02
1.549216383623073894e-02
1.547455684132443936e-02
1.545077511118309738e-02
1.544312212445686505e-02
1.542785160099832513e-02
1.540066135604913761e-02
1.539187968087769171e-02
1.537712590198428778e-02
1.536539771678197691e-02
1.535131863200993665e-02
1.533214701643583616e-02
1.530782395924770202e-02
1.528367098471227620e-02
1.525837734807086038e-02
1.523524171875685618e-02
1.524028593065453185e-02
1.520358078291943194e-02
1.516987252265222796e-02
1.514098555309013883e-02
1.511248205324475929e-02
1.511586467855032846e-02
1.507978287258118083e-02
1.504736462371362819e-02
1.502194283591878898e-02
1.499929629709955206e-02
1.497034171666126838e-02
1.495941080151594327e-02
1.496607321779019895e-02
1.493382375265842402e-02
1.490785751590181091e-02
1.491169711771623066e-02
1.486689021232220388e-02
1.484725253419248020e-02
1.482528599450088670e-02
1.480382558024491250e-02
1.477507057387296256e-02
1.478481981261218006e-02
1.475784514528476546e-02
1.473316634070729637e-02
1.473745989162158522e-02
1.470039859488224410e-02
1.467166133603345704e-02
1.466969903661761825e-02
1.464078990042658006e-02
1.461742677561082664e-02
1.459672703642587999e-02
1.457070441211685136e-02
1.458004353640979939e-02
1.455641982995323214e-02
1.453365282778482440e-02
1.451301714316432373e-02
1.449291063434139139e-02
1.447217767386560841e-02
1.445336745728488352e-02
1.442820838710746900e-02
1.444072627749789020e-02
1.444021154402301034e-02
1.443662898848174087e-02
1.443048725216920791e-02
1.438490064119516201e-02
1.434891319392862102e-02
1.431728523883279459e-02
1.429892226751730902e-02
1.428900522698995507e-02
1.429397799986614065e-02
1.429165908802758692e-02
1.425816040906222743e-02
1.423807724976841431e-02
1.421598139014507156e-02
1.422675326199748617e-02
1.420582363560849229e-02
1.418531803655278395e-02
1.416492288502214925e-02
1.414554515913371037e-02
1.412171752367577526e-02
1.413396016456126836e-02
1.413727370875872240e-02
1.412959877661201270e-02
1.409332915744828524e-02
1.406213139243733812e-02
1.403755823055334064e-02
1.401966613449710103e-02
1.400042298238370932e-02
1.398018561432273592e-02
1.396064457122376049e-02
1.395536960709852295e-02
1.393881283843093934e-02
1.393618948844552521e-02
1.392622375863063026e-02
1.391136876537552892e-02
1.389052575740153117e-02
1.388446037401817879e-02
1.386497604375183657e-02
1.386210755924256570e-02
1.386992039871737942e-02
1.383935830068712229e-02
1.382048993600878267e-02
1.381698447262859689e-02
1.380272976079502736e-02
1.378226531329276340e-02
1.376050603033543776e-02
1.373927427634354798e-02
1.372799932268003835e-02
1.372905892308491464e-02
1.371892381773922621e-02
1.370445285251769597e-02
1.368871314231685787e-02
1.367264585627673591e-02
1.365407259242411991e-02
1.363127736786567436e-02
1.362400718747313125e-02
1.361149867303362848e-02
1.361663041744601288e-02
1.359094125808728293e-02
1.356741069307118921e-02
1.354553272674888925e-02
1.352604910954608580e-02
1.350700113360358418e-02
1.348794932708790965e-02
1.347139396326957339e-02
1.345299406844090509e-02
1.343572688788278839e-02
1.342058159125271259e-02
1.340443581669895773e-02
1.338902388560027704e-02
1.337392030030700764e-02
1.335899347516223204e-02
1.334418179363034730e-02
1.332725772864818553e-02
1.332867683188606114e-02
1.332793445577905127e-02
1.330263301682193394e-02
1.328363848219172097e-02
1.326395491688239781e-02
1.324761997852986865e-02
1.323330397971663776e-02
1.321714431213295848e-02
1.320870248398491043e-02
1.319857744553396689e-02
1.318866801311281700e-02
1.317334452754821174e-02
1.316119465148480466e-02
1.314892683072313787e-02
1.313297510538597584e-02
1.312307821406054342e-02
1.312460725736796542e-02
1.311633975866627333e-02
1.310343539945073126e-02
1.310674343575653038e-02
1.308116737995818936e-02
1.308778384115999449e-02
1.306913826862022079e-02
1.304900066279756667e-02
1.303331935112331599e-02
1.301606969737659561e-02
1.299988746730124968e-02
1.300198432712962315e-02
1.298067535752928450e-02
1.295786202852340641e-02
1.296424045714010369e-02
1.294278809733532577e-02
1.293458358510491714e-02
1.293775106497748253e-02
1.291728978290473950e-02
1.292121394509439594e-02
1.289562929946074660e-02
1.286878727292742677e-02
1.285416160225580189e-02
1.285270580237393712e-02
1.284416981164603067e-02
1.282642668556556280e-02
1.282375534618226953e-02
1.281384143960134087e-02
1.279609787264116873e-02
1.279321555810850920e-02
1.278121335268206198e-02
1.276637902689893925e-02
1.275176541520028212e-02
1.273520145427754248e-02
1.273891300239073966e-02
1.271666426501307824e-02
1.271925723764988705e-02
1.268817059761973877e-02
1.267420063930348173e-02
1.265853252924285105e-02
1.264312028945184345e-02
1.262671077459848017e-02
1.261263956593227688e-02
1.259865253308809635e-02
1.258632616869129021e-02
1.257471812315835540e-02
1.256194548458279547e-02
1.255067567463983430e-02
1.253859669826274531e-02
1.252739262149192394e-02
1.251453592216878255e-02
1.250225720707551051e-02
1.249131871287913718e-02
1.247364167211179216e-02
1.246300865042539521e-02
1.246352164927190531e-02
1.245732883688739460e-02
1.244182563309109875e-02
1.243761018752580910e-02
1.242385517569311558e-02
1.242345490318392393e-02
1.241534966517076483e-02
1.239922757475048903e-02
1.239745562655505083e-02
1.238907286778395678e-02
1.237078047989674523e-02
1.236469700265733183e-02
1.235461295297286301e-02
1.233849945776099855e-02
1.233476222985450260e-02
1.232489572291620150e-02
1.231339355374120106e-02
1.229973452470411316e-02
1.228710260350764430e-02
1.227383717127554508e-02
1.226147620278998304e-02
1.224861964569283652e-02
1.223572355329454603e-02
1.223799898874262937e-02
1.223776577434506838e-02
1.221599131413215154e-02
1.219684758862893403e-02
1.217542039399772263e-02
1.216790754572169390e-02
1.215606309266183474e-02
1.214697270354606062e-02
1.213517185104853735e-02
1.212496430109021202e-02
1.211156208903280823e-02
1.210921593050429124e-02
1.210196930004970445e-02
1.209325047263975703e-02
1.208360332680277066e-02
1.207175353313356091e-02
1.206008636418415096e-02
1.205129630841381139e-02
1.205314504773654857e-02
1.203536697723418120e-02
1.202315165374375633e-02
1.201390672411545464e-02
1.200513541930816469e-02
1.200759597990075367e-02
1.200851020786284674e-02
1.199030825542611416e-02
1.197507289175124556e-02
1.196230975998753207e-02
1.194719529878790487e-02
1.193500776655321248e-02
1.192177166403295303e-02
1.191125553500846888e-02
1.190146623701287057e-02
1.190356716398881763e-02
1.190444441480852621e-02
1.188517295084767084e-02
1.187052948538836437e-02
1.185798007997345728e-02
1.184398177109858598e-02
1.182964137175957636e-02
1.181853737751686027e-02
1.180878581792833143e-02
1.180047303787900605e-02
1.178991121311599374e-02
1.179176972465433189e-02
1.179205018144541262e-02
1.179375441385459300e-02
1.177073518654386114e-02
1.175447851664861154e-02
1.173948224319569696e-02
1.172700843345494959e-02
1.171446187910312603e-02
1.170467152529807917e-02
1.169511755593753526e-02
1.168338308640799912e-02
1.167224326728293765e-02
1.166295607687251219e-02
1.164885232791756063e-02
1.164560231998012715e-02
1.163694133384199358e-02
1.163952542077208684e-02
1.162802821118882196e-02
1.162930738076626593e-02
1.161244685589375020e-02
1.159709076899797207e-02
1.158646668253994309e-02
1.157713669209907079e-02
1.156939082326658742e-02
1.156045277742048794e-02
1.155201841989695472e-02
1.155725108848421230e-02
1.154206114885275754e-02
1.153011988884468202e-02
1.152037606010394670e-02
1.150851097685349871e-02
1.149535978269875143e-02
1.149200944149284150e-02
1.148667584028122655e-02
1.149123197718670067e-02
1.147388484486881396e-02
1.146884240038525266e-02
1.147302529618017541e-02
1.147467277947885299e-02
1.145669150028595130e-02
1.144020848214862690e-02
1.144204512345471138e-02
1.142372202059062543e-02
1.140293481847324576e-02
1.139464596037224192e-02
1.138479451117550140e-02
1.137422223231453026e-02
1.136208468621799882e-02
1.135053976208886400e-02
1.134083050355104254e-02
1.132896798730322931e-02
1.131655706926238542e-02
1.130678134786982508e-02
1.129746955761607233e-02
1.128965821376600245e-02
1.127862153642201354e-02
1.126962108836700172e-02
1.126195483170869260e-02
1.125340461197566096e-02
1.125757621825339630e-02
1.124255536301299943e-02
1.123092721936369900e-02
1.122083536572592889e-02
1.120715161477808808e-02
1.120377056739390274e-02
1.119790310260741079e-02
1.120152596569877999e-02
1.120472714935047583e-02
1.120233858133073274e-02
1.118265751414160986e-02
1.116717311039237825e-02
1.115347416715389839e-02
1.114230749726503877e-02
1.113183711840106532e-02
1.112198346700998645e-02
1.111255709115717416e-02
1.110317383465527809e-02
1.109461415111549082e-02
1.108346275024778629e-02
1.107427247434862073e-02
1.107576770538182091e-02
1.106377666413875353e-02
1.105406379211086934e-02
1.104240274013176468e-02
1.103326547933952337e-02
1.102461693118204217e-02
1.101680808364744607e-02
1.100436761288225290e-02
1.100156972160364760e-02
1.099159331588452082e-02
1.099102508584063990e-02
1.098600436629546852e-02
1.097914872246487546e-02
1.097173037823154923e-02
1.096073390040902193e-02
1.095157658093119483e-02
1.095583929269720522e-02
1.093955833492005550e-02
1.093218690163944885e-02
1.093405746396505090e-02
1.092358565696883825e-02
1.091376198562233647e-02
1.090321895358462717e-02
1.089390060286205171e-02
1.089497278333143894e-02
1.088424113540530438e-02
1.088583623174851217e-02
1.087335449434275597e-02
1.086234193542892114e-02
1.085187932511432439e-02
1.084238615854860033e-02
1.083375610831068155e-02
1.082472706429709816e-02
1.081278593756397621e-02
1.080823318623724133e-02
1.080215970859729757e-02
1.079527184259544692e-02
1.078682894476119813e-02
1.077748540814550682e-02
1.076655066934831956e-02
1.076078932710627239e-02
1.076106726376904570e-02
1.075880864890919539e-02
1.076000641875050207e-02
1.076065532554862716e-02
1.074962306210502580e-02
1.074069602117300355e-02
1.072909800058528991e-02
1.073397332626480419e-02
1.073638693522297599e-02
1.073717140167889869e-02
1.072275022822567064e-02
1.070973218408438621e-02
1.069323253987216130e-02
1.069690442256667623e-02
1.069853275902294017e-02
1.069906184505590996e-02
1.068375133043013812e-02
1.066788255726481421e-02
1.065544125271401799e-02
1.064499573131463123e-02
1.063513523809809722e-02
1.062659340307878057e-02
1.061817455219354889e-02
1.060946451489908765e-02
1.060124117380098138e-02
1.059377828219752737e-02
1.058668498625425954e-02
1.058868467269369860e-02
1.058965125558793130e-02
1.057662921562632294e-02
1.056599771753129365e-02
1.055602944786096682e-02
1.054715747707336490e-02
1.053932938328325242e-02
1.053062426202477746e-02
1.053345057007485860e-02
1.052182852948625735e-02
1.051238099564451994e-02
1.050121513662538933e-02
1.049406435264273879e-02
1.049438893455782729e-02
1.049139306838747267e-02
1.048298383657486968e-02
1.048216366593954056e-02
1.048660597657167723e-02
1.047801902023401399e-02
1.048018184435019901e-02
1.046716938420621558e-02
1.045628117855188291e-02
1.044618129027668346e-02
1.043704002014517879e-02
1.042881687655690219e-02
1.041585092096256569e-02
1.041061094711810339e-02
1.040461258270554412e-02
1.039826378884546772e-02
1.039154079063607863e-02
1.038113305087737595e-02
1.037829876091767023e-02
1.037280100671626737e-02
1.037546146135906282e-02
1.037742052117127285e-02
1.036450237844121700e-02
1.035199094428286386e-02
1.034245581300052841e-02
1.033417605345098023e-02
1.032226934794724243e-02
1.031826725648176887e-02
1.031340981916824967e-02
1.030659437812515844e-02
1.030014507976181881e-02
1.029335640362907811e-02
1.029469975365858089e-02
1.028471962610477686e-02
1.027588282522555289e-02
1.026704010760749047e-02
1.025917881968966064e-02
1.025248895625733778e-02
1.024168113409286776e-02
1.023820887168382793e-02
1.022998108991439448e-02
1.022951356245208748e-02
1.022596860018889359e-02
1.023070588062565713e-02
1.023171943020334020e-02
1.022047861432946909e-02
1.022081538989876894e-02
1.020668614608025160e-02
1.019655521948182458e-02
1.018856112272169268e-02
1.017870069035786695e-02
1.017676428817649616e-02
1.017287529237144612e-02
1.016764490026882649e-02
1.016177464474675093e-02
1.015643564956815632e-02
1.015876829310064650e-02
1.016161272922400625e-02
1.014823655870101746e-02
1.013823912084657608e-02
1.012827354347156650e-02
1.011559508624752801e-02
1.010831078668316362e-02
1.010814686630498969e-02
1.010580830207032793e-02
1.009980852829833742e-02
1.009430122856752772e-02
1.008854103948665301e-02
1.008395379811826038e-02
1.007679860493841673e-02
1.007011713825398114e-02
1.007176926790555836e-02
1.006305726130839531e-02
1.005541430021800013e-02
1.004510144065748171e-02
1.004257872304407766e-02
1.003754328970932197e-02
1.003136304653340187e-02
1.002462096651668584e-02
1.002690997691730972e-02
1.001752421545656219e-02
1.000843850676068174e-02
1.000005091039112178e-02
9.992502491506320347e-03
9.982214884408188715e-03
9.978966433996318622e-03
9.974836259020722351e-03
9.969324468565493591e-03
9.971818517011982186e-03
9.972542853673244112e-03
9.960978719921556937e-03
9.951702613935072689e-03
9.938585179355877153e-03
9.933285916566128582e-03
9.935814413954850710e-03
9.927223851517747583e-03
9.929249907758092020e-03
9.929816114362804980e-03
9.918152119166238900e-03
9.906489609213198211e-03
9.897091963372149637e-03
9.897812519785300495e-03
9.888431362128975721e-03
9.878394346014104932e-03
9.871030847596501054e-03
9.862313252741949920e-03
9.855240773331204115e-03
9.846546617506172355e-03
9.840427826363056657e-03
9.841367254109832305e-03
9.838387192545802740e-03
9.839102557805415317e-03
9.832994915671936995e-03
9.832737046333325445e-03
9.824269753834208654e-03
9.817726532739856279e-03
9.813583477401764676e-03
9.809208316239634989e-03
9.804928551160017880e-03
9.799140085016989563e-03
9.789682943297704776e-03
9.787553367942972149e-03
9.783299682792144514e-03
9.777970790897008019e-03
9.772638340756971409e-03
9.767572532369738977e-03
9.756784704607930278e-03
9.753444935737582908e-03
9.749095515783606086e-03
9.751804354078580025e-03
9.743913042068508279e-03
9.745622132559727743e-03
9.735665805951768115e-03
9.727726420242638339e-03
9.718634357697555903e-03
9.711092843110252781e-03
9.703611409528070317e-03
9.705760301451961392e-03
9.694015972204154258e-03
9.688863259174385761e-03
9.683094366432274877e-03
9.685932600107407739e-03
9.676934146256083516e-03
9.672787389561543145e-03
9.666031543922835867e-03
9.658521494282498385e-03
9.651970746329415970e-03
9.645212679988926507e-03
9.638728537008532313e-03
9.640426083853324141e-03
9.632254373170640038e-03
9.623351875241478726e-03
9.615330210446564746e-03
9.616483417452005578e-03
9.617564001243809196e-03
9.607087545886325991e-03
9.595588448907075088e-03
9.590559840576844478e-03
9.592740729066011329e-03
9.584774365205456920e-03
9.586504221908660750e-03
9.587120218248632031e-03
9.575543234757838765e-03
9.565448378522529993e-03
9.556907859778057679e-03
9.549570470878017414e-03
9.539685485953115426e-03
9.536394150309159337e-03
9.531894904766739784e-03
9.527031134708152660e-03
9.522118054606839438e-03
9.512261742818221150e-03
9.505812990842800805e-03
9.505642931509874355e-03
9.503228171408875657e-03
9.499332379219701736e-03
9.495414630106519677e-03
9.490845431372976759e-03
9.492259569873793407e-03
9.484492773016430997e-03
9.476237617776236619e-03
9.469125817305142079e-03
9.463126760259368137e-03
9.457899331386620048e-03
9.452858106789127635e-03
9.448601973234891163e-03
9.449217792892818449e-03
9.441604301245395958e-03
9.442640961440819727e-03
9.435595902459952000e-03
9.427714015514773727e-03
9.420853376756820052e-03
9.412175607598473326e-03
9.409554605871681479e-03
9.406080304169492368e-03
9.401732582103475983e-03
9.397008678373511975e-03
9.392325571816894161e-03
9.386796875145236863e-03
9.381800786092450717e-03
9.376381955790604253e-03
9.377725065474270053e-03
9.369740284804034189e-03
9.363549718522079165e-03
9.363737691657965725e-03
9.355459154854485135e-03
9.356364260929278878e-03
9.348131994601030850e-03
9.341862674047666029e-03
9.331975942764747511e-03
9.328439257302006959e-03
9.321933382398676221e-03
9.320983377691709204e-03
9.319873589733735156e-03
9.315443149811865678e-03
9.311438253237864712e-03
9.305204636745873989e-03
9.300183157854280055e-03
9.296204948983997907e-03
9.290800572686323811e-03
9.283278107048174854e-03
9.282229190209616634e-03
9.278393815665798156e-03
9.274507699362203109e-03
9.270976701952831148e-03
9.267130134374431880e-03
9.263527948102539752e-03
9.256193178700281368e-03
9.255069480454901007e-03
9.252481415410074295e-03
9.249184658884036445e-03
9.245357102131632199e-03
9.241191598686041009e-03
9.236839908661625270e-03
9.230366175751143071e-03
9.225650608338001671e-03
9.218982324068520848e-03
9.220305483227374602e-03
9.210496881317057835e-03
9.207257493533835269e-03
9.203065758542247968e-03
9.205409511552492541e-03
9.207065935434787310e-03
9.197865818307046637e-03
9.190392519143119471e-03
9.183500281514099181e-03
9.177011654726134962e-03
9.170629772887337050e-03
9.164813991088175890e-03
9.156181929819389234e-03
9.153218780183091166e-03
9.149708476188544645e-03
9.144975260366205658e-03
9.140137209126660001e-03
9.135243196794142970e-03
9.126887563689511929e-03
9.124712925452525478e-03
9.125900300147694183e-03
9.120100679089040985e-03
9.120723805015265237e-03
9.113349767312931698e-03
9.105372739476650518e-03
9.096366361623342209e-03
9.093039420676735443e-03
9.089833630455268140e-03
9.085737176250297323e-03
9.081583569896129263e-03
9.077651866684788989e-03
9.072314623264337435e-03
9.064809352409143595e-03
9.062754009092578375e-03
9.059813792171350980e-03
9.056362234867535235e-03
9.052536067034626030e-03
9.048562516827274999e-03
9.044375197162293767e-03
9.039994083175488179e-03
9.035815092249804142e-03
9.031627028016684863e-03
9.027590324896927337e-03
9.021529227605323831e-03
9.014137873981142857e-03
9.012365687245655829e-03
9.009819084362871364e-03
9.006458803307250752e-03
9.002640308174280487e-03
8.998767958328750954e-03
8.995005263368374346e-03
8.990308280348375397e-03
8.990440072815986464e-03
8.984309212312642512e-03
8.978633823551594728e-03
8.977636213703805296e-03
8.978854828378565051e-03
8.971016734766131678e-03
8.961568462535733290e-03
8.958973966548001641e-03
8.954408485047504404e-03
8.955480457167142722e-03
8.950543956012595517e-03
8.946258324263028222e-03
8.942156993645864957e-03
8.943409549423428015e-03
8.934980387045555680e-03
8.931902995331376591e-03
8.928855877995800494e-03
8.924897717126957855e-03
8.920738659369790644e-03
8.916577461380345571e-03
8.910994422362091688e-03
8.905629229393684579e-03
8.900758585881971344e-03
8.896667580426812980e-03
8.892138622060993813e-03
8.887357955750919622e-03
8.882674772950845815e-03
8.878076366074240736e-03
8.873805550888911112e-03
8.868970468592867959e-03
8.864647306059649651e-03
8.860545015718665138e-03
8.856222846803594659e-03
8.851724149292991214e-03
8.853339071270296956e-03
8.854180960718334437e-03
8.854683431001354743e-03
8.854870125147814783e-03
8.844508518169124853e-03
8.836456532980940110e-03
8.836014398868432748e-03
8.836189821959735888e-03
8.836252013476443221e-03
8.825820614792246471e-03
8.816515145221975533e-03
8.807409423424483394e-03
8.800579832008740763e-03
8.792256524424004252e-03
8.789147216030251605e-03
8.785965491079237785e-03
8.782346073676930778e-03
8.778303504384689718e-03
8.773981900614031409e-03
8.770043265513621442e-03
8.772196116558333631e-03
8.766317908328092462e-03
8.758066650381772858e-03
8.755212156962274839e-03
8.751661080454956054e-03
8.747515710131664388e-03
8.743358194088670168e-03
8.739233941578578024e-03
8.735057512377906661e-03
8.730972051831436750e-03
8.732483263940637661e-03
8.726368274590178692e-03
8.721456537433582706e-03
8.721651716793416692e-03
8.714471687513804243e-03
8.708025781576171284e-03
8.709254447724570566e-03
8.702652700244300002e-03
8.695375307373329893e-03
8.689810638058875769e-03
8.684537469540261692e-03
8.680341882426716171e-03
8.675073022207539786e-03
8.670564306506567051e-03
8.667305727617662450e-03
8.667646739347618923e-03
8.662097244285672099e-03
8.655219729290952735e-03
8.651476346013790494e-03
8.652323609223291564e-03
8.650088639583209532e-03
8.647243399353354842e-03
8.644322580337272452e-03
8.641451663674217659e-03
8.637905741273564642e-03
8.634332445884082899e-03
8.628153219103939370e-03
8.626477170069495395e-03
8.623821605305078894e-03
8.621189469709101064e-03
8.621804471032733924e-03
8.616078984780757913e-03
8.610969689522114320e-03
8.606151373962476689e-03
8.602160503298466460e-03
8.597485666183088057e-03
8.592981779222044064e-03
8.588913879653705882e-03
8.584280443806061034e-03
8.579979416896204789e-03
8.575766327908948550e-03
8.571861917496247443e-03
8.568068261124288723e-03
8.564193527064651798e-03
8.560746623926130533e-03
8.554520259821615097e-03
8.552756015997198258e-03
8.550142305234745624e-03
8.552160737442578847e-03
8.547704939919577652e-03
8.542065100612766110e-03
8.537095475199150615e-03
8.532908694019502097e-03
8.529073946105886206e-03
8.525320992734817388e-03
8.521485226573546901e-03
8.518561548993814833e-03
8.519028581919697862e-03
8.513432509836748804e-03
8.508669678408093545e-03
8.504256165769495321e-03
8.500305737535239145e-03
8.496800582407915831e-03
8.492982535773734021e-03
8.488831093158588983e-03
8.485185277088882344e-03
8.481397734163601335e-03
8.477493709822890577e-03
8.473523615753807484e-03
8.469946780950889792e-03
8.463660685007900683e-03
8.461505987200841281e-03
8.458725216722886436e-03
8.455548184749204013e-03
8.449381941162603313e-03
8.448327651390256238e-03
8.446017630021038919e-03
8.447765076593378650e-03
8.449422362482797086e-03
8.443628907865898675e-03
8.443490918375628693e-03
8.436017951733933498e-03
8.436446054842198713e-03
8.429182282982498886e-03
8.429513839015270044e-03
8.422611848469409301e-03
8.415002702137335672e-03
8.408801666209634804e-03
8.401300258233915588e-03
8.398186863281174169e-03
8.395300895043164222e-03
8.392213178565454887e-03
8.387857487045366142e-03
8.383891102995746566e-03
8.380514325839553622e-03
8.377237684733649173e-03
8.373604168748790752e-03
8.370313052436888918e-03
8.367213408756495746e-03
8.364018559513634182e-03
8.360581320775195210e-03
8.362067588027724541e-03
8.357265102856399619e-03
8.352469623159559931e-03
8.348114693928586696e-03
8.344150615855572967e-03
8.340337440042989645e-03
8.336810972719932433e-03
8.331769624958379472e-03
8.327695338872455680e-03
8.321679306312824292e-03
8.319732581217339704e-03
8.315015163251773464e-03
8.314370736668810768e-03
8.313306931405506014e-03
8.310043917124806251e-03
8.307040023635950746e-03
8.302650675750559636e-03
8.303405144085089160e-03
8.299568998368497472e-03
8.294506428946394130e-03
8.290744440984232702e-03
8.286047666262156067e-03
8.282195026766565535e-03
8.276820365466751317e-03
8.275838855321447987e-03
8.277465300490205111e-03
8.274005174591059567e-03
8.270730715520048168e-03
8.267167132553729023e-03
8.264117859787726769e-03
8.259596137677653258e-03
8.253641939636430225e-03
8.252096398625188844e-03
8.250386184901708705e-03
8.246871663469665728e-03
8.243650681483000175e-03
8.240448848483862207e-03
8.237479128676580484e-03
8.232286645048143489e-03
8.231455628124061813e-03
8.229685017090128396e-03
8.227865565053393837e-03
8.224192230536230691e-03
8.221199882470869164e-03
8.216937744138242891e-03
8.213049470244778924e-03
8.210409931725474661e-03
8.206316771980070104e-03
8.200882628253065507e-03
8.199807950176133883e-03
8.198291930199851085e-03
8.196033490604111293e-03
8.190625489247763819e-03
8.189895875505337486e-03
8.188495652395709132e-03
8.185873936555782340e-03
8.182982402949703221e-03
8.179629862403350882e-03
8.176108410974911728e-03
8.169781497304210924e-03
8.168296512181786803e-03
8.170859046212184187e-03
8.166519317639130832e-03
8.162124093955081330e-03
8.157857715205356006e-03
8.151264700201806337e-03
8.149062310499522246e-03
8.146646446960907964e-03
8.148850327223958884e-03
8.142530149209103660e-03
8.135156638908933729e-03
8.132297767975095112e-03
8.129122953581782024e-03
8.126130156975337748e-03
8.122804915307741888e-03
8.120002189363073261e-03
8.115404851234955461e-03
8.111855671590050346e-03
8.108222170354388580e-03
8.102323303511540370e-03
8.100338267540776321e-03
8.098752935346262977e-03
8.095850155455391536e-03
8.092291666515314882e-03
8.088447835796914662e-03
8.088133576152059176e-03
8.087896924465133586e-03
8.082870464849633424e-03
8.078673725436566477e-03
8.074957738266849358e-03
8.069537039192654221e-03
8.068413585172020189e-03
8.067140377512512991e-03
8.063964851833888003e-03
8.061004561473999325e-03
8.058589804523445810e-03
8.054836499766257138e-03
8.051458120394766257e-03
8.048249190411738835e-03
8.045480202818493590e-03
8.046727510090707566e-03
8.042425522534561375e-03
8.039081646509238510e-03
8.039252373020708275e-03
8.034640076615808327e-03
8.034642980672933310e-03
8.028471552743336043e-03
8.023524954043957311e-03
8.019330865970111452e-03
8.015357180754726155e-03
8.012250783203144974e-03
8.007962420809868268e-03
8.004073974404578296e-03
7.998786112168946791e-03
8.001287176328433781e-03
7.998330876174403539e-03
7.995102222643114473e-03
7.991781267792579663e-03
7.988477761896614279e-03
7.985660377377357122e-03
7.986051536649677041e-03
7.986748651928027298e-03
7.980949456341304357e-03
7.975828942739408151e-03
7.971753064940724498e-03
7.966612290138766830e-03
7.962864949741349854e-03
7.958131177578512891e-03
7.954118361629767403e-03
7.950429963881703796e-03
7.947454506541494143e-03
7.944261434549144268e-03
7.941210886549452536e-03
7.938760287417486947e-03
7.934975978476213609e-03
7.931542060534115673e-03
7.928260093546642129e-03
7.925163204097402866e-03
7.920260867942381308e-03
7.919153858487884903e-03
7.921664734894596702e-03
7.923338437166308618e-03
7.924477073202302810e-03
7.924820491888048477e-03
7.918021418906512690e-03
7.909626146665578450e-03
7.911097624642565718e-03
7.912014709502620050e-03
7.905116863928373511e-03
7.896857489408798392e-03
7.893175998219020134e-03
7.894803327813585889e-03
7.895814616708669506e-03
7.896298528889643398e-03
7.888342485789314601e-03
7.882504027256145504e-03
7.874227058462855353e-03
7.870245682719993058e-03
7.866359405066868787e-03
7.862368767386015631e-03
7.858553464952219847e-03
7.854824099752499497e-03
7.851069368480392482e-03
7.852221262694877510e-03
7.853137829160880198e-03
7.847786682646738440e-03
7.841695023120379832e-03
7.836074383246217911e-03
7.837066377072685747e-03
7.831254812785621092e-03
7.825984931052085494e-03
7.823485065836846206e-03
7.819458854112559809e-03
7.815766724427582191e-03
7.811970947278330975e-03
7.808413710371046000e-03
7.810659350195939266e-03
7.804898902800003375e-03
7.800612873259296642e-03
7.795777670267199644e-03
7.796144086336828823e-03
7.791522455049046565e-03
7.787262566475602193e-03
7.783616057416911649e-03
7.780619403922494313e-03
7.781300662521084543e-03
7.776355795809254852e-03
7.772044854659453106e-03
7.772764438025440287e-03
7.767961019635161862e-03
7.763537102104558357e-03
7.760446782563089688e-03
7.756381604780092885e-03
7.752550848055133476e-03
7.748887772745852859e-03
7.745681745078377388e-03
7.747272359758083926e-03
7.742771344505192457e-03
7.737113876910221844e-03
7.738860969627770620e-03
7.735400467261251307e-03
7.731961629816395953e-03
7.728276515641329183e-03
7.725095688665981411e-03
7.722409257113600767e-03
7.719058109811889612e-03
7.713422773795309238e-03
7.710809987707997748e-03
7.706820596787441156e-03
7.706320058484395288e-03
7.704886317712216111e-03
7.703021811863034266e-03
7.700641666809725748e-03
7.698231671986823649e-03
7.695964641950828883e-03
7.697152318931090378e-03
7.693932042184045000e-03
7.689617522770817240e-03
7.685936523208646530e-03
7.682564112386972358e-03
7.679242494030550162e-03
7.676804232309800483e-03
7.671567968372632745e-03
7.669458048469414771e-03
7.667717315192872779e-03
7.665706727779518503e-03
7.663793768121037603e-03
7.664656441710555011e-03
7.664937604506163148e-03
7.660797445960346348e-03
7.657015260628280764e-03
7.651532669866713265e-03
7.649185206133467252e-03
7.646945815402518554e-03
7.644411309164506757e-03
7.641718696620062451e-03
7.639080098895466818e-03
7.640093921851314612e-03
7.641119938945232365e-03
7.634234547087105811e-03
7.631111331090964858e-03
7.627723464532042488e-03
7.624446121345152677e-03
7.626366324678049945e-03
7.621319195376533191e-03
7.616806431620554672e-03
7.613291760765073662e-03
7.609960514531121517e-03
7.610988964141198257e-03
7.606680431438481507e-03
7.602718216158698208e-03
7.599066042586594648e-03
7.596290305294069872e-03
7.592381167872457731e-03
7.588850410219899999e-03
7.590103380010482237e-03
7.586197614400636523e-03
7.586880218652063308e-03
7.582291077130362544e-03
7.578092635558919543e-03
7.574486099472756487e-03
7.569137498252400363e-03
7.567291752458023268e-03
7.565635274545886267e-03
7.562459449899802851e-03
7.559657453443800745e-03
7.561634071514907081e-03
7.557651533391898657e-03
7.552922025519256087e-03
7.549406368286374312e-03
7.547068645271329951e-03
7.543510444811158192e-03
7.540367272578767793e-03
7.537920204652726226e-03
7.536027651638625702e-03
7.533091442320409906e-03
7.530307357233447657e-03
7.526123301084163691e-03
7.525381489307575618e-03
7.524135387580604267e-03
7.522489118471132469e-03
7.523624049586162890e-03
7.520824946199347778e-03
7.517955455760914028e-03
7.519112729073740287e-03
7.519885516553522636e-03
7.520447855815503083e-03
7.514236180650252228e-03
7.515766169213714334e-03
7.509082744716122360e-03
7.503707780951088605e-03
7.499036941149311852e-03
7.494949657546082569e-03
7.489187779566647794e-03
7.487077697762434605e-03
7.485238317580158313e-03
7.481937112710235378e-03
7.477046331393061643e-03
7.475844173391263739e-03
7.477464231052781581e-03
7.474541001396725962e-03
7.475904445069863138e-03
7.471682667266033549e-03
7.467836741480698287e-03
7.468722083519632737e-03
7.469530086971759922e-03
7.464349661012871506e-03
7.458600234168376655e-03
7.453636874819397073e-03
7.449526874643167505e-03
7.445515379441339232e-03
7.442335967654667775e-03
7.438896834473057891e-03
7.439191070872087225e-03
7.439441664582401026e-03
7.434261300114743121e-03
7.434947906898340189e-03
7.429904072728777190e-03
7.425834840551884253e-03
7.422165263015320993e-03
7.418673291670104496e-03
7.415963862304978532e-03
7.412381025905432318e-03
7.409209365021329936e-03
7.406408211132946805e-03
7.407369650418675969e-03
7.403681668867706511e-03
7.400326199531366729e-03
7.397091515212714241e-03
7.392133331230794913e-03
7.390561866482928295e-03
7.388894563398929090e-03
7.387129473146457868e-03
7.387776686023802414e-03
7.384359731291836176e-03
7.381113681915841412e-03
7.378029152339141659e-03
7.373054446439548937e-03
7.371815564957674705e-03
7.369521114816111884e-03
7.365547860843278671e-03
7.364755565022047985e-03
7.363360973428563667e-03
7.361815894435745807e-03
7.358702461741585890e-03
7.356034263665361256e-03
7.353167735290407417e-03
7.354499624197809345e-03
7.350559409980011311e-03
7.346950549994575586e-03
7.343566886349562478e-03
7.344616287371020201e-03
7.340274393079199329e-03
7.336776814634370092e-03
7.332550695176924885e-03
7.328751007124706743e-03
7.325521384080791246e-03
7.322707895994283456e-03
7.319983705829914873e-03
7.317388726803789219e-03
7.314677572672853914e-03
7.315970679018764591e-03
7.310438506927480727e-03
7.308336801597054705e-03
7.303938275295286837e-03
7.303281175442118307e-03
7.301863603106473199e-03
7.299550128439648809e-03
7.297482018085061327e-03
7.294836718600383046e-03
7.292252227705787321e-03
7.289488277427588064e-03
7.287066979022114276e-03
7.283377997899987202e-03
7.280105972358428407e-03
7.280729655592094174e-03
7.277299546510221720e-03
7.273971164960396640e-03
7.271321865051961347e-03
7.272498856527732924e-03
7.267594507639162094e-03
7.263315428641219096e-03
7.260076601404695865e-03
7.257045747371921457e-03
7.254142838037888966e-03
7.251752909433437609e-03
7.249252515493619445e-03
7.244901894874137237e-03
7.243972787213047784e-03
7.242845026169482739e-03
7.240396547094874249e-03
7.241019551355748832e-03
7.237929482735325389e-03
7.235340362009268743e-03
7.236351690072532344e-03
7.232657557588263730e-03
7.229213299820654373e-03
7.226605894308485434e-03
7.223170194045203628e-03
7.224741051899919060e-03
7.219904882348596176e-03
7.216978261581567800e-03
7.213736609037646810e-03
7.210614009051777296e-03
7.207502746308042454e-03
7.206953323381677656e-03
7.206604491139290830e-03
7.203286932274226284e-03
7.203711553435021564e-03
7.200459391253325077e-03
7.197656810160212547e-03
7.195004047870457234e-03
7.192516481329478371e-03
7.190288714597140550e-03
7.188113406322603482e-03
7.189054896470890854e-03
7.190623866033446498e-03
7.186205270641250926e-03
7.182409716136338440e-03
7.179672180142921203e-03
7.176037297559891351e-03
7.172873197084670381e-03
7.169962482848648427e-03
7.167218163737588098e-03
7.164449503082397606e-03
7.165657011637675822e-03
7.166254450044734492e-03
7.163039236609549179e-03
7.158851346615075113e-03
7.155163369100191358e-03
7.151818364050053015e-03
7.152641892963911528e-03
7.149027631631089084e-03
7.149557942906056146e-03
7.145507762844773188e-03
7.142156498016033993e-03
7.139008677123423810e-03
7.139988816243361854e-03
7.134306780944771505e-03
7.136105004567805561e-03
7.131883375271404549e-03
7.128067197293282489e-03
7.124699325757989990e-03
7.121799277194151151e-03
7.122744720838672904e-03
7.124253276641540067e-03
7.119521990713651056e-03
7.115402365715429132e-03
7.112046542273255285e-03
7.108899090386654879e-03
7.105952378952069826e-03
7.103108911595767960e-03
7.100426480919093571e-03
7.098182457878553404e-03
7.099198890156046236e-03
7.100077595991881492e-03
7.095876046623439577e-03
7.092572071409440973e-03
7.088820967436068772e-03
7.089088127643823796e-03
7.085480438245746887e-03
7.082149490319169204e-03
7.082958648384528669e-03
7.079176691520418577e-03
7.076166923550926760e-03
7.072635746016631142e-03
7.067764815524262521e-03
7.066506092268927917e-03
7.064114246913032365e-03
7.062345793873868807e-03
7.059585773800388514e-03
7.057200015501999442e-03
7.055021810813528159e-03
7.052972031522120218e-03
7.050933864199459070e-03
7.052821602398955288e-03
7.049480385377150660e-03
7.046541905095720509e-03
7.048146859660590902e-03
7.044403725244717876e-03
7.040961021105702350e-03
7.038095189128634917e-03
7.035662075719893715e-03
7.033264058507639714e-03
7.030892265386798866e-03
7.028581895326655588e-03
7.026334419315299895e-03
7.022237789310086659e-03
7.021469746583919487e-03
7.020322109837228569e-03
7.018646718046105126e-03
7.017077501958283135e-03
7.014326939677919225e-03
7.011855548235176872e-03
7.009744778478686072e-03
7.007313769379143985e-03
7.005497793203247295e-03
7.002770637877290226e-03
7.000217735266995277e-03
6.997634386439063880e-03
6.995510578743123660e-03
6.996502291583352878e-03
6.993905937518728362e-03
6.990436488222315919e-03
6.987358356175252423e-03
6.987929689446146370e-03
6.984560714005426732e-03
6.982053381070498291e-03
6.982501449346078040e-03
6.978643189161703314e-03
6.975669483631612502e-03
6.972682040606911942e-03
6.969177042597517538e-03
6.966141020246484523e-03
6.963644855728916283e-03
6.961500447048983575e-03
6.959319210611428740e-03
6.957737857540182390e-03
6.955049218458322219e-03
6.952824716443721867e-03
6.950734695215399217e-03
6.946875778932367317e-03
6.946044634212305245e-03
6.945167022275201135e-03
6.943940608015406260e-03
6.944704777678435866e-03
6.941707944166918345e-03
6.942375438142450901e-03
6.938772823787724836e-03
6.939314431077495127e-03
6.935478475914434726e-03
6.932046841759100658e-03
6.928713696993289879e-03
6.925989842252261441e-03
6.923114928628158055e-03
6.920141697090913951e-03
6.918037534832700841e-03
6.913368152449125836e-03
6.911575203584720793e-03
6.909589351048410662e-03
6.907644089934267609e-03
6.905586492463009624e-03
6.903310141179227338e-03
6.904395748030034419e-03
6.901405556783564779e-03
6.898993885699335887e-03
6.895842030253266156e-03
6.896495593331757740e-03
6.892887538633628471e-03
6.890423497972184008e-03
6.891552756482524633e-03
6.891430713238450544e-03
6.886895307250489456e-03
6.882943303339915560e-03
6.883286893562521463e-03
6.879212076050825360e-03
6.876140895597729862e-03
6.876391625055620904e-03
6.870849343755114705e-03
6.868388500407768618e-03
6.866155676393376726e-03
6.867167923854423060e-03
6.868110717109878610e-03
6.868508350593018758e-03
6.868863884508236844e-03
6.864092614867735309e-03
6.859154289802171095e-03
6.859500992461540179e-03
6.854778841276583726e-03
6.850703210550122997e-03
6.847047007523286884e-03
6.847646102113202210e-03
6.843823496677459324e-03
6.840847408130729460e-03
6.837278885321661920e-03
6.837686261565195656e-03
6.833830307510498775e-03
6.830651504965476635e-03
6.827891088412339077e-03
6.824553283945488345e-03
6.821525661061016849e-03
6.819054364889587903e-03
6.816526043839407634e-03
6.814255818486252697e-03
6.810317335999918620e-03
6.809469612817014433e-03
6.808158686639051958e-03
6.806447324988933525e-03
6.804557762653385029e-03
6.802353809917402808e-03
6.800195853152070889e-03
6.797968462059360978e-03
6.796168414449309941e-03
6.793515677555856010e-03
6.794258155771832133e-03
6.789542842089275020e-03
6.787821558241498472e-03
6.785866039051430265e-03
6.783905734011732268e-03
6.780004295583487439e-03
6.779172101304646939e-03
6.778023665964580564e-03
6.776378090065012308e-03
6.774322498857074729e-03
6.772196957846084858e-03
6.773404571880948209e-03
6.770162496464155084e-03
6.771085311068430167e-03
6.767378010806183314e-03
6.764233692308326690e-03
6.764879954335710835e-03
6.761379819953228232e-03
6.755972719774893179e-03
6.753441044292277096e-03
6.751281061584794158e-03
6.748825984637130473e-03
6.746525883288750913e-03
6.744242525691116624e-03
6.741767551606454162e-03
6.739387752533843728e-03
6.737044457377456413e-03
6.734548699646361603e-03
6.732402429180850759e-03
6.730015803577914929e-03
6.727827610741091841e-03
6.728765928747802022e-03
6.725773136233226951e-03
6.727141583669979386e-03
6.723265054216553960e-03
6.719793359800003973e-03
6.717345415292976657e-03
6.717592071282637439e-03
6.714091786881565271e-03
6.709578405728462008e-03
6.706382818735510259e-03
6.708814068300009321e-03
6.709577584396735420e-03
6.706839631129700614e-03
6.704328813679382403e-03
6.701832171249206237e-03
6.700003946433830126e-03
6.697333893659488183e-03
6.694957274209556615e-03
6.693147258021477433e-03
6.690441739059286089e-03
6.691801663761583717e-03
6.688411868013450189e-03
6.685462330697478604e-03
6.682900723412173345e-03
6.680517026126635977e-03
6.678374050420103798e-03
6.679234009907439491e-03
6.676701758687370036e-03
6.674258534714459096e-03
6.672027158079237713e-03
6.669735706920389834e-03
6.667521372157514913e-03
6.665275278319654668e-03
6.663532457510836296e-03
6.664102873565787288e-03
6.660941658609745818e-03
6.661586526525363830e-03
6.661978793096767770e-03
6.658089870889821911e-03
6.654767099668028839e-03
6.651700978772086791e-03
6.648646079841766254e-03
6.646493987502558737e-03
6.643394108728119772e-03
6.640914723813408881e-03
6.638419543883647758e-03
6.634623976477609791e-03
6.633879516555867169e-03
6.632403927470622261e-03
6.630504386642726254e-03
6.628594609749467736e-03
6.626475368070272771e-03
6.624305733662247744e-03
6.622136787122647264e-03
6.619982279493162938e-03
6.620804351092452085e-03
6.617928554204343360e-03
6.615456329478581164e-03
6.616297922604522444e-03
6.616931575522771308e-03
6.612960141881674136e-03
6.614058538930222414e-03
6.609625359744339401e-03
6.606049668379345048e-03
6.602871401524728137e-03
6.599985611478094774e-03
6.597345958950619552e-03
6.593425445152898030e-03
6.592164040011769255e-03
6.590690391912636635e-03
6.589086832952469226e-03
6.587235355211250483e-03
6.585478006810731311e-03
6.583552610848747780e-03
6.581681402562109331e-03
6.579791572086614825e-03
6.578170872791997033e-03
6.578761993750012645e-03
6.579015462746815382e-03
6.575300698626615828e-03
6.572116506698004977e-03
6.569660255679650798e-03
6.566440833150426898e-03
6.567262492446327565e-03
6.564612845647588464e-03
6.564693590424892054e-03
6.561148663606283793e-03
6.557988212783219702e-03
6.555272533909051527e-03
6.552734125625985472e-03
6.550403325596637974e-03
6.548194819918834453e-03
6.548979046004457967e-03
6.546291034836906018e-03
6.547118918184710763e-03
6.544036055606264855e-03
6.541261025919261132e-03
6.538591756342370526e-03
6.539326924721308026e-03
6.536042600530703878e-03
6.533310602526371316e-03
6.530768001200355083e-03
6.528302223538466967e-03
6.525871396366309495e-03
6.523602579017862176e-03
6.521842656812686621e-03
6.522322273264151427e-03
6.519218886524036707e-03
6.516333136904014188e-03
6.513874996930845394e-03
6.511483506782183260e-03
6.509259448616144111e-03
6.507134250537050663e-03
6.505143395742799331e-03
6.503037494505405081e-03
6.501103731547342064e-03
6.499252025454204350e-03
6.497392035481591027e-03
6.495724107903305677e-03
6.493196924343378439e-03
6.491028943636113074e-03
6.491710035460580147e-03
6.488847264996832481e-03
6.486546913601990219e-03
6.484627949978090736e-03
6.481832613132435320e-03
6.479484266192422903e-03
6.480447708645526231e-03
6.477751024599489454e-03
6.475325328471235112e-03
6.473102837555622623e-03
6.471021533644774615e-03
6.472574813798325638e-03
6.469360674561314313e-03
6.466367304087373112e-03
6.464056880362866082e-03
6.461718705806785389e-03
6.459724937338171512e-03
6.460585684988257547e-03
6.457835199398408686e-03
6.455372071805185082e-03
6.453041653112930563e-03
6.451139464174524170e-03
6.448417209566292829e-03
6.446096576498715203e-03
6.443877547164796743e-03
6.441794235408447762e-03
6.439975985073152949e-03
6.440651012353883903e-03
6.441307947708765046e-03
6.441889016505081278e-03
6.442201483566845251e-03
6.438367521815312709e-03
6.434911646144943730e-03
6.431779546508652884e-03
6.428845869522172018e-03
6.429530668740317603e-03
6.426382522235154007e-03
6.423371677237690175e-03
6.420803737858287591e-03
6.418284345387052954e-03
6.415960610279283771e-03
6.417472652620265575e-03
6.417656153215738589e-03
6.414120129366345478e-03
6.410262016559632910e-03
6.407117612442565779e-03
6.404358006835298572e-03
6.405046920953907930e-03
6.402172651293268693e-03
6.399527148561948674e-03
6.397050032435746408e-03
6.394749100356741933e-03
6.392551542685408553e-03
6.390732015460378300e-03
6.388741542524232001e-03
6.387275285349766803e-03
6.384850574853849492e-03
6.382605177683818576e-03
6.379248699484230643e-03
6.378321961233217319e-03
6.377108029457807976e-03
6.374226809480252123e-03
6.373812905178530622e-03
6.372946970050465294e-03
6.371876583575065284e-03
6.370506354010558453e-03
6.368920556067635651e-03
6.367281832237664876e-03
6.368219586425845867e-03
6.365815296822546938e-03
6.363521528742885867e-03
6.361370473297852171e-03
6.359239400053348992e-03
6.360126742958303186e-03
6.357746678221750519e-03
6.357988608262851726e-03
6.358245422018965996e-03
6.354427677246288729e-03
6.351223937000251285e-03
6.348303010964249926e-03
6.344306052676562842e-03
6.346071834828720913e-03
6.346474174158494436e-03
6.343105233024223973e-03
6.340412679131589638e-03
6.337747797031292006e-03
6.335254267315310744e-03
6.333056868158753322e-03
6.334524540238958834e-03
6.331071168388172077e-03
6.328204474646836192e-03
6.325683788257652207e-03
6.323295013627995911e-03
6.321091045079909460e-03
6.318981509819176015e-03
6.319824573502203120e-03
6.317283554325205455e-03
6.314991325881431916e-03
6.312925365831944212e-03
6.313835668494385996e-03
6.311024421019330657e-03
6.308322416916790909e-03
6.305947715581187302e-03
6.306820155087495237e-03
6.304326922729678109e-03
6.301450672443449988e-03
6.298847921555762903e-03
6.296335831917106510e-03
6.294590984409874877e-03
6.292102977956163037e-03
6.288646524273889225e-03
6.287371102346908658e-03
6.286122958391138910e-03
6.285013490135167580e-03
6.283090421457345441e-03
6.281247974947345297e-03
6.279640906255297764e-03
6.276652591660935275e-03
6.276016589105865365e-03
6.274976987388253442e-03
6.276020698261670916e-03
6.274038890398889179e-03
6.272108980592348837e-03
6.270096358845518580e-03
6.271042572482884991e-03
6.268602663262963504e-03
6.266351704338929927e-03
6.267106656294034461e-03
6.264309475102542400e-03
6.262101074653725861e-03
6.259318753034672639e-03
6.256841715848445590e-03
6.254608630775647903e-03
6.252440423342438963e-03
6.250451533543368091e-03
6.248591007787871431e-03
6.246818719179353559e-03
6.244958724856838721e-03
6.241985413139646000e-03
6.241078054135954130e-03
6.242278997158011954e-03
6.240423934277945089e-03
6.241183723113892523e-03
6.238684159608811827e-03
6.236701496184715587e-03
6.234616125309653395e-03
6.232644735283371373e-03
6.230627679076734815e-03
6.228687145964900002e-03
6.226809409795330298e-03
6.224834903686787997e-03
6.226185141600431433e-03
6.223329027577193667e-03
6.220789524378975144e-03
6.221471464554166088e-03
6.219266235583022912e-03
6.220113898487773969e-03
6.220568939633534279e-03
6.216292405577247132e-03
6.212840720505177945e-03
6.210153555025996024e-03
6.207927036664843273e-03
6.205853656296988867e-03
6.204389218041040342e-03
6.202221424959569220e-03
6.200273293422707208e-03
6.198901792472556044e-03
6.196658521572945277e-03
6.193841133479879336e-03
6.193172762859412185e-03
6.192372670339962165e-03
6.191341783179438348e-03
6.190234349753166720e-03
6.188832305482268835e-03
6.186279632723361808e-03
6.185859455384313740e-03
6.185146719699449215e-03
6.184270546488360165e-03
6.182968026359608564e-03
6.181860632256830183e-03
6.182954274612526349e-03
6.180879861895183930e-03
6.178961924320823182e-03
6.176980703521826183e-03
6.175468542464351146e-03
6.171849349781492917e-03
6.173420735279746586e-03
6.171033112106760754e-03
6.168814069394416323e-03
6.167090030990724815e-03
6.165340298979079398e-03
6.163541759327567648e-03
6.161846315609280367e-03
6.160008398059438513e-03
6.158274099665113008e-03
6.156458923772443158e-03
6.154708236103146636e-03
6.151736081505379365e-03
6.151065407981187727e-03
6.150102650840982843e-03
6.148871000859926911e-03
6.146037975826646946e-03
6.145463103314391211e-03
6.144572277732233967e-03
6.143468863918732578e-03
6.142111528663739967e-03
6.140623129403504840e-03
6.139084573434911048e-03
6.140163297881070202e-03
6.140878512526516675e-03
6.136593435660391525e-03
6.134798996737294598e-03
6.135779680104300193e-03
6.132045324788202439e-03
6.130655670816624082e-03
6.129025512579039728e-03
6.127115357064895698e-03
6.125255677796693360e-03
6.123270664583543681e-03
6.121339518023468686e-03
6.119595738005466010e-03
6.121068500130750524e-03
6.117970310246537147e-03
6.115171914474964478e-03
6.115980346322787316e-03
6.113065660555793215e-03
6.113612541654658665e-03
6.110406132894600356e-03
6.111066167059782742e-03
6.107589464903580984e-03
6.104640611537273664e-03
6.101886086425313029e-03
6.099643501334923307e-03
6.100684435949922310e-03
6.097065944494096251e-03
6.092873467506380349e-03
6.091109961842615036e-03
6.089322416675408897e-03
6.088122825604240854e-03
6.085900893925393768e-03
6.083962607566322824e-03
6.084634299286241846e-03
6.082777023417123424e-03
6.080196818539748520e-03
6.077917362598810741e-03
6.076061884420481951e-03
6.074182753163701563e-03
6.074917735223612884e-03
6.075373894469192522e-03
6.075872501475928014e-03
6.072638840144574564e-03
6.069862383706812504e-03
6.067248911357702758e-03
6.067971806960992948e-03
6.068436066867860176e-03
6.065364000627494756e-03
6.065613320841121980e-03
6.061638103181100218e-03
6.058608162883642387e-03
6.055794969630472896e-03
6.056446480377414981e-03
6.056824149458842586e-03
6.053421639081802037e-03
6.050377642153993187e-03
6.047599014862431455e-03
6.045011253139747319e-03
6.043079406152286961e-03
6.040410393375218213e-03
6.038137831231906935e-03
6.036040814280188745e-03
6.034129712211122598e-03
6.032212596479081743e-03
6.033070049388604070e-03
6.029544273735355092e-03
6.028351058062791923e-03
6.025495499345595758e-03
6.024906153252271128e-03
6.023959803123152788e-03
6.022809709833256038e-03
6.021545252077827037e-03
6.020092026280701031e-03
6.018468940793866330e-03
6.016700856158878861e-03
6.015096116215797560e-03
6.016004409518168651e-03
6.013636270298885859e-03
6.011885068367642942e-03
6.009431715127270743e-03
6.007121100928694037e-03
6.004966578955158590e-03
6.003082287641241417e-03
6.001242988276572939e-03
5.999566606980108983e-03
5.997906270949918649e-03
5.998680451047948281e-03
5.996446426442628500e-03
5.994387703014147223e-03
5.992457009604423672e-03
5.990915733778551244e-03
5.989117343909794271e-03
5.986742479596796063e-03
5.984691229794420787e-03
5.982872766033545814e-03
5.981236271343945594e-03
5.979641489480284379e-03
5.978066451654943242e-03
5.976584307280508393e-03
5.975266512917257189e-03
5.973865526432908628e-03
5.972488710976761594e-03
5.971132504704956302e-03
5.972541854254546922e-03
5.970068379908776562e-03
5.967994125310636770e-03
5.966078390227814998e-03
5.964562756655570307e-03
5.964946829598612513e-03
5.962573127923240235e-03
5.960426702770864511e-03
5.958521476849699960e-03
5.957083836383644804e-03
5.955048327769399408e-03
5.953519247995104485e-03
5.953723737476115940e-03
5.953935673286142594e-03
5.951263080088104590e-03
5.951597621806232682e-03
5.951853450640662811e-03
5.948762306440182057e-03
5.949068516595218056e-03
5.945880242559623170e-03
5.943170936740431107e-03
5.940671646501174442e-03
5.941297126417994894e-03
5.938584469422835029e-03
5.936093576531728533e-03
5.936721626388656928e-03
5.934282166400840081e-03
5.931370428702780785e-03
5.928809461551588778e-03
5.929857164741307585e-03
5.929976625260447581e-03
5.927095723381750614e-03
5.923923459685972656e-03
5.924134036454954677e-03
5.921105857100593048e-03
5.918580832402553678e-03
5.916384920949856532e-03
5.914408089756196737e-03
5.912509757101578299e-03
5.910606313219664287e-03
5.908959963696507230e-03
5.907205744540342147e-03
5.905663687756909815e-03
5.903960917217894282e-03
5.902397728615674070e-03
5.903835257684045615e-03
5.901501108712668177e-03
5.898256214310573786e-03
5.896919227605401138e-03
5.897768693968933815e-03
5.894478018686234722e-03
5.893491417437255603e-03
5.894600230019655940e-03
5.892745994469014530e-03
5.890970469753087704e-03
5.889419902739613001e-03
5.887213154620157471e-03
5.885392299730876110e-03
5.883557093882583328e-03
5.881877973728462210e-03
5.880292192977583203e-03
5.879050787463846982e-03
5.879467216298842752e-03
5.877302393688534077e-03
5.875369821589100650e-03
5.873387412859467846e-03
5.874049254646667578e-03
5.871806068244249041e-03
5.872298144882989041e-03
5.869845857350089631e-03
5.867524602871030705e-03
5.865676334312927391e-03
5.863658766506359143e-03
5.862262544377469346e-03
5.859050393551806790e-03
5.859968682194512807e-03
5.858487507935073238e-03
5.856304884859110139e-03
5.854440041726769427e-03
5.852579976504231757e-03
5.850861678986455337e-03
5.849208351458028317e-03
5.848000591640440532e-03
5.846155766861473209e-03
5.844481592005595048e-03
5.842768791459763099e-03
5.841443665961671208e-03
5.839972666358902650e-03
5.838431828457601828e-03
5.836939550013905270e-03
5.835631853716886225e-03
5.834360263465549964e-03
5.831752994144841044e-03
5.831019359722670707e-03
5.830114676665945454e-03
5.829060819521073022e-03
5.827767247475083151e-03
5.826460825320702724e-03
5.825061746042947339e-03
5.823998758995687849e-03
5.822264852624347599e-03
5.819457376078907701e-03
5.818638122499698861e-03
5.817830848155684971e-03
5.816772175009287879e-03
5.815715758677567765e-03
5.816612277490867608e-03
5.814887514513852884e-03
5.815577045640338456e-03
5.813587240263253138e-03
5.811622946026426262e-03
5.809699609558229179e-03
5.808270378653524260e-03
5.806117729046260389e-03
5.804171120755664479e-03
5.802510391687861271e-03
5.800881071611938521e-03
5.799304942092248748e-03
5.797805645253930641e-03
5.798540079321350300e-03
5.796688100264376156e-03
5.794823442170661358e-03
5.793021489347587386e-03
5.790181119141001032e-03
5.789266811815723529e-03
5.788323080807705745e-03
5.787281213164057608e-03
5.786187725191960229e-03
5.783539173491617641e-03
5.783050635935873922e-03
5.782259604264687429e-03
5.781135325728315594e-03
5.779974374421830569e-03
5.778697014439573842e-03
5.777366653652681386e-03
5.775970863749060186e-03
5.774850594456738817e-03
5.775474946181025082e-03
5.773308786339128792e-03
5.773865958579129688e-03
5.771535988125593014e-03
5.769400068165356221e-03
5.767322892002211751e-03
5.765633909959964193e-03
5.763911740198729601e-03
5.764668463854363475e-03
5.765262168172441415e-03
5.762528528650639158e-03
5.760147451991650021e-03
5.758110341768127131e-03
5.756092102474220928e-03
5.754184911479193199e-03
5.751201441630823114e-03
5.750033017977621008e-03
5.748786209612321077e-03
5.747411124032947988e-03
5.746027506722276024e-03
5.744591439517282225e-03
5.741911790148808079e-03
5.741204490217572017e-03
5.740376787929805762e-03
5.739354634495546711e-03
5.738201225373790008e-03
5.736957431804752539e-03
5.735531228725610810e-03
5.734254548550648742e-03
5.733225326404901151e-03
5.731460179928205001e-03
5.729806398763532226e-03
5.727149729665647303e-03
5.726318773367837858e-03
5.725686135728456916e-03
5.724260432631193135e-03
5.722887729918638838e-03
5.721571134447706389e-03
5.720330069106956301e-03
5.719396286888479841e-03
5.717641553507664051e-03
5.718794959706927777e-03
5.716679941229679818e-03
5.717030542116179753e-03
5.714954285593898745e-03
5.712924074914227900e-03
5.714048532716588941e-03
5.711997706810343668e-03
5.712052684422475740e-03
5.709528255430325501e-03
5.710302786927109846e-03
5.707479442839114014e-03
5.705053290330973532e-03
5.703049748848179612e-03
5.701145792461084945e-03
5.699611378603126541e-03
5.698114875252510876e-03
5.696675850211559144e-03
5.697240553441384851e-03
5.695473564027044196e-03
5.693839259565488045e-03
5.692245431839847158e-03
5.690783062078619628e-03
5.689340445638232241e-03
5.687864408389397761e-03
5.686386388786674601e-03
5.684790481504312445e-03
5.683602556351374097e-03
5.682296043741549320e-03
5.680963971897070447e-03
5.679576221059034341e-03
5.678120198867037463e-03
5.676741493203450208e-03
5.675306310368977668e-03
5.673925381365578675e-03
5.672458818244349027e-03
5.670941849154231829e-03
5.669500887527181149e-03
5.670837782582940911e-03
5.671245612898588757e-03
5.668900817778152641e-03
5.666738228944657660e-03
5.663675486821486728e-03
5.662441566698726836e-03
5.661185093599207380e-03
5.662436120946898188e-03
5.660608677074944854e-03
5.660686728530560374e-03
5.658323414291546206e-03
5.656111640360481779e-03
5.654262396439117822e-03
5.652574052214873537e-03
5.651003069316169920e-03
5.649463764658147966e-03
5.647907446353008128e-03
5.646485496101773943e-03
5.645279657743299505e-03
5.643868669958707236e-03
5.642512725652797101e-03
5.640980397602801677e-03
5.639907973092625135e-03
5.638190567162867407e-03
5.636597323013336699e-03
5.635153446852579628e-03
5.633742984146428157e-03
5.632665291563217387e-03
5.630965099094017642e-03
5.629423678599069017e-03
5.628015531308175508e-03
5.626602303532103611e-03
5.625521053945337427e-03
5.624314369266475953e-03
5.623060081886647674e-03
5.621797284559503123e-03
5.623031345179541757e-03
5.621113702709654852e-03
5.621538281114554086e-03
5.619866209461676573e-03
5.618067493858177469e-03
5.616244647185069695e-03
5.616751994979334722e-03
5.613941731867477108e-03
5.612039344659868444e-03
5.610865737269982514e-03
5.609061326045574475e-03
5.607570890272377609e-03
5.606185363825850164e-03
5.605242184242187342e-03
5.604308189248915703e-03
5.605474696749029179e-03
5.604088352303079196e-03
5.602176696880118226e-03
5.600615618647612065e-03
5.599253215697316127e-03
5.598068472514339602e-03
5.596934305550511565e-03
5.595915653614113271e-03
5.594959851664228767e-03
5.593957362725045408e-03
5.593031487391112756e-03
5.592024000708145474e-03
5.591029658866836921e-03
5.590025785988481100e-03
5.589330129691377422e-03
5.587787656477610429e-03
5.588307688857928855e-03
5.586646009415753567e-03
5.585125240589216764e-03
5.583960232181691200e-03
5.582636534231119607e-03
5.582676746530000102e-03
5.580634976504661102e-03
5.581043161417254504e-03
5.579066623969302155e-03
5.577492854781999389e-03
5.575980189611346935e-03
5.574469724807456540e-03
5.573011169017531852e-03
5.571496205530078634e-03
5.570220642823682164e-03
5.568891870665945015e-03
5.569586854748847723e-03
5.567774407217461301e-03
5.566143361121546687e-03
5.564526679604150060e-03
5.562921230703494688e-03
5.561518364746106252e-03
5.560144719487663395e-03
5.558754424327795075e-03
5.559396527269094140e-03
5.557377397796255634e-03
5.555682302597102912e-03
5.554057994417076725e-03
5.552441732553229856e-03
5.553012419001163158e-03
5.551000303553038986e-03
5.549124304609560562e-03
5.547453734188399245e-03
5.545749596243713248e-03
5.546364465838302636e-03
5.544378058923112897e-03
5.542564655416366837e-03
5.540754947984873058e-03
5.539118045648061713e-03
5.539694733806319916e-03
5.537719000093527591e-03
5.538757790389207264e-03
5.536270699622349890e-03
5.534134606710936280e-03
5.534500983699022769e-03
5.532278617752976226e-03
5.530274069551215435e-03
5.528773421233226966e-03
5.526694395236680588e-03
5.527668446484749684e-03
5.525303698019886321e-03
5.523258127638332703e-03
5.521431301367119016e-03
5.519834113890970811e-03
5.518272635211190352e-03
5.516844171524338050e-03
5.515406495884827599e-03
5.514040251042899576e-03
5.512715184849227568e-03
5.511778403388885826e-03
5.510220583319281468e-03
5.508792984081693940e-03
5.506343152016918499e-03
5.505759854074952081e-03
5.505099776388910036e-03
5.504192383078034337e-03
5.503442396880373934e-03
5.502386932492168287e-03
5.501389524988638258e-03
5.502167860384866299e-03
5.500534116547705146e-03
5.499235384760959959e-03
5.497329110592818341e-03
5.495653706710195222e-03
5.496218355928230229e-03
