0.000000000000000000e+00
0.000000000000000000e+00
0.000000000000000000e+00
0.000000000000000000e+00
0.000000000000000000e+00
0.000000000000000000e+00
0.000000000000000000e+00
1.798584358542187942e-06
4.258403905369190223e-04
7.490526691667110260e-04
9.849159376291883195e-04
1.151394876488365205e-03
1.266164525757662628e-03
1.344225781600610946e-03
1.397260051534549193e-03
1.433889208247385305e-03
1.460256953912259133e-03
1.480633262895542221e-03
1.497927257002168487e-03
1.514084277648369966e-03
1.530378672618032442e-03
1.547623669669201526e-03
1.566319203734062434e-03
1.586750374873080547e-03
1.608886322764291332e-03
1.633001033257886056e-03
1.659089181463330349e-03
1.687111845054545256e-03
1.717011326407108648e-03
1.748720789138774774e-03
1.782170434243968279e-03
1.817291359059009046e-03
1.854017867923557581e-03
1.892288756038962337e-03
1.932047918875973245e-03
1.973244524273715019e-03
2.015832908600340319e-03
2.059772304670021061e-03
2.105026472531240558e-03
2.151563280386869972e-03
2.199354266669345612e-03
2.248374202491304572e-03
2.298600667241762745e-03
2.350013643339438334e-03
2.402595134039131781e-03
2.456328807960994794e-03
2.511199666974362008e-03
2.966201923912054408e-03
3.359929724163429957e-03
3.810047294267898677e-03
3.540233336039622179e-03
3.375280374289685650e-03
3.279329184554808166e-03
3.790849705521842986e-03
3.607624400771314386e-03
4.119019551828412631e-03
3.873556113677856412e-03
4.379590364142732506e-03
4.093351742693302105e-03
4.591959352134983123e-03
5.102554968469391952e-03
4.638615511736099255e-03
4.998661079857764228e-03
5.496478466981442185e-03
4.956168471279687529e-03
5.295361813577920476e-03
5.779476227915469888e-03
5.200772907804585184e-03
5.368986829271504835e-03
4.897457800908344878e-03
4.666918757204830022e-03
4.871689569904741682e-03
5.061404179293838707e-03
4.855619935438548924e-03
5.052215991920266935e-03
5.233743926810668912e-03
5.401193814272626202e-03
5.555514328091654651e-03
5.697643022270365738e-03
5.828542670284242964e-03
5.949218907549441888e-03
6.060721011108488945e-03
6.164129926081108463e-03
6.260538458802511995e-03
6.351028109642426096e-03
6.436646141378333380e-03
6.518385290224399005e-03
6.597167457501157753e-03
6.673831956672088631e-03
6.749128203329907670e-03
6.823712475938748488e-03
6.898148122652986505e-03
6.885918885887487920e-03
6.886966375835829046e-03
6.912467747382322961e-03
7.297823484761906121e-03
7.584273163237110343e-03
7.796546199473780928e-03
7.951518509600607673e-03
8.061565109786455671e-03
8.136210132327388253e-03
8.182989615282737841e-03
7.215419957562274958e-03
6.772099470638965474e-03
7.513110507557901885e-03
7.637095775943287049e-03
7.725007225691022175e-03
7.785886554765803283e-03
7.826117872780586140e-03
7.029776012139322267e-03
7.207788082245547741e-03
6.726387284433915995e-03
6.949480617089387469e-03
6.592650020766427886e-03
6.832466888143474276e-03
6.558601907091560559e-03
6.394878856799141725e-03
6.676811751331241523e-03
6.484039818576908983e-03
6.376273544295774261e-03
6.807538239030824778e-03
6.619256279522717917e-03
6.893298082082838750e-03
6.689079650385315601e-03
6.578492128401797895e-03
7.013613668387048104e-03
6.823265210035273261e-03
7.065621982760889389e-03
6.854253533816318661e-03
7.103739637702105938e-03
6.895201913727728137e-03
6.784586554775368442e-03
7.053787169856007462e-03
6.882858908331940424e-03
6.796487621927966086e-03
6.766258350875515096e-03
7.038253637965547101e-03
6.922857813163891399e-03
7.571190915261982735e-03
7.286205497404746323e-03
7.116570984302544867e-03
7.032981690904366485e-03
7.021171238627272118e-03
7.024102994468622851e-03
7.045539336531597696e-03
7.317620978438250066e-03
7.213294768333572415e-03
7.190362273537304408e-03
7.188086630734663932e-03
7.206512262033010728e-03
7.244025706429041422e-03
7.286978937108379989e-03
7.681605522700235729e-03
7.607889820483160204e-03
7.881810006948259187e-03
8.053027379663823745e-03
8.654230172964733417e-03
8.109507873282895823e-03
8.699081171006622926e-03
8.157357927639675640e-03
8.737886273590067532e-03
8.200556542813847161e-03
8.773912685557456320e-03
8.241229951889434552e-03
8.808801433549512047e-03
8.280543500626175515e-03
8.843367185702638578e-03
8.319133256963035308e-03
8.877984470888744886e-03
8.357331362117553786e-03
8.912787037134068530e-03
8.395291883426709428e-03
8.947777222831293856e-03
8.433065026445824702e-03
8.201456412041580740e-03
8.333011608897478856e-03
8.138672198490976700e-03
8.277729807974688186e-03
8.103765713766064235e-03
8.245283121427421022e-03
8.084268880759011219e-03
8.226271729235318242e-03
8.074521356231312980e-03
8.109389821846741536e-03
8.152551054261342883e-03
8.099690290280098237e-03
8.084966288732420639e-03
8.676884303100068641e-03
8.713429112026566808e-03
8.446879905794808102e-03
8.541631929995885039e-03
8.350319433348763268e-03
8.467824749498293821e-03
8.309531714707602337e-03
8.225767655166327588e-03
8.780754238681026322e-03
9.313557893947494240e-03
8.787160179412062053e-03
8.552403527019164509e-03
8.422363334492172227e-03
8.367048525798854303e-03
8.931478184629132802e-03
8.818454090521949187e-03
9.387805694206136087e-03
9.265153441544798918e-03
8.860275424867187360e-03
9.397135039312798713e-03
8.945684760251620959e-03
8.858284878443773575e-03
8.960575161937800112e-03
8.885480880660863098e-03
8.998507573468246187e-03
8.928817080278173349e-03
9.046901220571607408e-03
9.113743497257692158e-03
9.019965634088494832e-03
9.115278079193206776e-03
9.154764841758217947e-03
9.055250179118373710e-03
9.466764906747478225e-03
9.451951998023584017e-03
9.312535189326958882e-03
9.135457621786092705e-03
9.237321797937375623e-03
9.266208047981699947e-03
9.772489478718766540e-03
9.632156868608699948e-03
9.268169298603535708e-03
9.279772887641373966e-03
9.284383551026271705e-03
9.071900252443660523e-03
9.023328792748348468e-03
8.954938446033516505e-03
9.027857724623068389e-03
9.011348558042748050e-03
9.106117089525861061e-03
9.668605438278216058e-03
9.439801800854193126e-03
9.312424475245285535e-03
9.300580798181667594e-03
9.296337092466999338e-03
9.305304082116688802e-03
9.370700424754425245e-03
9.436649696490773120e-03
9.503577821038090845e-03
1.008469621401882413e-02
9.845140316918816331e-03
1.026652114378117688e-02
1.020596391932637216e-02
1.016723112432431700e-02
9.887047627931017449e-03
1.029070383736536282e-02
1.021735354074338603e-02
1.003515827640336089e-02
1.007281724866760514e-02
1.047034920146041118e-02
1.024609730934959023e-02
1.003065159745381713e-02
9.965292347589100458e-03
9.927295903294570262e-03
9.961550569167887739e-03
1.000316915382923333e-02
1.005080278642805913e-02
1.002431821097856182e-02
1.021190170607270790e-02
1.029111420163566527e-02
1.031725606145782008e-02
1.031510831062073044e-02
1.029901903762300321e-02
1.027637253883665995e-02
1.014486690734018454e-02
1.021292888306368253e-02
1.023956916574465109e-02
1.024408110334109126e-02
1.023735366819091344e-02
1.012441177844537049e-02
1.020002992658822216e-02
1.023082329008958083e-02
1.022962382840244058e-02
1.018466743437137015e-02
1.005669816712975728e-02
9.759352269308513642e-03
9.587880124024800860e-03
9.417245025835735764e-03
9.196865292683464518e-03
9.121869201169963831e-03
8.965525970814115092e-03
8.922642123047825127e-03
8.798160861642352268e-03
8.717296627849075927e-03
8.718494409744009799e-03
8.627196690551437383e-03
8.567342394255045637e-03
8.572109611682171559e-03
8.547499280981680700e-03
8.495039210778871155e-03
8.430233043554141714e-03
8.337624343776222843e-03
8.277133248955532291e-03
8.257933050908383699e-03
8.193367371824217260e-03
8.161169867330115082e-03
8.093883577612676072e-03
8.056681452309205280e-03
7.988222008334128210e-03
7.948921556370286065e-03
7.851488536832868306e-03
7.823738387424811203e-03
7.768810130062481743e-03
7.750422067808316121e-03
7.692496605503768708e-03
7.686763792367851122e-03
7.665810441794724400e-03
7.654725266196061098e-03
7.608149459927710315e-03
7.539169938768259388e-03
7.495914815121318756e-03
7.450860409896848356e-03
7.382935246450678633e-03
7.328796190608466779e-03
7.346631521233643221e-03
7.296482277685878599e-03
7.228309496160051882e-03
7.180558200581260882e-03
7.130977949399309318e-03
7.084213288602109887e-03
7.029671513794993887e-03
6.978975985073721487e-03
6.920794088498345015e-03
6.885340575016458270e-03
6.829538988032341287e-03
6.785894865181246738e-03
6.747716153637135089e-03
6.724520428601849648e-03
6.678918646190263458e-03
6.650042467712197203e-03
6.613080096466001333e-03
6.591365179104919335e-03
6.553233873545921684e-03
6.528623201104144513e-03
6.491507022300596792e-03
6.465061753463652826e-03
6.435126059811386093e-03
6.412173716273234479e-03
6.391744519337789338e-03
6.358110195883110230e-03
6.333377294902737056e-03
6.313395387211579064e-03
6.280624243691784910e-03
6.256239624173909851e-03
6.236432157000299133e-03
6.205626739610309306e-03
6.183031709303993435e-03
6.165712928750966167e-03
6.136740734569163212e-03
6.118414408917316645e-03
6.090864269860063636e-03
6.070913189242983093e-03
6.054962382467671787e-03
6.029654838167492620e-03
6.011152196816627741e-03
5.996199731477031523e-03
5.971955414589558142e-03
5.954068337811996986e-03
5.934546778555200089e-03
5.918756159682347917e-03
5.905532118393181339e-03
5.881976626871183132e-03
5.863802517272632270e-03
5.849030492775403670e-03
5.825467934276857239e-03
5.807480979525259795e-03
5.793023852980289275e-03
5.770219362859247032e-03
5.752818570170826172e-03
5.738870274971341785e-03
5.716834925400982037e-03
5.699962141182063693e-03
5.686442652228929605e-03
5.665050325091081258e-03
5.648587728239490464e-03
5.635396625189865137e-03
5.614537779182710714e-03
5.598396565409047981e-03
5.585465108936732426e-03
5.565069296077535498e-03
5.549197424211393948e-03
5.536487691219155356e-03
5.516515059481375167e-03
5.500885926921906047e-03
5.488380329668047369e-03
5.468809525702439736e-03
5.453413083270303684e-03
5.441105272358798609e-03
5.421924915429404863e-03
5.406758267832595735e-03
5.394647142933828646e-03
5.375850279498001726e-03
5.360913722582911177e-03
5.348999959773077101e-03
5.334865636919705612e-03
5.314738942608188826e-03
5.303072921535151828e-03
5.284729238482194225e-03
5.269737876004505078e-03
5.257434659818299889e-03
5.244427531844753423e-03
5.231333979010599489e-03
5.219933558627549118e-03
5.211136846438563230e-03
5.194848764959631403e-03
5.180435383138210122e-03
5.170756255952019438e-03
5.154028578308239572e-03
5.139373852264756196e-03
5.129021805522576694e-03
5.112294601204975426e-03
5.097589961753141129e-03
5.088252978616975356e-03
5.070096878956870459e-03
5.054792414711812426e-03
5.041262874794588678e-03
5.032841094988771760e-03
5.015751597840617873e-03
5.001337714076126151e-03
4.988366491158641690e-03
4.976936583224561908e-03
4.970259735890198045e-03
4.953806977550961888e-03
4.940021154765378633e-03
4.927752592197276980e-03
4.917029399958028346e-03
4.910908808856290393e-03
4.895169356762052622e-03
4.882045349884273251e-03
4.873180592248099914e-03
4.859515626894500735e-03
4.847646834854985216e-03
4.837475245376871534e-03
4.826274192387331081e-03
4.817149687495869866e-03
4.810599843780377638e-03
4.797319051052556689e-03
4.788503136968514165e-03
4.767068407654129376e-03
4.760598161896595522e-03
4.752358670829176859e-03
4.746720705952872828e-03
4.735370312955899941e-03
4.717005217597537020e-03
4.713778690215358891e-03
4.705625126868590025e-03
4.695542751332954651e-03
4.678607660936063249e-03
4.678176824272478433e-03
4.661458598872714708e-03
4.661801515558772029e-03
4.659301673938876301e-03
4.653275119882000280e-03
4.639553192731088287e-03
4.630596318021107556e-03
4.617642331382965266e-03
4.609248182634101236e-03
4.596783705924023349e-03
4.588730817426190170e-03
4.576559345661051874e-03
4.568696212991552041e-03
4.556685101903041116e-03
4.548911049227994177e-03
4.536979704025567890e-03
4.529230244822102236e-03
4.517327072550453293e-03
4.509563068630079337e-03
4.497658679648081602e-03
4.489858429679166596e-03
4.478272159739171698e-03
4.470473163420318925e-03
4.458905191664602578e-03
4.451077699538475221e-03
4.439508523587515354e-03
4.431633145607233662e-03
4.420064572152143829e-03
4.412151985841767168e-03
4.400581583760088643e-03
4.392632848119598470e-03
4.384082328164068919e-03
4.371684308630325103e-03
4.361922233002368983e-03
4.355154850365189692e-03
4.346676453473613533e-03
4.334580666059506364e-03
4.324942546435056948e-03
4.318153698144938483e-03
4.309656325126004495e-03
4.297606686831135191e-03
4.291524429476500924e-03
4.279959647967657675e-03
4.270234143000384459e-03
4.260204798359834913e-03
4.250052613772020878e-03
4.239895666991661156e-03
4.229807739544494578e-03
4.219831742360314122e-03
4.209989425239329779e-03
4.200288355481591150e-03
4.190726900456110370e-03
4.181297764217823190e-03
4.172281003943473059e-03
4.163395962611338152e-03
4.154623695886583250e-03
4.145947010156775248e-03
4.137350665903183865e-03
4.128821391196929418e-03
4.117483163068797088e-03
4.110590633639027436e-03
4.103158096270859319e-03
4.095349864865882768e-03
4.087286335592183253e-03
4.079055227640820958e-03
4.068011129369892252e-03
4.058927583161326021e-03
4.052516993085619745e-03
4.045168259230219783e-03
4.037184334803967621e-03
4.029068284993347730e-03
4.020708065676026691e-03
4.012213443650753004e-03
4.003661186240354240e-03
3.995103914988295916e-03
3.984011258224540684e-03
3.974874285882956833e-03
3.968316987459713334e-03
3.960973020522346420e-03
3.953107649199938574e-03
3.945182680827963653e-03
3.937076634035335809e-03
3.928884005461957818e-03
3.920670032597439736e-03
3.912478587734031198e-03
3.904338069004332015e-03
3.893879868531502624e-03
3.885268532174857015e-03
3.879055059791197777e-03
3.872135769277068769e-03
3.864746942121222249e-03
3.857318553332228766e-03
3.849725157952582893e-03
3.842051993818024376e-03
3.834358127571552231e-03
3.826683438374828619e-03
3.819053851780174376e-03
3.809250949066006475e-03
3.801181540378223769e-03
3.795327656891672816e-03
3.788820932780529067e-03
3.781877341585165864e-03
3.774902192778306891e-03
3.767769786985492204e-03
3.760559183023953755e-03
3.753325437567434173e-03
3.746105934810967358e-03
3.738925149895678049e-03
3.731798224076449382e-03
3.722642781896851050e-03
3.715114636595351350e-03
3.709634794401256430e-03
3.703551589909465265e-03
3.697060321782746992e-03
3.690000920101449595e-03
3.683325223621542171e-03
3.676570266903972546e-03
3.669787184347556193e-03
3.663011032388524893e-03
3.656265053949980890e-03
3.649563895022267870e-03
3.642916022540959933e-03
3.636325533894230189e-03
3.627844445244715957e-03
3.620869920661967754e-03
3.615783628879665375e-03
3.610139865152922883e-03
3.604113416770166056e-03
3.597833456139482022e-03
3.591620468051676205e-03
3.585324387364158521e-03
3.578992630696942179e-03
3.572658187312499969e-03
3.566343359688684250e-03
3.560062602721825262e-03
3.553824671985134336e-03
3.547634242670566831e-03
3.541493123509853545e-03
3.535401161307161286e-03
3.529356909693654159e-03
3.523358118710612392e-03
3.517402088744364923e-03
3.511485922220519956e-03
3.505606698661711904e-03
3.499761592690459316e-03
3.492178691443903731e-03
3.487298688002293812e-03
3.482128628187492175e-03
3.476753068032462438e-03
3.471235835884340076e-03
3.465624834084740993e-03
3.459955751425564368e-03
3.454254938154055661e-03
3.448541630293422769e-03
3.442829668177488714e-03
3.437128821827806560e-03
3.431445810822436951e-03
3.425785086923255687e-03
3.420149432649044561e-03
3.414540417255679423e-03
3.408958742416612689e-03
3.403404502763535296e-03
3.397877380868807948e-03
3.392376791894308272e-03
3.385487687225791423e-03
3.379461306890541028e-03
3.374021080900802168e-03
3.370234869700228231e-03
3.364491416363107890e-03
3.359457068086458068e-03
3.354890588425324654e-03
3.350082503236396017e-03
3.345111701727637808e-03
3.341376431590709420e-03
3.335630709470982849e-03
3.331353974363632318e-03
3.325255404843219329e-03
3.320749599363176721e-03
3.314538593083676907e-03
3.309978771012106469e-03
3.303785715064417022e-03
3.299264508381155852e-03
3.293154313567453646e-03
3.288715711009193576e-03
3.282715234554184520e-03
3.278363767203934780e-03
3.272478538121209590e-03
3.268226207550362257e-03
3.262450426000440724e-03
3.258289799773939066e-03
3.252612296926543894e-03
3.248532375349716741e-03
3.242940035602931773e-03
3.238928766763788172e-03
3.233408425228434611e-03
3.229454077541949082e-03
3.223993504630040530e-03
3.220085357642155175e-03
3.214673706897786323e-03
3.210802343503782724e-03
3.205430292276600923e-03
3.201587665072141986e-03
3.196322841735616243e-03
3.190881245205479198e-03
3.186023593532938576e-03
3.182543952027838859e-03
3.177486688104475075e-03
3.173854046546892467e-03
3.168681424469804806e-03
3.164959639575698567e-03
3.159723855853785544e-03
3.155952272614509588e-03
3.150685283558057968e-03
3.146887821261651688e-03
3.141673520303756018e-03
3.136274460646948630e-03
3.131432332375666885e-03
3.127933343527239483e-03
3.122891728872445941e-03
3.119238894134074378e-03
3.114082274023783053e-03
3.110340062270428030e-03
3.105121538907656964e-03
3.101330303759164755e-03
3.096082924312010612e-03
3.092267647847174450e-03
3.087011699666025819e-03
3.083187609795545910e-03
3.077935311318192105e-03
3.074111486403424947e-03
3.068869996234296991e-03
3.065051673600311007e-03
3.059825014772133128e-03
3.056015064672052035e-03
3.050805349972646532e-03
3.047064215430561780e-03
3.041698220550193357e-03
3.037816871464832629e-03
3.032593008261813636e-03
3.027232223103804021e-03
3.022452577509704679e-03
3.017433787329942916e-03
3.012921425649123588e-03
3.010475900100728630e-03
3.004664988100475345e-03
2.999265898726499995e-03
2.994251619498778088e-03
2.989766210266548135e-03
2.985466877559040180e-03
2.981663032290832183e-03
2.977022108640026404e-03
2.972717525148577122e-03
2.969370155948519979e-03
2.964998340428282291e-03
2.961233656340589698e-03
2.953350780842223331e-03
2.950266402581064405e-03
2.947398930033246107e-03
2.944335945439957841e-03
2.940460124896166101e-03
2.937978280711350809e-03
2.934537488264782421e-03
2.930655221611750110e-03
2.926451567581700441e-03
2.922019750727838927e-03
2.916785576255476360e-03
2.913759283807471154e-03
2.907999090910723481e-03
2.902257126687385509e-03
2.896988028243641447e-03
2.892067075319127139e-03
2.887326985959876198e-03
2.882971627375835542e-03
2.879588890757739470e-03
2.875275002862304197e-03
2.871207651198365383e-03
2.869107670535070691e-03
2.864567276347379596e-03
2.860495946883373584e-03
2.856590409022580559e-03
2.851412986480078831e-03
2.847547024183594549e-03
2.842424167110069351e-03
2.837781212637041812e-03
2.833913880514965598e-03
2.829796095424464211e-03
2.826629327802393510e-03
2.823037508844028574e-03
2.818077143068531409e-03
2.814172343266963233e-03
2.809290296715216944e-03
2.805184577284131151e-03
2.800814746906677127e-03
2.797074640635555109e-03
2.794198561561905825e-03
2.790643379095553329e-03
2.792764059752534181e-03
2.787802240248776851e-03
2.782740145465595425e-03
2.777547101918553894e-03
2.772447685889512219e-03
2.767578126385178503e-03
2.762803171103006637e-03
2.758201197242188350e-03
2.753745370989518770e-03
2.749413431640413113e-03
2.745186876862498997e-03
2.740540038131206169e-03
2.733309564550995534e-03
2.730369458802345359e-03
2.728267620812791297e-03
2.724792618641946884e-03
2.722322662637177877e-03
2.718556992913368289e-03
2.715119039608016299e-03
2.712125541878257669e-03
2.708500988839168937e-03
2.705148733224410976e-03
2.702204471352886994e-03
2.698602432437413601e-03
2.695248642315711818e-03
2.691934417832714602e-03
2.690181330238567217e-03
2.685779799791460174e-03
2.681648823872978538e-03
2.677715337900027619e-03
2.674432741480081786e-03
2.670573562929024012e-03
2.667361885279778775e-03
2.663563528073009667e-03
2.660793651772913691e-03
2.656807493754553915e-03
2.653000829385582324e-03
2.649826902036778262e-03
2.646056643027622397e-03
2.642572410946436752e-03
2.640681314543125244e-03
2.636288237298201140e-03
2.633039486438398889e-03
2.628720773624710055e-03
2.624682667677841544e-03
2.620849419431209564e-03
2.617162158454150542e-03
2.614067917901036295e-03
2.610388647138361939e-03
2.607313281096030125e-03
2.603651341219126534e-03
2.600260420942107631e-03
2.598419549086928085e-03
2.594142319293779586e-03
2.590970721402019450e-03
2.586761709231011515e-03
2.582820253461504383e-03
2.580677817095844515e-03
2.576216636315176427e-03
2.572325698615024643e-03
2.569364747814712260e-03
2.566966031578344059e-03
2.562482109514724587e-03
2.558329806589143812e-03
2.554525262350676538e-03
2.550980221980381560e-03
2.547610905424879668e-03
2.544338258727024769e-03
2.542878154503830455e-03
2.539656858033284559e-03
2.535630206740274728e-03
2.531989479839802555e-03
2.528408757872508024e-03
2.525075797102321971e-03
2.523575345799983390e-03
2.520325109224081078e-03
2.516302669163150880e-03
2.512675713789769283e-03
2.509118483367744987e-03
2.505813850359511936e-03
2.502541291081805848e-03
2.499453991216510351e-03
2.498102549327541229e-03
2.494997977964136422e-03
2.491112413854701564e-03
2.487583681422650753e-03
2.484102572931856656e-03
2.480857744573783646e-03
2.479413872140529256e-03
2.476237310715118187e-03
2.472325085099658266e-03
2.468793083215442725e-03
2.465474634740139406e-03
2.462171584937000723e-03
2.459080225016408057e-03
2.457739685328780288e-03
2.454671202329533619e-03
2.450869253334092904e-03
2.447423714503338659e-03
2.444178032925870339e-03
2.438346565941590556e-03
2.436743573551553368e-03
2.434178196886244237e-03
2.431660981126615700e-03
2.429163813075913263e-03
2.426665430077573973e-03
2.424714654747745293e-03
2.422503412989718274e-03
2.419401244616464948e-03
2.416317411274610145e-03
2.413412766197253843e-03
2.412161305136639820e-03
2.409227190348611769e-03
2.405543608761395898e-03
2.402171267253716807e-03
2.398826821623279131e-03
2.395698906478066579e-03
2.394272768973049539e-03
2.391202842865008948e-03
2.387428500342492297e-03
2.383996358229079418e-03
2.380754781944044787e-03
2.378099457225396705e-03
2.375398681660579030e-03
2.371940312155335333e-03
2.368745855755133647e-03
2.365555412123548917e-03
2.362561148899528125e-03
2.361202456707867450e-03
2.358238604526097498e-03
2.354578820127612056e-03
2.351238215504275735e-03
2.348501553545129239e-03
2.345755579300296250e-03
2.342662118342181670e-03
2.339113940391651571e-03
2.335975759065067863e-03
2.333082307120476397e-03
2.330136048965575531e-03
2.328751501972675664e-03
2.325819454349259408e-03
2.322566119241881426e-03
2.319577965581454387e-03
2.316298629086510803e-03
2.312643694745258795e-03
2.309888104888574347e-03
2.306462506336065532e-03
2.303320665594394030e-03
2.300741625312691194e-03
2.297483331921085139e-03
2.294566473150494532e-03
2.291693347679074795e-03
2.288862790405021830e-03
2.286657971091338084e-03
2.283576027495731655e-03
2.281182008262333614e-03
2.278645284519631529e-03
2.275894172308529084e-03
2.273056837252457330e-03
2.270163601029645713e-03
2.266775310253538091e-03
2.263597438850983769e-03
2.260579567928683222e-03
2.257681856301163754e-03
2.254871999864632801e-03
2.252126530473491650e-03
2.249664296291253862e-03
2.247980265468202659e-03
2.244917390385520271e-03
2.241890678514463220e-03
2.238893096395811085e-03
2.235919293720284480e-03
2.232965246642937360e-03
2.230027968193676585e-03
2.227105274902569081e-03
2.224195599521766858e-03
2.221500322559810843e-03
2.218687869933017118e-03
2.215868350926625176e-03
2.213053737371872744e-03
2.209818502268878944e-03
2.206812269098440416e-03
2.203980072262046088e-03
2.201278234931625024e-03
2.198672224393016794e-03
2.196134905269309361e-03
2.193644184161785884e-03
2.191160985832202486e-03
2.188957528729962212e-03
2.187496606440642206e-03
2.184670321059773053e-03
2.181864081925605128e-03
2.179073287684957141e-03
2.176294596624583997e-03
2.173525645964291542e-03
2.170764824801685224e-03
2.168011092066557573e-03
2.165263831352365591e-03
2.162522735870725521e-03
2.159469962294441412e-03
2.156384487559298829e-03
2.153643031014601701e-03
2.151116593727347894e-03
2.149986110264468127e-03
2.147271141366863170e-03
2.144608344600857069e-03
2.141915257182719443e-03
2.139211727844031376e-03
2.136114065620348286e-03
2.133220410198605459e-03
2.130485770375317896e-03
2.127873882791819857e-03
2.125331836040039984e-03
2.122904059170849320e-03
2.120495194150323875e-03
2.118364124339128154e-03
2.116198809099106848e-03
2.111358101420080045e-03
2.109588538539924809e-03
2.107456310969252258e-03
2.106080274479160946e-03
2.103981303370322780e-03
2.102120754745434843e-03
2.099977749688092254e-03
2.101796941301897932e-03
2.103385582512218299e-03
2.099677661081916953e-03
2.101259254048892886e-03
2.102610515878739015e-03
2.098028362550863508e-03
2.099407362020872230e-03
2.100557924609564118e-03
2.095911583289339353e-03
2.091449862669020419e-03
2.087165865748358187e-03
2.082767860325801610e-03
2.077056404259492069e-03
2.073945416153633037e-03
2.075417268192009373e-03
2.071719640495878201e-03
2.073050208583587795e-03
2.069120455862377608e-03
2.065326427478769971e-03
2.061119092667962425e-03
2.057985703767939347e-03
2.060553997749387141e-03
2.066756394646823789e-03
2.078393918772719791e-03
2.140924810379402250e-03
2.308348242583863150e-03
2.575045502996703515e-03
2.848598630352500161e-03
3.103859253302954178e-03
3.394836284168706395e-03
3.667534173080350471e-03
3.812520987691603649e-03
4.060543648225329108e-03
4.292048004497406484e-03
4.509220644396988442e-03
4.496409557679221201e-03
4.512891181194806332e-03
4.727978433174684358e-03
4.926456058913348222e-03
4.900467985251922079e-03
5.093232309219614812e-03
5.269095605619650464e-03
5.432906746805077347e-03
5.586953721506871147e-03
5.725990716473278522e-03
5.858357717924323090e-03
5.977133348162261967e-03
5.803406557801266651e-03
5.907064575916266130e-03
6.009134300502494593e-03
6.451941237050812239e-03
6.533158814404405740e-03
6.573241423351178399e-03
6.651076155920976340e-03
6.680997500508623413e-03
6.769352343169738467e-03
6.550584477717497425e-03
6.666674367783737530e-03
6.494823862881715995e-03
6.618049705545404199e-03
6.491962493551367737e-03
6.566643511026976424e-03
6.705878833072248524e-03
6.605524299664572441e-03
6.687745368293951907e-03
6.832620816628837655e-03
6.729199737494479493e-03
6.881119157333393486e-03
6.792439128142324818e-03
6.788356979982252196e-03
6.960992365429114100e-03
6.916294138843421049e-03
6.894647486973471372e-03
7.063095937181207776e-03
7.183606622776950168e-03
7.213679818841484820e-03
7.340916135970082697e-03
7.377316571238912157e-03
7.483177032434357862e-03
7.358651752974754504e-03
7.407326904646444228e-03
7.373489055148641294e-03
7.370760958603267583e-03
7.383156054735923353e-03
7.398656549985310749e-03
7.840061229069395995e-03
7.840868509273585946e-03
7.758521956738068104e-03
7.725858082955267166e-03
8.170796904504168748e-03
8.139234010655678128e-03
8.016715174843031325e-03
7.970646858151325675e-03
8.417553698496921255e-03
8.370577353118635600e-03
8.239991772206528217e-03
8.689115061661006889e-03
8.613105005758098232e-03
8.455791391347560956e-03
8.906291637921925561e-03
9.341480739975189726e-03
8.916376285500071663e-03
8.857197268060985548e-03
8.826107413600098317e-03
9.280455939312965905e-03
9.021541683328448621e-03
9.474877134920796362e-03
9.397961360360286565e-03
9.260523892489930589e-03
9.068048686221392637e-03
9.515012890378787835e-03
9.235482675456735402e-03
9.677149751089570220e-03
9.615387009573279214e-03
1.003288317101948615e-02
9.556351745581321763e-03
9.338257826224776945e-03
9.775386117551770893e-03
9.717299063594392328e-03
9.664575035287293822e-03
9.629030637949516358e-03
9.596385950715675267e-03
9.567298014707875664e-03
9.542042188127647720e-03
9.520655959868408111e-03
9.503032140507816986e-03
9.488979394415021293e-03
9.878274596426234178e-03
9.782747179076140692e-03
9.714265640050774239e-03
9.665400720703504894e-03
1.005217289290436661e-02
9.933997302198765977e-03
9.849463192484093910e-03
9.789212521256158289e-03
9.746389579785259133e-03
9.652014157499317834e-03
9.671685454418528158e-03
9.617865431835315518e-03
9.667850590092608859e-03
1.006752660513776133e-02
1.000186248035821006e-02
9.954563166534280763e-03
9.855843263304658874e-03
9.874414727325676877e-03
9.818565571902538799e-03
9.869964795159636220e-03
9.817880016716124328e-03
9.785008111720439744e-03
9.773939827146145565e-03
9.771868746485652332e-03
9.774551404657211631e-03
9.779713682948183023e-03
9.786152988391617902e-03
9.793248667276516217e-03
9.800693759362816629e-03
9.808348015946816503e-03
1.023902102208522173e-02
1.007577478397624939e-02
1.011021770771939991e-02
1.006291356743022752e-02
1.001177691933943792e-02
1.044403043430931072e-02
1.025053548405312556e-02
1.014884650628313824e-02
1.020018286634243390e-02
1.022526985118806832e-02
1.023864173363770586e-02
1.012905385494347089e-02
1.007356729858257041e-02
1.005089952963464373e-02
1.046715339262976364e-02
1.043328383518583174e-02
1.034881690859702080e-02
1.026769168907214029e-02
1.022950055482098677e-02
1.021662126721327793e-02
1.067121194436899262e-02
1.046540470939848026e-02
1.035249717788637273e-02
1.039867988898182660e-02
1.042514883130124005e-02
1.044044393909706117e-02
1.045028170547103279e-02
1.045782569253748788e-02
1.046478271920880422e-02
1.047202815792517942e-02
1.047996805197485941e-02
1.048874947913187167e-02
1.049838213353295260e-02
1.050880775750972530e-02
1.051993901805045595e-02
1.053168060857147606e-02
1.054394012891775138e-02
1.055663318524127647e-02
1.056968530197856596e-02
1.058303214308579758e-02
1.098306868033592336e-02
1.085848142625163264e-02
1.116559465439009337e-02
1.102728638132639133e-02
1.133427341633367995e-02
1.106363482907913448e-02
1.103638651050503107e-02
1.101113359727888888e-02
1.132292125305160539e-02
1.111278433943953606e-02
1.100122069567181608e-02
1.103358223390881777e-02
1.098687500432946051e-02
1.143919060232605027e-02
1.131861675401501025e-02
1.112593531771312143e-02
1.107602707135299513e-02
1.152712725388961926e-02
1.127235023790584302e-02
1.115588039872193564e-02
1.110319691442524653e-02
1.151804007035000556e-02
1.136262341674992328e-02
1.124397072714519719e-02
1.124583996682061021e-02
1.168374836531783229e-02
1.158892358070043316e-02
1.140904113391020408e-02
1.131825003920250428e-02
1.129784343820971516e-02
1.131891329992666499e-02
1.136553604728371414e-02
1.142783671553890268e-02
1.149977145512202752e-02
1.157768006141825581e-02
1.165936043777194425e-02
1.174348993526893106e-02
1.182926959380212195e-02
1.191634550282585914e-02
1.200426297424879787e-02
1.209281287819303358e-02
1.218183932774805078e-02
1.227126653252143609e-02
1.236092267510856095e-02
1.245074448801726866e-02
1.254066404168572950e-02
1.263061228309946861e-02
1.272052127060257533e-02
1.281032555487492987e-02
1.289996299938344151e-02
1.309341483613568093e-02
1.311085280513419465e-02
1.296662138486490146e-02
1.300690513843174093e-02
1.296425965919743677e-02
1.289228919421377996e-02
1.318158259004464927e-02
1.304263949765859833e-02
1.332631772691013176e-02
1.374670922770101535e-02
1.333820671677873881e-02
1.318457312950761101e-02
1.306066364020661008e-02
1.294370203188277557e-02
1.284574786435330185e-02
1.276500118666840794e-02
1.269641217585485565e-02
1.263483235776609662e-02
1.258135738063077130e-02
1.253964008789333444e-02
1.250318142669317248e-02
1.247109326611188333e-02
1.244280500353948764e-02
1.241784973790019397e-02
1.239583806790187093e-02
1.237644063636784281e-02
1.235937589146484696e-02
1.234440112807717177e-02
1.233130570170495877e-02
1.231990575028476566e-02
1.231004000439127159e-02
1.230156640779964117e-02
1.229435935610543977e-02
1.228830741567109135e-02
1.228331142157231860e-02
1.267324009743683866e-02
1.243092619825018723e-02
1.231600786956572186e-02
1.226225802444142615e-02
1.223489143501632105e-02
1.219928927409407761e-02
1.224616040309003430e-02
1.231066507653105248e-02
1.238472587143811358e-02
1.246399443649989780e-02
1.254638340086674034e-02
1.263048926912792649e-02
1.271577861385960254e-02
1.280197404376314831e-02
1.288891842021530100e-02
1.297635623260228778e-02
1.306444594585017341e-02
1.320543673112762467e-02
1.314621916349846889e-02
1.307289750865696203e-02
1.307057982979405002e-02
1.313679451066243620e-02
1.363284489618512077e-02
1.346265941368677936e-02
1.337192180483735664e-02
1.309757853041678723e-02
1.288994147181887241e-02
1.267889204913291192e-02
1.244729690385281730e-02
1.231029395685391895e-02
1.226949015167773729e-02
1.215379425658928529e-02
1.204583847469361049e-02
1.190405684647863338e-02
1.182411539058510555e-02
1.181134771152957987e-02
1.171623597361550265e-02
1.169414500355500652e-02
1.159837660739422918e-02
1.157444727985410676e-02
1.151371450817303965e-02
1.154280355972030041e-02
1.155401974309309791e-02
1.137869204507884792e-02
1.127452925859328582e-02
1.124116728965333240e-02
1.118412772732687091e-02
1.111747346099329486e-02
1.104895662300076076e-02
1.098144939543268042e-02
1.099393558418979011e-02
1.099961061669801378e-02
1.087741034957482970e-02
1.078996555822621210e-02
1.071860163242312550e-02
1.065653219840938075e-02
1.060020364537818741e-02
1.054286954087001009e-02
1.048714890471593233e-02
1.043907276914214990e-02
1.039409125743435795e-02
1.034652767375988242e-02
1.030223745241332783e-02
1.025773179439345983e-02
1.021896311688290197e-02
1.018491569133610046e-02
1.014784705813006130e-02
1.010873179211079290e-02
1.007764719824062565e-02
1.004360406517278495e-02
1.000884670638567744e-02
9.974694073028306587e-03
9.941027218380610320e-03
9.908170227663715135e-03
9.874925785600792427e-03
9.846692244076211270e-03
9.811857345435888444e-03
9.784120669581841678e-03
9.758229252708389145e-03
9.734922227048354096e-03
9.704859712618481293e-03
9.678232466709270343e-03
9.653171061534134012e-03
9.628765643112291786e-03
9.604606250371357234e-03
9.579665929005394542e-03
9.543496147998082810e-03
9.535927804481654502e-03
9.519106049854781162e-03
9.498276446610798632e-03
9.475074499414948628e-03
9.450953600125011969e-03
9.426626355077866865e-03
9.402427895317717194e-03
9.377736374022067889e-03
9.386555958353720586e-03
9.354340929968845905e-03
9.323118520957384900e-03
9.293797651373043520e-03
9.266802884844965726e-03
9.236129286489131937e-03
9.214931059856008161e-03
9.194287159107167318e-03
9.174969011226869961e-03
9.155518970797194012e-03
9.139089123918904198e-03
9.117385225827235803e-03
9.098502584445068361e-03
9.080192396507230645e-03
9.063373048090923173e-03
9.047484037026638434e-03
9.031139932198213247e-03
9.013912910168286885e-03
8.992144411887453490e-03
8.974864955421591600e-03
8.952126429097246804e-03
8.934472503383311323e-03
8.919986519057033006e-03
8.906057294459751930e-03
8.885445394689467369e-03
8.868877556749388616e-03
8.854965461511049227e-03
8.841450166093629132e-03
8.821283055829571076e-03
8.805665084604159462e-03
8.790959797612169987e-03
8.776501658814911400e-03
8.759948749169760990e-03
8.744423276082963215e-03
8.731542573843748684e-03
8.738770884976427081e-03
8.709962276733313261e-03
8.682402846708554486e-03
8.675414440200274885e-03
8.665422729609489894e-03
8.648942008085191979e-03
8.635748275522598175e-03
8.636669160647569496e-03
8.618270181431670826e-03
8.596778160496970980e-03
8.578592445773136621e-03
8.565479780093915654e-03
8.566206709143042719e-03
8.546667263360114078e-03
8.524963891909714472e-03
8.509369269329630781e-03
8.492077427742923332e-03
8.478974756943874133e-03
8.466513287684879555e-03
8.454195140438675732e-03
8.442258348166187948e-03
8.425477752464221801e-03
8.412946128348326030e-03
8.402489791999418270e-03
8.386373571853377937e-03
8.374811747404958470e-03
8.359092972781418177e-03
8.348105849253840624e-03
8.342350865887788666e-03
8.332892177189904839e-03
8.321710124919791049e-03
8.309431417274725992e-03
8.296728720103575469e-03
8.285875273119086212e-03
8.275514456967187488e-03
8.264111003745506709e-03
8.251899225054221826e-03
8.238684652781809101e-03
8.225937632738117983e-03
8.211812623760833540e-03
8.222064552262592710e-03
8.192353198745300907e-03
8.181833061608134727e-03
8.164787259941120451e-03
8.141398351183132265e-03
8.136611781865161347e-03
8.130396813266322145e-03
8.116242335791796353e-03
8.103429095437203813e-03
8.090790838455102704e-03
8.078180912913263123e-03
8.064255823703276801e-03
8.052332987663352731e-03
8.039726999542390340e-03
8.026421183807646784e-03
8.035928800778874975e-03
8.012463430593192229e-03
7.994082805386200016e-03
8.001872727642096034e-03
7.977904820654375256e-03
7.960467349282868837e-03
7.944439456507834327e-03
7.952583206435553595e-03
7.930772344096859508e-03
7.912541670382928355e-03
7.896701311623621766e-03
7.905301456550051231e-03
7.882555744737080455e-03
7.863926349400958069e-03
7.849860594482949150e-03
7.836728180837859714e-03
7.824179533068492676e-03
7.811983339812578891e-03
7.797570934701664354e-03
7.777076341361760861e-03
7.765664920662895994e-03
7.757638069849326704e-03
7.760060567329436082e-03
7.757502468879834585e-03
7.750231497934490302e-03
7.732565805882047130e-03
7.720854102460400492e-03
7.723586100649076913e-03
7.715978811128199402e-03
7.698573500098682305e-03
7.687498973156953533e-03
7.688495159234637680e-03
7.683188786771728146e-03
7.667067466099225688e-03
7.664205718368205522e-03
7.656337365546600840e-03
7.637955810135638353e-03
7.633636519192793859e-03
7.624820459104098523e-03
7.613002270154729106e-03
7.601264413485614609e-03
7.610498435111851326e-03
7.588485530050065320e-03
7.570908141497901395e-03
7.555036284463273466e-03
7.540371570565702029e-03
7.533105552938190903e-03
7.514052595982562144e-03
7.509650915424332350e-03
7.494327585076338352e-03
7.491427790346588678e-03
7.476757067552969836e-03
7.474135133779769187e-03
7.468635082971320296e-03
7.458758277958977244e-03
7.449611889255636221e-03
7.436020226744017442e-03
7.423153396510573550e-03
7.410744516780060076e-03
7.403913783633459152e-03
7.393806222820042962e-03
7.382954039237516614e-03
7.372154597473851330e-03
7.360447297550815580e-03
7.347776440629983329e-03
7.336850936597805184e-03
7.330646983725985777e-03
7.321657678346677085e-03
7.311324101446576088e-03
7.298429847884352513e-03
7.289810453132556517e-03
7.272639751233239691e-03
7.269120715470357014e-03
7.261402779222642274e-03
7.253087516036938083e-03
7.244014601763876585e-03
7.232411197767546485e-03
7.220580793291537375e-03
7.206615453197579707e-03
7.197139803864077701e-03
7.188999483519465522e-03
7.175533022873887244e-03
7.173638167711349559e-03
7.169437168722087375e-03
7.163791996217055980e-03
7.154972934334109108e-03
7.136585944153678827e-03
7.133523965168736720e-03
7.125726891849454292e-03
7.117239832400429865e-03
7.103922196441698339e-03
7.095643382129629591e-03
7.090084574054762029e-03
7.092804391030927552e-03
7.091769661541020252e-03
7.089141890369360897e-03
7.080873693148953714e-03
7.072150301553065642e-03
7.063135229088086074e-03
7.053161741632230086e-03
7.043855674488314067e-03
7.034480695355655074e-03
7.024302921484909708e-03
7.014226178424604226e-03
7.004906492509194865e-03
6.999547365618069734e-03
6.994940773819452798e-03
6.991011795927593031e-03
6.981925569067376491e-03
6.973205686823163996e-03
6.964206725414995997e-03
6.958866554156695541e-03
6.966344463521390723e-03
6.952826043390353435e-03
6.940736101018274776e-03
6.934811964559201534e-03
6.925461548979361913e-03
6.920348303071983086e-03
6.913655023626847328e-03
6.906155312806788911e-03
6.898094958155138144e-03
6.887717199107474229e-03
6.878595294594120300e-03
6.865662130207034197e-03
6.854286766393386486e-03
6.844186421858250956e-03
6.834127516588572870e-03
6.824694499671446653e-03
6.815630908626563352e-03
6.806977600779490906e-03
6.798034212762094075e-03
6.790400603533819530e-03
6.782861426543740704e-03
6.773927166947574588e-03
6.765448280615132988e-03
6.756759733239065153e-03
6.748651882816331798e-03
6.739914072742225933e-03
6.732759041129455363e-03
6.723792437838316954e-03
6.717573958317191347e-03
6.707993506473242454e-03
6.699201304296648757e-03
6.690732366036439456e-03
6.683815791284220507e-03
6.675317086153320645e-03
6.676499417393649827e-03
6.667505043594596469e-03
6.658854182535495908e-03
6.651130658635967703e-03
6.644078737277226560e-03
6.635383959032421092e-03
6.627828361827809572e-03
6.620966147852003908e-03
6.614515557640288611e-03
6.607030462819962757e-03
6.601539265489270343e-03
6.595237866319270115e-03
6.590686634059001597e-03
6.583250739318486332e-03
6.576519282747617275e-03
6.569565398197002581e-03
6.562502572666090335e-03
6.555809333298973605e-03
6.549319085483069035e-03
6.542933678167401484e-03
6.536596233310637723e-03
6.529787403275472482e-03
6.525397203355393777e-03
6.517246167373952348e-03
6.509781494632610986e-03
6.503012097849220768e-03
6.496646200356087641e-03
6.490502069997944497e-03
6.484743113852537051e-03
6.479330839704117162e-03
6.473428054461594777e-03
6.467347594486388962e-03
6.461165842011451499e-03
6.454935180651772374e-03
6.448805018628028969e-03
6.442281166842928584e-03
6.436409607209076129e-03
6.429672559770754914e-03
6.425234450610445812e-03
6.417740189838378427e-03
6.411841362870213633e-03
6.404157048878211973e-03
6.397160434791638282e-03
6.391016607368133449e-03
6.385354161565610052e-03
6.380480496880181103e-03
6.375183778053745108e-03
6.370094844026819546e-03
6.365200471666998538e-03
6.359435084359055419e-03
6.353480051038019188e-03
6.347317270538105696e-03
6.343433154234273674e-03
6.336395640683167851e-03
6.329812909460098141e-03
6.324423661858230572e-03
6.318376277517351661e-03
6.313344715550378745e-03
6.307564213742705705e-03
6.302019813193299874e-03
6.296708582364880097e-03
6.291608315058383645e-03
6.286186249313413694e-03
6.280632007231146639e-03
6.275220587711466923e-03
6.269494537330499995e-03
6.263805317714571559e-03
6.258226348350754038e-03
6.252265068219082199e-03
6.247165041696267802e-03
6.241162845482717443e-03
6.235775113156156145e-03
6.229534151264187920e-03
6.223557541626484335e-03
6.218021049797939868e-03
6.212342022561301823e-03
6.206605521458891279e-03
6.200861374433769800e-03
6.195134887615656033e-03
6.189437863916319449e-03
6.183533898556409572e-03
6.177585621536751948e-03
6.171761959929101052e-03
6.165988754722057270e-03
6.160563163555199742e-03
6.154705866669280510e-03
6.149166710018638682e-03
6.143475627371586777e-03
6.138305340646532833e-03
6.132238323162415156e-03
6.127576706694332423e-03
6.121971037439816361e-03
6.116473796518718045e-03
6.110708319557950699e-03
6.104994309899330895e-03
6.097978260144265930e-03
6.092255323267393302e-03
6.086481812547017874e-03
6.080819402009246533e-03
6.075446973835186074e-03
6.070267666251722045e-03
6.065279576658428283e-03
6.060017769811587747e-03
6.054627734761170235e-03
6.049176723198452371e-03
6.043712469806822481e-03
6.038026113018630202e-03
6.032391042923685234e-03
6.026785317397792725e-03
6.021201611627308159e-03
6.015638384850374894e-03
6.010156594336690979e-03
6.000314007261648395e-03
6.003460950272632678e-03
5.998758333760002143e-03
5.993318566916739330e-03
5.987915168336611048e-03
5.982525027102642001e-03
5.977141749962000539e-03
5.971753456114493180e-03
5.966362469077918229e-03
5.960977448159926820e-03
5.955592670447601954e-03
5.950217722707784943e-03
5.944848616444503922e-03
5.939489055091607544e-03
5.934146916655409082e-03
5.928815390868963538e-03
5.923497546697843036e-03
5.917962601025811287e-03
5.912469603850734230e-03
5.906992764039282161e-03
5.901524697196004060e-03
5.896065901634811764e-03
5.890675800479983244e-03
5.884861771972011400e-03
5.879413536249433747e-03
5.874017391930119909e-03
5.868886733550755103e-03
5.863670380465747095e-03
5.858651761504718967e-03
5.853652138462644983e-03
5.848662808730614726e-03
5.843678379827532861e-03
5.837948276894816893e-03
5.832771312189105779e-03
5.827597717082006086e-03
5.822421120967924413e-03
5.817243055815535940e-03
5.812068355271055725e-03
5.806339706656111002e-03
5.801494245355493656e-03
5.796463639589416982e-03
5.791337275680358450e-03
5.785662007662978334e-03
5.780874325030949286e-03
5.775770957210885591e-03
5.771341524727586179e-03
5.766578337037548546e-03
5.760597419858098922e-03
5.755658715855566099e-03
5.751172974533170015e-03
5.746289601207127395e-03
5.741592100921733000e-03
5.737255181183176234e-03
5.732941525575258740e-03
5.728444095303458772e-03
5.723847785755392832e-03
5.719207470639121015e-03
5.714556489162437095e-03
5.709231050791446944e-03
5.703953716851090094e-03
5.698255033909538532e-03
5.692868481186292434e-03
5.687608488299156564e-03
5.682424570843625129e-03
5.676851989159798460e-03
5.672749526550741744e-03
5.667625992295599775e-03
5.662574339421200427e-03
5.658361479677432096e-03
5.653866591465800395e-03
5.649948415006778198e-03
5.645892924592499362e-03
5.641313197804487430e-03
5.644583298633915232e-03
5.637617949287538482e-03
5.631820870965026718e-03
5.626352087837721734e-03
5.621415824905412473e-03
5.616731999482521727e-03
5.612498689183249151e-03
5.608101964784212475e-03
5.603410371050160724e-03
5.598800861432446339e-03
5.592163819141921649e-03
5.590100352266214219e-03
5.588372295861898653e-03
5.591325631990157544e-03
5.585338998861050751e-03
5.577682631049202949e-03
5.575802214628145480e-03
5.571033385652530284e-03
5.567355169285532167e-03
5.563673848226597350e-03
5.560086623677268358e-03
5.556438779307698583e-03
5.553248785182790526e-03
5.548861463848558939e-03
5.551629597569246455e-03
5.545878854136560704e-03
5.538984735364543832e-03
5.533220097927494391e-03
5.528845533408494571e-03
5.524634695315922515e-03
5.520661206028909702e-03
5.523203886734046400e-03
5.516068196676127480e-03
5.510596447775440408e-03
5.506168044170822902e-03
5.502035448243686698e-03
5.497924427789436207e-03
5.494212650636882099e-03
5.490735822558157064e-03
5.484358598821831472e-03
5.482824412206605512e-03
5.481333207630095967e-03
5.478781596168253061e-03
5.473772938285626291e-03
5.469301498081619549e-03
5.465199038952178734e-03
5.461184640506888850e-03
5.456958437059217411e-03
5.452956066681275207e-03
5.448710380414490545e-03
5.444677983350032675e-03
5.440393380821817622e-03
5.436319068612066770e-03
5.431988118662862096e-03
5.427528120579000817e-03
5.423344362364607152e-03
5.420057235680475829e-03
5.415661484357198879e-03
5.411479919564515968e-03
5.408169514223826711e-03
5.403715350478866322e-03
5.399470202730821677e-03
5.396104858271944492e-03
5.391582607992823420e-03
5.387280520228921073e-03
5.383608720980610080e-03
5.379933200988462789e-03
5.376308781052302477e-03
5.371485529939924036e-03
5.367975702727696002e-03
5.364492103153529340e-03
5.360438395791406081e-03
5.356546350122965566e-03
5.352638440420737914e-03
5.349568874011518399e-03
5.344925718800453557e-03
5.340689630288397889e-03
5.336735449210395013e-03
5.332712589841565216e-03
5.329025272466581670e-03
5.325259647080866042e-03
5.321610483965394725e-03
5.318161006247690802e-03
5.315978547460809174e-03
5.311545673848095360e-03
5.307975962803896004e-03
5.304315338024285197e-03
5.300844327084325638e-03
5.297353721695464111e-03
5.293673182507158299e-03
5.290097440006719109e-03
5.286744391322668185e-03
5.283741742267544957e-03
5.280386355512201035e-03
5.277369759629391144e-03
5.274001986810278840e-03
5.270334160058754228e-03
5.267156510636983487e-03
5.263659291974365217e-03
5.260208693715290665e-03
5.256525216083724437e-03
5.252654316981747971e-03
5.248775103297981942e-03
5.242887599046714038e-03
5.241399098329008882e-03
5.239038057869549979e-03
5.235994927838056277e-03
5.232755439731834671e-03
5.229473560293174811e-03
5.223679179868418072e-03
5.222323750418728094e-03
5.220220459613456043e-03
5.217145067245493317e-03
5.214050048895774170e-03
5.210839185748112300e-03
5.207479285666821896e-03
5.204013536019836544e-03
5.200481788489941595e-03
5.196883224357563141e-03
5.193268970857606998e-03
5.189618413693875172e-03
5.185923276545484698e-03
5.182157817493821504e-03
5.178379702584019056e-03
5.174597931887315108e-03
5.168569772596109946e-03
5.166626531510388337e-03
5.164278698405445032e-03
5.160875753787747162e-03
5.157434345333056225e-03
5.154114445828212460e-03
5.150677697101452290e-03
5.147558171985805800e-03
5.144060012796242143e-03
5.140509243915025901e-03
5.136932136214938938e-03
5.133351351915393934e-03
5.129752434147561227e-03
5.126529542067043491e-03
5.122959888899570116e-03
5.119378289562476377e-03
5.116030837587621366e-03
5.112168909697296058e-03
5.108437990041048669e-03
5.105057710691513102e-03
5.101598899023796103e-03
5.097959727765006242e-03
5.094602750231319935e-03
5.090769582618642763e-03
5.087087780474658545e-03
5.083763115738510613e-03
5.080368885477970498e-03
5.076802236403010933e-03
5.073510919940727587e-03
5.069755678063947446e-03
5.066146684439343413e-03
5.063002180749115802e-03
5.059229778167945168e-03
5.055090230224046355e-03
5.051517284859386239e-03
5.047832510432476161e-03
5.044245255961832611e-03
5.046440515631506370e-03
5.040928660200172384e-03
5.036453493010651164e-03
5.032588312049491447e-03
5.028404634776717508e-03
5.024548449185406961e-03
5.021275722568736138e-03
5.017948252462695220e-03
5.014224531725214491e-03
5.010505429098061070e-03
5.006909963599127066e-03
5.003477042805165760e-03
5.000023009763477494e-03
4.997547813041719640e-03
4.993755427194857509e-03
4.990028589039158247e-03
4.986957841516420978e-03
4.984088604889936117e-03
4.980790972342680895e-03
4.982088208584040633e-03
4.975437906489028027e-03
4.973147613154510482e-03
4.970325923515522999e-03
4.967859910966793136e-03
4.964649048637049047e-03
4.961659027262033117e-03
4.958120056398979125e-03
4.954998384235809357e-03
4.951867612711841754e-03
4.949047255300704010e-03
4.951691370762134788e-03
4.943694094672596365e-03
4.940954448274359478e-03
4.937735695987289022e-03
4.934448560394844377e-03
4.931251337551218090e-03
4.927912953507951853e-03
4.924622394822325902e-03
4.921412235886330443e-03
4.918126013687146997e-03
4.914824693766839912e-03
4.908890880462285500e-03
4.907527827190033554e-03
4.905824976603679471e-03
4.903337882257736285e-03
4.900749746777494260e-03
4.897482806704417553e-03
4.894394634135823541e-03
4.891777854384777267e-03
4.889203895202204851e-03
4.886210140838742784e-03
4.882606410583373996e-03
4.879202225941021119e-03
4.875887377844345845e-03
4.872664400375309804e-03
4.869227553633554209e-03
4.865650199603138715e-03
4.862324594185569136e-03
4.859216441349851166e-03
4.856053575094815451e-03
4.853440780299894675e-03
4.851505180526450439e-03
4.853408087883610139e-03
4.865102082540534792e-03
4.920015623141699504e-03
5.064488775206172494e-03
5.294574037235617175e-03
5.535865024513197952e-03
5.722528757042966673e-03
5.884492817500869798e-03
6.067873974339776932e-03
6.168194914872165979e-03
6.257434859059374938e-03
6.345692153417559905e-03
6.501518573511128746e-03
6.547910409442520355e-03
6.604875490344608302e-03
6.663182034930149183e-03
6.809490292864423325e-03
6.840067730211335864e-03
6.867114464855723042e-03
6.987140010699994033e-03
7.124241556435501749e-03
7.133479728323183743e-03
7.159212537273790429e-03
7.203690295240977939e-03
7.251694116601848338e-03
7.386145024052770403e-03
7.399252363629288398e-03
7.524690433732795017e-03
7.529001670939306293e-03
7.615078550744930515e-03
7.732410597963907013e-03
7.832123732692203646e-03
7.815484562737918042e-03
7.926155946889319390e-03
8.020540255583291991e-03
8.093354760599930781e-03
8.159602326686665741e-03
8.212665553583109110e-03
8.265961155493189993e-03
8.212428502206381431e-03
8.198052032464138092e-03
8.194640588400919565e-03
8.606656237164295870e-03
8.467643861880674860e-03
8.443464281603264496e-03
8.862001516624263761e-03
8.853430484068409295e-03
8.854770548013229936e-03
8.863189499665708598e-03
8.876597601499452636e-03
8.912810335779813853e-03
8.948462273730828712e-03
9.376971314533428387e-03
9.120426689310040524e-03
9.138309203680734447e-03
9.146470055123990736e-03
9.163811835860158003e-03
9.192534708033888932e-03
9.100846115936074218e-03
9.063148618056843589e-03
9.053981764131635579e-03
9.112205845213999442e-03
9.528587841885644352e-03
9.397206919767205069e-03
9.448274567778809641e-03
9.489255160850125145e-03
9.410412217363457038e-03
9.383817954345303330e-03
9.372739832001097948e-03
9.457172151037435831e-03
9.473930669079888914e-03
9.565209321916951293e-03
9.541088075752303388e-03
9.542062988665273374e-03
9.547343770593803847e-03
9.567289597647139765e-03
9.590260641966448507e-03
9.614717197989003719e-03
9.640103954656054422e-03
1.005399658420681568e-02
1.002938867559028530e-02
1.001653233330351313e-02
9.980335814682762124e-03
1.003721413275795483e-02
9.978840695346841844e-03
1.004006033869371886e-02
9.994642509639245498e-03
9.984851880030037874e-03
9.976030898467430977e-03
9.983181866824392472e-03
1.000473463529981226e-02
1.005440960542877682e-02
1.008164879307479889e-02
1.049754171666311166e-02
1.042554239405404926e-02
1.045986185624613908e-02
1.042542105609369288e-02
1.044039443066925935e-02
1.042643805897037340e-02
1.050293029971772346e-02
1.057591035052417132e-02
1.102752864934934511e-02
1.087149607928397654e-02
1.078857305494543284e-02
1.078854386091947053e-02
1.076668640860875548e-02
1.082412335622285476e-02
1.081858356975733994e-02
1.088577609194295651e-02
1.093447218613818363e-02
1.095339434788563174e-02
1.103623633498432288e-02
1.107283917249412587e-02
1.108699407459876052e-02
1.110408738777586904e-02
1.114052014968207674e-02
1.115467765902784618e-02
1.162658938580600834e-02
1.153401130946023027e-02
1.145431625193831827e-02
1.132119662144763853e-02
1.172454983282283404e-02
1.159392417438556699e-02
1.141178702821079097e-02
1.140786783667198205e-02
1.135316312505314090e-02
1.138753005200554037e-02
1.136086685345264607e-02
1.179854328351392402e-02
1.168457604451783594e-02
1.152964824846113880e-02
1.148975974240695232e-02
1.146594336567855615e-02
1.145174614758261503e-02
1.145596100342417129e-02
1.150972822632169781e-02
1.154197828738171699e-02
1.156224967098650781e-02
1.150861456525756332e-02
1.146549233908028542e-02
1.150523016676730653e-02
1.153012490400176504e-02
1.196832390799890816e-02
1.186649302320718670e-02
1.177265351055524836e-02
1.177333776647843805e-02
1.173722178622245774e-02
1.177517988165220457e-02
1.173473416690378780e-02
1.172049028730443032e-02
1.171622834238246307e-02
1.171638037129461678e-02
1.170683802126897856e-02
1.169245708270186257e-02
1.174541335338989516e-02
1.177706854305711828e-02
1.179739387282505159e-02
1.181407781988000338e-02
1.182238417052709593e-02
1.186302983622099065e-02
1.230192324299194187e-02
1.219888562392885262e-02
1.215105353434140639e-02
1.245969731493465349e-02
1.231091786819733108e-02
1.226535296999327687e-02
1.225132945773174664e-02
1.222153345149552643e-02
1.221246755033454472e-02
1.220018079120425286e-02
1.219664649038407211e-02
1.219276339892895814e-02
1.220590490825126939e-02
1.224137656569979776e-02
1.224737866040538983e-02
1.266085081775788525e-02
1.246245301378722838e-02
1.245057571451350237e-02
1.245050974083523714e-02
1.244280625737938586e-02
1.243074010662188582e-02
1.241423836183029421e-02
1.238463951059421558e-02
1.242820470616021883e-02
1.244708642275309078e-02
1.287203951134128881e-02
1.266783052692178196e-02
1.264164618960450515e-02
1.304677016274401018e-02
1.283754369756395265e-02
1.274040242313775884e-02
1.271259339315148999e-02
1.268769945165644855e-02
1.266742246892756975e-02
1.264615011817232272e-02
1.263114057626597668e-02
1.303367782817589984e-02
1.289889203102807629e-02
1.282492121281214592e-02
1.277502578644974102e-02
1.274557979871481297e-02
1.272763808069253891e-02
1.270895916684507999e-02
1.269638518722187616e-02
1.269175802708094082e-02
1.270314279525190486e-02
1.273838079576966077e-02
1.272592264558841148e-02
1.277305551040597287e-02
1.277130156012134567e-02
1.282581756644451954e-02
1.284726124729866463e-02
1.284566685101441036e-02
1.284019742051259461e-02
1.283810296665550271e-02
1.283018780768245375e-02
1.280899892368892595e-02
1.286001380078044022e-02
1.296926470624056894e-02
1.295876979301215440e-02
1.296988951012844130e-02
1.298527633276357930e-02
1.298898688864828614e-02
1.299124474764409322e-02
1.298416821202280635e-02
1.297698260194530412e-02
1.299621566610763106e-02
1.301732504199023567e-02
1.302715022003933000e-02
1.302894498566877814e-02
1.302851099041088534e-02
1.303010298003733428e-02
1.304696857183339567e-02
1.310064063178697016e-02
1.354656765245838140e-02
1.343786899736840179e-02
1.373052754158164517e-02
1.357988663565194536e-02
1.348458892523538011e-02
1.378206278827871084e-02
1.363802793503807176e-02
1.403243242118726308e-02
1.378301979868666420e-02
1.360286370964960447e-02
1.353209785464727470e-02
1.353775734541786194e-02
1.346800843191856695e-02
1.386364169661684700e-02
1.419416911040580903e-02
1.387975722181859078e-02
1.375301784651054675e-02
1.370469014739356811e-02
1.366488840288495113e-02
1.364981711739224335e-02
1.367856194026631500e-02
1.370861960385317928e-02
1.370608270301285070e-02
1.369814529692488583e-02
1.368391114081885657e-02
1.366518014920004714e-02
1.366138042704280811e-02
1.369229799969337580e-02
1.369190031698506310e-02
1.368024256846884883e-02
1.368659224697019172e-02
1.371318968617205036e-02
1.375189255832262591e-02
1.374419196078228815e-02
1.379985429012273862e-02
1.380749828856430231e-02
1.380098897784917678e-02
1.419999889600156995e-02
1.400016915459849180e-02
1.389173891744076121e-02
1.384480828322898899e-02
1.382983825722343234e-02
1.385562927651713509e-02
1.385417781230196578e-02
1.386591080416822025e-02
1.389655842110872931e-02
1.393105270366329362e-02
1.393687702622649176e-02
1.392431877787504539e-02
1.428324023432580095e-02
1.403744166985915892e-02
1.377183125205435135e-02
1.356201491688908793e-02
1.340283937619753465e-02
1.326698886436615370e-02
1.316772450062799263e-02
1.307776703543768806e-02
1.299403699980362231e-02
1.291612468284865714e-02
1.283905555097581558e-02
1.277111428233684322e-02
1.270571704744245106e-02
1.264755589308466655e-02
1.260696720058814869e-02
1.257041946018849256e-02
1.253161066423744141e-02
1.249067863064796252e-02
1.244811823831182968e-02
1.240489401685677777e-02
1.236138872871154863e-02
1.231615171084601314e-02
1.227401769931206303e-02
1.223147743362371781e-02
1.219056825467381214e-02
1.215114644543913852e-02
1.211399311704337671e-02
1.207562618332653354e-02
1.204084985546605840e-02
1.200562228412600622e-02
1.196387386993667638e-02
1.192228703977648609e-02
1.189396135063151665e-02
1.186852011440194324e-02
1.184444475140516984e-02
1.181865482564561920e-02
1.179159115513977486e-02
1.176374356493059027e-02
1.173542790047497723e-02
1.170685264085768486e-02
1.167815991834089163e-02
1.164945009194196662e-02
1.162079647668276539e-02
1.159221353928438503e-02
1.156014817796032802e-02
1.152764829121879012e-02
1.149233795582276299e-02
1.145187043249509817e-02
1.143996784798971371e-02
1.142083235096734255e-02
1.138775148251672253e-02
1.137942856354329929e-02
1.135666003032829822e-02
1.133509437673849152e-02
1.131112605989064747e-02
1.132115558058150590e-02
1.127905353818918315e-02
1.124065578049801041e-02
1.124662836142678590e-02
1.120488334170980510e-02
1.116188709685782092e-02
1.114944928109014646e-02
1.112850984383469480e-02
1.110504705493105607e-02
1.108319125840176445e-02
1.105849373988024298e-02
1.103481742716416227e-02
1.101276613372291317e-02
1.101844128866412247e-02
1.098066234989271243e-02
1.094386614120493317e-02
1.091790561129108578e-02
1.089284978377948014e-02
1.087095870871768871e-02
1.084825993862475503e-02
1.082305871142513233e-02
1.079796772190588262e-02
1.077925361019693197e-02
1.076076416787650862e-02
1.074612001225404116e-02
1.072693361762363032e-02
1.070999031960880379e-02
1.069498794884877861e-02
1.068065860592342688e-02
1.066570893322415538e-02
1.064570640429367623e-02
1.062766460279023807e-02
1.061127698447530444e-02
1.059501859370978738e-02
1.057675433675206444e-02
1.055930344876807037e-02
1.054072972470734837e-02
1.052427731617808226e-02
1.050559990174288610e-02
1.048706989516320909e-02
1.046700058361505620e-02
1.044918479849991227e-02
1.042703605880151464e-02
1.040685741537371138e-02
1.039027961897443647e-02
1.037333130736670800e-02
1.035655272627902801e-02
1.033701077833838571e-02
1.031503401740157568e-02
1.031016582330052805e-02
1.029937366597972331e-02
1.028622389319357004e-02
1.027004241134370569e-02
1.025255352324116499e-02
1.023472402317491918e-02
1.023871805223021750e-02
1.021286398156307645e-02
1.019106096453704230e-02
1.016642060411978611e-02
1.014727077429631447e-02
1.014906035339094292e-02
1.014800980517845466e-02
1.011048258360823342e-02
1.009488256732520885e-02
1.007693220833637097e-02
1.005870188669698122e-02
1.004079100496050973e-02
1.002334288693517220e-02
1.000633737691795228e-02
1.000917638029602021e-02
1.000903333619308083e-02
1.000646942847428084e-02
9.968252283036910244e-03
9.969124953617064869e-03
9.966441237142714682e-03
9.919253796051769045e-03
9.918152812423581058e-03
9.918751712925078304e-03
9.914275672411571039e-03
9.910422681283443183e-03
9.900986005793028025e-03
9.883369889472066669e-03
9.866173044751286661e-03
9.837434363368709189e-03
9.812817942284252082e-03
9.817580538047182559e-03
9.787604401235145898e-03
9.760383411862345523e-03
9.738556056563457686e-03
9.709966988558122944e-03
9.705524814092559086e-03
9.697175852082358383e-03
9.682077976008408512e-03
9.662853096155461091e-03
9.658140197264526716e-03
9.648259425766421427e-03
9.633022470471248530e-03
9.623734063853601334e-03
9.614459195492626106e-03
9.601456882470528476e-03
9.593018779470725843e-03
9.583520004694640396e-03
9.571567302698964427e-03
9.556788151360202238e-03
9.561524242124514947e-03
9.537940760056146453e-03
9.516274585515372211e-03
9.496621801158816600e-03
9.477690467642780822e-03
9.460568332402469194e-03
9.443523080237110900e-03
9.426433452006494421e-03
9.406316408117943589e-03
9.400505237221240887e-03
9.390615567514432743e-03
9.376107548184332841e-03
9.363422775823720956e-03
9.365103761997678120e-03
9.349085922377859889e-03
9.334380627254617799e-03
9.319427718942396854e-03
9.309591275522721698e-03
9.299149682848806622e-03
9.288582481741148797e-03
9.278480079295726643e-03
9.274787358437014059e-03
9.271445403577422903e-03
9.267954771664100797e-03
9.259519947567079398e-03
9.247689822375322263e-03
9.235461313703048278e-03
9.233763409422241636e-03
9.231023706758184622e-03
9.236924387284928609e-03
9.224041693162250352e-03
9.223456843077048814e-03
9.204994790339732225e-03
9.188639766562273908e-03
9.171325654304335676e-03
9.166285838922538787e-03
9.159502723276974692e-03
9.146673106749703824e-03
9.136947929023669923e-03
9.127897500227650368e-03
9.110684876129943738e-03
9.106740894299303335e-03
9.100418637721069404e-03
9.092504578188326594e-03
9.083894870354365311e-03
9.073310633115000759e-03
9.062220019291284887e-03
9.051776958052154196e-03
9.040744509810788934e-03
9.029752832321425587e-03
9.014876474688255509e-03
9.013058529651769499e-03
9.003862503437714757e-03
8.995542935275735799e-03
8.983593152940555840e-03
8.973882060025533888e-03
8.976502523552665549e-03
8.962927647869850523e-03
8.950931599767420269e-03
8.938417071940795919e-03
8.927185709689245546e-03
8.917123710696866698e-03
8.901439057765981808e-03
8.898623056768200854e-03
8.892760714148668574e-03
8.897862840518295027e-03
8.877974001169930754e-03
8.872420199682711991e-03
8.863222000194209693e-03
8.847673227818680930e-03
8.844595163992496900e-03
8.833351906276976778e-03
8.818936147649154497e-03
8.815684560847487222e-03
8.808461439918058647e-03
8.798507561896257503e-03
8.785589258392350817e-03
8.781899617559435142e-03
8.775944817560332734e-03
8.767198696279903877e-03
8.756039830522982167e-03
8.747135566864960854e-03
8.739578990756963900e-03
8.732293868860169922e-03
8.725232455319859373e-03
8.717728918373097297e-03
8.710441435216948608e-03
8.701490740313460800e-03
8.690224174016453890e-03
8.681034468805765708e-03
8.673547052896463452e-03
8.661886831341631537e-03
8.660508195310806512e-03
8.655417317817487924e-03
8.649583758648927284e-03
8.652527769429180227e-03
8.639559982959177376e-03
8.627858105734992344e-03
8.617506590532819297e-03
8.606667138228357716e-03
8.596308716691208537e-03
8.586383807676440869e-03
8.575886448223796199e-03
8.566807325990017166e-03
8.555941357298891062e-03
8.546800554409211478e-03
8.548236307870644632e-03
8.536094188705918226e-03
8.525171180601493620e-03
8.516371067723422367e-03
8.507189869081716385e-03
8.498424647580915189e-03
8.488959377086352509e-03
8.476786523437968360e-03
8.474227009832973820e-03
8.466814837490394333e-03
8.455928746633862084e-03
8.454631820602565712e-03
8.450513170488777384e-03
8.454921896714489779e-03
8.442983200677772401e-03
8.433416662103837905e-03
8.424425164711679334e-03
8.412602221275549894e-03
8.410548776834636878e-03
8.405994573208957696e-03
8.399161001286797532e-03
8.402574098953381407e-03
8.403792867385807483e-03
8.390385758540159708e-03
8.376332234333899729e-03
8.361318032916736573e-03
8.356756993305841999e-03
8.360372047277348298e-03
8.344637702622975661e-03
8.340089989018107178e-03
8.345298003103868850e-03
8.331679695593603371e-03
8.320034265992277273e-03
8.310057026607886935e-03
8.300380866950713907e-03
8.288295155914683285e-03
8.285506896451522163e-03
8.280149992970482417e-03
8.273853822959059690e-03
8.266289582274622197e-03
8.259085238368241155e-03
8.262158485693294960e-03
8.250493878154203237e-03
8.251727435723317169e-03
8.238283359148950921e-03
8.239280824001094655e-03
8.224741943124386570e-03
8.212283836407457960e-03
8.201390579202090178e-03
8.190899920041122897e-03
8.181730493915018165e-03
8.173719403150142906e-03
8.162823276999570457e-03
8.151047320165378390e-03
8.148237706653349566e-03
8.142573416047654833e-03
8.136059177107407905e-03
8.138593547220851487e-03
8.125038057937556887e-03
8.120371733819015461e-03
8.114516802678495289e-03
8.107183832559690037e-03
8.107224779225026198e-03
8.096962313730637906e-03
8.083660520709990208e-03
8.079992321572432995e-03
8.076057382430607348e-03
8.068941427665459951e-03
8.062662355436168299e-03
8.057479417773155683e-03
8.057712811684580520e-03
8.048405503604532871e-03
8.040993485850290307e-03
8.034933981586922166e-03
8.027920790192438413e-03
8.021539036210062132e-03
8.015849460878422469e-03
8.007581593740643183e-03
8.000665499865240032e-03
7.994409211448111688e-03
7.988295686474250132e-03
7.982537452569193545e-03
7.976246479769605324e-03
7.970328082998889493e-03
7.963657595660440097e-03
7.957098604985796825e-03
7.950766197325681572e-03
7.953875062665255805e-03
7.943476721718828459e-03
7.933696221582797747e-03
7.924676026503341478e-03
7.917165022324219176e-03
7.909961585984599461e-03
7.901807081203677738e-03
7.902854843029355481e-03
7.904429155746461877e-03
7.891479130045382304e-03
7.879025635237374425e-03
7.874401494831428927e-03
7.869132328089823575e-03
7.871684553881087149e-03
7.872460407793107837e-03
7.872067856998250096e-03
7.858064413932981315e-03
7.857867043547633532e-03
7.844363400626330751e-03
7.832981841717268079e-03
7.820113634171959802e-03
7.816094155351394068e-03
7.810289383239493732e-03
7.799931384323628009e-03
7.806066534487138969e-03
7.807264303575867093e-03
7.796734865543997195e-03
7.799105312787397298e-03
7.786921808383451792e-03
7.775660854496224857e-03
7.767128436064591433e-03
7.768030655025431885e-03
7.758898359647320789e-03
7.750283881961417265e-03
7.743020091533454191e-03
7.737053942600508744e-03
7.730021419542921352e-03
7.732646263477855123e-03
7.722496708167142683e-03
7.714340205615894189e-03
7.706335179065965102e-03
7.709526096691971669e-03
7.698550347796079447e-03
7.689992600837192160e-03
7.681561018842514299e-03
7.674265046874417968e-03
7.675366556005220470e-03
7.667111996103465228e-03
7.658943070892743586e-03
7.651177698918660251e-03
7.641914234264585680e-03
7.639160553577689639e-03
7.634942131749683676e-03
7.631059903574661206e-03
7.625178857856801905e-03
7.619709986711864676e-03
7.614386732202983038e-03
7.610497192025972302e-03
7.605623397187516975e-03
7.601830561406297711e-03
7.603979073064337860e-03
7.604207992169470694e-03
7.593529950524702254e-03
7.591019649340025391e-03
7.589929097126796656e-03
7.580800621689276833e-03
7.573431343843523358e-03
7.567447277205963628e-03
7.562162814766876240e-03
7.556469478251348799e-03
7.552111141618972866e-03
7.553116467378823487e-03
7.545101006528737858e-03
7.539665577655719347e-03
7.532245486171929016e-03
7.526699065931741379e-03
7.521413261562532281e-03
7.516216049074548287e-03
7.511902595100572975e-03
7.514083268223448187e-03
7.504267028488925857e-03
7.493616268658048751e-03
7.490571347714575570e-03
7.486802290435346646e-03
7.482914411830571613e-03
7.478319883078616073e-03
7.473471944600302251e-03
7.468216465758088091e-03
7.460334268511087386e-03
7.459148449900959883e-03
7.456282040954715154e-03
7.452438580298759163e-03
7.447554593279410301e-03
7.442314446685588912e-03
7.436849616603341886e-03
7.431362661098068166e-03
7.422850496899386155e-03
7.420638149378317242e-03
7.424172510157584295e-03
7.418171807473089574e-03
7.411722448604402685e-03
7.405312016886662040e-03
7.398178527646476904e-03
7.391252085587302068e-03
7.385259743152972241e-03
7.379606813760825577e-03
7.373876407095536663e-03
7.365769233412033934e-03
7.363539846091161217e-03
7.361183642123514392e-03
7.359889264407071426e-03
7.355295042706405662e-03
7.347738297266948396e-03
7.346447985726873263e-03
7.343800865488931545e-03
7.340098205965117986e-03
7.335866031115418316e-03
7.330965353623614816e-03
7.333151247469482832e-03
7.325549271768616935e-03
7.315810737490231058e-03
7.312854924940204865e-03
7.308608344296002590e-03
7.303831699701191296e-03
7.299408827281611556e-03
7.294416200375675868e-03
7.289393718520909352e-03
7.283952508531543919e-03
7.278841345534525775e-03
7.273888358908237387e-03
7.268903741915195248e-03
7.263989656909670099e-03
7.259698117927305266e-03
7.253140702790056987e-03
7.247514072369604272e-03
7.242583589312373560e-03
7.238139241217318026e-03
7.232365825709447145e-03
7.227899809774624394e-03
7.223484030419597031e-03
7.219749453504276798e-03
7.211687972380248848e-03
7.210066294879130880e-03
7.206996481418021135e-03
7.203941146874909968e-03
7.197394810452801411e-03
7.196491845317115957e-03
7.193724052392486482e-03
7.187806235406091898e-03
7.186953001237773170e-03
7.184568857378287841e-03
7.178243840228410236e-03
7.177517733347999092e-03
7.175531911698407490e-03
7.168994903415238165e-03
7.167900403675104247e-03
7.165833769314261525e-03
7.164427344581576068e-03
7.161835255769067460e-03
7.157571295884040952e-03
7.152703891874351988e-03
7.148222929118642349e-03
7.144841125306833352e-03
7.140214984845494849e-03
7.135564564989455016e-03
7.130815298620024958e-03
7.125981924591368727e-03
7.128114925774875661e-03
7.120510542110936036e-03
7.121830476217744926e-03
7.112770637290816503e-03
7.105123970253601935e-03
7.098245561727007345e-03
7.091866176012823729e-03
7.086789969334978193e-03
7.080667354058645807e-03
7.074840697951717897e-03
7.069733904041636610e-03
7.064966828726499531e-03
7.060882481867630962e-03
7.062019141059739519e-03
7.053953283660469205e-03
7.048119412355147682e-03
7.047575886517926276e-03
7.045695610064884283e-03
7.042664716629665894e-03
7.038958855336019567e-03
7.035461583523777707e-03
7.031402788022745112e-03
7.027531711169376916e-03
7.023373611711986042e-03
7.018727087536602745e-03
7.015179900179885353e-03
7.009730923599750106e-03
7.005107293962010116e-03
7.001452967078120732e-03
6.997424570320893294e-03
6.994004615698779133e-03
6.986778604264038024e-03
6.984787376541446574e-03
6.981656046939683190e-03
6.978754845855411962e-03
6.975888518371559620e-03
6.971227415512898373e-03
6.967171328305044042e-03
6.964200239158230797e-03
6.960333111244288058e-03
6.955247722682628489e-03
6.949395627213645309e-03
6.952845252326107089e-03
6.954436275495157541e-03
6.948683377261466627e-03
6.947409244044938648e-03
6.942141437522176238e-03
6.941072129266540568e-03
6.934778468001357235e-03
6.935410379652046271e-03
6.930988752487216541e-03
6.925313757460277442e-03
6.920411074016663902e-03
6.917164640891543780e-03
6.917244917887588329e-03
6.911972659330484908e-03
6.905117741612527144e-03
6.903701534941109573e-03
6.901654659707163152e-03
6.899108095221751641e-03
6.893634319824349342e-03
6.892682034372993836e-03
6.890987378567831056e-03
6.888221530417921318e-03
6.884212985481891200e-03
6.879915871398062550e-03
6.875406472115303154e-03
6.871247177854283850e-03
6.866397235113674835e-03
6.861867539861982168e-03
6.857206585508130066e-03
6.852528920572082197e-03
6.847975806546707962e-03
6.841310617029600777e-03
6.843923284014491633e-03
6.839716942970292153e-03
6.842054222107075111e-03
6.836632164457912171e-03
6.830064071648062757e-03
6.822023162385077583e-03
6.819273044250767808e-03
6.815990215287715676e-03
6.812925162208222606e-03
6.808441474327253835e-03
6.804257865194235887e-03
6.800102359888810302e-03
6.796138092455389877e-03
6.790267739051553467e-03
6.788964537768633206e-03
6.790919364088866123e-03
6.786411905253331503e-03
6.782103413333501370e-03
6.778064596415867525e-03
6.774047547097284197e-03
6.770082275322797730e-03
6.763440607616167353e-03
6.761714962048532250e-03
6.759273403643579169e-03
6.756759948975416680e-03
6.752519451409650340e-03
6.748682852140358915e-03
6.744421336000900290e-03
6.741203736837797673e-03
6.737704038031561149e-03
6.734029459799395489e-03
6.730358739928893851e-03
6.726185793474598502e-03
6.720068343178647874e-03
6.718464823345305509e-03
6.715888732690595414e-03
6.712725554463245398e-03
6.706931188879950052e-03
6.705748835470343172e-03
6.703587900426672026e-03
6.700749210303708243e-03
6.694710505019147578e-03
6.693572592740871206e-03
6.691651355184663648e-03
6.688915286296837071e-03
6.684772178752629301e-03
6.680706099085820943e-03
6.676951929612756978e-03
6.673187981993827962e-03
6.669318403559049493e-03
6.665286392842345760e-03
6.661730845799979789e-03
6.658134478686478924e-03
6.654434393759418170e-03
6.650662020237813055e-03
6.646963172524472663e-03
6.643111359843673243e-03
6.639843477443863398e-03
6.636755083709400781e-03
6.632099734302888266e-03
6.627545993161627035e-03
6.624522027579377026e-03
6.617777374954475489e-03
6.616463759075458251e-03
6.613106114554146223e-03
6.609738398641568091e-03
6.606765793808400643e-03
6.604004592603024935e-03
6.601204910936265061e-03
6.598003579883437997e-03
6.595130616068801271e-03
6.596601952342646263e-03
6.592243098862415884e-03
6.586976750938383987e-03
6.582655071877625136e-03
6.578931487612866419e-03
6.575396991555998612e-03
6.569947752182087042e-03
6.566603231733830759e-03
6.566658304635803085e-03
6.565740992389035996e-03
6.563908808364837984e-03
6.561400075998924386e-03
6.558348538741471008e-03
6.554811536842070595e-03
6.551555757599420403e-03
6.548175848510174278e-03
6.544661715632227317e-03
6.541055980923988350e-03
6.538239971347315459e-03
6.534602720860982483e-03
6.529780419631221050e-03
6.525944416275558831e-03
6.520722961221737252e-03
6.519491204304606741e-03
6.517719170076020051e-03
6.515413299905754158e-03
6.517148313765225992e-03
6.518072192252011808e-03
6.512920501105324070e-03
6.508640679199506965e-03
6.503830203766919511e-03
6.505148109495379437e-03
6.505603947685806993e-03
6.505482704895731993e-03
6.497078046676080416e-03
6.488296267529731175e-03
6.484447114631847371e-03
6.479613222372776829e-03
6.475432013587384406e-03
6.471335624430469072e-03
6.467844803605055266e-03
6.463895247147905324e-03
6.458083955234184166e-03
6.456426737101911978e-03
6.458223355849630060e-03
6.456051864883055776e-03
6.452880109043468947e-03
6.449414161610028846e-03
6.446091130764941557e-03
6.442510746010993682e-03
6.439265062387861810e-03
6.439743514741864093e-03
6.440716189071255156e-03
6.434908392861077471e-03
6.428337804162859680e-03
6.423243154373792750e-03
6.419030261224362502e-03
