0.000000000000000000e+00
0.000000000000000000e+00
4.471732411708340452e-04
4.355790769328110774e-03
9.731206971729257013e-03
8.645412716331407274e-03
1.214832198219391139e-02
9.267972973573684534e-03
7.476754276326136837e-03
6.545465081831309401e-03
5.971967311888815022e-03
5.596743976662860338e-03
5.351251669476342863e-03
5.198465796663337933e-03
5.114830233896878325e-03
5.083912514998007240e-03
5.093780697700407006e-03
5.141127614547414369e-03
5.210286201951569787e-03
5.298714068019067316e-03
5.403802671401481371e-03
5.523338129959975973e-03
5.655547148590806678e-03
5.799032952078431689e-03
6.937852573967434773e-03
6.722316059095046446e-03
7.790583261247169961e-03
7.357971620327169449e-03
8.352646807624158551e-03
9.283026002636880075e-03
8.405091191323538560e-03
9.271309435919833364e-03
1.006074770343083451e-02
1.075236613732608731e-02
1.134607568715173022e-02
1.182854354891994114e-02
9.519164320137218915e-03
8.893184577780349764e-03
8.825382292011147572e-03
9.622370276147025267e-03
1.026680173294145654e-02
1.079555202396913043e-02
1.101518185168277701e-02
9.835388928313544554e-03
1.021356946694155880e-02
1.054952174936151822e-02
1.085104961180776741e-02
1.112559661768866039e-02
1.138014967276279078e-02
1.162106465562329910e-02
1.185384086524556881e-02
1.208296459331019250e-02
1.288176038020225761e-02
1.185267120839542110e-02
1.211016210069751353e-02
1.235768672082120968e-02
1.259986947558077233e-02
1.284035448761691213e-02
1.373528356158516123e-02
1.376219949375833730e-02
1.271002256656973001e-02
1.274494865011607803e-02
1.283085187499096239e-02
1.295449131050446269e-02
1.310590716246810665e-02
1.428378015500021518e-02
1.549660369313721892e-02
1.510697952836922986e-02
1.552252761453727994e-02
1.519474825382641225e-02
1.421322124844531277e-02
1.453016234121399380e-02
1.442748614013760790e-02
1.407038158727893021e-02
1.551178289575225883e-02
1.488259177866854688e-02
1.473097135593223750e-02
1.435911598295627756e-02
1.584445695755812289e-02
1.517980034007489036e-02
1.502199548220007480e-02
1.595268975771958059e-02
1.487380564661186511e-02
1.456643155589041998e-02
1.609970786157808795e-02
1.510096444700732149e-02
1.482417992205385497e-02
1.520857321307186351e-02
1.489348304348180919e-02
1.629525846830496769e-02
1.539426028891181623e-02
1.508250884324934850e-02
1.510354685194095770e-02
1.544866984418408196e-02
1.642693537119394032e-02
1.745000109485360038e-02
1.624456862826063538e-02
1.592743767673830343e-02
1.589904908332398503e-02
1.592496212677667680e-02
1.751215669268409506e-02
1.642382792182200610e-02
1.741677587287682183e-02
1.716793824184849673e-02
1.640359171170615790e-02
1.619052418269080820e-02
1.621360770147597941e-02
1.627624616339087837e-02
1.768574243854472219e-02
1.678531218674994552e-02
1.772979298165036285e-02
1.693309907634847275e-02
1.670158480623654129e-02
1.661709419379172117e-02
1.649068348546399096e-02
1.654795998792175579e-02
1.658369065067372139e-02
1.669784301165233228e-02
1.667742645969692503e-02
1.677117165848966002e-02
1.692910291355010505e-02
1.836093303507579585e-02
1.793907153316623426e-02
1.931017671437988692e-02
2.024195129153932501e-02
2.118386308785479705e-02
2.211071026520844071e-02
2.326670824684718558e-02
2.144308005971305719e-02
2.038950039482956972e-02
1.927782130064376737e-02
1.897880619137020872e-02
1.847489056355162279e-02
1.817733351600719569e-02
1.798718247077474991e-02
1.798054829081788264e-02
1.812163641551978871e-02
1.908387747925717817e-02
1.843074350788656557e-02
1.827925171115341724e-02
1.819202158745674910e-02
1.827108600098538774e-02
1.895427609470373351e-02
1.895107675493735294e-02
1.888534541324297933e-02
1.888417355599264144e-02
1.879321696507334216e-02
1.874520683601115997e-02
1.879912752061115369e-02
1.888557593586037350e-02
1.900537684401203131e-02
1.905699853457690218e-02
1.906249227399905988e-02
1.905611283660589572e-02
1.904944849851801514e-02
1.904583961100314235e-02
1.904572691211208965e-02
1.904863872414047296e-02
1.905390505397458120e-02
1.906089474902915304e-02
1.906907927679742445e-02
1.907803719601632378e-02
1.908744107029148457e-02
1.909594625542862523e-02
1.910709388759156135e-02
1.911647294616603682e-02
1.912402252312135967e-02
1.913664765434529291e-02
1.914620500804343345e-02
1.915370695056704820e-02
1.915067010426345362e-02
1.915042057495714573e-02
1.916535422006422976e-02
1.916249250535298487e-02
2.026712723687108808e-02
2.114660332987378447e-02
2.021481534008814918e-02
1.983305556528509178e-02
1.970214801005318317e-02
1.983679524816886475e-02
1.969458738591492453e-02
1.963482293336729634e-02
1.981246089920325054e-02
1.980757849002181062e-02
2.083351838966662067e-02
2.028982271314493102e-02
2.130912138182655333e-02
2.050362863212703071e-02
2.018205439743506191e-02
2.016826224829913750e-02
2.001779090650622484e-02
2.007215853786900595e-02
2.115261208299941756e-02
2.203630069886742399e-02
2.136159718457342899e-02
2.089157899954362241e-02
2.089844584906808828e-02
2.074811105886774365e-02
2.077306561166039622e-02
2.063805842013538214e-02
2.068529277700548868e-02
2.155674989297410790e-02
2.099502914058476097e-02
2.181364379934745690e-02
2.137915336804781588e-02
2.120770801941139483e-02
2.203959899397473290e-02
2.145407180961210469e-02
2.132568860207533987e-02
2.121221760128853828e-02
2.213635382072613386e-02
2.158627935152557936e-02
2.136464228605077995e-02
2.131544607645368891e-02
2.117208147339494709e-02
2.121043682441402234e-02
2.221955022935614976e-02
2.175666825036092628e-02
2.146185048162082068e-02
2.140263732710034200e-02
2.130407205007958660e-02
2.228938281252611231e-02
2.185115429015512326e-02
2.252734822566153025e-02
2.222110766522923664e-02
2.328710094502143765e-02
2.255295504517989755e-02
2.243354154436169590e-02
2.357883562740244535e-02
2.442939833898229163e-02
2.325213214622759428e-02
2.279466604869134425e-02
2.267368623074524428e-02
2.261413088426541054e-02
2.247524246439969869e-02
2.335833257831075593e-02
2.286822274009120068e-02
2.248071501726390392e-02
2.228297322260319041e-02
2.214519680393592371e-02
2.299997966422021034e-02
2.369881357223534157e-02
2.422388922123200339e-02
2.485554482659252037e-02
2.358110943533949302e-02
2.323348358617363663e-02
2.304257787746995592e-02
2.288892766181243807e-02
2.281987354296512172e-02
2.347963497437949645e-02
2.304820241885266463e-02
2.294893089785271859e-02
2.395889660985400446e-02
2.347297454996143118e-02
2.446807628017631797e-02
2.374638147041284453e-02
2.469737994779364759e-02
2.403760049306339838e-02
2.499373047115446833e-02
2.418411684251378646e-02
2.402821302996924202e-02
2.382378993057194042e-02
2.387481063902136338e-02
2.486545044382601488e-02
2.424593373367439977e-02
2.408530484932989990e-02
2.407901959255351332e-02
2.420377099287773087e-02
2.437203421832373137e-02
2.456093471188462371e-02
2.473988580148795205e-02
2.492679605151862376e-02
2.511939765661867774e-02
2.638068493615414872e-02
2.552575446588885646e-02
2.626162438487564255e-02
2.542738015010780062e-02
2.511960339306381143e-02
2.568683755729726792e-02
2.639902223510478055e-02
2.547457392237112081e-02
2.506891640360016729e-02
2.581632063128301569e-02
2.508053331849982581e-02
2.579395608254211880e-02
2.512851114762884586e-02
2.477366414059079675e-02
2.558024800639484286e-02
2.506135477097449354e-02
2.478503482380511186e-02
2.480164612966095222e-02
2.482453231573527805e-02
2.479933668348609926e-02
2.483148259981073080e-02
2.566779362743411633e-02
2.508685348336308837e-02
2.484429132287016562e-02
2.563921474756841387e-02
2.512718927770635907e-02
2.487402970842578914e-02
2.563175184521888222e-02
2.622749198266556905e-02
2.543096013160510427e-02
2.627774667836314110e-02
2.557025099077348679e-02
2.628754513441194582e-02
2.554923990138832646e-02
2.520063500917985727e-02
2.593107460546702561e-02
2.643502633954665851e-02
2.568443078343241731e-02
2.552818156268998537e-02
2.545856897402086483e-02
2.550858010186343727e-02
2.632615727020722399e-02
2.700684546644317036e-02
2.611021211271363426e-02
2.563928224060282868e-02
2.545758688379472223e-02
2.619994003909889568e-02
2.559997835597163651e-02
2.639912240141069691e-02
2.692374892405071177e-02
2.610940948397354189e-02
2.576701157254654428e-02
2.555780368333038927e-02
2.542107768983089058e-02
2.532152500460875533e-02
2.524205538674528446e-02
2.517764705444021714e-02
2.512350149774840793e-02
2.507555292157426924e-02
2.503104873342769376e-02
2.504188865512206597e-02
2.500134157872585181e-02
2.502821260706393491e-02
2.505024929032304004e-02
2.509505167984476745e-02
2.511902603084616506e-02
2.592596233316907944e-02
2.558894810277952472e-02
2.633525051250873092e-02
2.694939817659131737e-02
2.750496675869260055e-02
2.655070549955257028e-02
2.624326506311989993e-02
2.608721401985189536e-02
2.683637177467767740e-02
2.636415698488213388e-02
2.615357228035322668e-02
2.688365424089467909e-02
2.735791547931803666e-02
2.677742963294887577e-02
2.743771376505377974e-02
2.788073681094845394e-02
2.840437750707694442e-02
2.764780359812762586e-02
2.725130277122985237e-02
2.712716044611761246e-02
2.694491134366139989e-02
2.681631272079841588e-02
2.750242336898780018e-02
2.697785361852035949e-02
2.681171224132138098e-02
2.685130101128179944e-02
2.696501879463713766e-02
2.710844539054886940e-02
2.803286210170186782e-02
2.874076011882147064e-02
2.786483268419702453e-02
2.850646937704886738e-02
2.800793786349976139e-02
2.760993804532854701e-02
2.729984785234925229e-02
2.710526284242954081e-02
2.692132499964091166e-02
2.709057506170944873e-02
2.645858599518123577e-02
2.648959133790874249e-02
2.590539036677952031e-02
2.591954574858366944e-02
2.535181503423207874e-02
2.528219039561784010e-02
2.479188727812108028e-02
2.454409867682489158e-02
2.439493180892585156e-02
2.420682111892423494e-02
2.405518433040916906e-02
2.396726784558043943e-02
2.388420310787674194e-02
2.379766496589936012e-02
2.367137512800296384e-02
2.347558195952550997e-02
2.328634850847521170e-02
2.314510226993134537e-02
2.307859526997019586e-02
2.298590341167559836e-02
2.298459913835090851e-02
2.272056623640138218e-02
2.258672258006018743e-02
2.249592968029772919e-02
2.241577642520821423e-02
2.231917831498749297e-02
2.216870103570925399e-02
2.204123672379646945e-02
2.194864385071793739e-02
2.194364380134867024e-02
2.173679319772404278e-02
2.158670148931514723e-02
2.146441998584292660e-02
2.137078853166220205e-02
2.131241704777422918e-02
2.123812491835242594e-02
2.117465468114210908e-02
2.113181342178381550e-02
2.110587524708070276e-02
2.104421018734216331e-02
2.097173718738304035e-02
2.089702455243150347e-02
2.084145356135632191e-02
2.077888096375588023e-02
2.073131162793098725e-02
2.070351188456936650e-02
2.070342159849266131e-02
2.059279132106600976e-02
2.049718065138061290e-02
2.048361592771427708e-02
2.045715694432347076e-02
2.030436751933875628e-02
2.019584718232739218e-02
2.011502989834508884e-02
2.005671207672109213e-02
2.001796107796208202e-02
2.000361165275891737e-02
1.997959784997134849e-02
1.998365885440695627e-02
1.986105290354020503e-02
1.984768646293040908e-02
1.981135679992335891e-02
1.964489012318126546e-02
1.956592809731086402e-02
1.951080256326385987e-02
1.950637015554779891e-02
1.939360586187609259e-02
1.932986233461658418e-02
1.925235087729200781e-02
1.918493692983383458e-02
1.913089674014301772e-02
1.908793031903922160e-02
1.904721225508898205e-02
1.899569529403850182e-02
1.893579674240218613e-02
1.893360228864649636e-02
1.882109535323367097e-02
1.873683351442490680e-02
1.867459370347127057e-02
1.862799821439907119e-02
1.859870274004709820e-02
1.860472868896538221e-02
1.853142463258444436e-02
1.846999412530123119e-02
1.842199462179175407e-02
1.838766768160826279e-02
1.835331006729116685e-02
1.830697807085505599e-02
1.826094804669607316e-02
1.821896876536744508e-02
1.819348757647739137e-02
1.816042424940301353e-02
1.812167074331083247e-02
1.809144341847915283e-02
1.807815767121497344e-02
1.803617414348801171e-02
1.803202964947269935e-02
1.795482788652998443e-02
1.788988595256038594e-02
1.782869603628617350e-02
1.776897822005729308e-02
1.771258606483979217e-02
1.766620960389854791e-02
1.762733691695641050e-02
1.759928225576432026e-02
1.757098610557963556e-02
1.753848395789415343e-02
1.751281543562853080e-02
1.750678428894960129e-02
1.747798158378301506e-02
1.743481987765711089e-02
1.739671062684146688e-02
1.736777246486301274e-02
1.737377625327810038e-02
1.730734492106032058e-02
1.725767013711418385e-02
1.721304457908444038e-02
1.721643244188391861e-02
1.720698087120814054e-02
1.712203087165091106e-02
1.707853541992601643e-02
1.703063311619556694e-02
1.698375270178537760e-02
1.694090936949688847e-02
1.690946824531136192e-02
1.688574962823304396e-02
1.686637898355474938e-02
1.684762024477729978e-02
1.685025095498387734e-02
1.688514173678736310e-02
1.689168991367982417e-02
1.688186183547052410e-02
1.676719257322171683e-02
1.669506265925516098e-02
1.664427507265657177e-02
1.660739787256668154e-02
1.657067792731755154e-02
1.652988191918058555e-02
1.654614730583758506e-02
1.654791710919980077e-02
1.653357076554370919e-02
1.642336471326894670e-02
1.635033237241224208e-02
1.629669288375341571e-02
1.629727425056416365e-02
1.622783665059758865e-02
1.617573752463920614e-02
1.613295458448665842e-02
1.610022493548658035e-02
1.607503021154618739e-02
1.605566118217983257e-02
1.603795004897161022e-02
1.602409869718614613e-02
1.601149636923742889e-02
1.599968509337642078e-02
1.598655564284001337e-02
1.599069731021429686e-02
1.596723964268711646e-02
1.594212386148138871e-02
1.591619729562959371e-02
1.588497439207554526e-02
1.587544115921565857e-02
1.585106366713323264e-02
1.582018082637326115e-02
1.578661561013413109e-02
1.574810107060049466e-02
1.571184907801114958e-02
1.567955392219668245e-02
1.568164268453976426e-02
1.563313501120608059e-02
1.559316295087645465e-02
1.556155112064908086e-02
1.553117327587948994e-02
1.550173554965122470e-02
1.547561741723962880e-02
1.547944329881305141e-02
1.546998080464068864e-02
1.542019983846114155e-02
1.538301454659192317e-02
1.535185820404377267e-02
1.531844429661901111e-02
1.528968138643477942e-02
1.526764719995279962e-02
1.524550000827615270e-02
1.522070238306645965e-02
1.519742489765452814e-02
1.517299665395995326e-02
1.515271921399942261e-02
1.513158466644390354e-02
1.513507103786086543e-02
1.509194214995534557e-02
1.505731869869936929e-02
1.502881920506300012e-02
1.500331609338138687e-02
1.497675878707688257e-02
1.495378839610893122e-02
1.492998425750832747e-02
1.490385547186514129e-02
1.488133355711068750e-02
1.485958126242339396e-02
1.483606931741053396e-02
1.481196483903204908e-02
1.478742501337626004e-02
1.476024435093064614e-02
1.473392448030261953e-02
1.470814507291212138e-02
1.468521499582611800e-02
1.466352780930969130e-02
1.466490572816436279e-02
1.463636608336643143e-02
1.461188031889903982e-02
1.461429987779948661e-02
1.460497517579019237e-02
1.459583992582773673e-02
1.454098127820537857e-02
1.450049871813852836e-02
1.450271745839767923e-02
1.445755400997715372e-02
1.442512595385147568e-02
1.440184019493822611e-02
1.438120856241844638e-02
1.435909735696262561e-02
1.433958451964069750e-02
1.432044533675788135e-02
1.432364131193779137e-02
1.428774640010473454e-02
1.425840236455807111e-02
1.423232290017583182e-02
1.420764912285997321e-02
1.418454660336079289e-02
1.416337699230421632e-02
1.414134554994580031e-02
1.412027360103700925e-02
1.410986528712328096e-02
1.411360260307221830e-02
1.408717613342229218e-02
1.408354361205410056e-02
1.407896082538206972e-02
1.403968414006757232e-02
1.400959719214637904e-02
1.398372949118356634e-02
1.396159714932142075e-02
1.393985818714543225e-02
1.392065106593239412e-02
1.390263206344615789e-02
1.388485606684773492e-02
1.388332658067828462e-02
1.385420332196616450e-02
1.384314603076906673e-02
1.382497683550742464e-02
1.380510923554094209e-02
1.378310545260184698e-02
1.376387426413023911e-02
1.374492926758491031e-02
1.372416217576426060e-02
1.370599681112884098e-02
1.369109184415304159e-02
1.367489540277976381e-02
1.366076985727088938e-02
1.364938229189169294e-02
1.363842239155463321e-02
1.362360377822989868e-02
1.360725831105590380e-02
1.359027660499127071e-02
1.357188104707700120e-02
1.354915157931308595e-02
1.354180198626224289e-02
1.352849764148250124e-02
1.351223437899882855e-02
1.349529840359748462e-02
1.347725280230721058e-02
1.346169218912671162e-02
1.344649051219517014e-02
1.343098481329484464e-02
1.341421675306183128e-02
1.339348267797675976e-02
1.338634270924744102e-02
1.337404992221677413e-02
1.336117262447890711e-02
1.334767659248061768e-02
1.333209361576935363e-02
1.331952920934687673e-02
1.330498071241794159e-02
1.328885585790262093e-02
1.328071317008267666e-02
1.328191240148606303e-02
1.327080561098069149e-02
1.325625351874036399e-02
1.323739583049283325e-02
1.324048692233869597e-02
1.323413948032713464e-02
1.319892904347665444e-02
1.316895429907276663e-02
1.315738981145807632e-02
1.314012353189554852e-02
1.312153732410256679e-02
1.310125665474268924e-02
1.308035615520336536e-02
1.306128245347974032e-02
1.306007677789349300e-02
1.304533334016759819e-02
1.304777679411143858e-02
1.301411499177098155e-02
1.301306944046894468e-02
1.297577368895620059e-02
1.295851926247453857e-02
1.293374965284381853e-02
1.292657317790992834e-02
1.291134834418624158e-02
1.289738234953858448e-02
1.288293186476357523e-02
1.286795343160636665e-02
1.285279354185648454e-02
1.283670579520078230e-02
1.281987797977701161e-02
1.280327840966452579e-02
1.278644633102263978e-02
1.276871006527817258e-02
1.275203140740379174e-02
1.275174181703811471e-02
1.274922621779046167e-02
1.272111854064129216e-02
1.269587754748747327e-02
1.268595068806026641e-02
1.267108513195328023e-02
1.267431591116020134e-02
1.264825841186820177e-02
1.262314499534913925e-02
1.261445269813643577e-02
1.261771188563337066e-02
1.261641101971894274e-02
1.258755740234684950e-02
1.258335287141740255e-02
1.257874086730456642e-02
1.254400248204328751e-02
1.252315984701954377e-02
1.251367528096266127e-02
1.251771379483870850e-02
1.249030704416497807e-02
1.247819711483650479e-02
1.246556789720714743e-02
1.245195708578172335e-02
1.243758624146815150e-02
1.242354462363868921e-02
1.242491955328489141e-02
1.240139870771923142e-02
1.240374724163147493e-02
1.237466583618044430e-02
1.235355357891721600e-02
1.233843144919998316e-02
1.232471735653419866e-02
1.231179117364512160e-02
1.231401197978258116e-02
1.231186188614218947e-02
1.228518844681275070e-02
1.226459866080115146e-02
1.224592653574408524e-02
1.223248106447885099e-02
1.223393860846994780e-02
1.221292676066786445e-02
1.219362575572591895e-02
1.218642980539651026e-02
1.217563238217106436e-02
1.216500245671143371e-02
1.215448403401740013e-02
1.214373055570056037e-02
1.213304369864262600e-02
1.212178268115681780e-02
1.212402447353857007e-02
1.210421668151887009e-02
1.208836300543921285e-02
1.206986854465506159e-02
1.206281458081771146e-02
1.205229641131683876e-02
1.205651579973923693e-02
1.205528112401022672e-02
1.202810345505588886e-02
1.200674295569181295e-02
1.200685661095351499e-02
1.198256031508072167e-02
1.197767821412380057e-02
1.196001645735955167e-02
1.194487151820209508e-02
1.193082175247484750e-02
1.191921562409984509e-02
1.190563481407612249e-02
1.189309470725040223e-02
1.188210077027768846e-02
1.187139420413198601e-02
1.186969433606500229e-02
1.186073397818788316e-02
1.185850380021372108e-02
1.185005041873315491e-02
1.185465085317496947e-02
1.183510795324237488e-02
1.181799512539649134e-02
1.181798635182442284e-02
1.181641699415276331e-02
1.181456085832315907e-02
1.178462245712670435e-02
1.175988003296703568e-02
1.175077633117968534e-02
1.173979425876652341e-02
1.172791580644065405e-02
1.173090457449967386e-02
1.171326113271643071e-02
1.169561725592937508e-02
1.167964847117810602e-02
1.166475350620739884e-02
1.165111007161744906e-02
1.163856249310182833e-02
1.164219093557271149e-02
1.161878221920006893e-02
1.160980512799661413e-02
1.159850926792720983e-02
1.158764960059350396e-02
1.157624135281190569e-02
1.156362089339085276e-02
1.155262721225932578e-02
1.153982894068643177e-02
1.152662940571369532e-02
1.151651566979718447e-02
1.151901134385171013e-02
1.150564081472994597e-02
1.150658021668073475e-02
1.148918589437809140e-02
1.147429071642164927e-02
1.145871496217543833e-02
1.145165056256166117e-02
1.145523566963667708e-02
1.143855505396335764e-02
1.142721538608950163e-02
1.141494918763498803e-02
1.140604781903632042e-02
1.140754832448575597e-02
1.139406105777823232e-02
1.139596649058403736e-02
1.137737419709719013e-02
1.136478982740262746e-02
1.135375883389088195e-02
1.134211373118702675e-02
1.133175567069845749e-02
1.132308483299228168e-02
1.131381125568271112e-02
1.130368297111027966e-02
1.129372621610491567e-02
1.129548959255374276e-02
1.127916334627931949e-02
1.126752141936145438e-02
1.125824285318179942e-02
1.124900750302820253e-02
1.123834084578985773e-02
1.122902933577927392e-02
1.123064770903689502e-02
1.123196459257450042e-02
1.121337618554694299e-02
1.119865645568753412e-02
1.118609731950116586e-02
1.118800604948258504e-02
1.117357923675407760e-02
1.115962389820298120e-02
1.114878695553886412e-02
1.113836317098234122e-02
1.114011135002938163e-02
1.112570685889707756e-02
1.111369604079305920e-02
1.111725647236511128e-02
1.109887759781683775e-02
1.108503055837270490e-02
1.107436847061724072e-02
1.107390337304077835e-02
1.107212276576740630e-02
1.105538110903632812e-02
1.104086246085264622e-02
1.102776113202837485e-02
1.101807126928313132e-02
1.100981354657503200e-02
1.100164547215346650e-02
1.099284435056672830e-02
1.099571977042537729e-02
1.098061254610570130e-02
1.096905366249152462e-02
1.095914489145629125e-02
1.095032137815653110e-02
1.093824770904569532e-02
1.093031539329665340e-02
1.093022478466986781e-02
1.092310999903117232e-02
1.091335182400392061e-02
1.090569522012246363e-02
1.090853375109949834e-02
1.089487154378786064e-02
1.088371914825166445e-02
1.087198228887582135e-02
1.085851328632784878e-02
1.085297205707681095e-02
1.084578964689158521e-02
1.083702476317282594e-02
1.083900821485777113e-02
1.084103976779820545e-02
1.082202163313274526e-02
1.080724572215567385e-02
1.079458341615197742e-02
1.078296962027842226e-02
1.077279957692591807e-02
1.075964587314421489e-02
1.076441184253215666e-02
1.075285562145856903e-02
1.075578538639937465e-02
1.074071616581507432e-02
1.072680935728863132e-02
1.072846193225819936e-02
1.071191114402634918e-02
1.069765576513535647e-02
1.068459500819284903e-02
1.067295677224960361e-02
1.066251905355179025e-02
1.065216384945684783e-02
1.064252445082355947e-02
1.063389368636587576e-02
1.062323808997030564e-02
1.061386326890827007e-02
1.060613777453693445e-02
1.059873014486334419e-02
1.060090358705996841e-02
1.060148591576084987e-02
1.060203768669255170e-02
1.058148307847752226e-02
1.056570747097927525e-02
1.055040273324031608e-02
1.054523982252873575e-02
1.054830799083698693e-02
1.054699437390856954e-02
1.054501701074039323e-02
1.052740671669175065e-02
1.051376313842751833e-02
1.050224554234854835e-02
1.049225700638394855e-02
1.047908426509903262e-02
1.047530342698851404e-02
1.046801902999218783e-02
1.047099334355324797e-02
1.047075388576023704e-02
1.045259640024464622e-02
1.043803090911462131e-02
1.042632073200404699e-02
1.041578853258888840e-02
1.040626477090349049e-02
1.039659927182475310e-02
1.038832046611160714e-02
1.039047429667267625e-02
1.037714421705758332e-02
1.037869689340890217e-02
1.036202467311080413e-02
1.034929272195243659e-02
1.033824933791785416e-02
1.033092956046909386e-02
1.032444619841828629e-02
1.031821314188529660e-02
1.031162365843439448e-02
1.030570874791168073e-02
1.029739650050837813e-02
1.029067807553520411e-02
1.028278919244363793e-02
1.027614733485975908e-02
1.026996557807699495e-02
1.026410219315205402e-02
1.025757980623184795e-02
1.025901666096897327e-02
1.024839821322100046e-02
1.023930618383586157e-02
1.024079457113745255e-02
1.022838964428136183e-02
1.021807719901458682e-02
1.020911919964168774e-02
1.020049709191234860e-02
1.019286540650104524e-02
1.018604197397431944e-02
1.017944152025575082e-02
1.017253117988218929e-02
1.016583498807745525e-02
1.016851790838933615e-02
1.015664553341324994e-02
1.015655635357235603e-02
1.014642724845069011e-02
1.014517775524163661e-02
1.014432278471047444e-02
1.013051384339320321e-02
1.013082356300737397e-02
1.011754280234965046e-02
1.010673980537217347e-02
1.010745406576452760e-02
1.009568493518920446e-02
1.008510067560468119e-02
1.008546784738356163e-02
1.007381773832391469e-02
1.007461896527967610e-02
1.006221300234474980e-02
1.005214152957269527e-02
1.004319340021349663e-02
1.004510778801717685e-02
1.003189960896456318e-02
1.002075073576420144e-02
1.001316989255400351e-02
1.000405073140146067e-02
1.000136450367790190e-02
1.000368470272943767e-02
9.994907412685612169e-03
9.996601283765100751e-03
9.985267033810541967e-03
9.974191324926946767e-03
9.963484550838281120e-03
9.963700063426001244e-03
9.965111611384181584e-03
9.949321164536745893e-03
9.950818218492481215e-03
9.940883665994010993e-03
9.931873533021780276e-03
9.923454755104317571e-03
9.924812393360843768e-03
9.925102000521652049e-03
9.909911398331512286e-03
9.909895661424868163e-03
9.895136472230243313e-03
9.883270106249304049e-03
9.872823779871043801e-03
9.874218209003677790e-03
9.861527822643862892e-03
9.851784514290435474e-03
9.841403848696528289e-03
9.836711321158049526e-03
9.831415391228831915e-03
9.834590949889655473e-03
9.824037076389086770e-03
9.815825668219519892e-03
9.808622670044781292e-03
9.798261002982195170e-03
9.795040914057973058e-03
9.790499269811625549e-03
9.784821682475249027e-03
9.778901330495831656e-03
9.772092309543662855e-03
9.766136027095652025e-03
9.766919861685591578e-03
9.754696027215355170e-03
9.749329169863735212e-03
9.740967906874536952e-03
9.734687944158899181e-03
9.734534807736467538e-03
9.730407612028408801e-03
9.732750025817932943e-03
9.723115579219050383e-03
9.713650988222405705e-03
9.705411368216849965e-03
9.697738348093239147e-03
9.697367828028508746e-03
9.687559679288660144e-03
9.679268518600799009e-03
9.671461325202995729e-03
9.664549942373690944e-03
9.657957232115195120e-03
9.649431094754919169e-03
9.643438503679142501e-03
9.648866604176348574e-03
9.642932968537727342e-03
9.636182569881208276e-03
9.629221883546463731e-03
9.620718690903291501e-03
9.621767425699950804e-03
9.621335157878370056e-03
9.609273771791788238e-03
9.609118047515963212e-03
9.593939057228984685e-03
9.586575597295638254e-03
9.579702409210549829e-03
9.582307135763596523e-03
9.570575987666635545e-03
9.561479719259996513e-03
9.553812417086650008e-03
9.546687148326089140e-03
9.540128458998771432e-03
9.533460456441829323e-03
9.527523331924631425e-03
9.518904192562455471e-03
9.515981279111490609e-03
9.508077545680455878e-03
9.503530862708976790e-03
9.504413256922928863e-03
9.501305253497356607e-03
9.496414934252274398e-03
9.490196595069395891e-03
9.484079671302443615e-03
9.485970519252635499e-03
9.476893472725440512e-03
9.477458432545150108e-03
9.467283651197856004e-03
9.457502617410885881e-03
9.449946099955780499e-03
9.443226313503312597e-03
9.436971229345898771e-03
9.430192061370152451e-03
9.423711951821445859e-03
9.417767574537312322e-03
9.411791157137378711e-03
9.406062084788474609e-03
9.400839104614805777e-03
9.395197273659805851e-03
9.389816944966284523e-03
9.384024069916358651e-03
9.378943323355044825e-03
9.372980001490177279e-03
9.367088643576127263e-03
9.360364494478008376e-03
9.354918155910147901e-03
9.350152189823891444e-03
9.345976796091198802e-03
9.339816546887780638e-03
9.334647960321146992e-03
9.330257287364713409e-03
9.324819175448112452e-03
9.320611785132798532e-03
9.313974964343269339e-03
9.316702137733117936e-03
9.311799695267380939e-03
9.306698157098359028e-03
9.300475127507873072e-03
9.294531519530397842e-03
9.290813681428594303e-03
9.291486996772296489e-03
9.288917353082576031e-03
9.290945397397132668e-03
9.283622059552099418e-03
9.276878089024220841e-03
9.269541878668680415e-03
9.263269189913209481e-03
9.264313414239961492e-03
9.264621488605379040e-03
9.253911508399043431e-03
9.245296926534292067e-03
9.237897151761820247e-03
9.238514860689267874e-03
9.228774719588305961e-03
9.221029919094809318e-03
9.214105251153365678e-03
9.207405534238705461e-03
9.201382134779213101e-03
9.201458821039348521e-03
9.192983518696674211e-03
9.186212217944739536e-03
9.180165503270738131e-03
9.173363324517914627e-03
9.167477608287011304e-03
9.162336678024225398e-03
9.158230425461039506e-03
9.152315410095623535e-03
9.152938721270448968e-03
9.147032909156943559e-03
9.140406735471012442e-03
9.135187444291065217e-03
9.130086554416721664e-03
9.123492062757327520e-03
9.121860551308397236e-03
9.115112518726648308e-03
9.113833313110941692e-03
9.108235003647975267e-03
9.107144068379197446e-03
9.103635998256582110e-03
9.099174437402263518e-03
9.094340538391211190e-03
9.085731388373669698e-03
9.082950082395747568e-03
9.083939984133993992e-03
9.077428176585073186e-03
9.078576463730952603e-03
9.070835948614758976e-03
9.064752175233475873e-03
9.057790969026086395e-03
9.052076369632761077e-03
9.047257637395078947e-03
9.042558444506477652e-03
9.037818413942194304e-03
9.039215421024876171e-03
9.031972873579114519e-03
9.031906832916254332e-03
9.031144222109139738e-03
9.021368621582388087e-03
9.011147783557387977e-03
9.006588286535461424e-03
9.002098689798504819e-03
8.995536913838570944e-03
8.987727514101468904e-03
8.990569163140988904e-03
8.992917330419463937e-03
8.985237488507397813e-03
8.976430567537630259e-03
8.969537009389965884e-03
8.961063901401273082e-03
8.958417144764923776e-03
8.951801434859896905e-03
8.950473249179925414e-03
8.945930146224701993e-03
8.941325475406542225e-03
8.943187410145343047e-03
8.935463731421662212e-03
8.928322972935959917e-03
8.929398986140885813e-03
8.921013941661610006e-03
8.913667160160570688e-03
8.907795968770554698e-03
8.900921585772297862e-03
8.901478063157658785e-03
8.893854122000055540e-03
8.887572260387938475e-03
8.881511400510983673e-03
8.882679708524450143e-03
8.874949052858243856e-03
8.868299013813191536e-03
8.862665936646986140e-03
8.857237784436073832e-03
8.858912656849043943e-03
8.851022917150258573e-03
8.844242659573998272e-03
8.838342470173560575e-03
8.833180206028063905e-03
8.827195856924248060e-03
8.821930775744574876e-03
8.817134832741629902e-03
8.812871353840529692e-03
8.808578804230166037e-03
8.804397527976948884e-03
8.800134631297047011e-03
8.796135111603060192e-03
8.797664804083305326e-03
8.794788781484692494e-03
8.789302884184951523e-03
8.789991264875741603e-03
8.781982511801839433e-03
8.775134387138689568e-03
8.769019790113337029e-03
8.763738870222964952e-03
8.758014324532386805e-03
8.752252854964143181e-03
8.744854500738630937e-03
8.746405766193810286e-03
8.742272492294273639e-03
8.739227001274491383e-03
8.734139192256790488e-03
8.727854333257872854e-03
8.726254794050342101e-03
8.723627479953088848e-03
8.717731244481302655e-03
8.716613990514971919e-03
8.719270471162970937e-03
8.713676416666300481e-03
8.710541745415583889e-03
8.706569896282640927e-03
8.707672350077589815e-03
8.708253257599302133e-03
8.698375708490363109e-03
8.698513337134573462e-03
8.688804215532237515e-03
8.680248013436904150e-03
8.672899792077715456e-03
8.666013411408397121e-03
8.657492905888358389e-03
8.654012050946003481e-03
8.650243199091151719e-03
8.646369365989775915e-03
8.642450082016268215e-03
8.644052360761784320e-03
8.637492067332358525e-03
8.631682793183331412e-03
8.626346196267892577e-03
8.627326034246136574e-03
8.619990658838066686e-03
8.612822902995082366e-03
8.607015685407254368e-03
8.601775239908465362e-03
8.594843909454702099e-03
8.592229944016111648e-03
8.588770112135995713e-03
8.584991100602351252e-03
8.580819051511151194e-03
8.582612407860668730e-03
8.575790819185052927e-03
8.569975018098070427e-03
8.564188777627984930e-03
8.559247517252972087e-03
8.553907968879359905e-03
8.549492439527345625e-03
8.544085524908456852e-03
8.544778593489671739e-03
8.545333945464568190e-03
8.537726517750860236e-03
8.531409739494594247e-03
8.524038966653352256e-03
8.526054737823890450e-03
8.527690393884046136e-03
8.520248265650860048e-03
8.513758883513206782e-03
8.505731830572899402e-03
8.503141854187429641e-03
8.498987304584161226e-03
8.494212767936588568e-03
8.488669813038236464e-03
8.484604278597086130e-03
8.480773942436809626e-03
8.475479717488798581e-03
8.478833279436525858e-03
8.480797147194569022e-03
8.474389124212873201e-03
8.468920102275118503e-03
8.463631290672974511e-03
8.458688694100064548e-03
8.454006746326181432e-03
8.449049925331325595e-03
8.450423553330295087e-03
8.443798614155090254e-03
8.444849838852398066e-03
8.437085825092621380e-03
8.430104147263689854e-03
8.424303093915458049e-03
8.418247649652228076e-03
8.413048549082886157e-03
8.408641349849739141e-03
8.404578254773231380e-03
8.400666633879134287e-03
8.395960041855715997e-03
8.391995590014618076e-03
8.388558428835951944e-03
8.384986063628590766e-03
8.381396605808734065e-03
8.376240257950679988e-03
8.378495700799631560e-03
8.379679685368318642e-03
8.373698311176559078e-03
8.368821603368293074e-03
8.363248830151732288e-03
8.358751440163713839e-03
8.359759919510751855e-03
8.353928430873208688e-03
8.348905604589047444e-03
8.344822413779035344e-03
8.344941608474777325e-03
8.337132574123778603e-03
8.334433529670453797e-03
8.330701210669051032e-03
8.326672449026300757e-03
8.323028703575546458e-03
8.319016274040946443e-03
8.314750720193003417e-03
8.311237342582456292e-03
8.306648739995203812e-03
8.302688893373127987e-03
8.299059088130795320e-03
8.295300951491951444e-03
8.291954003643449075e-03
8.288557756718833644e-03
8.284063894267884934e-03
8.278662232827698961e-03
8.275567278375967409e-03
8.275865714805031442e-03
8.274115884673877847e-03
8.274983411681187048e-03
8.270118212838184490e-03
8.271040955080577461e-03
8.265344104129856637e-03
8.260617638829187079e-03
8.256286087871251775e-03
8.257025020108199262e-03
8.251634087248277058e-03
8.246708544978149577e-03
8.240264179063778310e-03
8.238406510700841193e-03
8.240310713604832166e-03
8.235331578950616863e-03
8.230706201994513957e-03
8.225368347545058967e-03
8.221498553222655881e-03
8.221545386646373146e-03
8.221615917127457138e-03
8.214891999971069697e-03
8.215135314513783218e-03
8.208958893058988446e-03
8.208825883952570318e-03
8.201536115632086094e-03
8.193787389178548014e-03
8.190694602282494810e-03
8.187347551324058656e-03
8.182025022513699994e-03
8.180645980950418394e-03
8.177792069709050732e-03
8.172422155602982255e-03
8.171050334228808706e-03
8.168621339876492443e-03
8.170190067150846433e-03
8.164867754069644532e-03
8.166027862691988340e-03
8.157148956847099300e-03
8.153043439372665430e-03
8.149287779597674461e-03
8.149944162001798373e-03
8.143820881850333607e-03
8.138604533360705232e-03
8.134139933868517539e-03
8.135014409941038888e-03
8.135882382638343416e-03
8.128322381087750223e-03
8.121945046705164248e-03
8.116315364161564433e-03
8.112037848779080768e-03
8.107006768236229774e-03
8.102878144934716129e-03
8.096626763728870940e-03
8.092184391126256912e-03
8.091648141867890595e-03
8.094075545761149001e-03
8.090226313035159267e-03
8.086648404938006837e-03
8.082247928831470807e-03
8.078108895641334178e-03
8.074391831411953380e-03
8.075598912892041278e-03
8.068385232219749473e-03
8.065508503639578705e-03
8.062060822622901454e-03
8.056538256457647026e-03
8.054842419658604299e-03
8.056605766332431209e-03
8.051868275588725671e-03
8.047258774317290683e-03
8.048333959406078417e-03
8.039971439187693081e-03
8.036816791190433060e-03
8.032519915407992581e-03
8.026087497569629053e-03
8.023558750063469747e-03
8.020751212442616893e-03
8.022212115255706807e-03
8.017470084006840178e-03
8.013256971224957947e-03
8.014350275894388878e-03
8.009010425276913078e-03
8.004303138602314460e-03
7.999757826158455584e-03
7.995464178413669992e-03
7.991332861482148067e-03
7.985693148695382701e-03
7.983878343405775846e-03
7.981262479612578203e-03
7.978195195693300532e-03
7.974819403049620767e-03
7.971254951476347897e-03
7.967428607799342463e-03
7.961950170999361129e-03
7.960087402860966180e-03
7.957550201678270305e-03
7.954384189658986540e-03
7.951530310951753985e-03
7.947301797129697684e-03
7.943279794512652855e-03
7.939777187396602001e-03
7.936713710560927559e-03
7.937153334007490679e-03
7.937218962003144904e-03
7.931701284004373173e-03
7.926211640596397823e-03
7.920231212718771216e-03
7.918080603395655573e-03
7.919333976799515160e-03
7.913420716571478372e-03
7.911559602825529378e-03
7.913208017399437494e-03
7.908963619563775041e-03
7.903889296630396341e-03
7.899281240592586836e-03
7.895083191868101924e-03
7.891552265589024326e-03
7.887565142157798581e-03
7.887221816835876531e-03
7.882920327804538579e-03
7.878758924057233104e-03
7.874235419196462527e-03
7.870901611847674548e-03
7.868158296446497654e-03
7.863981858328334545e-03
7.863248242473292945e-03
7.862246734464062303e-03
7.859297277003974777e-03
7.856507764232628990e-03
7.858747643946733738e-03
7.853725181714161716e-03
7.849658972969037612e-03
7.850695419130932634e-03
7.845561347881464115e-03
7.846436286513153516e-03
7.840488209321467769e-03
7.833908063862443649e-03
7.831585374115795917e-03
7.826557457926925157e-03
7.824860430486097612e-03
7.820223321081126375e-03
7.819018309508346531e-03
7.816550372787828618e-03
7.818404710812954655e-03
7.813405073504631898e-03
7.806811484963272103e-03
7.808824369406036810e-03
7.810074772622205980e-03
7.801949673666180862e-03
7.798844999641891054e-03
7.794859713834984515e-03
7.795133064771087028e-03
7.787662988453442243e-03
7.782498674497990120e-03
7.779192383897537769e-03
7.779841570690182624e-03
7.778545577210510716e-03
7.775751506392697757e-03
7.772659772884988119e-03
7.769015002492213676e-03
7.763115248297103484e-03
7.761125772899441291e-03
7.762946510771424023e-03
7.757814166639426245e-03
7.753148169565422104e-03
7.748619981763765763e-03
7.744160871098327084e-03
7.739915845858586288e-03
7.741070873278838201e-03
7.741913815029671797e-03
7.742131294403886872e-03
7.733673621807574117e-03
7.727076954875328370e-03
7.721451595395912096e-03
7.716365482662474427e-03
7.716990360162873444e-03
7.717231899322558007e-03
7.716807468012848968e-03
7.709504063027972434e-03
7.702784828932458111e-03
7.702200950367183580e-03
7.694048948892112660e-03
7.690113929190123439e-03
7.686832449857456187e-03
7.688003993856534941e-03
7.688842065046353272e-03
7.682665598730403778e-03
7.677897548515600495e-03
7.671161681127487003e-03
7.668380394761992874e-03
7.665401942049926420e-03
7.666542956166061407e-03
7.662057975634750835e-03
7.658241703083274420e-03
7.653857327941937516e-03
7.649090983253098615e-03
7.645824991328387284e-03
7.641845252221507977e-03
7.638648951036253708e-03
7.635960994556673792e-03
7.633429603069958290e-03
7.630901173666677223e-03
7.632123753917647267e-03
7.632782407793948197e-03
7.627831017097336415e-03
7.623456982782501022e-03
7.618650388656417194e-03
7.612835251164723656e-03
7.610852486783470719e-03
7.608505991264786182e-03
7.610174180967105816e-03
7.611032558480806953e-03
7.605531751757527333e-03
7.600416825013944777e-03
7.595948266815217426e-03
7.590111957379647861e-03
7.587719403323462015e-03
7.583132582188917975e-03
7.582118825933248547e-03
7.579133048020797458e-03
7.574594262488538315e-03
7.571367988631877606e-03
7.571481917949336032e-03
7.569897965488948249e-03
7.567609540047532182e-03
7.562782857277611410e-03
7.561823073330115053e-03
7.563035625673820116e-03
7.563904364738705151e-03
7.564570370631290910e-03
7.564679650542211614e-03
7.556954003350641220e-03
7.551049986923841911e-03
7.545011240138394318e-03
7.545575976470964528e-03
7.545431178873441246e-03
7.542597531953770806e-03
7.536386191007543936e-03
7.530883734064692213e-03
7.526209222279440364e-03
7.521492912983518929e-03
7.517085974892112957e-03
7.512461227516881862e-03
7.512651420027383065e-03
7.508650714751347044e-03
7.508498456426510037e-03
7.503928151169798021e-03
7.498458437233674126e-03
7.494569471228446425e-03
7.494224953730610830e-03
7.492602466362969192e-03
7.494245350640211384e-03
7.490190635242372462e-03
7.486647958925247287e-03
7.482939964189600640e-03
7.479325973222867088e-03
7.480457276554913770e-03
7.475528802419201778e-03
7.471114401185224851e-03
7.466871531539526728e-03
7.463064411775539170e-03
7.464010091501527798e-03
7.458953864917084071e-03
7.459964804828462040e-03
7.457424228413406936e-03
7.452895549004818349e-03
7.447686873656340217e-03
7.443403129143261535e-03
7.439456793093230519e-03
7.436244919258372388e-03
7.431707032805313223e-03
7.426658648211886989e-03
7.424968830206241099e-03
7.422744787329444045e-03
7.424264722915092235e-03
7.420645598223158529e-03
7.416386619438436814e-03
7.416857062387139515e-03
7.412439048051056023e-03
7.412961414738056427e-03
7.413390706890394047e-03
7.407442895744409395e-03
7.402291095648477932e-03
7.396187590540687778e-03
7.393659397741420003e-03
7.394785523138042507e-03
7.388855613745609618e-03
7.390253368619476362e-03
7.385993190202816590e-03
7.382102279544395206e-03
7.378406487036998085e-03
7.374807762851149154e-03
7.371433286863138430e-03
7.368107302764959413e-03
7.364769655788128838e-03
7.361520569158325374e-03
7.358372372068183731e-03
7.355307910340520144e-03
7.356112079127691966e-03
7.352206671335282523e-03
7.352866811592379676e-03
7.346826292523117585e-03
7.344000898347542022e-03
7.340931486087992966e-03
7.337810961568430948e-03
7.334717153563258610e-03
7.331770704600632654e-03
7.328952779390125044e-03
7.329740527619638471e-03
7.325643352965644298e-03
7.321975577663242425e-03
7.322757750108888249e-03
7.318098979150606392e-03
7.314017897636449460e-03
7.310348229950525134e-03
7.307135135253212468e-03
7.302423329934609741e-03
7.300781190691424567e-03
7.298960358337120563e-03
7.295919708012139036e-03
7.293228716020683407e-03
7.290481437487644767e-03
7.287957013837703842e-03
7.283796494145561642e-03
7.282904825719288718e-03
7.281145800912824928e-03
7.277198365060022489e-03
7.276344844435584519e-03
7.274717761093918780e-03
7.272517466725298210e-03
7.273888885305834773e-03
7.270122956415121102e-03
7.266542635513822956e-03
7.268320559279218412e-03
7.263191556029508465e-03
7.258894454494868934e-03
7.259728767473789396e-03
7.255306927533839226e-03
7.250942534771149042e-03
7.250744749431142951e-03
7.246323067730670725e-03
7.245978081790932675e-03
7.241191036830386084e-03
7.237800969491687414e-03
7.233804035937513310e-03
7.230939607225106598e-03
7.231656988977448047e-03
7.232940019951433937e-03
7.227575628215416291e-03
7.223807042661740084e-03
7.220771806576637038e-03
7.220859186104273096e-03
7.220815993847423848e-03
7.216126973442866036e-03
7.210634959668910798e-03
7.208531214944991286e-03
7.206535279264719880e-03
7.203414411489156982e-03
7.200655403470102196e-03
7.198041911980430051e-03
7.195515874589580863e-03
7.191423573286026896e-03
7.190398344971444394e-03
7.189059454987084714e-03
7.186618579709098086e-03
7.184053553023140443e-03
7.185311630947249957e-03
7.181685386290237796e-03
7.178433933902706593e-03
7.175462580987907596e-03
7.170499566438709622e-03
7.168557467576081033e-03
7.166378070780826670e-03
7.164078856419520309e-03
7.161806024458778480e-03
7.159531108691536035e-03
7.157037818057843462e-03
7.154700602069919042e-03
7.152238663470734080e-03
7.148179398605375434e-03
7.147123543776762351e-03
7.145405484973827229e-03
7.143127962365819830e-03
7.140815369689784871e-03
7.142094362488743756e-03
7.136800308017521646e-03
7.134994934534361760e-03
7.132720406985721545e-03
7.130212574613043267e-03
7.127417991270229569e-03
7.124947741304028109e-03
7.120127616392502544e-03
7.118551887066087991e-03
7.116477572295748510e-03
7.114113535751182167e-03
7.115276207522125591e-03
7.116252457549598898e-03
7.111617023940458755e-03
7.106826564534641372e-03
7.102985483267293398e-03
7.098793193756897622e-03
7.099259855977863368e-03
7.095641331105412807e-03
7.092568778804831005e-03
7.087566494410679936e-03
7.085827644150661034e-03
7.083897820790829858e-03
7.082143637166799302e-03
7.079802584799644097e-03
7.076749185524949803e-03
7.074323965517931648e-03
7.074954737162459165e-03
7.075639459154248363e-03
7.072324743864794039e-03
7.068915683417876378e-03
7.066047081657639631e-03
7.066832345925783132e-03
7.063172256135081400e-03
7.059756117855892077e-03
7.056389370991950419e-03
7.053385482157121210e-03
7.050375410822190721e-03
7.047666994754770049e-03
7.048879179111739411e-03
7.045174142623867111e-03
7.041729021082104856e-03
7.038554748950271410e-03
7.035608316225555776e-03
7.036205973993731391e-03
7.032856010372290356e-03
7.027968615979252737e-03
7.025675862888736481e-03
7.022100082182881030e-03
7.021154294995874019e-03
7.018105271243674399e-03
7.017521923428965760e-03
7.019193344790614422e-03
7.016629760490106574e-03
7.013882845237989772e-03
7.011537964481834653e-03
7.008363280298413045e-03
7.005433880356765064e-03
7.002756499315293710e-03
7.000401242564624482e-03
6.998340260861407591e-03
6.995801510684124605e-03
6.991412889088411201e-03
6.990384025480606001e-03
6.988133461815715548e-03
6.985025810724443916e-03
6.986562456656780946e-03
6.984682616195264822e-03
6.981202143005300030e-03
6.982926027220004439e-03
6.980642934488418515e-03
6.978335943437341711e-03
6.980133038164276771e-03
6.980250724855818940e-03
6.975293268878407851e-03
6.971004513375517707e-03
6.967250902269423590e-03
6.964234668297836911e-03
6.961220885376423820e-03
6.958443508546652626e-03
6.955965797544084311e-03
6.951516076046321616e-03
6.950182455525011870e-03
6.948212090375128006e-03
6.944669968841438168e-03
6.943993364062085033e-03
6.942569166961959880e-03
6.944585930750474603e-03
6.940817317209480204e-03
6.937574317135503793e-03
6.934800999903839927e-03
6.932283381444210441e-03
6.929785240768588164e-03
6.927507146641209874e-03
6.924411133149549653e-03
6.925022223389060150e-03
6.921580989579668303e-03
6.918466323045652580e-03
6.915598622822833469e-03
6.912733338370974367e-03
6.910297458474518040e-03
6.907946686281418724e-03
6.904980509418629474e-03
6.905526325505124095e-03
6.901860627868750160e-03
6.898605129356444321e-03
6.895669644181074039e-03
6.896423803834795217e-03
6.892779581568786972e-03
6.889493572875288879e-03
6.886478317352934427e-03
6.883558448208421457e-03
6.884495719912048402e-03
6.880736342589771799e-03
6.877414764342043747e-03
6.878238407320436121e-03
6.874360902083903602e-03
6.870863513384567987e-03
6.867772011842260965e-03
6.864734106065861763e-03
6.861799989979561892e-03
6.858969001249637897e-03
6.856253549515207296e-03
6.853596152138774662e-03
6.850968339951646509e-03
6.848630503166447392e-03
6.849688507198720133e-03
6.845758234081173246e-03
6.845240616281678299e-03
6.841106642971956503e-03
6.837876869743509528e-03
6.835157402568326455e-03
6.832721752990361837e-03
6.830388980581154207e-03
6.828068123496850404e-03
6.825796691673702982e-03
6.823617239687779744e-03
6.821665363198542616e-03
6.819465183185197295e-03
6.817236232580653477e-03
6.818722432344060010e-03
6.814826137391133583e-03
6.811932612960958609e-03
6.812540108363518421e-03
6.812840309305662374e-03
6.813619791917080448e-03
6.808593102254395860e-03
6.808742573692245191e-03
6.803404719396288942e-03
6.799196437623672949e-03
6.795948146368946917e-03
6.793492008103730294e-03
6.791097803001406100e-03
6.787569305145591328e-03
6.786371714578332513e-03
6.784910816829997637e-03
6.783090368625760425e-03
6.784327664572304024e-03
6.781460887767199602e-03
6.778677066429084769e-03
6.776114897371593448e-03
6.773642456179102163e-03
6.771281143774472017e-03
6.768980146130804468e-03
6.770336206162858549e-03
6.766533511278188980e-03
6.763508236650579014e-03
6.760916626678232372e-03
6.757178290499860247e-03
6.756020688423614723e-03
6.754474723627473809e-03
6.752913567132867723e-03
6.750492744213737809e-03
6.746961974225224035e-03
6.746017514777946818e-03
6.747840795733301041e-03
6.748993020488730510e-03
6.744804753791916983e-03
6.741912848007342376e-03
6.741850288988732870e-03
6.738286613986899098e-03
6.739350064595001077e-03
6.735139100906234987e-03
6.731667930138913146e-03
6.729006616452537504e-03
6.725054083511195629e-03
6.723849840464552613e-03
6.722286985076098009e-03
6.720369885833105128e-03
6.721393350096960956e-03
6.718702922164154941e-03
6.715372243841505849e-03
6.712749510230864997e-03
6.709579656361236433e-03
6.706886566972253445e-03
6.704634014160316263e-03
6.702451059129349749e-03
6.700674465452000073e-03
6.697989505627850032e-03
6.696007189320386105e-03
6.693625669367215224e-03
6.690798316462060087e-03
6.688612338501304273e-03
6.686684963105244024e-03
6.684839381206281531e-03
6.683187931721784950e-03
6.681835913914042219e-03
6.679560465828871321e-03
6.677535771746862664e-03
6.675632397403503254e-03
6.673808759930061410e-03
6.674481281121397332e-03
6.671906163855812616e-03
6.669344040708319321e-03
6.670371106260364683e-03
6.667021990833705419e-03
6.662586218582467086e-03
6.660836098004163652e-03
6.659038284741409207e-03
6.655231386786586434e-03
6.653996434872789384e-03
6.652413768897653262e-03
6.650597660911739678e-03
6.648762847852662979e-03
6.646885140922465483e-03
6.645115526546935443e-03
6.642698116954493665e-03
6.639146868478745800e-03
6.638181785911346361e-03
6.636825138307778267e-03
6.635152305088415532e-03
6.633352879663151694e-03
6.631423689649341112e-03
6.629430148956095246e-03
6.630199811815823581e-03
6.627190155814238932e-03
6.623189861104734205e-03
6.621862491277713883e-03
6.620076644742439904e-03
6.621140963479804804e-03
6.618236549002321466e-03
6.615583574560541039e-03
6.613044870224987770e-03
6.609038122589267102e-03
6.608168445468748896e-03
6.606242426546566314e-03
6.603693138879613428e-03
6.601286394957989537e-03
6.599180363691520973e-03
6.597052014737175840e-03
6.597942477338686676e-03
6.595151702307761044e-03
6.595869655311670243e-03
6.592626830080494660e-03
6.589666815220995844e-03
6.587237850456184769e-03
6.584215977409647175e-03
6.581864696113177288e-03
6.578974275743354819e-03
6.576545338759110654e-03
6.574401409468206420e-03
6.575855060062679898e-03
6.572592475819894267e-03
6.569696411654741414e-03
6.567416558323585681e-03
6.565322156034864021e-03
6.561832699882136702e-03
6.560888697772576661e-03
6.559463022093353808e-03
6.558303646573443793e-03
6.555190522001492180e-03
6.555458739206887660e-03
6.556127262162187060e-03
6.565483866238769513e-03
6.591248569406410983e-03
6.662557118838192266e-03
6.841402564209642448e-03
7.166374198409198454e-03
7.614411137931720482e-03
8.175055439680846067e-03
8.708580946396732303e-03
9.192790013815815842e-03
9.646669187122503333e-03
1.005272320707895073e-02
1.041480709341223269e-02
1.073959605325186008e-02
1.103255228714868953e-02
1.129827395514925760e-02
1.160054518031013518e-02
1.140666567264797537e-02
1.175792445126750546e-02
1.166915719131535537e-02
1.176062484398465204e-02
1.209233574868437411e-02
1.213110687843817551e-02
1.223282887396425281e-02
1.232937727962972810e-02
1.246593809108893086e-02
1.284663306207162181e-02
1.289616333368426987e-02
1.322613616975047007e-02
1.341972042899656874e-02
1.338168263147124920e-02
1.342818057547102290e-02
1.351073166713696178e-02
1.379622284121731490e-02
1.394354859964805349e-02
1.419143014376711420e-02
1.414379512213683257e-02
1.438078441204744887e-02
1.457601459956815552e-02
1.448809470923527291e-02
1.469428095510941223e-02
1.484574533082523920e-02
1.476364646214055158e-02
1.496658687133006239e-02
1.492064772880716261e-02
1.493918753086497832e-02
1.502620767983566322e-02
1.522839765078789001e-02
1.551925659712682405e-02
1.551425129003377104e-02
1.566935545438461613e-02
1.593675551363530826e-02
1.592668842542345128e-02
1.609098733522015823e-02
1.712676261834589209e-02
1.683835303079557824e-02
1.671350225117111329e-02
1.667177534027033947e-02
1.672663639869119770e-02
1.773522010490951803e-02
1.712433330179124677e-02
1.710091874258313355e-02
1.725873989195066474e-02
1.717638890386002579e-02
1.715703547928794717e-02
1.719200732058729850e-02
1.722854812530176180e-02
1.822314408243342482e-02
1.794016016782925063e-02
1.765781501161707914e-02
1.760633921701094257e-02
1.760747853586969169e-02
1.859484549207128176e-02
1.827170044123927611e-02
1.833253470314823511e-02
1.820974506517814701e-02
1.832546354206580561e-02
1.834745240752553783e-02
1.840358722819697770e-02
1.842992549259431928e-02
1.844796547118794997e-02
1.846497964678064929e-02
1.848330118148869272e-02
1.850359090036584817e-02
1.852044789422794754e-02
1.863782119443357574e-02
1.868380042724359855e-02
1.969606811371790722e-02
1.937760144195904352e-02
1.927791823553999875e-02
2.040784341233556343e-02
1.984659241680745978e-02
1.963538519124803997e-02
2.055789362798960199e-02
2.019354462616806262e-02
1.989901563591187084e-02
2.093167387198265408e-02
2.031673396736562512e-02
2.012193149167991815e-02
2.110567101201518692e-02
2.053966657406494645e-02
2.048186675086405978e-02
2.046185961915486171e-02
2.035436674938580562e-02
2.041264554515039367e-02
2.042645577021660885e-02
2.034001527807173526e-02
2.040107035083546516e-02
2.033956488801654319e-02
2.124006399680013202e-02
2.075355658620053542e-02
2.070267762091498528e-02
2.070019343112304566e-02
2.063073849939823373e-02
2.070016509680679476e-02
2.158070918071324992e-02
2.123014220450328282e-02
2.109798379343773983e-02
2.197187613899186098e-02
2.151133353727814959e-02
2.135630160796057539e-02
2.139639361491895569e-02
2.143451196575008738e-02
2.152709112503274277e-02
2.158734570071064313e-02
2.155961662667905260e-02
2.249983430937042145e-02
2.191577609479207836e-02
2.179815954235990103e-02
2.174757419244703269e-02
2.174172444077816096e-02
2.174683448107884304e-02
2.175415400489744827e-02
2.260729773099584214e-02
2.223458138677616991e-02
2.208629249451371859e-02
2.206956835076510914e-02
2.217623104802631320e-02
2.219092501898699277e-02
2.219645351823374552e-02
2.219874812362811201e-02
2.220009180667185597e-02
2.213050088665941342e-02
2.218656459790856877e-02
2.223373184644508727e-02
2.308033780489729403e-02
2.368749805908468287e-02
2.312636082346256061e-02
2.298347233401852596e-02
2.292356561588089828e-02
2.288834194335101491e-02
2.286508926977198417e-02
2.285025240923509171e-02
2.276742219017836161e-02
2.280914133744006700e-02
2.284124309610218936e-02
2.286264542203536240e-02
2.287615291405447823e-02
2.282164911678790861e-02
2.282479887573597016e-02
2.367463311764116118e-02
2.325824074041938500e-02
2.312251945359545396e-02
2.307629723951480291e-02
2.313515437166549504e-02
2.404001214362214145e-02
2.368431561038092034e-02
2.376995621063874783e-02
2.388171608152177272e-02
2.385904900035857104e-02
2.377203962086618660e-02
2.378234261166930000e-02
2.466823590707244857e-02
2.531134048746599974e-02
2.595292292557463409e-02
2.677300048017116837e-02
2.728488582768973797e-02
2.625862282173846082e-02
2.695089004143874298e-02
2.747101923055987605e-02
2.632112311221554424e-02
2.591564168800108633e-02
2.558633692835373188e-02
2.537192367238632826e-02
2.524550401618073925e-02
2.516570481860159331e-02
2.515775371457280168e-02
2.595352766183584708e-02
2.643425505799736411e-02
2.696927460747377756e-02
2.751364992516221533e-02
2.673122222553421870e-02
2.619206303133055427e-02
2.593733865976245029e-02
2.577611037928389734e-02
2.569185202565602011e-02
2.557084449513669783e-02
2.547870588132180106e-02
2.537867392117048801e-02
2.539354212171161806e-02
2.625823049362318792e-02
2.579188309748486549e-02
2.568280613076413116e-02
2.649215614811662595e-02
2.598745612055249413e-02
2.576931925579298288e-02
2.561329944987538951e-02
2.552441185288810421e-02
2.551808755994623007e-02
2.615745748917215965e-02
2.583841397619120531e-02
2.660388788460404594e-02
2.605348628098135000e-02
2.591597404873531921e-02
2.590072489744261325e-02
2.596346161774342950e-02
2.662045718122592677e-02
2.739180868362758869e-02
2.664939796196320182e-02
2.650660144968746898e-02
2.654216662505309507e-02
2.743379329681408518e-02
2.813775467006846692e-02
2.729071115968378577e-02
2.703186589658420139e-02
2.784031698044736255e-02
2.829882325434820989e-02
2.897787528286728878e-02
2.803516919432521085e-02
2.755693531961404819e-02
2.824311980901945268e-02
2.766373217849770957e-02
2.843128285967753965e-02
2.782236330209407471e-02
2.834471734538869872e-02
2.901702570355067790e-02
2.818127910661679184e-02
2.791732348707188366e-02
2.863503860054887606e-02
2.793929736321756896e-02
2.766857702178147915e-02
2.751803073609411857e-02
2.738572233255004082e-02
2.729652494129840290e-02
2.722202464687710488e-02
2.725953780057538064e-02
2.735747436292344792e-02
2.742413812276726925e-02
2.748338593618243272e-02
2.833310234941949918e-02
2.792116667974671798e-02
2.849999300890001044e-02
2.918531717302510001e-02
2.850011560244190834e-02
2.819731525784349713e-02
2.805096936166265320e-02
2.792301487578763980e-02
2.791265215151637891e-02
2.802169928441122435e-02
2.819034235308268133e-02
2.821935372939584144e-02
2.811747864025600577e-02
2.886354352559977396e-02
2.841604992138389851e-02
2.832690896631645180e-02
2.900347166996005213e-02
2.850455767640616700e-02
2.835860151888100478e-02
2.904169379216713087e-02
2.858531880134167202e-02
2.847819338639172304e-02
2.850784793437145109e-02
2.844662342668409852e-02
2.916149303525174610e-02
2.874524471935264308e-02
2.866875268198155330e-02
2.868440077134654792e-02
2.939881211989020179e-02
2.885474606544398760e-02
2.869266311839116512e-02
2.858777011700316950e-02
2.927318516447309851e-02
2.874846011507469976e-02
2.857417552436808048e-02
2.857672442623883716e-02
2.867011521394217943e-02
2.875195313631939351e-02
2.869360007230752074e-02
2.865931369090741337e-02
2.937932429631349984e-02
2.889590097898304261e-02
2.881183448913607337e-02
2.891747611517114444e-02
2.973664711087378731e-02
2.932148266992175636e-02
2.923524882410452608e-02
2.935177685808734727e-02
2.951285370771968355e-02
2.958337722910045486e-02
2.960923409139349510e-02
2.976654660016997064e-02
2.980009280641535141e-02
3.053021438364705506e-02
3.006106401838176331e-02
2.983106282532950806e-02
2.970047892713028811e-02
2.958634131633107456e-02
2.949753704830466311e-02
2.951246258821747792e-02
3.027469314399509892e-02
2.982261900193038107e-02
2.963164071217972567e-02
3.028193251173254275e-02
3.071126372546558250e-02
3.014949392200912473e-02
2.987725278790302752e-02
2.974043838180698285e-02
3.039176647417212926e-02
2.990013166321097912e-02
2.980321736131048144e-02
2.989376199997640510e-02
3.002941280372227462e-02
3.004379005856113241e-02
3.005987231988009600e-02
3.086429872988630252e-02
3.035743927043815446e-02
3.011655347959550644e-02
3.007726194283913412e-02
3.079398541027046979e-02
3.131567537973292681e-02
3.076374177676768906e-02
3.061569617044556865e-02
3.049993342071065372e-02
3.042444555883591639e-02
3.043900693079056377e-02
3.047821860178837050e-02
3.114016151502443930e-02
3.075833441167052582e-02
3.060193143810547439e-02
3.051131145344507245e-02
3.047456759203743398e-02
3.051373623314812197e-02
3.056742083199442614e-02
3.060874780319827390e-02
3.066947276790421215e-02
3.071626917215510358e-02
3.077860531047722087e-02
3.082997056019039575e-02
3.089345525666297929e-02
3.094646941403464413e-02
3.099644233247825231e-02
3.170160445814342726e-02
3.123117019564095043e-02
3.103679191151943045e-02
3.169574564078389556e-02
3.120532966534404762e-02
3.107982111465047020e-02
3.100232991239042224e-02
3.099364167302913475e-02
3.162569070574154650e-02
3.124703158859155200e-02
3.112790031720629944e-02
3.105508478008288387e-02
3.101185470844497125e-02
3.098311577193045563e-02
3.103451118758649568e-02
3.107917870238083302e-02
3.104003614409062833e-02
3.171245503166627427e-02
3.220418219319014924e-02
3.160074904994388673e-02
3.228150329624944470e-02
3.276078852120716672e-02
3.311539496375853070e-02
3.226313887556504084e-02
3.272581012294296238e-02
3.320524580386877145e-02
3.250090134004723214e-02
3.227109627686499532e-02
3.269784397187481401e-02
3.203068213105796092e-02
3.174254083539528731e-02
3.181837754624578657e-02
3.129300804739078984e-02
3.128730546042047395e-02
3.082255862548455988e-02
3.062402253792489634e-02
3.064399669005791332e-02
3.029846378461581100e-02
3.013995405813357439e-02
3.003213516243244396e-02
3.005303289155305049e-02
2.974020586916761855e-02
2.952631165558276816e-02
2.949002046016580697e-02
2.941810412424829616e-02
2.918304929487237215e-02
2.914364751569163692e-02
2.898668703179874823e-02
2.895294118514053078e-02
2.894095676682951340e-02
2.872213951955733882e-02
2.868155963164636599e-02
2.847343501127951038e-02
2.834186741340883470e-02
2.831488221256022939e-02
2.816408919292476276e-02
2.815713170590530834e-02
2.801068266745791735e-02
2.792011294582704209e-02
2.782755271662401206e-02
2.775448733183999081e-02
2.770211534052848326e-02
2.771502541578315174e-02
2.755975335617711491e-02
2.754996331011201963e-02
2.738713581088355123e-02
2.735640345912980498e-02
2.726535724887205192e-02
2.722880394884679908e-02
2.717787075136502556e-02
2.710302695232461034e-02
2.701504332354628946e-02
2.700004192691740287e-02
2.688900190905313056e-02
2.683374472484135326e-02
2.683373347049924917e-02
2.671244370502890569e-02
2.661645971286902973e-02
2.660323254615766866e-02
2.646659383611751903e-02
2.644284231770825666e-02
2.633979879999583454e-02
2.633789276105506783e-02
2.630061910432426875e-02
2.617032763253178407e-02
2.608965849836174244e-02
2.600855120646750757e-02
2.594836955272990589e-02
2.594050776878145670e-02
2.590634052772913809e-02
2.577372549399726404e-02
2.574829316505885049e-02
2.563680895079861397e-02
2.561706204175436333e-02
2.554601653233970482e-02
2.551247643577071039e-02
2.552265821552388014e-02
2.543972350165258495e-02
2.539952065029950704e-02
2.534502346252682364e-02
2.527502321947222227e-02
2.521379896472618343e-02
2.516955945621242655e-02
2.516548070784185506e-02
2.506758653607264742e-02
2.498850091273428775e-02
2.492571552192560103e-02
2.491257378823662910e-02
2.486542320720149316e-02
2.477528128630222815e-02
2.470622159859710634e-02
2.466460607609169409e-02
2.464441424449734241e-02
2.461767614178496724e-02
2.458556348096516131e-02
2.456495206850521293e-02
2.457814483779529463e-02
2.453475769605805573e-02
2.443783710840310985e-02
2.437278637883655980e-02
2.432549708035142491e-02
2.429175417515439667e-02
2.430412743032265774e-02
2.419944724896912550e-02
2.412676157854668976e-02
2.412762195784566577e-02
2.404508163103279139e-02
2.400503716040568170e-02
2.400765782231660539e-02
2.392863888480788181e-02
2.386523191264294450e-02
2.381765319797236186e-02
2.378272220171925855e-02
2.379079137071778496e-02
2.375739442466127949e-02
2.368776813200322573e-02
2.365419251636385542e-02
2.366485469655874030e-02
2.357545460168489204e-02
2.349916910992545793e-02
2.348520215676826520e-02
2.342367352347659096e-02
2.342652392596376865e-02
2.334703892895975685e-02
2.328433101517646958e-02
2.327280216843979552e-02
2.321877082720395433e-02
2.317524277158118998e-02
2.317029368882120299e-02
2.309654416533467314e-02
2.307416220853585054e-02
2.306301192078329815e-02
2.300931411211471628e-02
2.297363294845276849e-02
2.298313211158971650e-02
2.291769106903969802e-02
2.290944730948318159e-02
2.282400612579614518e-02
2.277279083072306087e-02
2.273566095487489919e-02
2.270099327171037212e-02
2.270842214539026821e-02
2.269153885531791093e-02
2.266157933918721418e-02
2.255966165447805330e-02
2.249713586516720321e-02
2.245421546187675171e-02
2.242421199058217129e-02
2.243049877787069504e-02
2.237179591407695636e-02
2.233273539984604455e-02
2.230515048652180476e-02
2.231108057445746126e-02
2.229912847630531603e-02
2.222816860455055499e-02
2.217822309022567107e-02
2.214125943084975512e-02
2.211117845512071065e-02
2.208964890023786334e-02
2.206611616242540319e-02
2.204282963290707387e-02
2.204981043115603057e-02
2.199917860752579821e-02
2.196054579992757355e-02
2.193296468392221324e-02
2.191472148341316525e-02
2.189414131454049672e-02
2.187258458816058668e-02
2.187984708763191649e-02
2.182761611022073292e-02
2.181959392522543964e-02
2.180419469885247138e-02
2.174082384433168383e-02
2.169768884344605575e-02
2.166651602923604439e-02
2.164486550761878653e-02
2.164446392335471481e-02
2.160526543694755650e-02
2.160873788009934349e-02
2.159664959875314330e-02
2.157463898792072801e-02
2.149624839770876775e-02
2.144801954923093723e-02
2.142095257008246045e-02
2.141614518593116384e-02
2.140381835381242881e-02
2.134616040573232565e-02
2.132551354911647878e-02
2.130028098884203039e-02
2.129769498857953317e-02
2.124859335442449981e-02
2.121708944439656963e-02
2.122058780169368275e-02
2.120806509815439944e-02
2.118641298222746772e-02
2.111857560595774286e-02
2.108342802183049008e-02
2.106199978817634155e-02
2.104883426124411552e-02
2.103843728223116563e-02
2.104070348750885361e-02
2.103567169992613672e-02
2.099241450219568178e-02
2.099740292169736955e-02
2.094849761295297999e-02
2.092261312969100062e-02
2.092959172394073808e-02
2.090580844321799497e-02
2.086130727724032352e-02
2.082170965001610072e-02
2.079599351941142232e-02
2.077959133945553316e-02
2.075843560323123449e-02
2.074667413049303272e-02
2.075859001845975146e-02
2.070446367497090490e-02
2.069545593302207429e-02
2.064337988544284047e-02
2.061253799741407863e-02
2.059364228605876229e-02
2.057689128170972492e-02
2.055308315890537474e-02
2.055097073615526695e-02
2.051049145198174592e-02
2.051272136625723053e-02
2.050233292989724065e-02
2.044779256532604228e-02
2.043438564893634499e-02
2.040999973339877038e-02
2.041482094263800950e-02
2.037992095546932794e-02
2.034971924831591519e-02
2.032857733407454626e-02
2.031003756773986507e-02
2.029736098485038220e-02
2.027448479935725634e-02
2.025776018356622785e-02
2.026859398113417879e-02
2.025888143171424363e-02
2.019167872396173194e-02
2.018897342785817839e-02
2.012993623324986492e-02
2.012022096945475375e-02
2.006247126511101833e-02
2.002631889547054622e-02
2.000447798623351814e-02
1.998374473806613025e-02
1.996371405573653390e-02
1.996996069232869972e-02
1.993469588269259490e-02
1.993795299633193893e-02
1.989317833938766822e-02
1.986411006605509275e-02
1.984988243452597348e-02
1.985163562398406176e-02
1.981180603034065832e-02
1.981347325416548885e-02
1.977063659292617806e-02
1.974624077583037735e-02
1.971884656936072344e-02
1.969896612338037367e-02
1.968738823627672052e-02
1.966682984354164998e-02
1.964484404697808967e-02
1.964194941170189362e-02
1.961283593995804750e-02
1.958961840708664526e-02
1.957390088560921615e-02
1.955884304194182785e-02
1.955937928832141709e-02
1.955323575490808957e-02
1.951125189033882726e-02
1.951004361386783972e-02
1.947280059140013564e-02
1.945343073217918606e-02
1.945276895001125245e-02
1.944433218786762591e-02
1.942960942812289177e-02
1.937129862991608664e-02
1.935666366301495855e-02
1.933830314574984388e-02
1.931631429886386531e-02
1.929639856836821987e-02
1.927832241719967463e-02
1.926544068494416562e-02
1.926484606897345755e-02
1.923475453249929440e-02
1.921678305358801020e-02
1.919633432091619185e-02
1.920272755973005674e-02
1.917249604019688122e-02
1.915499376473524598e-02
1.913985565500879449e-02
1.911583827965504523e-02
1.909367263461350661e-02
1.907706282020690813e-02
1.906031977693923435e-02
1.904486609508118655e-02
1.903044102841403018e-02
1.902254074154850760e-02
1.901547394946177805e-02
1.900482689298664540e-02
1.898325999363087088e-02
1.895848896553059201e-02
1.894304645793721403e-02
1.895223953415836257e-02
1.894586638521197908e-02
1.893096822908534038e-02
1.887313348278974595e-02
1.883604538113198973e-02
1.883147614837866329e-02
1.879841961614532944e-02
1.877704210341062108e-02
1.876425196707272661e-02
1.876128615954925777e-02
1.875740438176350458e-02
1.876869137333720544e-02
1.876691501451422522e-02
1.875444483927330569e-02
1.869761590462365106e-02
1.868964933797481742e-02
1.867680549061808207e-02
1.862256841180295885e-02
1.859074302180892604e-02
1.857427071189315590e-02
1.855546976292384367e-02
1.854048019127194080e-02
1.852686384164681926e-02
1.852906770488242302e-02
1.852905648160781474e-02
1.849676909912625900e-02
1.847712416691331058e-02
1.846204751100409200e-02
1.845461496788965497e-02
1.844776089970822860e-02
1.843141303476024048e-02
1.841619563715071739e-02
1.840767069530109892e-02
1.841056640026556696e-02
1.840573642232208942e-02
1.836350713888751027e-02
1.833737076142763489e-02
1.832116651399469734e-02
1.830774807931158724e-02
1.829456494511390655e-02
1.828966024488903538e-02
1.827856730529399745e-02
1.826998130538085019e-02
1.826165047499039504e-02
1.825415514715072671e-02
1.823701600362504643e-02
1.822299474257179155e-02
1.823344229412902570e-02
1.819707382794129649e-02
1.817266701317013511e-02
1.815834658032679585e-02
1.814179470061970043e-02
1.815024325620368667e-02
1.814672045920146665e-02
1.810667447581039771e-02
1.808183699000112665e-02
1.808250453916357414e-02
1.808197457482122947e-02
1.805165076320595571e-02
1.804833176091545296e-02
1.801303028413096460e-02
1.801352941799073265e-02
1.800729366576473908e-02
1.796247800094647601e-02
1.795484757747359272e-02
1.792101041648517731e-02
1.789776389616390059e-02
1.788134732118133383e-02
1.787195960639254705e-02
1.786877639040369142e-02
1.786545504553794378e-02
1.785383150798945315e-02
1.784518128578311408e-02
1.783189978249719032e-02
1.782243136235180450e-02
1.782646296824618934e-02
1.779854623851364129e-02
1.778643874416078324e-02
1.778606794084558115e-02
1.777915453714399782e-02
1.776800769066723754e-02
1.771678611311549092e-02
1.768653117436467734e-02
1.768821811964246815e-02
1.766183348226693650e-02
1.766387407759610270e-02
1.766040252919559572e-02
1.762100809679672045e-02
1.762517174856012558e-02
1.759073094412443375e-02
1.756515253628286241e-02
1.757211415442258562e-02
1.754608506734319992e-02
1.753076339659081703e-02
1.753037507693986849e-02
1.752500117682697853e-02
1.748638642986819619e-02
1.748057640430401155e-02
1.745042821566520838e-02
1.745358556014314430e-02
1.742396378727467665e-02
1.740210033750584293e-02
1.739130118229900712e-02
1.738738994245248720e-02
1.738470401666823359e-02
1.738687798100211832e-02
1.735351981756168629e-02
1.732787762877429846e-02
1.730797628304549599e-02
1.729294268093552536e-02
1.728136377447257385e-02
1.727263085964998376e-02
1.726655101480900276e-02
1.726331430409264872e-02
1.725740826254649682e-02
1.725706718851429192e-02
1.724756114266269916e-02
1.724037741117295450e-02
1.723788590166925802e-02
1.724051698817338774e-02
1.723872515101633821e-02
1.720372087064490560e-02
1.718045980397868086e-02
1.718787559446201610e-02
1.716044023287241482e-02
1.714724477362233879e-02
1.712924451170205753e-02
1.712195573613956023e-02
1.712314729164464769e-02
1.711897306130144222e-02
1.708360739001576686e-02
1.707827395564914461e-02
1.706498838289027820e-02
1.704542382145218457e-02
1.702429964832654144e-02
1.700529036721399462e-02
1.699309943882592808e-02
1.698297363699917059e-02
1.697163710299806616e-02
1.697398651995669222e-02
1.695407197224782156e-02
1.693939688903515692e-02
1.692252936083333409e-02
1.690860898676622287e-02
1.689815918828930716e-02
1.688969883394209753e-02
1.688275988117424881e-02
1.687691692608496788e-02
1.687928621919016978e-02
1.686385772720522952e-02
1.685802082016791756e-02
1.686555237896046264e-02
1.684868135981699641e-02
1.685494159496251504e-02
1.683490690851293173e-02
1.683498537612430554e-02
1.680498956099670330e-02
1.678488590053794569e-02
1.678451805844495895e-02
1.678110916680022879e-02
1.677325468161539740e-02
1.673843854457979924e-02
1.671472991283176612e-02
1.669988570720424767e-02
1.670034054774524601e-02
1.669785118414875494e-02
1.667795586891679394e-02
1.666369807463159020e-02
1.665052957730616887e-02
1.664445225711578755e-02
1.663274240487791489e-02
1.662841193554482483e-02
1.663144566311976560e-02
1.661289166856523905e-02
1.661598906217982147e-02
1.659765432909700647e-02
1.658255552073314987e-02
1.657621668343757862e-02
1.656411185634014058e-02
1.655275681103927227e-02
1.655451362406917468e-02
1.655271649202997783e-02
1.654499722719129928e-02
1.651143708125383733e-02
1.650652041602219261e-02
1.647923670926362827e-02
1.645833239390034897e-02
1.644673959351642886e-02
1.643728673581041494e-02
1.643338359390325576e-02
1.643088431404094579e-02
1.642361557075807874e-02
1.642573157273296072e-02
1.641083604256455414e-02
1.639875497686598890e-02
1.638965302230273660e-02
1.638715411697212396e-02
1.638195502442094803e-02
1.637347498128451442e-02
1.637093294604611768e-02
1.637427060941303372e-02
1.635686322690281871e-02
1.634149320355834586e-02
1.633506554318107581e-02
1.632547241444736938e-02
1.631383394404272921e-02
1.630892280933933861e-02
1.629918852746807187e-02
1.629381137176609887e-02
1.628975300506036589e-02
1.628025471387468254e-02
1.626935214864183230e-02
1.626528511013833334e-02
1.625600305268196100e-02
1.624434436860319395e-02
1.623515867800725057e-02
1.622644025982951724e-02
1.621793031337640661e-02
1.620747659209673119e-02
1.620150080318044292e-02
1.619928176584306198e-02
1.619088247556245766e-02
1.618005478431911587e-02
1.616811010434541715e-02
1.616186509909721056e-02
1.615948002312894705e-02
1.614982192677561629e-02
1.615143771850105492e-02
1.613706857516159984e-02
1.613055943329939207e-02
1.612079523254865074e-02
1.610976481809179434e-02
1.610529372107927931e-02
1.610143861044579031e-02
1.609932308509950949e-02
1.609071402482187274e-02
1.608645832011557086e-02
1.608370903714016406e-02
1.608724654430225207e-02
1.606742443964906397e-02
1.606817779020780143e-02
1.604286582647378515e-02
1.602537417569952979e-02
1.601243521267063305e-02
1.599920555798428623e-02
1.599361702527081833e-02
1.598509701638188910e-02
1.597318083622199097e-02
1.596724232082309333e-02
1.596445514688260570e-02
1.595611185655657072e-02
1.594632760796687102e-02
1.593447848417185037e-02
1.592863681334048473e-02
1.592459322682211048e-02
1.592255025081340189e-02
1.591355403350910858e-02
1.590342772182742892e-02
1.589316058987252922e-02
1.588330488257203715e-02
1.587392195139957982e-02
1.587937622168215587e-02
1.586725053834771651e-02
1.587132395157506148e-02
1.585722302571314704e-02
1.584921155461533823e-02
1.584478588812633995e-02
1.583668008923148560e-02
1.582487132266679683e-02
1.581893420472119810e-02
1.581437498154115301e-02
1.580619245471090450e-02
1.579762977789976944e-02
1.578767811338262564e-02
1.579277982978157316e-02
1.577957306884298846e-02
1.576756368869552602e-02
1.575643625641092935e-02
1.574485839942316168e-02
1.574111911246518086e-02
1.573392159452831687e-02
1.572732004622591842e-02
1.572032003465281824e-02
1.571249737648966124e-02
1.570862238475402919e-02
1.570226405343744941e-02
1.569183936995738327e-02
1.568725952071506335e-02
1.568376471446212769e-02
1.567721055554410770e-02
1.566815673100591111e-02
1.566545139124457184e-02
1.566522296387657526e-02
1.565632446719637458e-02
1.565177432871525665e-02
1.564937746207980054e-02
1.564765529165531091e-02
1.563993608821700673e-02
1.562872316691230057e-02
1.562812355078888049e-02
1.561402890299895020e-02
1.560808796111992115e-02
1.559578692201214062e-02
1.558959516263314776e-02
1.558669039972706075e-02
1.557864313198900619e-02
1.556860592575570225e-02
1.555840782188847027e-02
1.555432954293827809e-02
1.555906850310952508e-02
1.554985529449734449e-02
1.554065910801587062e-02
1.553139303228689982e-02
1.552111787966639102e-02
1.551596074599113743e-02
1.551276055504753962e-02
1.550489698531131236e-02
1.549647018137000933e-02
1.548697384066548104e-02
1.547716964124747421e-02
1.546845741534348499e-02
1.545804493366754323e-02
1.545326291487118635e-02
1.545161565053295230e-02
1.544442300751022734e-02
1.543672894085751368e-02
1.542660323790191051e-02
1.541750158939612751e-02
1.541307332448725413e-02
1.540977304104652196e-02
