-3.276656542965975659e-07
-3.272554356776519186e-07
-3.267711029510928318e-07
-3.267212053853364970e-07
-3.267260032852453540e-07
-3.283096620321153579e-07
-3.282805833962929101e-07
-3.282507248267509786e-07
-3.295098545925454885e-07
-3.269167754640885241e-07
-3.256391501640282843e-07
-3.231390136697380327e-07
-3.231495560889705500e-07
-3.206889596457813905e-07
-3.224867626889164381e-07
-3.241755495576654050e-07
-3.234397026500992370e-07
-3.209959218798552117e-07
-3.223075958811989111e-07
-3.240866057502983489e-07
-3.242150282814500339e-07
-3.245046337017153910e-07
-3.262367577001329532e-07
-3.258413752865702212e-07
-3.271063067743015261e-07
-3.270254683356712247e-07
-3.270716061567903304e-07
-3.245822131699229547e-07
-3.223176384964762903e-07
-3.249932806615283250e-07
-3.250259542701408100e-07
-3.249937377025855639e-07
-3.278700646130697989e-07
-3.289683040741959063e-07
-3.311227443105820647e-07
-3.309113298945943700e-07
-3.323650207581814593e-07
-3.321541095055567986e-07
-3.331615705559021425e-07
-3.345606255471442577e-07
-3.317909979615279246e-07
-3.305467637924445481e-07
-3.305055507747126560e-07
-3.302966205466289613e-07
-3.301069070953774841e-07
-3.299258357446026520e-07
-3.297634750363079238e-07
-3.308257951671244690e-07
-3.313605750721167476e-07
-3.311137823466443289e-07
-3.308273386036919060e-07
-3.318530215122288254e-07
-3.315242860816185361e-07
-3.325381541728854719e-07
-3.323640099245207161e-07
-3.320416356494214866e-07
-3.312957276153439389e-07
-3.310319176520474311e-07
-3.292060423448515280e-07
-3.286133259524906339e-07
-3.284319647087373097e-07
-3.299193829218747275e-07
-3.313088541269665252e-07
-3.322638788657636225e-07
-3.331414590061020543e-07
-3.304864570110924281e-07
-3.304477142740310571e-07
-3.294060508013768667e-07
-3.305005431827977693e-07
-3.302935050260543468e-07
-3.313692904168428075e-07
-3.327363006454782005e-07
-3.326006811696260065e-07
-3.300006392114518281e-07
-3.301272323547412330e-07
-3.299312624113712013e-07
-3.297452241826968384e-07
-3.288207258679192297e-07
-3.302996168372154877e-07
-3.276390126694928335e-07
-3.288314047339299857e-07
-3.296073549969937596e-07
-3.311047952670870875e-07
-3.305938849047493007e-07
-3.305256261336569793e-07
-3.254263149570758077e-07
-3.253735908698948503e-07
-3.229652113150987230e-07
-3.219436032106528356e-07
-3.220894963769575796e-07
-3.197474207974607139e-07
-3.211026565389212018e-07
-3.224005688157431506e-07
-3.224578235087961026e-07
-3.225150298973131133e-07
-3.225738774508572059e-07
-3.221488184309844553e-07
-3.222508663878622448e-07
-3.224998406529380849e-07
-3.232723390637028830e-07
-3.221758311872632698e-07
-3.214202718209133158e-07
-3.224398424506982672e-07
-3.242494111114053095e-07
-3.244179463782958757e-07
-3.245729230437879135e-07
-3.257221500303580296e-07
-3.284805636437744393e-07
-3.278662631863174768e-07
-3.277399741405973646e-07
-3.273430208402575454e-07
-3.248301604437483079e-07
-3.248216329327703206e-07
-3.259943141711895424e-07
-3.267079033693364431e-07
-3.262852456675887545e-07
-3.257958415664917376e-07
-3.275434847124152903e-07
-3.288473099802481638e-07
-3.261960589904040104e-07
-3.260773347870687679e-07
-3.260165836989403501e-07
-3.261213148041070247e-07
-3.235881364568715880e-07
-3.236071640465650075e-07
-3.212605835150501924e-07
-3.213658410470811347e-07
-3.188939101441858801e-07
-3.208450542920909700e-07
-3.205234284104284464e-07
-3.222645704905401090e-07
-3.223711735896228250e-07
-3.240944196682690010e-07
-3.237082247711936351e-07
-3.251758659090579270e-07
-3.254825085816247741e-07
-3.257317582963130530e-07
-3.270798646408569464e-07
-3.283041298619657586e-07
-3.253739799929543727e-07
-3.271117994269623988e-07
-3.270447453174132118e-07
-3.265950677857808966e-07
-3.277882763321040877e-07
-3.248841790497293045e-07
-3.225110917963759643e-07
-3.213523752645895230e-07
-3.234275909359859893e-07
-3.231328375383294901e-07
-3.234639176758791213e-07
-3.263756460758366300e-07
-3.246778567546443351e-07
-3.248043653308316422e-07
-3.249219958074677846e-07
-3.225503380616395884e-07
-3.227432245593331101e-07
-3.229233686728671682e-07
-3.238105826300799428e-07
-3.209593126643256401e-07
-3.212137006981960539e-07
-3.214876089925110221e-07
-3.217157881231815322e-07
-3.249692090254509779e-07
-3.225649054410792284e-07
-3.238981092733662299e-07
-3.214624151775916741e-07
-3.233442053893671121e-07
-3.208629851839332618e-07
-3.212273916649762754e-07
-3.209663186223416083e-07
-3.211455752239388115e-07
-3.224897512694311960e-07
-3.226292718767735714e-07
-3.227695938884699880e-07
-3.245660446141282651e-07
-3.247654804176751004e-07
-3.263390809831925345e-07
-3.233819830797920601e-07
-3.235594894508189588e-07
-3.248898692150375720e-07
-3.249756907920530692e-07
-3.250082208162629120e-07
-3.269659728581196775e-07
-3.277956115456476373e-07
-3.293889380288917370e-07
-3.295194564639416378e-07
-3.311726244098208074e-07
-3.334837397458519002e-07
-3.332688708260967243e-07
-3.343423182955447301e-07
-3.341475935360250688e-07
-3.356944717414732424e-07
-3.354700404110170319e-07
-3.352490335782977427e-07
-3.347793844743754813e-07
-3.347338782449821172e-07
-3.344912099581602465e-07
-3.359886983298132105e-07
-3.357799484064611242e-07
-3.343458706820195735e-07
-3.292667524936149152e-07
-3.304479045702836901e-07
-3.321663950527465298e-07
-3.296942497127773159e-07
-3.296689432480399837e-07
-3.296762910399665782e-07
-3.298385197650082571e-07
-3.310317985491168262e-07
-3.309740275894647880e-07
-3.326333540432073873e-07
-3.324755676802516137e-07
-3.319073759828866749e-07
-3.315347321966597333e-07
-3.316528999346811798e-07
-3.315852833881973787e-07
-3.317312907737576498e-07
-3.291999661164800985e-07
-3.287508416799738657e-07
-3.304864190613394493e-07
-3.306361242703697635e-07
-3.307300733442516045e-07
-3.306580222881395344e-07
-3.306444831415592276e-07
-3.306247247155907076e-07
-3.321747132012300799e-07
-3.296301707795655047e-07
-3.320450674839124221e-07
-3.332017919920606887e-07
-3.330128354748837305e-07
-3.329228501283053294e-07
-3.328325874771546338e-07
-3.302320665750933800e-07
-3.276714716727127835e-07
-3.273239442894173495e-07
-3.274435367697116917e-07
-3.250206618946291020e-07
-3.252251201839164102e-07
-3.249209065719375354e-07
-3.268963016069402120e-07
-3.270410687878395902e-07
-3.271796615841325915e-07
-3.286521534206434400e-07
-3.298990279118078598e-07
-3.311103049102158836e-07
-3.311618243978780117e-07
-3.328534084793904664e-07
-3.327077126575443494e-07
-3.327091960832393715e-07
-3.355768693719713052e-07
-3.339759501618509526e-07
-3.312509356027387540e-07
-3.310939673715281054e-07
-3.309495048344718552e-07
-3.317686709414549443e-07
-3.315518413692139148e-07
-3.326031002064673209e-07
-3.323968657710900330e-07
-3.338363873261891057e-07
-3.347610952457929367e-07
-3.317600358346340479e-07
-3.299537867054436964e-07
-3.310840585634818130e-07
-3.308382305178129473e-07
-3.285162416082630439e-07
-3.299606977852936274e-07
-3.296984666890453032e-07
-3.295032289470653570e-07
-3.305514626244487970e-07
-3.299647894002316232e-07
-3.327918381611386490e-07
-3.312714277127109548e-07
-3.294542288796706750e-07
-3.280159580134168401e-07
-3.295566154255719552e-07
-3.310381265284892766e-07
-3.308342199087243255e-07
-3.293292534687243575e-07
-3.291157332761826145e-07
-3.289181731650287524e-07
-3.264280373075354467e-07
-3.275765409370036963e-07
-3.281972333265168103e-07
-3.280729564193923511e-07
-3.280471018582302414e-07
-3.295045170983278790e-07
-3.294947851069195009e-07
-3.280989707951011479e-07
-3.279463384982658863e-07
-3.276370615048179456e-07
-3.276852605258648436e-07
-3.275495167013752916e-07
-3.274350370051849752e-07
-3.289772222913845811e-07
-3.287917563829370164e-07
-3.286519127137364002e-07
-3.298867827810933095e-07
-3.271152142562567256e-07
-3.270055496501545004e-07
-3.257993895266916242e-07
-3.253378911563030423e-07
-3.230437419876258888e-07
-3.220561503167559879e-07
-3.221850905614062162e-07
-3.223065047791910109e-07
-3.199457050835359645e-07
-3.201482726344955425e-07
-3.177926864973465567e-07
-3.192522316018828152e-07
-3.169454318815648248e-07
-3.146714846174709063e-07
-3.165406896058107344e-07
-3.181923823809501868e-07
-3.185768635715989430e-07
-3.187768270069563945e-07
-3.185416450920302659e-07
-3.189263937095939133e-07
-3.182550980437962602e-07
-3.180756537036170947e-07
-3.200320117165837094e-07
-3.198258507113289052e-07
-3.216939471189745537e-07
-3.219254124361979380e-07
-3.237633256151238229e-07
-3.250809516798651241e-07
-3.251790096322269892e-07
-3.260329475543536940e-07
-3.260471445761082952e-07
-3.261141469617379948e-07
-3.257176129865948080e-07
-3.258157749292642936e-07
-3.259092751672488808e-07
-3.260134940248145327e-07
-3.276863620835974699e-07
-3.252583078801247661e-07
-3.253967340721414255e-07
-3.254577471550419004e-07
-3.255707237159674086e-07
-3.272680792852430679e-07
-3.273362222282319937e-07
-3.265407211363224678e-07
-3.278368025843208570e-07
-3.279234008696064144e-07
-3.296277256242244513e-07
-3.308471457686107139e-07
-3.308357607851502966e-07
-3.319729292673622553e-07
-3.320299316112279782e-07
-3.320271209124082978e-07
-3.335596762985984034e-07
-3.335673283940305524e-07
-3.334083147569246734e-07
-3.335639098226059157e-07
-3.334693841866499797e-07
-3.332913468446920138e-07
-3.349622699390385147e-07
-3.346906209754921777e-07
-3.356875639987479940e-07
-3.355972867603612167e-07
-3.362048247493606074e-07
-3.371345222702951957e-07
-3.368997161043711695e-07
-3.365513328054959277e-07
-3.370131921931270688e-07
-3.366756391536718183e-07
-3.382001996751106483e-07
-3.378955608382694541e-07
-3.350258520932788061e-07
-3.323772694715662791e-07
-3.317590692392407090e-07
-3.290782783218641882e-07
-3.277407988763045314e-07
-3.265166020403530701e-07
-3.280770768308184516e-07
-3.289103692494664631e-07
-3.288259948785712535e-07
-3.303916854609059442e-07
-3.302633257340887122e-07
-3.298311142328503106e-07
-3.297403549870452173e-07
-3.296528216236869884e-07
-3.291465884625291868e-07
-3.290646655059265768e-07
-3.267298777892035647e-07
-3.267581949166459355e-07
-3.268025657366109547e-07
-3.265055219456415402e-07
-3.265510295044486152e-07
-3.267098914078722717e-07
-3.269140913879136912e-07
-3.281100261176861022e-07
-3.280659795075598479e-07
-3.281800472999221670e-07
-3.281222382893377939e-07
-3.294283569934023825e-07
-3.309494656827287258e-07
-3.303509989216863125e-07
-3.299056085184266448e-07
-3.297707895824361840e-07
-3.292505475933094549e-07
-3.287625305053414507e-07
-3.287154067447839005e-07
-3.287127367326518501e-07
-3.288727802875763996e-07
-3.306213916365015800e-07
-3.305617692764353712e-07
-3.304538744728643701e-07
-3.280616213657934461e-07
-3.280785109890833422e-07
-3.280948052000875338e-07
-3.281101636767297207e-07
-3.293166370167754513e-07
-3.291633297406451556e-07
-3.287821839247095091e-07
-3.289312678716519184e-07
-3.264050613603126748e-07
-3.278040568294797310e-07
-3.294322312046798461e-07
-3.285404123663629931e-07
-3.259992375491884417e-07
-3.260141094818382607e-07
-3.256322783432359513e-07
-3.269494751275650156e-07
-3.270448064307101249e-07
-3.271450318850306754e-07
-3.271721685418694892e-07
-3.246973912704964260e-07
-3.265065909825617079e-07
-3.277740857865813421e-07
-3.279822674793773642e-07
-3.298823821396926718e-07
-3.314268756604196679e-07
-3.313255937776655457e-07
-3.295928622459412384e-07
-3.291772059940642210e-07
-3.291834757584966625e-07
-3.293996654977074813e-07
-3.289947678321922591e-07
-3.290668365427764148e-07
-3.302379038954137100e-07
-3.302728792957585140e-07
-3.314436170181079235e-07
-3.313752141313628952e-07
-3.309566154611824901e-07
-3.308670394008495575e-07
-3.316338066922108900e-07
-3.290743106174578873e-07
-3.291009491088295495e-07
-3.290698866736706921e-07
-3.266400624881935589e-07
-3.267285821081848540e-07
-3.242760613060691560e-07
-3.260549286737996422e-07
-3.273667217915548464e-07
-3.264944261698429391e-07
-3.282021369816482474e-07
-3.283140985051415405e-07
-3.300744999154487034e-07
-3.301321935606293692e-07
-3.303515447448298783e-07
-3.303297513451883366e-07
-3.303785156569746200e-07
-3.304369306428892392e-07
-3.330495347310382287e-07
-3.329819703154965924e-07
-3.330666001723064121e-07
-3.304655647885604325e-07
-3.299517653398678507e-07
-3.296781994809047058e-07
-3.271650032756111432e-07
-3.248291561567285576e-07
-3.250326478204395136e-07
-3.252152717166897649e-07
-3.265500293403338894e-07
-3.278380423035392270e-07
-3.290306474205321052e-07
-3.306184145602841796e-07
-3.305487341765307904e-07
-3.330118989661158187e-07
-3.323643408496519334e-07
-3.321955839591367933e-07
-3.317144493444871242e-07
-3.291285243436804179e-07
-3.286330623707569506e-07
-3.285887795170662044e-07
-3.293244767479144464e-07
-3.292917445496577642e-07
-3.292753263896764288e-07
-3.292576792009612894e-07
-3.289417010540701454e-07
-3.301236107231505274e-07
-3.275602098160103325e-07
-3.275548480858051805e-07
-3.282769308405046058e-07
-3.298462131346226317e-07
-3.272898922547043886e-07
-3.286448804052739553e-07
-3.287718562763124255e-07
-3.304006843651953835e-07
-3.303366543235237751e-07
-3.314672736983520336e-07
-3.336720475502499767e-07
-3.325316544453640920e-07
-3.327672445993271512e-07
-3.326841233232483786e-07
-3.324834274114346212e-07
-3.322895387757086285e-07
-3.322372991228862282e-07
-3.320623985499877971e-07
-3.320289069746188115e-07
-3.318365073936880699e-07
-3.334388983360217548e-07
-3.317296113752896320e-07
-3.315389093029654500e-07
-3.330110311480306773e-07
-3.323513563861641507e-07
-3.317358066983752350e-07
-3.316125450870659973e-07
-3.316535837864236197e-07
-3.316398498157448789e-07
-3.290511811380538710e-07
-3.306268262244423077e-07
-3.306946566592273269e-07
-3.317684945126093068e-07
-3.324738760179352245e-07
-3.322945596687720448e-07
-3.321092189014165880e-07
-3.314922916058987192e-07
-3.315134575859159586e-07
-3.326650030363893880e-07
-3.336559267846956928e-07
-3.329393636149031256e-07
-3.303820141023814790e-07
-3.304142385767783236e-07
-3.307807515679729392e-07
-3.298218227497855874e-07
-3.296901400451451764e-07
-3.295664396883007254e-07
-3.294653123972694498e-07
-3.293525127632394994e-07
-3.292466543789317817e-07
-3.292420988356730071e-07
-3.307433128645556825e-07
-3.302808769118625377e-07
-3.272738415162341312e-07
-3.289099817978545145e-07
-3.284694747662418597e-07
-3.281946390354445394e-07
-3.256419836265587313e-07
-3.257631997480667665e-07
-3.274586179805052835e-07
-3.270434862013496198e-07
-3.283108112894739169e-07
-3.295268332256059678e-07
-3.290116133800981279e-07
-3.290030029384276752e-07
-3.291474644094599270e-07
-3.292778868157277235e-07
-3.292827983208339845e-07
-3.309577241396814995e-07
-3.308709843242655139e-07
-3.307377725900664711e-07
-3.306640176135436940e-07
-3.313290406283360825e-07
-3.312296036101778368e-07
-3.306274054445111381e-07
-3.305889783969398052e-07
-3.305369685119180798e-07
-3.304849642932450689e-07
-3.304341711137194317e-07
-3.303785300644510403e-07
-3.321202068084804460e-07
-3.320155560711889410e-07
-3.343864891535852194e-07
-3.341610502907535019e-07
-3.339952709614693689e-07
-3.356058123505042194e-07
-3.339057953194159621e-07
-3.332933241271973258e-07
-3.331669998558778021e-07
-3.354082741235323929e-07
-3.367890241404438795e-07
-3.376977731939476564e-07
-3.373569486899148913e-07
-3.347487965855797405e-07
-3.315889220893010694e-07
-3.289615264455608558e-07
-3.289213432159442318e-07
-3.264058629962239774e-07
-3.256092621169158899e-07
-3.268589231021084064e-07
-3.242935874941464113e-07
-3.244116860893471588e-07
-3.261236702188865318e-07
-3.278110254176006179e-07
-3.255031505328827088e-07
-3.279405416757639052e-07
-3.278770998252074032e-07
-3.291715640077021610e-07
-3.306610560083534290e-07
-3.304971664438819429e-07
-3.314639689254415422e-07
-3.326354147381152371e-07
-3.340373264326612862e-07
-3.333680904827945723e-07
-3.331642627459348026e-07
-3.317313061450757196e-07
-3.315597272676321842e-07
-3.290686191523874619e-07
-3.314096106580551743e-07
-3.328183719382230902e-07
-3.323531440600755515e-07
-3.321898477986365944e-07
-3.325794159885258568e-07
-3.323962756609091822e-07
-3.352394474966253517e-07
-3.349486055504330188e-07
-3.346699224384104363e-07
-3.341158157086454880e-07
-3.338791825464753430e-07
-3.348616353709376153e-07
-3.353583371777076274e-07
-3.364231669712450757e-07
-3.360041336253932258e-07
-3.357676219434521314e-07
-3.355686010282194194e-07
-3.327529704665602914e-07
-3.338405264730676157e-07
-3.348308660026635540e-07
-3.339999321345990588e-07
-3.332277714284212585e-07
-3.328882487826369058e-07
-3.301581713494874044e-07
-3.299798339340455951e-07
-3.310286843496401237e-07
-3.309697756870657818e-07
-3.315965814475959429e-07
-3.290956246070484064e-07
-3.301334466135521920e-07
-3.294506892525062787e-07
-3.291992051088364655e-07
-3.290113517800310892e-07
-3.288363751820150498e-07
-3.270812498514010621e-07
-3.265249059227045349e-07
-3.263529590867782551e-07
-3.305674411010656515e-07
-3.303458967361067091e-07
-3.303423173930453297e-07
-3.300343705862976984e-07
-3.298589980755947609e-07
-3.304753988151452412e-07
-3.302832979757323631e-07
-3.296591479317846069e-07
-3.296708023646184190e-07
-3.301160748703455107e-07
-3.300919184019010753e-07
-3.298986301087513702e-07
-3.292689288579103446e-07
-3.303566929946063286e-07
-3.301535055594381406e-07
-3.299746724014784131e-07
-3.295049243349116397e-07
-3.293448945574531627e-07
-3.292721401328012304e-07
-3.307271980672057623e-07
-3.305563892280315864e-07
-3.303442520681695797e-07
-3.301757696111964892e-07
-3.282557059847142220e-07
-3.297631605557836703e-07
-3.297795639188192893e-07
-3.291872516115369617e-07
-3.290818887315589562e-07
-3.289790303021198707e-07
-3.288850685908088474e-07
-3.284939609689002000e-07
-3.283757323991442213e-07
-3.258649020468331682e-07
-3.302906758545994281e-07
-3.277014906318295178e-07
-3.285029668950021396e-07
-3.234984704291477210e-07
-3.231300019542372083e-07
-3.231979884202343693e-07
-3.263906235277345437e-07
-3.270954898419649957e-07
-3.278073646936077407e-07
-3.277143034826366796e-07
-3.288733263036080553e-07
-3.289580590092596605e-07
-3.300523789883688295e-07
-3.298363464196579481e-07
-3.313280813337358153e-07
-3.306803781512175513e-07
-3.305209995861527768e-07
-3.303656965332652264e-07
-3.302160101920371726e-07
-3.288488430023040041e-07
-3.262798461520846644e-07
-3.262378905381784344e-07
-3.256939996287206352e-07
-3.268754108945417535e-07
-3.268126463902355591e-07
-3.267486559636007503e-07
-3.268408924525016104e-07
-3.267660322483958127e-07
-3.280090357542584117e-07
-3.295134964341172166e-07
-3.294923636941711512e-07
-3.296445651553961037e-07
-3.311736666601833860e-07
-3.310005730554754700e-07
-3.316156362941190084e-07
-3.326557074472233445e-07
-3.295704195310979069e-07
-3.313393367258069429e-07
-3.311630530382849024e-07
-3.309274039736641763e-07
-3.307499363145490200e-07
-3.281559626547333451e-07
-3.322591749241404278e-07
-3.322125080223715963e-07
-3.329646016066257261e-07
-3.328682747627004689e-07
-3.335596377881733529e-07
-3.345175907245642648e-07
-3.359436801413859299e-07
-3.357294503510842703e-07
-3.369970040997120813e-07
-3.366628743300253656e-07
-3.315903896317264380e-07
-3.325706773799567854e-07
-3.330738994654449878e-07
-3.329740246270815017e-07
-3.326794537952101608e-07
-3.301595558416627718e-07
-3.299878592990888371e-07
-3.315944679833252315e-07
-3.330350967502184262e-07
-3.298916674784452467e-07
-3.302477130855729310e-07
-3.317098382596851527e-07
-3.315534314675875245e-07
-3.313865368160538677e-07
-3.328674840570447780e-07
-3.350744805984892813e-07
-3.347022713619608741e-07
-3.344015704022865532e-07
-3.370083204613350310e-07
-3.361892248030734053e-07
-3.358646145185170416e-07
-3.350874229069861877e-07
-3.376784485681624092e-07
-3.349000572076275312e-07
-3.322088789636705368e-07
-3.319711959848737103e-07
-3.305806025365831426e-07
-3.300208390462907336e-07
-3.315616809435950658e-07
-3.326859967189071742e-07
-3.325266225105361940e-07
-3.323741230556652369e-07
-3.322236883639002606e-07
-3.322298466057437818e-07
-3.321125373880596401e-07
-3.321212596801572390e-07
-3.319754591469444177e-07
-3.335197844770333870e-07
-3.328282131061406126e-07
-3.326825734607981538e-07
-3.320903074358633616e-07
-3.320026185217850299e-07
-3.319193776591412801e-07
-3.347378117329882645e-07
-3.338166576149176538e-07
-3.311708706173531869e-07
-3.310958828701974300e-07
-3.310200308193004650e-07
-3.309450850329475108e-07
-3.294213124395520141e-07
-3.308736167518543286e-07
-3.304098857823746459e-07
-3.304562413593175489e-07
-3.316552864027040199e-07
-3.316069092376309642e-07
-3.310949549503461445e-07
-3.299978892485056320e-07
-3.299879622404133327e-07
-3.275742491523651027e-07
-3.276834341951502992e-07
-3.268882884584649681e-07
-3.270299691345123037e-07
-3.283564498515855308e-07
-3.255965284798217800e-07
-3.232767566491097812e-07
-3.236611170607222069e-07
-3.255951655082812191e-07
-3.257342347733739022e-07
-3.270107306013866319e-07
-3.282552376425012610e-07
-3.311723155371050215e-07
-3.326882705042754214e-07
-3.301142613463602236e-07
-3.300325694742254241e-07
-3.299540405756569886e-07
-3.274284536691187731e-07
-3.290331223580149110e-07
-3.292798170403385336e-07
-3.287744532796226806e-07
-3.262708987421851950e-07
-3.233509912224888094e-07
-3.235313040268724955e-07
-3.248803366100012418e-07
-3.266037583043683192e-07
-3.232399678354234217e-07
-3.207877859757935105e-07
-3.226679964613856755e-07
-3.223914438843309417e-07
-3.225974244660522609e-07
-3.224836302965887971e-07
-3.239782020843066278e-07
-3.253067681221917766e-07
-3.254117397773687311e-07
-3.231115536372081772e-07
-3.208231140733636446e-07
-3.210163673759166650e-07
-3.228657347177711819e-07
-3.230217491583348977e-07
-3.248343627055441652e-07
-3.224077028718943852e-07
-3.239795043951271262e-07
-3.238592034953680123e-07
-3.217598013811777535e-07
-3.220090763057398704e-07
-3.197628706841375341e-07
-3.179381441874798811e-07
-3.191480441008594896e-07
-3.194650758186822413e-07
-3.199240945261529879e-07
-3.213624359782206746e-07
-3.215621137072060891e-07
-3.212988949200306800e-07
-3.215194949929031916e-07
-3.212884415779110416e-07
-3.231414344416509536e-07
-3.245050325030215437e-07
-3.257959080425704449e-07
-3.271808571196122033e-07
-3.247605144021595067e-07
-3.248118776686081975e-07
-3.250771017538574856e-07
-3.251548269864935932e-07
-3.277941770574507612e-07
-3.277766605760808667e-07
-3.277744970067456483e-07
-3.291086979599293086e-07
-3.314208401885135506e-07
-3.311888348412778830e-07
-3.311290317152155690e-07
-3.325834413985959894e-07
-3.324985911089098721e-07
-3.293940498238186168e-07
-3.304667813410825821e-07
-3.303330318980574219e-07
-3.303569954343691956e-07
-3.303388114430150201e-07
-3.314282039138110033e-07
-3.328779236888448691e-07
-3.326546369322405836e-07
-3.330961667413580700e-07
-3.330247121236181523e-07
-3.327716097274623830e-07
-3.332786055915725212e-07
-3.330279873519960971e-07
-3.327857933062655571e-07
-3.341984104140096580e-07
-3.351565237484374965e-07
-3.355589316098719361e-07
-3.355225218034783169e-07
-3.351727631547744860e-07
-3.361334271376218602e-07
-3.333387029934359704e-07
-3.315355737200893878e-07
-3.312827779230649549e-07
-3.310424551844965245e-07
-3.324462089579018288e-07
-3.297147828517296272e-07
-3.312023862638880067e-07
-3.310031611147404242e-07
-3.308063539684496553e-07
-3.305256331087505832e-07
-3.315959309978813999e-07
-3.315457747528224460e-07
-3.290010252574819823e-07
-3.288575620204084036e-07
-3.263791290912880811e-07
-3.279687171971856133e-07
-3.275880255957545549e-07
-3.275731694642224108e-07
-3.275537408718017847e-07
-3.275412777484983525e-07
-3.293340084490682601e-07
-3.292644702882001947e-07
-3.305414765961004436e-07
-3.303943136029516793e-07
-3.304089343281409373e-07
-3.302099798709618597e-07
-3.300870677590879130e-07
-3.315727717739077892e-07
-3.330169645621541663e-07
-3.328182626907147972e-07
-3.326474098816969522e-07
-3.316778981583352479e-07
-3.329018934484371435e-07
-3.340358209942020860e-07
-3.354599371480121227e-07
-3.353125369960790259e-07
-3.368671938699476305e-07
-3.384018551468909368e-07
-3.355981217271356196e-07
-3.353649629895037899e-07
-3.351231013236088035e-07
-3.360996212793353726e-07
-3.358050041507032248e-07
-3.352656871587933018e-07
-3.382999182917172724e-07
-3.388832270305384832e-07
-3.361235951526402466e-07
-3.359981260591874555e-07
-3.357481741597742556e-07
-3.371320550414655899e-07
-3.364081465494880381e-07
-3.374094561416443306e-07
-3.367216902885627934e-07
-3.365450307866410896e-07
-3.371732398957159454e-07
-3.387112639419807043e-07
-3.359825529840975567e-07
-3.335740302110407960e-07
-3.334471145129641831e-07
-3.333263338048237272e-07
-3.332040528142453875e-07
-3.331459019258776814e-07
-3.330814845312563103e-07
-3.331809271385790874e-07
-3.342366813930441305e-07
-3.341589538575777493e-07
-3.382414120936691683e-07
-3.355786646921256186e-07
-3.371725688459607547e-07
-3.371655286417288085e-07
-3.369975783631406159e-07
-3.384666257601903903e-07
-3.382118824554667219e-07
-3.380508726312823526e-07
-3.395030490719806334e-07
-3.404333475288742465e-07
-3.401455664843643506e-07
-3.398664771263780740e-07
-3.407734076251017629e-07
-3.404602113939085333e-07
-3.402902815568081709e-07
-3.399651552240097680e-07
-3.396520681357993775e-07
-3.405601655591900718e-07
-3.401938828924105975e-07
-3.397642287314247596e-07
-3.393993995684720000e-07
-3.403112298288481749e-07
-3.409008220307891771e-07
-3.396068186026437255e-07
-3.368796300380465669e-07
-3.366206601226695527e-07
-3.380623524621366295e-07
-3.353786457522153224e-07
-3.351798503254678038e-07
-3.337423083487093599e-07
-3.335769613484628833e-07
-3.325264240361642557e-07
-3.324444939150378052e-07
-3.298950931233942214e-07
-3.299085449018026600e-07
-3.274255712001152284e-07
-3.276748651721787042e-07
-3.276908213036313529e-07
-3.277527254765698447e-07
-3.279609199204399244e-07
-3.296508591055963513e-07
-3.312823690645863184e-07
-3.312417948677320399e-07
-3.282455652493984721e-07
-3.295279537501391008e-07
-3.295328003921494730e-07
-3.306787749556960976e-07
-3.336196571864917920e-07
-3.331543768403613790e-07
-3.329972066097317504e-07
-3.328478057778413647e-07
-3.303678182137747432e-07
-3.319216590553841556e-07
-3.343211993649104761e-07
-3.343025620460986549e-07
-3.340834562706717880e-07
-3.339126933061785132e-07
-3.308817721941235713e-07
-3.303921502480957910e-07
-3.320674355148772302e-07
-3.320197677664426655e-07
-3.336576021082669783e-07
-3.347828359801214617e-07
-3.363939920002120613e-07
-3.357335014910740715e-07
-3.347982123836951579e-07
-3.321924623028081867e-07
-3.271669166044867241e-07
-3.273163629359918220e-07
-3.303092195709320995e-07
-3.323740631293097165e-07
-3.335123226957602006e-07
-3.352614737670279810e-07
-3.350557062531185628e-07
-3.358013353821612030e-07
-3.356060871364410918e-07
-3.351589708885217467e-07
-3.346415878958527736e-07
-3.342003725520527053e-07
-3.341415224454832293e-07
-3.315603213917143425e-07
-3.332042183470035578e-07
-3.348682519237065700e-07
-3.348208730894311879e-07
-3.347557817784383759e-07
-3.346909977664829774e-07
-3.362625095596818015e-07
-3.368713385979830340e-07
-3.374651143313664635e-07
-3.358023681507430024e-07
-3.353154414845808723e-07
-3.370591735995017493e-07
-3.370711105526599771e-07
-3.385003263314351365e-07
-3.384693808007074054e-07
-3.357800197527718610e-07
-3.373483416319124169e-07
-3.367222061759745577e-07
-3.369193575859406782e-07
-3.367743857409263895e-07
-3.361619787301498012e-07
-3.360616346843200929e-07
-3.377767806289155216e-07
-3.377955331495684585e-07
-3.367866439632842873e-07
-3.342967527476004835e-07
-3.342669936361407346e-07
-3.342389010962584563e-07
-3.341586825895484897e-07
-3.340828745229774984e-07
-3.340604867338623353e-07
-3.340362279672389567e-07
-3.340113673827266956e-07
-3.356275202864507654e-07
-3.330734755376461793e-07
-3.327774457207932633e-07
-3.310350237585818792e-07
-3.310601280039406510e-07
-3.311509904624361969e-07
-3.307801118040334060e-07
-3.304084902188783763e-07
-3.305356703464279620e-07
-3.306038142493263985e-07
-3.307200803352915982e-07
-3.324948817515510050e-07
-3.320799960536382341e-07
-3.333552150415181887e-07
-3.345713254204047390e-07
-3.361550382661581473e-07
-3.372726070248567467e-07
-3.382570169665238201e-07
-3.355440270456610536e-07
-3.352427079081707817e-07
-3.325873245365129150e-07
-3.325556544070769065e-07
-3.311711246816607967e-07
-3.327614362866902564e-07
-3.302920986569023885e-07
-3.303008900791760727e-07
-3.326529105637424327e-07
-3.325289530081724262e-07
-3.323607393794507759e-07
-3.307786117887046094e-07
-3.313563493010662820e-07
-3.287561580504059513e-07
-3.257698300236274052e-07
-3.270899396035284348e-07
-3.280608005880866416e-07
-3.280403128495635490e-07
-3.254518634548432204e-07
-3.250070899041009435e-07
-3.236470991453433112e-07
-3.222952090206496629e-07
-3.224556498547272718e-07
-3.226102911949244083e-07
-3.201659029396316990e-07
-3.204048362670148051e-07
-3.218105232855802145e-07
-3.206281661183326178e-07
-3.204017739568717426e-07
-3.203155759470040518e-07
-3.181170629929033256e-07
-3.184433359448421833e-07
-3.205542838023618264e-07
-3.207988110874241122e-07
-3.183355074967279508e-07
-3.186525617084931222e-07
-3.200980859963727465e-07
-3.204848485608335692e-07
-3.207993638868861446e-07
-3.221718177707709240e-07
-3.234915257537140767e-07
-3.237111161721878254e-07
-3.205054383599114702e-07
-3.206234032951683020e-07
-3.208851320392389404e-07
-3.209627928755432293e-07
-3.236047480204816047e-07
-3.247744125690657243e-07
-3.248717067892223311e-07
-3.247939788556851931e-07
-3.263477426146212634e-07
-3.278539784667339922e-07
-3.277201648562818440e-07
-3.259487891253692719e-07
-3.276752504715472201e-07
-3.275068091681725330e-07
-3.273506508109083736e-07
-3.247860551456113379e-07
-3.222718743877060465e-07
-3.220243932698113555e-07
-3.230411348908305828e-07
-3.232170651843622789e-07
-3.202724309859547371e-07
-3.179055241722329086e-07
-3.156028502337725791e-07
-3.133640388927880573e-07
-3.137581946035353653e-07
-3.131271538806408268e-07
-3.118353884192463331e-07
-3.138607577158343456e-07
-3.125240225980072462e-07
-3.129332552734865427e-07
-3.137586431529676116e-07
-3.136625784811245067e-07
-3.156639050272792119e-07
-3.174770797308590433e-07
-3.152714173401682680e-07
-3.171481386178681037e-07
-3.184897079200025967e-07
-3.179673014994015045e-07
-3.198499055514068234e-07
-3.200574189445479588e-07
-3.202547410240297604e-07
-3.221474296799439992e-07
-3.223006971015217242e-07
-3.215542753644211689e-07
-3.234792868499857963e-07
-3.238090164498556147e-07
-3.241042200466371103e-07
-3.243873296804074918e-07
-3.239836299991209443e-07
-3.241209724393640882e-07
-3.248983918694443183e-07
-3.260875536277159947e-07
-3.278171837996538734e-07
-3.324465870991428206e-07
-3.335425340855802796e-07
-3.305114474122672616e-07
-3.280122041875169329e-07
-3.276822654373389304e-07
-3.278389499276380868e-07
-3.296774873765359643e-07
-3.297859684146688196e-07
-3.286114629434442344e-07
-3.287240672154433901e-07
-3.288290195286399348e-07
-3.289110947639231297e-07
-3.289879001287891250e-07
-3.291732711299421425e-07
-3.308479033632218010e-07
-3.310232619507552346e-07
-3.281010495304585390e-07
-3.277538291711403332e-07
-3.295644872167831724e-07
-3.313313803146105552e-07
-3.330736292459374318e-07
-3.330738845085947505e-07
-3.321657638821813456e-07
-3.318820527962677318e-07
-3.338439637904858280e-07
-3.313317405448616213e-07
-3.290071375078850281e-07
-3.303849838172833449e-07
-3.304681035345904663e-07
-3.305506585883112432e-07
-3.305743715404071810e-07
-3.322070403694352639e-07
-3.321968285037516214e-07
-3.322328557229918919e-07
-3.322818985975502033e-07
-3.318453220560204510e-07
-3.319047464525804619e-07
-3.319593479383740451e-07
-3.320212996151146166e-07
-3.332142816638017432e-07
-3.343460368021377591e-07
-3.354311655172463577e-07
-3.327525736755642310e-07
-3.338474235743772344e-07
-3.332541651050210911e-07
-3.333062437974547208e-07
-3.343735128515782090e-07
-3.342785347791357147e-07
-3.316860030242711275e-07
-3.356534202767466639e-07
-3.365960787539140596e-07
-3.365053139322171765e-07
-3.359560758743401264e-07
-3.357258640193944417e-07
-3.329945346425048798e-07
-3.327007342399914037e-07
-3.342493948022458592e-07
-3.340952183087680450e-07
-3.341043375871483796e-07
-3.337755856552494816e-07
-3.364275121262278442e-07
-3.356997594232462115e-07
-3.355098273417711494e-07
-3.369708367449288902e-07
-3.379418098949189142e-07
-3.388679844616397413e-07
-3.386831772966917090e-07
-3.383400082190248532e-07
-3.380097202341124262e-07
-3.390389989693718369e-07
-3.386601349763102915e-07
-3.399472791597261142e-07
-3.371461982675540942e-07
-3.368569737583329720e-07
-3.365631858458057060e-07
-3.364295381562781815e-07
-3.349431777356910392e-07
-3.342299482685865432e-07
-3.317264026876315021e-07
-3.315756977297180536e-07
-3.316125637188229393e-07
-3.310167338199964659e-07
-3.310700636859558973e-07
-3.305058637258783715e-07
-3.292465103951262646e-07
-3.291760275361516602e-07
-3.307226131283397209e-07
-3.281912917210256267e-07
-3.263023981012279748e-07
-3.280400931530728671e-07
-3.280236506704661771e-07
-3.296842754389113712e-07
-3.296956017429434224e-07
-3.330635770251335831e-07
-3.341013213037830542e-07
-3.319827299695662540e-07
-3.323433742280143147e-07
-3.323644742437262890e-07
-3.323783290243302695e-07
-3.297594860554253339e-07
-3.298623512407651137e-07
-3.272810830707656464e-07
-3.273030722854918188e-07
-3.273082279389263983e-07
-3.277242238153687830e-07
-3.277624633600732351e-07
-3.252444021991316222e-07
-3.249305342779155500e-07
-3.225023771287562898e-07
-3.227507245804116262e-07
-3.240959694987403439e-07
-3.216338170113927830e-07
-3.229785160515432926e-07
-3.264560749276363632e-07
-3.251994796625056448e-07
-3.254562500686456740e-07
-3.267096937362519863e-07
-3.267963813906293499e-07
-3.280100970556528355e-07
-3.288586481549412921e-07
-3.299420122858794906e-07
-3.299451627526403760e-07
-3.295202948392319423e-07
-3.268637898467165640e-07
-3.268303372059087602e-07
-3.267848121585723008e-07
-3.237548948860799904e-07
-3.238445288868870460e-07
-3.214646741173463387e-07
-3.216325313638417567e-07
-3.213576045345100870e-07
-3.187786304658002059e-07
-3.206906791318244487e-07
-3.221506390581086287e-07
-3.198167763893362779e-07
-3.201188885767239551e-07
-3.194101765369498844e-07
-3.192922502967149581e-07
-3.208597106340051497e-07
-3.208355728271106638e-07
-3.218455714583713114e-07
-3.237411523300405736e-07
-3.255713974020076154e-07
-3.259279813126855899e-07
-3.261004509491663599e-07
-3.279309873440288696e-07
-3.280435408962389918e-07
-3.293090789265059915e-07
-3.268800193611692790e-07
-3.246439256423933584e-07
-3.248208643143634971e-07
-3.261467990807221614e-07
-3.248401648791670497e-07
-3.224306287341447480e-07
-3.253792142001524827e-07
-3.229356015979220754e-07
-3.206876965704182994e-07
-3.220549202915596016e-07
-3.229366267951630269e-07
-3.232306699858360855e-07
-3.233458267091106186e-07
-3.246572915222235690e-07
-3.251255851956651659e-07
-3.249128006263569440e-07
-3.249840320691213863e-07
-3.250650731471347642e-07
-3.246917915137872261e-07
-3.273241423930290437e-07
-3.270269585581534861e-07
-3.265673551748035452e-07
-3.265287329088812342e-07
-3.265470585307741293e-07
-3.261178288368871010e-07
-3.236402431559600866e-07
-3.229723050191745328e-07
-3.206868513776392174e-07
-3.211180388461968028e-07
-3.200225806320429801e-07
-3.218825367615371031e-07
-3.232631092998356336e-07
-3.233899096619440458e-07
-3.235125736253744101e-07
-3.236307040794183447e-07
-3.211375162038712132e-07
-3.213427933730430089e-07
-3.189894524453328100e-07
-3.192656210292295419e-07
-3.195450059066795369e-07
-3.197921854276454600e-07
-3.200348169956877466e-07
-3.176427857804032397e-07
-3.191379049199031962e-07
-3.193774685364696062e-07
-3.171469531517767791e-07
-3.169950403411167910e-07
-3.153533834771688288e-07
-3.142649791912555051e-07
-3.162837220119835831e-07
-3.166435465788358535e-07
-3.146809037057907884e-07
-3.150569901871820558e-07
-3.153970652855989951e-07
-3.156812434342352398e-07
-3.171384737369268293e-07
-3.190104393220820019e-07
-3.167006932527101055e-07
-3.169855455123080466e-07
-3.168204761144175615e-07
-3.170727797249182607e-07
-3.173629793798810793e-07
-3.176597485770053943e-07
-3.195362400015070639e-07
-3.173712485794476852e-07
-3.176561176299577225e-07
-3.174955378812250080e-07
-3.147909437466313870e-07
-3.147412277856761325e-07
-3.151364080752788832e-07
-3.155538199105412804e-07
-3.159563132186010430e-07
-3.153964349454219254e-07
-3.158116539229563562e-07
-3.160424660901147913e-07
-3.179654215254379304e-07
-3.183380246318749411e-07
-3.183669604022795528e-07
-3.187029205258993769e-07
-3.190244777752866576e-07
-3.193338828379824942e-07
-3.191834015944658597e-07
-3.189768287382558077e-07
-3.192889653631069308e-07
-3.197757116566949310e-07
-3.218255456867312240e-07
-3.222389325595959125e-07
-3.224072337541854915e-07
-3.226368829030739188e-07
-3.267693851050928597e-07
-3.243226589216946022e-07
-3.239700574470674341e-07
-3.241658937946639191e-07
-3.243076043895568722e-07
-3.272849756070224533e-07
-3.292073288493164055e-07
-3.293723188865860325e-07
-3.296946806641065133e-07
-3.309043332929195838e-07
-3.283975670218182100e-07
-3.284509482391817796e-07
-3.284904380758034130e-07
-3.301456902183849569e-07
-3.276780742636278162e-07
-3.289326682822673883e-07
-3.291090976212323007e-07
-3.302781728529321113e-07
-3.277190713104657827e-07
-3.278258294485276644e-07
-3.298241486223066196e-07
-3.309579560190448382e-07
-3.332723676553785371e-07
-3.306232805592568570e-07
-3.304560824585263414e-07
-3.305078035766768494e-07
-3.299488302875558841e-07
-3.300419949253618323e-07
-3.301038343198949718e-07
-3.300031768932929604e-07
-3.283027916952324749e-07
-3.282514554311621918e-07
-3.282047752867694604e-07
-3.293630043730609681e-07
-3.305108569697658982e-07
-3.299083726917589351e-07
-3.298081137610297189e-07
-3.309215547921054814e-07
-3.310105369979877540e-07
-3.308990291645589172e-07
-3.308276209454768112e-07
-3.282670546558241744e-07
-3.291469764913976889e-07
-3.298652621687440974e-07
-3.301055649524580937e-07
-3.298988255353279812e-07
-3.286069950828843253e-07
-3.285204551570504855e-07
-3.284440947820381733e-07
-3.283724168027038990e-07
-3.258047635114334497e-07
-3.274351873796132044e-07
-3.271268857503453222e-07
-3.271453845268328398e-07
-3.245651273572186282e-07
-3.237520799123628464e-07
-3.250441582757678279e-07
-3.246916421725372812e-07
-3.264396836750237085e-07
-3.266670673756479958e-07
-3.266901726251616244e-07
-3.237755104388595982e-07
-3.239416837044452124e-07
-3.257437156809563953e-07
-3.235182069236920015e-07
-3.257624492846614261e-07
-3.258861962265329070e-07
-3.234608153656186526e-07
-3.265012901796871736e-07
-3.277945262182659438e-07
-3.278823996090344393e-07
-3.294554304395027704e-07
-3.308121998485563014e-07
-3.282225270887490071e-07
-3.282537551864720339e-07
-3.301602899343837783e-07
-3.298207175096978722e-07
-3.293487400461212118e-07
-3.290773832919725371e-07
-3.307087928428067162e-07
-3.293248415687416735e-07
-3.288184745736459950e-07
-3.305718211121429961e-07
-3.307309932165235381e-07
-3.323013705844336995e-07
-3.324061912556726038e-07
-3.324937828474280775e-07
-3.299102291617728152e-07
-3.315149968619772551e-07
-3.313290663935869777e-07
-3.282943761833799089e-07
-3.258623130579750183e-07
-3.255826964988284694e-07
-3.257834345733990188e-07
-3.271392075335141162e-07
-3.268142884875003795e-07
-3.243775504156227653e-07
-3.247492284720201726e-07
-3.238949606345027094e-07
-3.241447708862806767e-07
-3.243687387892459908e-07
-3.231554372382896988e-07
-3.233257119246001251e-07
-3.251451036850846886e-07
-3.245050456796853998e-07
-3.247771371071764729e-07
-3.261539528233024008e-07
-3.262632826061713518e-07
-3.247985984197121242e-07
-3.248856024641414713e-07
-3.261744672440082946e-07
-3.261893018764104753e-07
-3.262571183005806386e-07
-3.258621076819232510e-07
-3.236236939338990196e-07
-3.237285245097420921e-07
-3.238888215860765307e-07
-3.257016171006694960e-07
-3.274140694882764123e-07
-3.276249988456800138e-07
-3.276673240171599371e-07
-3.277086659731518010e-07
-3.277475909595981196e-07
-3.294068775249443115e-07
-3.270420706258295390e-07
-3.271024077711062444e-07
-3.288435137855440827e-07
-3.312274269361003828e-07
-3.327931338319752825e-07
-3.325833060620069469e-07
-3.342350605573424192e-07
-3.340579356814303713e-07
-3.340280973117586417e-07
-3.338319706555377153e-07
-3.352008358374546941e-07
-3.366781074894586602e-07
-3.380969664400928512e-07
-3.378258007371178884e-07
-3.368347166667066080e-07
-3.358247013769323666e-07
-3.351982482591864516e-07
-3.350774796823777036e-07
-3.365412543181153108e-07
-3.363227458126207927e-07
-3.361648069896762906e-07
-3.355570270176722145e-07
-3.354410634762017999e-07
-3.353468016127631534e-07
-3.370239527230987645e-07
-3.382023133271288594e-07
-3.355721635228220782e-07
-3.353693887892516632e-07
-3.347749435232938943e-07
-3.345728327642773654e-07
-3.344861467242736485e-07
-3.318972538628220536e-07
-3.326260448067522202e-07
-3.301951548119584536e-07
-3.302270035410776526e-07
-3.311796565760459857e-07
-3.311012054628776419e-07
-3.310823372550433984e-07
-3.311308655002872409e-07
-3.311216045342209913e-07
-3.285422158860173645e-07
-3.286092320324952502e-07
-3.297914586959529598e-07
-3.315261870219934655e-07
-3.310264206270013200e-07
-3.311596980025452530e-07
-3.334772718993931286e-07
-3.333106406620476786e-07
-3.331507822156105624e-07
-3.338820100497747875e-07
-3.308335869363128570e-07
-3.307806916480751980e-07
-3.307262315617710281e-07
-3.308092457453003693e-07
-3.306746327912973355e-07
-3.301591218642041852e-07
-3.296241473654805468e-07
-3.248285990051278624e-07
-3.257170026436820004e-07
-3.234758689818797208e-07
-3.232131369988717962e-07
-3.257611179159477617e-07
-3.253861132272756280e-07
-3.255125827693436183e-07
-3.268367214080375792e-07
-3.268985940322149700e-07
-3.269344078760181254e-07
-3.286139220698977563e-07
-3.286229091242346976e-07
-3.260914150985533172e-07
-3.211523550048428117e-07
-3.209351953154866864e-07
-3.211885116011847359e-07
-3.214372271314966219e-07
-3.223346160389984201e-07
-3.221340315107682766e-07
-3.230412669144246879e-07
-3.227486153753603280e-07
-3.229660961160738076e-07
-3.231701830648223496e-07
-3.208686668268424534e-07
-3.211176514539764221e-07
-3.195134809044047697e-07
-3.204945742521368289e-07
-3.195318049918615349e-07
-3.199145762701714687e-07
-3.201361989210257542e-07
-3.214995480454223156e-07
-3.191488616226030909e-07
-3.194287511694550998e-07
-3.196251989907085901e-07
-3.180456185280122866e-07
-3.183394828590800892e-07
-3.184194585375885789e-07
-3.186693815781664375e-07
-3.180739696269991323e-07
-3.190963431851633751e-07
-3.225592950507589074e-07
-3.226912918357485205e-07
-3.240298499868281171e-07
-3.253130018414904663e-07
-3.248292094550381896e-07
-3.232699851193274149e-07
-3.238207398915566828e-07
-3.239303184335335432e-07
-3.240455006377234047e-07
-3.236297130210299335e-07
-3.212610671112407431e-07
-3.230485635033148647e-07
-3.222988484273994555e-07
-3.236760750087691205e-07
-3.239457923051521634e-07
-3.240399126092976197e-07
-3.241346947902339474e-07
-3.237610542662216021e-07
-3.250446511733273870e-07
-3.250445021863646953e-07
-3.264180556634960146e-07
-3.271748204308762886e-07
-3.263563233680440953e-07
-3.239234840940900513e-07
-3.235940216146541987e-07
-3.250487208974069276e-07
-3.251036393251866271e-07
-3.226670983302573767e-07
-3.203037792540909051e-07
-3.213716511133276402e-07
-3.212227142297822628e-07
-3.214077431056698840e-07
-3.231915840694470662e-07
-3.232718587840663962e-07
-3.250056804585096506e-07
-3.267097941248418956e-07
-3.266783779216927074e-07
-3.282695656632715028e-07
-3.282762745938441673e-07
-3.282638327902214746e-07
-3.279406972112470500e-07
-3.279439291568231958e-07
-3.274405675435919350e-07
-3.291248392374554188e-07
-3.290773844123398930e-07
-3.286171617397420487e-07
-3.286553316575012091e-07
-3.286849119570158108e-07
-3.282473997874221359e-07
-3.278376179121763860e-07
-3.319441318183915834e-07
-3.334713355321940363e-07
-3.325657058845394108e-07
-3.320052623020778214e-07
-3.319546176123214648e-07
-3.294166794279387974e-07
-3.301567299253483224e-07
-3.296858706219560536e-07
-3.313906982532679291e-07
-3.330743964507360518e-07
-3.325405923637577321e-07
-3.325261784691801585e-07
-3.338862576341338186e-07
-3.319978419819665779e-07
-3.302162467802348068e-07
-3.297817070620052772e-07
-3.298631916476998352e-07
-3.315058389135166414e-07
-3.305569151822246291e-07
-3.292290604165307502e-07
-3.301804410470135786e-07
-3.321511189266218028e-07
-3.323532008376088016e-07
-3.340052456487570604e-07
-3.316794904010477259e-07
-3.340496674174976294e-07
-3.332922252302263739e-07
-3.308408917349175680e-07
-3.324645998118887106e-07
-3.326596341068810638e-07
-3.303506265017834672e-07
-3.304313948021193454e-07
-3.337778035064138804e-07
-3.353970466823329265e-07
-3.369996307139415136e-07
-3.380554925311447183e-07
-3.387092531736335323e-07
-3.385248926475865469e-07
-3.359128144875478617e-07
-3.369657536930923641e-07
-3.343631969424985738e-07
-3.344190588451692865e-07
-3.330308318588011021e-07
-3.306860224912183623e-07
-3.302839016527926021e-07
-3.277810829922872873e-07
-3.280781677368996373e-07
-3.268848089978567954e-07
-3.245227951607061030e-07
-3.270425941311105709e-07
-3.287822716993958880e-07
-3.263426479724893952e-07
-3.291774937289929753e-07
-3.266908267335148103e-07
-3.300204909436248429e-07
-3.299977794488237075e-07
-3.317736136085919443e-07
-3.324444899998862457e-07
-3.340246221045914234e-07
-3.355775142303297250e-07
-3.370531104645293550e-07
-3.355199677814803946e-07
-3.355072983955540733e-07
-3.353426556666721371e-07
-3.363823850501500360e-07
-3.363045582152854715e-07
-3.355523666666593625e-07
-3.353593389489363452e-07
-3.351729555396736770e-07
-3.349935454500031996e-07
-3.355096779617847466e-07
-3.353151824311536473e-07
-3.362996359056761748e-07
-3.362194930160670400e-07
-3.359580606710872658e-07
-3.362043687122021590e-07
-3.358895389732534994e-07
-3.351829782538182574e-07
-3.362002641721905330e-07
-3.359356138260609379e-07
-3.356722706475177939e-07
-3.354234500354616595e-07
-3.371606878506150895e-07
-3.381943715948600288e-07
-3.367071110620722198e-07
-3.391066181192173836e-07
-3.386453131909426898e-07
-3.353336182086255592e-07
-3.351737878229913224e-07
-3.348624187211220873e-07
-3.329242884941266585e-07
-3.302423588296604091e-07
-3.309736079603815861e-07
-3.307352406399117397e-07
-3.293194986373803473e-07
-3.266705221754278163e-07
-3.266198281634614841e-07
-3.281606627048166060e-07
-3.296045692018238016e-07
-3.294389191221550286e-07
-3.298969525921688503e-07
-3.297572415222145064e-07
-3.272934634011506513e-07
-3.289019047906166472e-07
-3.263278687714195666e-07
-3.274840896177181805e-07
-3.285603562509835845e-07
-3.284886417913702224e-07
-3.295938714107007477e-07
-3.294662031582856181e-07
-3.268516785590399890e-07
-3.242625758619428878e-07
-3.243117718197209943e-07
-3.255968361907120236e-07
-3.268294939754674243e-07
-3.275861811405284312e-07
-3.302686031872006011e-07
-3.299971529664169562e-07
-3.309892095373643363e-07
-3.283290871602671033e-07
-3.285222045141787848e-07
-3.300095702356040708e-07
-3.298574324052333922e-07
-3.272720439031897405e-07
-3.265497786929729648e-07
-3.265197729699329893e-07
-3.235302421805607067e-07
-3.236059714510183299e-07
-3.238349884920237015e-07
-3.251077810039844181e-07
-3.262893081760370806e-07
-3.259204199402913615e-07
-3.270938221419468336e-07
-3.244977830575729142e-07
-3.244788065983284710e-07
-3.245424251648144815e-07
-3.240772996685140536e-07
-3.242569452312990772e-07
-3.244250844461324737e-07
-3.243676573410613199e-07
-3.261150592564153833e-07
-3.306587620881582693e-07
-3.306094261054570870e-07
-3.305053160959754656e-07
-3.311014144837524682e-07
-3.308677845160513878e-07
-3.306516730007271713e-07
-3.304490336156514821e-07
-3.314933668187945033e-07
-3.313984564775088158e-07
-3.310934806188560948e-07
-3.321413386550154399e-07
-3.304422465079545222e-07
-3.317980609470471535e-07
-3.324488870245818242e-07
-3.320869682858483848e-07
-3.346350941764062864e-07
-3.342523646171187357e-07
-3.334485884681434877e-07
-3.333009691455581862e-07
-3.354596380044857521e-07
-3.351553374575090348e-07
-3.347353535726447992e-07
-3.343347471134097884e-07
-3.311229394411812765e-07
-3.325989104280368936e-07
-3.335360383695995263e-07
-3.339363938077460532e-07
-3.353954366059552605e-07
-3.345118519262904952e-07
-3.341818273518724173e-07
-3.352202404550614931e-07
-3.360775613289028099e-07
-3.358880626295670680e-07
-3.371575159634976166e-07
-3.343151600572488502e-07
-3.341089977273217080e-07
-3.379416650211447203e-07
-3.374922073809468198e-07
-3.369905537663393440e-07
-3.365369756038850523e-07
-3.361394486465665071e-07
-3.373658042129400416e-07
-3.369613814073101935e-07
-3.382092669579542873e-07
-3.393747824255388010e-07
-3.388942127192364991e-07
-3.384408316300790123e-07
-3.380129831303361510e-07
-3.347602682807543451e-07
-3.346905716563456026e-07
-3.360996378904923073e-07
-3.346140367498492368e-07
-3.318998134636440349e-07
-3.341588170771708086e-07
-3.313901180916250985e-07
-3.328256070223993056e-07
-3.301268844641765215e-07
-3.311699505493143104e-07
-3.321285918981165193e-07
-3.318859222502638448e-07
-3.316532320634282158e-07
-3.315285792846921527e-07
-3.324862386067026943e-07
-3.297546161252783041e-07
-3.311825106362914454e-07
-3.321957844803227146e-07
-3.319215315504385559e-07
-3.328861600558740041e-07
-3.327176260534071695e-07
-3.306978582750718605e-07
-3.308950300937745964e-07
-3.318707248110123937e-07
-3.315575942966817002e-07
-3.312564980539483407e-07
-3.306372634073343583e-07
-3.317775853832780657e-07
-3.285657727544439865e-07
-3.283541727399875623e-07
-3.297886655767195528e-07
-3.295656159175237513e-07
-3.269084804308326138e-07
-3.267799187714967052e-07
-3.282938732405775309e-07
-3.256779612301886717e-07
-3.253293463089163822e-07
-3.269320494925542096e-07
-3.268610773400368164e-07
-3.280196354232454177e-07
-3.279049583602167521e-07
-3.279248927059474324e-07
-3.306891085505587090e-07
-3.321220177770546816e-07
-3.336807089772754148e-07
-3.333686692540382198e-07
-3.305951872089200611e-07
-3.304017280786415718e-07
-3.313761861752309752e-07
-3.328960860174961135e-07
-3.339094042456063207e-07
-3.337901135612748543e-07
-3.335134289658169509e-07
-3.332013091463153360e-07
-3.329559749815538946e-07
-3.343932636613609923e-07
-3.316728300363404665e-07
-3.314959162358846259e-07
-3.308877281010355564e-07
-3.307620895408150646e-07
-3.291235082526080864e-07
-3.307173543550551115e-07
-3.305990732461669730e-07
-3.330417805688062034e-07
-3.340412323399802987e-07
-3.312752063200171601e-07
-3.311342167689926470e-07
-3.309833458842353497e-07
-3.284897925206715615e-07
-3.258825385344172787e-07
-3.275305555954180220e-07
-3.276632369752499091e-07
-3.276270733772511631e-07
-3.276079225343245688e-07
-3.287593345900829152e-07
-3.295546480799484841e-07
-3.301712338340718315e-07
-3.324437095161516880e-07
-3.314250062427291893e-07
-3.286077245131291496e-07
-3.297496187156650610e-07
-3.289269100992008813e-07
-3.283170325755973727e-07
-3.281645481606311980e-07
-3.292574467070636360e-07
-3.287547137610942807e-07
-3.267496781642228877e-07
-3.267952651055007767e-07
-3.262504580131110313e-07
-3.237256618649420669e-07
-3.232918990041969274e-07
-3.233410259388564486e-07
-3.208500832240600150e-07
-3.209862623094560862e-07
-3.212717420903651114e-07
-3.213784567194122871e-07
-3.205495805124904094e-07
-3.207015411673003738e-07
-3.208630491345890603e-07
-3.205634766682390782e-07
-3.177666454781400652e-07
-3.208245173355492010e-07
-3.209928312866482480e-07
-3.218825936736625650e-07
-3.220097271127684330e-07
-3.233256042286805380e-07
-3.233925782638388191e-07
-3.235604670533612428e-07
-3.234644693539513231e-07
-3.235015145785571109e-07
-3.235388425515400827e-07
-3.247703210558681910e-07
-3.265306361388106251e-07
-3.266079556354945992e-07
-3.265164871474431344e-07
-3.265908826493452890e-07
-3.256417776128933838e-07
-3.255961312511109621e-07
-3.230120040286138273e-07
-3.230579310236050029e-07
-3.234191181928174654e-07
-3.249960501372071911e-07
-3.261381319657933496e-07
-3.272733197745772336e-07
-3.287725829319662058e-07
-3.261277601498065614e-07
-3.261799505646743592e-07
-3.261113995642228794e-07
-3.276744494274276093e-07
-3.250937637152265207e-07
-3.225794690200790221e-07
-3.224703747114049549e-07
-3.225400412235960167e-07
-3.225618275119078635e-07
-3.225910143733469283e-07
-3.244359560701831450e-07
-3.219229358882455133e-07
-3.232105985255334848e-07
-3.244883982079132645e-07
-3.242383792664342596e-07
-3.242431298561962739e-07
-3.255240873375285691e-07
-3.250574486760155998e-07
-3.246545853698418961e-07
-3.242549983981892688e-07
-3.219176205379352284e-07
-3.220910981559583071e-07
-3.224166255235561840e-07
-3.223583938663818035e-07
-3.199283645133513865e-07
-3.201573700064662147e-07
-3.215769221395159646e-07
-3.213855145162786257e-07
-3.201505443960585038e-07
-3.199751062871936334e-07
-3.208802304509717620e-07
-3.228080940142367557e-07
-3.219496014852758456e-07
-3.221019854956284712e-07
-3.222559847032549464e-07
-3.223679351216715391e-07
-3.226258479764724930e-07
-3.232676177123995421e-07
-3.250324131302469438e-07
-3.224423400359786101e-07
-3.242843643471245218e-07
-3.221078787449769607e-07
-3.222480672495820625e-07
-3.223504188940336992e-07
-3.195436709185862009e-07
-3.183825555309084723e-07
-3.161616521061482671e-07
-3.177047883699847824e-07
-3.179508136498546317e-07
-3.188888448504868904e-07
-3.192651032649545498e-07
-3.194608628898870771e-07
-3.212641207217253506e-07
-3.229900462169153081e-07
-3.230178460655224039e-07
-3.206201808589200880e-07
-3.208143715317301728e-07
-3.216955110144043748e-07
-3.217862500869576470e-07
-3.214667647271037163e-07
-3.211405514661927622e-07
-3.208725943009770380e-07
-3.205102784720107033e-07
-3.207653619102135450e-07
-3.222946911885646012e-07
-3.224477009721960944e-07
-3.201252195347765970e-07
-3.203516753115613442e-07
-3.200676805191488045e-07
-3.203197542680438474e-07
-3.202479418281079228e-07
-3.206685908816786521e-07
-3.220631665948983539e-07
-3.196724648546061574e-07
-3.189784015415266768e-07
-3.162422995739288321e-07
-3.177830858203644836e-07
-3.192959126540897483e-07
-3.195916859184239971e-07
-3.237430172057846938e-07
-3.262543553292194935e-07
-3.264345092273636444e-07
-3.276419482995705791e-07
-3.272710031870628626e-07
-3.249865447370980868e-07
-3.261846293891188723e-07
-3.261582819126599631e-07
-3.236125337894161788e-07
-3.231914106390378697e-07
-3.244633213088516233e-07
-3.261952311237653386e-07
-3.273492857390840808e-07
-3.242714330012831373e-07
-3.194415000315261382e-07
-3.212300891412143456e-07
-3.188384258355755751e-07
-3.190588305470130738e-07
-3.193550082844494058e-07
-3.194476286492570440e-07
-3.209549911871823416e-07
-3.210513417000172240e-07
-3.211599447823095258e-07
-3.200056843415437274e-07
-3.171765821786587578e-07
-3.169519530668518964e-07
-3.172670608301551911e-07
-3.175521827899778224e-07
-3.168635198381838351e-07
-3.173250329099971161e-07
-3.187728047534751891e-07
-3.189739756527220771e-07
-3.193268677697365373e-07
-3.206792825055102419e-07
-3.207997420428596333e-07
-3.208516364344679444e-07
-3.209197940958780795e-07
-3.207423714472784181e-07
-3.204052778520139394e-07
-3.205100211889900171e-07
-3.224366109490406011e-07
-3.237155168492608321e-07
-3.234479606806875475e-07
-3.236426218846211824e-07
-3.236716546955055859e-07
-3.237018777688592703e-07
-3.216362142947462809e-07
-3.249334485394529957e-07
-3.266582189961167108e-07
-3.266276119963637673e-07
-3.283438957431176034e-07
-3.277784535149431329e-07
-3.293897817852243838e-07
-3.282443820326936126e-07
-3.282870390661575507e-07
-3.311217636437652687e-07
-3.316322420237415318e-07
-3.315484761512945417e-07
-3.330856860742572028e-07
-3.300385108270373622e-07
-3.303404136724272643e-07
-3.321035164825858101e-07
-3.320150859483765643e-07
-3.333582350131134648e-07
-3.332516794982597185e-07
-3.329862727970358171e-07
-3.316493691827336694e-07
-3.291070468362281866e-07
-3.288316290652067604e-07
-3.287968426080900998e-07
-3.301374719036153318e-07
-3.276001047440926117e-07
-3.271528199031328624e-07
-3.248023921044078667e-07
-3.249246182156381210e-07
-3.267590353886838740e-07
-3.243040801877634238e-07
-3.244459328815273951e-07
-3.262213214448328450e-07
-3.264150165710832252e-07
-3.278509298485778254e-07
-3.278510909178571283e-07
-3.278398043292157992e-07
-3.277813139734502713e-07
-3.277796373407161916e-07
-3.289891758009151878e-07
-3.296464697111041107e-07
-3.295477331170382132e-07
-3.269314275380064941e-07
-3.243155626362689979e-07
-3.244014119291818582e-07
-3.262434072317820022e-07
-3.262424105909636598e-07
-3.254577816029599814e-07
-3.250345749982821298e-07
-3.263144933473727723e-07
-3.280013642028427356e-07
-3.275390175005604343e-07
-3.275868997665185594e-07
-3.292231755421873336e-07
-3.291108028391046770e-07
-3.261980181112618072e-07
-3.280905355505668664e-07
-3.293092052924585102e-07
-3.292406508266952403e-07
-3.292316892162942866e-07
-3.291682413522875149e-07
-3.293275912927421516e-07
-3.301335241216086564e-07
-3.300801532433677337e-07
-3.318162593245448010e-07
-3.316932944411852223e-07
-3.316036175566671111e-07
-3.289882835901584022e-07
-3.289537135436157531e-07
-3.307449659036869247e-07
-3.301600399408244511e-07
-3.301068535923299832e-07
-3.300163548123956481e-07
-3.295318946786997090e-07
-3.295499579605819878e-07
-3.312353616338667832e-07
-3.299516326929842867e-07
-3.299133757145363823e-07
-3.298297928343750682e-07
-3.297524669095634042e-07
-3.338090536266836277e-07
-3.338225613164508538e-07
-3.311950797575038320e-07
-3.311357703867139980e-07
-3.326167545237960698e-07
-3.326676984745773016e-07
-3.343486535215949582e-07
-3.341820389344477796e-07
-3.340200862660323661e-07
-3.334158380502222979e-07
-3.332467781402965634e-07
-3.331568631738881905e-07
-3.330511823994137085e-07
-3.331006551463042210e-07
-3.305077589095839278e-07
-3.306311313989031949e-07
-3.322469215836423101e-07
-3.317162618027866437e-07
-3.308590072713320067e-07
-3.308653086654987227e-07
-3.284036816047871505e-07
-3.291656292151284238e-07
-3.266828067134604825e-07
-3.267976333501836214e-07
-3.297536788031937504e-07
-3.304629080760524642e-07
-3.327840265028359597e-07
-3.326355074461050423e-07
-3.300578472316760618e-07
-3.299337792957006186e-07
-3.310752016428429295e-07
-3.316941561239230002e-07
-3.315349484398420878e-07
-3.313775383698726159e-07
-3.312316436676553106e-07
-3.316789838763011446e-07
-3.311614515134755860e-07
-3.309676357178075913e-07
-3.308456011669503579e-07
-3.302637328716649623e-07
-3.301845629189665727e-07
-3.316555690527012918e-07
-3.290916863949301892e-07
-3.290695116624042700e-07
-3.302694410176805315e-07
-3.301788114201003210e-07
-3.300295602136498631e-07
-3.323507613936174704e-07
-3.322809432890164703e-07
-3.296369522853978388e-07
-3.296559021287815253e-07
-3.311529272640024620e-07
-3.323173282905822187e-07
-3.295911520858152093e-07
-3.312007656370926252e-07
-3.328064749177106945e-07
-3.316709571911998294e-07
-3.310419241668293556e-07
-3.325844999861188731e-07
-3.320857542395003204e-07
-3.296340740924485931e-07
-3.266059996715105974e-07
-3.286559444859791021e-07
-3.273615991425116701e-07
-3.273563503296972339e-07
-3.281145917823529512e-07
-3.253087294123120685e-07
-3.253912035665410576e-07
-3.229501375107412108e-07
-3.205528698359835875e-07
-3.207746005863677596e-07
-3.184986124714734086e-07
-3.178038980042273880e-07
-3.180956078713916251e-07
-3.185751244561861956e-07
-3.159155126962937576e-07
-3.137063939359464321e-07
-3.144164957036852438e-07
-3.164413406114419928e-07
-3.168006212855447664e-07
-3.171101993163013651e-07
-3.176093174461683652e-07
-3.195541078015383791e-07
-3.214056080286841027e-07
-3.215676197815009518e-07
-3.189303996398275415e-07
-3.191931872993690333e-07
-3.190541260378829926e-07
-3.195321537403632605e-07
-3.198334759153673619e-07
-3.217335065172360327e-07
-3.247373944838961631e-07
-3.264437885437535218e-07
-3.240107351141785791e-07
-3.232500848217344816e-07
-3.229782324787633934e-07
-3.206002252077763029e-07
-3.208629990564224551e-07
-3.222440862255749897e-07
-3.211489067376649952e-07
-3.224726280682385680e-07
-3.226038050835850810e-07
-3.222724009255099251e-07
-3.225643434732412012e-07
-3.227011759725529317e-07
-3.240305780955178965e-07
-3.241947769781284023e-07
-3.243850222251898530e-07
-3.244211781822351426e-07
-3.219559190731614370e-07
-3.222196506457893378e-07
-3.223063765530900302e-07
-3.222390859733892147e-07
-3.223546680985494416e-07
-3.228206270117244443e-07
-3.204776518901920526e-07
-3.181312363937837519e-07
-3.210863128315685485e-07
-3.214847519852239041e-07
-3.232527965414657758e-07
-3.233489773500174016e-07
-3.234132393624621856e-07
-3.235114132704348628e-07
-3.248103460863251437e-07
-3.223133273765214751e-07
-3.224253838693899484e-07
-3.237074529113251302e-07
-3.234252681266379558e-07
-3.221496501984325131e-07
-3.222334657206596188e-07
-3.220254377625929709e-07
-3.222882008330521305e-07
-3.223703184048187338e-07
-3.220234916894205293e-07
-3.237708203046976598e-07
-3.213165259554385684e-07
-3.216425080377241002e-07
-3.192357544316683667e-07
-3.194618586705212799e-07
-3.208794851419193479e-07
-3.213390285554184149e-07
-3.214601264420420388e-07
-3.219235262348427358e-07
-3.236513124373127454e-07
-3.203370774072998754e-07
-3.217396282642097942e-07
-3.214148471569846104e-07
-3.215948410589649755e-07
-3.192187079238180097e-07
-3.206903184140110008e-07
-3.209660990542589507e-07
-3.228326293544485540e-07
-3.242081301225928343e-07
-3.243463621224658245e-07
-3.246349645107047744e-07
-3.240144748646963149e-07
-3.243472087187780235e-07
-3.256642477962316893e-07
-3.232177343667098822e-07
-3.261918821062296666e-07
-3.262239360466155082e-07
-3.264133599821823790e-07
-3.276116543853370173e-07
-3.292423030975654818e-07
-3.291541381198477851e-07
-3.292266469096480582e-07
-3.308354314365399353e-07
-3.307049525712384177e-07
-3.323029200712073951e-07
-3.337055867281674018e-07
-3.334669433494597569e-07
-3.330061587858832846e-07
-3.328732189009219400e-07
-3.327256407587443229e-07
-3.341819784808106496e-07
-3.335144752273892840e-07
-3.324830988785059767e-07
-3.331277973945909553e-07
-3.346715745826790042e-07
-3.321085166379732953e-07
-3.297705776449210355e-07
-3.297622982786872143e-07
-3.293093163362203936e-07
-3.305466222488103502e-07
-3.305366669565250018e-07
-3.302004032915686571e-07
-3.310480470941592522e-07
-3.305713414976697832e-07
-3.305522126207237786e-07
-3.300765684007509738e-07
-3.312873287002815171e-07
-3.311983095692094308e-07
-3.318891258510553396e-07
-3.319941016290209576e-07
-3.319075646346957269e-07
-3.318189854555548994e-07
-3.292086054358421164e-07
-3.293597359047377260e-07
-3.304525644937095987e-07
-3.320374637369594897e-07
-3.318686286397578102e-07
-3.320608740906611831e-07
-3.320788057535434320e-07
-3.331402365515431078e-07
-3.358147849614493938e-07
-3.355645429186688864e-07
-3.329126595306236228e-07
-3.344474546114682765e-07
-3.347443449727897320e-07
-3.362653808304166515e-07
-3.346921034969929753e-07
-3.344723759379058076e-07
-3.342570536284454878e-07
-3.336043089009533503e-07
-3.346473022323196464e-07
-3.344223689533025610e-07
-3.342132295168962311e-07
-3.352180124839332112e-07
-3.346082949118527874e-07
-3.345303693780515371e-07
-3.354610787274376725e-07
-3.362018664249284234e-07
-3.358875070392078662e-07
-3.356224243219451948e-07
-3.353285558783888083e-07
-3.350422788281468316e-07
-3.349537489137383356e-07
-3.348994882594581661e-07
-3.358722113739867805e-07
-3.350594181887565182e-07
-3.359471004144063722e-07
-3.356501551953324657e-07
-3.353607274945835935e-07
-3.350311266984004344e-07
-3.344707561227134146e-07
-3.319677217017149347e-07
-3.318028715564336565e-07
-3.316588356287264600e-07
-3.315142243709770367e-07
-3.327154489744696719e-07
-3.320528412470189424e-07
-3.290688400035214290e-07
-3.289944419224558837e-07
-3.305581625391889536e-07
-3.299842804621390140e-07
-3.299255673806401986e-07
-3.298712024919268724e-07
-3.307526112533357115e-07
-3.306310082554013914e-07
-3.305079365086562451e-07
-3.320593047725434802e-07
-3.290049657718980600e-07
-3.289280989442632807e-07
-3.279893752205173749e-07
-3.305056921660726176e-07
-3.306171953498680915e-07
-3.305615529668049231e-07
-3.321928057487606839e-07
-3.337317256469365230e-07
-3.332959669808609546e-07
-3.323656417227073781e-07
-3.322438008896328112e-07
-3.321232449515181147e-07
-3.320140362709149079e-07
-3.321097861631811010e-07
-3.319826181665808937e-07
-3.319163529126353566e-07
-3.330285830102124181e-07
-3.328447868951834929e-07
-3.327239838182889106e-07
-3.326010832218902976e-07
-3.324877514539993125e-07
-3.341529427016353901e-07
-3.328989464981747629e-07
-3.327256956003664078e-07
-3.301425792311629164e-07
-3.276037069124262652e-07
-3.277604583848321995e-07
-3.279348988745999838e-07
-3.274480035359123386e-07
-3.291177623595081059e-07
-3.291897592769399343e-07
-3.303348992571365485e-07
-3.317740221711174278e-07
-3.332827223959078099e-07
-3.306587443485543962e-07
-3.305642649476002420e-07
-3.304786082715273283e-07
-3.303915906656021756e-07
-3.302631896062798939e-07
-3.278852107420820132e-07
-3.290079634333130733e-07
-3.289468178351129556e-07
-3.287757734374031313e-07
-3.287329105371231008e-07
-3.298825551862931346e-07
-3.314287273703733999e-07
-3.283356814670470753e-07
-3.301466567844901200e-07
-3.302228288809019201e-07
-3.277173419184071348e-07
-3.277086103341564577e-07
-3.276652465156374826e-07
-3.288101300090512213e-07
-3.303720331747464729e-07
-3.302766419910748784e-07
-3.276027574909725272e-07
-3.293232647609842681e-07
-3.293971883329178711e-07
-3.291045007076727016e-07
-3.285612003427955414e-07
-3.288563539375961749e-07
-3.276631499208274090e-07
-3.271793101432541632e-07
-3.289467957010679531e-07
-3.263316205473574929e-07
-3.263750188867759135e-07
-3.238674075789822424e-07
-3.239936632798192179e-07
-3.242007062097908685e-07
-3.217408867046613787e-07
-3.219845070437364595e-07
-3.221663516243971965e-07
-3.219024151860914604e-07
-3.190809966676114462e-07
-3.211732185162065314e-07
-3.241503866644239975e-07
-3.243679054816806472e-07
-3.245573236069282428e-07
-3.264687248556883680e-07
-3.255446257254059882e-07
-3.257257966540167329e-07
-3.274437213308008006e-07
-3.292995630862964250e-07
-3.270820975346513501e-07
-3.271716383796113117e-07
-3.290513328700809912e-07
-3.308567091102340978e-07
-3.326168818291297792e-07
-3.326292234837278853e-07
-3.337302991345184511e-07
-3.348678824404094076e-07
-3.349323258883675847e-07
-3.365834409815004848e-07
-3.375517053502231818e-07
-3.369485910117295870e-07
-3.384431975862288113e-07
-3.408920043212269162e-07
-3.406660169429013999e-07
-3.404450623312428108e-07
-3.402251980336530105e-07
-3.416286214053992294e-07
-3.415366449878999546e-07
-3.412309966647519918e-07
-3.380588619871738025e-07
-3.381075465611467743e-07
-3.355088962071061037e-07
-3.356274324732669509e-07
-3.357216936230854745e-07
-3.356026437262230397e-07
-3.355366716331269987e-07
-3.364190385807896820e-07
-3.363742285864124220e-07
-3.380884416654958282e-07
-3.375249296442464904e-07
-3.374069680754089227e-07
-3.396490845607929459e-07
-3.390113196731467015e-07
-3.400371286080286555e-07
-3.398729183214256926e-07
-3.347758474686377669e-07
-3.349385026950250225e-07
-3.349269512176233572e-07
-3.349223056075901078e-07
-3.344411520369212850e-07
-3.372782376309556072e-07
-3.372114093028212294e-07
-3.366123677708183038e-07
-3.367178537484460487e-07
-3.384490291925845224e-07
-3.383058043290755714e-07
-3.382753552526332615e-07
-3.386323368953821295e-07
-3.396083292285541408e-07
-3.388670909197974666e-07
-3.386785331875108448e-07
-3.398124825787400528e-07
-3.395503659492535123e-07
-3.395651944248592848e-07
-3.368402252453341063e-07
-3.360357077795582247e-07
-3.336294287613127829e-07
-3.335579892650550731e-07
-3.330461862736458683e-07
-3.322539625366423820e-07
-3.322604971149281186e-07
-3.324177987514816099e-07
-3.355982183504139389e-07
-3.325745536717097979e-07
-3.337984014778172224e-07
-3.312932310787034608e-07
-3.314483568617936465e-07
-3.314791462689675039e-07
-3.316639097305363621e-07
-3.328717407414268921e-07
-3.328044403307516766e-07
-3.329097105973653155e-07
-3.328365956481343558e-07
-3.329347577234776823e-07
-3.303475612757544713e-07
-3.326305487995173212e-07
-3.325079866868903083e-07
-3.323914292495965447e-07
-3.339550686553332548e-07
-3.338090744194713341e-07
-3.348351426597475098e-07
-3.321149947573581360e-07
-3.321656179369065029e-07
-3.320530181468317334e-07
-3.293895480864197160e-07
-3.289514148137937712e-07
-3.289218537948602258e-07
-3.289649075646760112e-07
-3.281041341990073675e-07
-3.294523558266636527e-07
-3.306635364999687011e-07
-3.306088346683450201e-07
-3.293844877780667567e-07
-3.293026689540783315e-07
-3.262967142942942869e-07
-3.238752475458607770e-07
-3.227993259710014521e-07
-3.215404309265454428e-07
-3.228980323894932985e-07
-3.230085841946900238e-07
-3.226206061281774073e-07
-3.201999179482175826e-07
-3.204204337365709461e-07
-3.202015977866641065e-07
-3.230718475194588602e-07
-3.233675324201700158e-07
-3.245987939686729638e-07
-3.262547869015607959e-07
-3.291531719981953149e-07
-3.290126851136792380e-07
-3.300870143772281687e-07
-3.312166796238493948e-07
-3.286916144818538484e-07
-3.287912166487414079e-07
-3.298933775682477947e-07
-3.297757102994337516e-07
-3.296463602513963825e-07
-3.290797324569089608e-07
-3.289981446083571004e-07
-3.284841892761234656e-07
-3.259986226084129250e-07
-3.255964455417018415e-07
-3.264095481228901579e-07
-3.264485807982782062e-07
-3.266332838024488435e-07
-3.282387492645479718e-07
-3.286293232760411863e-07
-3.286027969529727829e-07
-3.287133816824805108e-07
-3.282036135372072121e-07
-3.297551262321384427e-07
-3.297327896815685890e-07
-3.308525851384990270e-07
-3.307316047946713749e-07
-3.305639804290216599e-07
-3.306146598947184471e-07
-3.299957712209201444e-07
-3.274323237880058917e-07
-3.248094611803656722e-07
-3.249358541713795329e-07
-3.258864213466552242e-07
-3.259445481869529824e-07
-3.287670439514217300e-07
-3.287789171377855249e-07
-3.287883212649773885e-07
-3.299717585214857409e-07
-3.315402108061899023e-07
-3.322805430833857011e-07
-3.321362504260197842e-07
-3.319953034235953171e-07
-3.293802035268453848e-07
-3.309826216381864340e-07
-3.298128557125117209e-07
-3.293483051593599450e-07
-3.311908625189268933e-07
-3.323334350634034122e-07
-3.338248528884748074e-07
-3.348791807162570771e-07
-3.342176989061179936e-07
-3.335892791928797681e-07
-3.285639789722907000e-07
-3.281291720559340075e-07
-3.298232754684515646e-07
-3.294722842046247090e-07
-3.296653758204854173e-07
-3.308969192698695929e-07
-3.308422215068404544e-07
-3.307935217999818289e-07
-3.320563491906756010e-07
-3.319439419307991543e-07
-3.317112408606143218e-07
-3.324765247818450935e-07
-3.318093142179081767e-07
-3.324082502553453890e-07
-3.333666496565361313e-07
-3.359492471431619176e-07
-3.355318533850738164e-07
-3.351343894585998868e-07
-3.348038721136846035e-07
-3.346018054106337657e-07
-3.343060367376477485e-07
-3.340048547274932837e-07
-3.337155767431037971e-07
-3.335867668222658423e-07
-3.308724679708541290e-07
-3.306814774262701295e-07
-3.304942156244996907e-07
-3.298792834669609850e-07
-3.289688960613363349e-07
-3.264011482955446116e-07
-3.266228363649607815e-07
-3.261693882042571961e-07
-3.273775153873971848e-07
-3.279426519000640837e-07
-3.280017870292550318e-07
-3.280307530669370285e-07
-3.291444614058255855e-07
-3.305887001622519604e-07
-3.278650268755300404e-07
-3.277597122314923366e-07
-3.276585902267209988e-07
-3.275592674374064814e-07
-3.286160202862361521e-07
-3.280901696172880710e-07
-3.283521796665118712e-07
-3.291047337823609945e-07
-3.301296780031200479e-07
-3.274962604481836348e-07
-3.269753106124293460e-07
-3.285959892546745635e-07
-3.286760646602561126e-07
-3.285880459700446388e-07
-3.296986604345644871e-07
-3.295518095332891714e-07
-3.294283531905845971e-07
-3.306435150635237059e-07
-3.304300251346004302e-07
-3.297815059236485983e-07
-3.307819921957951343e-07
-3.310115858111243385e-07
-3.307997324121215559e-07
-3.303647665820198221e-07
-3.286941816734251139e-07
-3.284508868011472576e-07
-3.279114433404503045e-07
-3.278607292214769040e-07
-3.278098341374138393e-07
-3.252839890578520089e-07
-3.228058124628002389e-07
-3.220307045897414404e-07
-3.232992959118384058e-07
-3.209910800139316451e-07
-3.218940924189886060e-07
-3.220935950766535821e-07
-3.197158733951590462e-07
-3.196236941173214803e-07
-3.199057702357280174e-07
-3.175850108862397510e-07
-3.178634981573529388e-07
-3.199251094233977031e-07
-3.196751539359094224e-07
-3.201131738601496178e-07
-3.178659600592374968e-07
-3.188860246057994414e-07
-3.166503914041496563e-07
-3.170046384810621277e-07
-3.173106102521122791e-07
-3.176406839715836035e-07
-3.191212008360621502e-07
-3.193764161253347911e-07
-3.212124857436072767e-07
-3.188699596153054912e-07
-3.169983233856999973e-07
-3.185026278682215825e-07
-3.182941109079087882e-07
-3.168900352670388845e-07
-3.146267447346088582e-07
-3.156520152781618624e-07
-3.172854348638092401e-07
-3.148850851250872259e-07
-3.126383339386403682e-07
-3.141600345648678691e-07
-3.114242281675141092e-07
-3.127239656781369007e-07
-3.142544660531035651e-07
-3.119168589143151971e-07
-3.122381026185837071e-07
-3.094409955955653357e-07
-3.072296713499842232e-07
-3.088472571311037251e-07
-3.093258008920997478e-07
-3.093213751145268265e-07
-3.098556142641318934e-07
-3.103713040899097528e-07
-3.102506368604934056e-07
-3.107573980486914730e-07
-3.088866010723762260e-07
-3.089569161459516828e-07
-3.090356514474506269e-07
-3.095991863564434069e-07
-3.074979052311562355e-07
-3.081043024503118325e-07
-3.086774134963368700e-07
-3.101380567073678936e-07
-3.103311872409813679e-07
-3.078446850680346230e-07
-3.058747999276421245e-07
-3.072084801247871714e-07
-3.088731269186968013e-07
-3.069103902817065073e-07
-3.049652013684900562e-07
-3.062735047298150827e-07
-3.068486018367502639e-07
-3.069776618321954170e-07
-3.057315637269096238e-07
-3.037545089220683117e-07
-3.046209818364358726e-07
-3.052881558130040142e-07
-3.059448949034551521e-07
-3.065075113505091492e-07
-3.051105941643358213e-07
-3.064176634649578316e-07
-3.048382648161224100e-07
-3.028796040989202820e-07
-3.031064668227436000e-07
-3.038092957610893339e-07
-3.044833784969520155e-07
-3.051314268502439081e-07
-3.057510463780045769e-07
-3.037537008770309682e-07
-3.026007963944382019e-07
-3.034328068364672426e-07
-3.013394389614558719e-07
-3.020528413854615768e-07
-3.027385462225437086e-07
-3.030801290145177505e-07
-3.037367363142429870e-07
-3.039097056225679604e-07
-3.041619507761463197e-07
-3.033135023488805150e-07
-3.021939533991949028e-07
-3.043991843582498361e-07
-3.050077047163548603e-07
-3.071442566364338382e-07
-3.076544930156092537e-07
-3.081442401730285355e-07
-3.058444287382846765e-07
-3.043538825311008238e-07
-3.023380362594411248e-07
-3.031551381680045528e-07
-3.049596369163887483e-07
-3.054772667099747993e-07
-3.056328756035124219e-07
-3.061429020527914929e-07
-3.056430949671109082e-07
-3.077450194539974009e-07
-3.082085207541304892e-07
-3.057772091089029891e-07
-3.074910829639227165e-07
-3.091155012816446387e-07
-3.110683221634879930e-07
-3.109440247118644248e-07
-3.125062573054370749e-07
-3.139897712002818248e-07
-3.141778573911236904e-07
-3.143757597361443781e-07
-3.148794252806106366e-07
-3.150256493695026404e-07
-3.142152532470234505e-07
-3.150013375190935879e-07
-3.159686219386073371e-07
-3.160737457627614044e-07
-3.168730238543250129e-07
-3.169511933955922084e-07
-3.170443690550859987e-07
-3.183140574415847409e-07
-3.158427855546931762e-07
-3.171772552223332649e-07
-3.188162149714099645e-07
-3.187565242847218342e-07
-3.187549518583354691e-07
-3.204253816690507758e-07
-3.220783007578047068e-07
-3.195507186699111945e-07
-3.170217446471746127e-07
-3.182635720872256856e-07
-3.198472607015417065e-07
-3.230263912455142326e-07
-3.231325717555174608e-07
-3.230582207812543644e-07
-3.241386927893561538e-07
-3.215244648246373730e-07
-3.214212296202228690e-07
-3.213963659516091722e-07
-3.215077011006776976e-07
-3.214522853838668484e-07
-3.209571552156208524e-07
-3.205056511406745993e-07
-3.205348387332629750e-07
-3.205856037447423091e-07
-3.218305629030003227e-07
-3.218127245049248392e-07
-3.212736734624865012e-07
-3.187680017050279163e-07
-3.205043578383602502e-07
-3.222209918604699911e-07
-3.221507584207562112e-07
-3.224721601020439141e-07
-3.229811249475669158e-07
-3.246288865517033675e-07
-3.247029960923926115e-07
-3.245834616323236677e-07
-3.254111453001776483e-07
-3.228577694412485003e-07
-3.223705085375420743e-07
-3.198952722737248916e-07
-3.211755281543250076e-07
-3.244444572036031956e-07
-3.258489061129642560e-07
-3.257012409323729557e-07
-3.272036459984375510e-07
-3.271817793909370356e-07
-3.245305633889190811e-07
-3.251783643480555247e-07
-3.221073758515104932e-07
-3.221201632844532886e-07
-3.232898209672274657e-07
-3.234451224473438691e-07
-3.235916251576097164e-07
-3.218139453822844562e-07
-3.238470105376564244e-07
-3.254392108988892315e-07
-3.244660350564259035e-07
-3.261240531363437663e-07
-3.238431004742655417e-07
-3.228292971409677003e-07
-3.246099578293240783e-07
-3.246081070217872839e-07
-3.246065991793860578e-07
-3.258347146332640136e-07
-3.255369834516613699e-07
-3.254988252903666752e-07
-3.256121623285385333e-07
-3.255645567912317084e-07
-3.254715107328442639e-07
-3.270066421481781534e-07
-3.265041059772402088e-07
-3.264756848652095958e-07
-3.255578725998463082e-07
-3.255747512768941163e-07
-3.255914804753702039e-07
-3.246738333051764839e-07
-3.263753354647361212e-07
-3.276172818635718495e-07
-3.288071971419269223e-07
-3.315077984813960230e-07
-3.312319177414603499e-07
-3.326415735747162301e-07
-3.324078868087724735e-07
-3.323355205443028141e-07
-3.322585578198338113e-07
-3.321752361120301433e-07
-3.294152118731528358e-07
-3.268213998127976790e-07
-3.280141866859708248e-07
-3.274450644242923811e-07
-3.273603602243979504e-07
-3.301623197756108457e-07
-3.311581672512716125e-07
-3.314802071978069796e-07
-3.311722986232089294e-07
-3.327474132831894229e-07
-3.324618413529747311e-07
-3.295947991453788254e-07
-3.294205484364078622e-07
-3.308280771507453064e-07
-3.282521753545009103e-07
-3.277124582618842540e-07
-3.276522933526490440e-07
-3.247076562805262687e-07
-3.264085779132636137e-07
-3.246312051937902786e-07
-3.248550218424433022e-07
-3.250556150369009925e-07
-3.252475624091294878e-07
