-3.264236506352472740e-07
-3.259885933919100754e-07
-3.260222315753413559e-07
-3.260754389723740114e-07
-3.256010973869794026e-07
-3.251537450299678164e-07
-3.252104639880842854e-07
-3.254681072640992920e-07
-3.238744896908491568e-07
-3.239913636028942811e-07
-3.241025644156587414e-07
-3.242084316034324545e-07
-3.254973796839524412e-07
-3.283317916711143298e-07
-3.284120884113785621e-07
-3.299485509766765751e-07
-3.297886890402404701e-07
-3.271484121280585417e-07
-3.266781817391520023e-07
-3.241787793048609217e-07
-3.242868899436546226e-07
-3.217770271705574181e-07
-3.205910104453016830e-07
-3.207938339876047188e-07
-3.218212954235714167e-07
-3.194727196553644835e-07
-3.197290402437309546e-07
-3.211581791102180550e-07
-3.213416803980147438e-07
-3.215655873583089323e-07
-3.229053758174591384e-07
-3.241435445888807911e-07
-3.258144457382901772e-07
-3.259335209859385334e-07
-3.258791894923694261e-07
-3.258006569700936688e-07
-3.252724705036175341e-07
-3.248431829825649332e-07
-3.248960127192985692e-07
-3.249297139260205726e-07
-3.228420727134933291e-07
-3.262043539096459509e-07
-3.281764153240235964e-07
-3.292819273198773834e-07
-3.262462683573640620e-07
-3.274693073194850857e-07
-3.302476037335320372e-07
-3.301228304729343241e-07
-3.300027154847274871e-07
-3.298879230570445267e-07
-3.292786156551740022e-07
-3.310361924508328978e-07
-3.308637501411983644e-07
-3.307528551028571172e-07
-3.306175393382442357e-07
-3.306127305070220874e-07
-3.321128441371855296e-07
-3.326969315274216801e-07
-3.321257651117575140e-07
-3.291218858946088097e-07
-3.315452223512522348e-07
-3.326893981975315607e-07
-3.276332823254290229e-07
-3.277266945497136448e-07
-3.277945233111107495e-07
-3.273391500529923452e-07
-3.260516531729614268e-07
-3.273298920297591118e-07
-3.289580208357579524e-07
-3.275966273282264206e-07
-3.251808027628378210e-07
-3.252503001770224815e-07
-3.248642021464471341e-07
-3.249613078868865316e-07
-3.241347177258508447e-07
-3.259271548013854486e-07
-3.236220159125249913e-07
-3.238018019906082043e-07
-3.235045666392058413e-07
-3.232397487802715710e-07
-3.234600493431357254e-07
-3.219777070022153838e-07
-3.233710132268247147e-07
-3.230210643561452581e-07
-3.232159713694976369e-07
-3.233487712238098040e-07
-3.234813003124949516e-07
-3.236605922682316749e-07
-3.239250452871771388e-07
-3.256543710930252162e-07
-3.268786433903335083e-07
-3.268650112424893027e-07
-3.268520446389537930e-07
-3.270431916004739155e-07
-3.287174662810155823e-07
-3.283404198555439593e-07
-3.278799387382833751e-07
-3.280652586412439660e-07
-3.280794012528335722e-07
-3.275797465356808983e-07
-3.276248768021070848e-07
-3.293406818143107857e-07
-3.310328941453989589e-07
-3.296807365089211061e-07
-3.288267343999473301e-07
-3.300114846819581488e-07
-3.299421932314320223e-07
-3.315845174470701661e-07
-3.314227747816100712e-07
-3.326496000380580199e-07
-3.342031276798623419e-07
-3.365418961448675852e-07
-3.393683537010571505e-07
-3.418787557078154839e-07
-3.401930415254832502e-07
-3.413706819085883941e-07
-3.409771409967639952e-07
-3.421834951439239042e-07
-3.446431787936138433e-07
-3.439853152969765249e-07
-3.433631250988303012e-07
-3.427132517126997326e-07
-3.454724685970691190e-07
-3.423994934060187410e-07
-3.418152803207656634e-07
-3.412521051786554227e-07
-3.419374401998307237e-07
-3.413503663024627867e-07
-3.405106053359257965e-07
-3.412261353754207793e-07
-3.401738635412654802e-07
-3.398246930961175521e-07
-3.399137004096467385e-07
-3.395558676805266455e-07
-3.389891681605745698e-07
-3.336532321068564334e-07
-3.345535916460833186e-07
-3.337496350700946567e-07
-3.310149002300070167e-07
-3.320178475618740676e-07
-3.303039206233782570e-07
-3.317720236776923654e-07
-3.316147572030855596e-07
-3.330254102409625408e-07
-3.351792632176905786e-07
-3.365116319994257955e-07
-3.390955187080974744e-07
-3.396564418260428016e-07
-3.406993539896064948e-07
-3.433227105041838318e-07
-3.434506913559091495e-07
-3.451930002106151785e-07
-3.440572924961726789e-07
-3.450047730554254240e-07
-3.450523313677907266e-07
-3.443871536576669507e-07
-3.455120359776906895e-07
-3.424892349119180721e-07
-3.395933181871410814e-07
-3.376520009625227777e-07
-3.373788338191797737e-07
-3.376517707893973028e-07
-3.371895655264462506e-07
-3.368051799689388735e-07
-3.315931174587087844e-07
-3.310675051790200045e-07
-3.259790206051756097e-07
-3.259328741628113830e-07
-3.259421845619851850e-07
-3.276881183019589280e-07
-3.272946994913608615e-07
-3.284510855250527728e-07
-3.285011041791809175e-07
-3.284983261424923550e-07
-3.283872495825047342e-07
-3.282259027190265545e-07
-3.302546698817564064e-07
-3.316577780034177578e-07
-3.329635946379462515e-07
-3.323113205775711862e-07
-3.328948439337790244e-07
-3.297215365931047289e-07
-3.270955021991868911e-07
-3.283208230110084492e-07
-3.294995579383541767e-07
-3.263494295588187644e-07
-3.265157789829842490e-07
-3.264656191813764629e-07
-3.242463821531022771e-07
-3.256175971280680382e-07
-3.264254488341808074e-07
-3.259714767464077697e-07
-3.276920177940326689e-07
-3.262116656375490589e-07
-3.278472928795538090e-07
-3.254255491295938410e-07
-3.280188029943055504e-07
-3.250283166601516168e-07
-3.237980276641509809e-07
-3.215271180491933135e-07
-3.234818736633477120e-07
-3.211599856435180322e-07
-3.213218068144015932e-07
-3.216836710792354669e-07
-3.218797271598423004e-07
-3.220804460127192711e-07
-3.196950927318046179e-07
-3.198146516017287514e-07
-3.181946127995697937e-07
-3.196995568117246053e-07
-3.216186390936509044e-07
-3.233539598746649702e-07
-3.209349813928458527e-07
-3.207095481215949340e-07
-3.225601757024517262e-07
-3.223152769421212430e-07
-3.243604196703289161e-07
-3.245222769465278140e-07
-3.267226423353983707e-07
-3.280468770309274789e-07
-3.296806721498023036e-07
-3.288005846774328971e-07
-3.290224378357866427e-07
-3.323114211166728151e-07
-3.321753795346502337e-07
-3.320460943454766591e-07
-3.316518271827558736e-07
-3.334428067179830452e-07
-3.333250546200618789e-07
-3.344951719759052946e-07
-3.343972752697167755e-07
-3.342529231904304045e-07
-3.359112830214845046e-07
-3.349445875818181137e-07
-3.322946311825028142e-07
-3.322303517936596613e-07
-3.297607085352300974e-07
-3.285110173888566843e-07
-3.275468350528362726e-07
-3.246278382205761756e-07
-3.259516551423838018e-07
-3.245358428480437994e-07
-3.246167379259903144e-07
-3.249269252119836545e-07
-3.266716711668978098e-07
-3.290828366557379115e-07
-3.285886873688238817e-07
-3.285775560854011671e-07
-3.294159342375742280e-07
-3.294661142866573735e-07
-3.269640116860052100e-07
-3.245074946459726843e-07
-3.245555004199496947e-07
-3.221456262387834829e-07
-3.218836028248893995e-07
-3.196479789258701724e-07
-3.173418633367792838e-07
-3.178693696486451926e-07
-3.182119068969880593e-07
-3.185259050720691125e-07
-3.179108329045035700e-07
-3.184079805009746009e-07
-3.187148751845981009e-07
-3.205881524591875264e-07
-3.224656009454886444e-07
-3.175677360344474506e-07
-3.179406393625233139e-07
-3.200733192923739649e-07
-3.220274997715226194e-07
-3.233824699430390868e-07
-3.235587505586755478e-07
-3.211334380289116648e-07
-3.228848254664748840e-07
-3.227894637636662753e-07
-3.242501807708507241e-07
-3.245762056765011903e-07
-3.258997842742320359e-07
-3.235677652147968324e-07
-3.255712765538828838e-07
-3.257148783073649461e-07
-3.233657935885210349e-07
-3.239261115848212366e-07
-3.273876120948762549e-07
-3.298536059901918452e-07
-3.274041801276488206e-07
-3.278527348579942738e-07
-3.295863213749383107e-07
-3.271903313650183566e-07
-3.284448185214568308e-07
-3.284648601821412188e-07
-3.287013907922588056e-07
-3.287620832031721014e-07
-3.301335641423556559e-07
-3.301065683001751097e-07
-3.300885954285819939e-07
-3.300734952178306319e-07
-3.275261865931879235e-07
-3.275968896365743100e-07
-3.292681667242530341e-07
-3.311715934359375518e-07
-3.339438441918290924e-07
-3.313647408221752428e-07
-3.324881840828267576e-07
-3.340379517534417597e-07
-3.334759950542441714e-07
-3.335448390457374348e-07
-3.334250291633625417e-07
-3.332566615842228886e-07
-3.348390444700538656e-07
-3.358918537029636251e-07
-3.356937832146547406e-07
-3.366887187811194250e-07
-3.361811571294352618e-07
-3.359569078054028682e-07
-3.358555328208523595e-07
-3.368349285076908643e-07
-3.361252978666048273e-07
-3.372302589447282904e-07
-3.364177702190533624e-07
-3.375020013669348354e-07
-3.322580305847860801e-07
-3.320520565274688625e-07
-3.335835388715029576e-07
-3.317856776015854276e-07
-3.316441700854775982e-07
-3.304629717116306939e-07
-3.286555371943969098e-07
-3.285889898213785873e-07
-3.297609722306141315e-07
-3.287924238781078030e-07
-3.279336568318915713e-07
-3.296047592143553904e-07
-3.269904868857848712e-07
-3.269973379996017704e-07
-3.286688036010896153e-07
-3.282456047097411681e-07
-3.282974096523015744e-07
-3.295650320850972547e-07
-3.296985865923491455e-07
-3.325546156120038653e-07
-3.324299864696087989e-07
-3.334569225668805861e-07
-3.348912555642261719e-07
-3.322588290939965954e-07
-3.296804850595660937e-07
-3.296243691870484090e-07
-3.291390697687721377e-07
-3.266322157313020368e-07
-3.268700836520454315e-07
-3.270760098514264704e-07
-3.266694532412169051e-07
-3.262378296615624321e-07
-3.263484411645959883e-07
-3.276264909846091526e-07
-3.278136244097755733e-07
-3.273935173602595451e-07
-3.291088342708071990e-07
-3.266115640881938050e-07
-3.274345132419023663e-07
-3.270011931567342252e-07
-3.257785921592583645e-07
-3.259350295644185905e-07
-3.259873200652742007e-07
-3.253507240674040406e-07
-3.255052576616637122e-07
-3.263813474147142173e-07
-3.266532878907205664e-07
-3.267387666117589549e-07
-3.268155252311906852e-07
-3.280885893826670775e-07
-3.256308439657878389e-07
-3.257329655923150006e-07
-3.232501081029900023e-07
-3.208702451065507387e-07
-3.185305800829365101e-07
-3.200176864120832227e-07
-3.204106869050656581e-07
-3.206280594387390120e-07
-3.204032573449209148e-07
-3.201988798078509288e-07
-3.204070816320231042e-07
-3.202109640948836609e-07
-3.220916121424770483e-07
-3.231249150710110461e-07
-3.234613228325546566e-07
-3.261277384540763864e-07
-3.261346348329705568e-07
-3.277431302047148605e-07
-3.277177412301604348e-07
-3.276936040122378151e-07
-3.276857484499766969e-07
-3.251891852325951122e-07
-3.248063924046168883e-07
-3.260732693119230135e-07
-3.244442866699318528e-07
-3.244044562722932306e-07
-3.244541359178266787e-07
-3.245546379457910235e-07
-3.248086207656180776e-07
-3.265084122650992766e-07
-3.240452738800730012e-07
-3.257890704636741690e-07
-3.258799908395991948e-07
-3.259011169423866209e-07
-3.259764134211008641e-07
-3.223245897608007720e-07
-3.224899448112251918e-07
-3.227234144918807844e-07
-3.229309336387313362e-07
-3.231304963135338064e-07
-3.203549587064231144e-07
-3.206746714684808757e-07
-3.183517611860626163e-07
-3.187183503103080665e-07
-3.188719940217396064e-07
-3.192274931866389904e-07
-3.191060937139870656e-07
-3.206363741076839008e-07
-3.204765407472962642e-07
-3.223830880786720865e-07
-3.201836268453616158e-07
-3.216389467105845174e-07
-3.242284651409677520e-07
-3.244780575482265081e-07
-3.242144505831047983e-07
-3.243145337939516186e-07
-3.239921809218712180e-07
-3.236696729608754067e-07
-3.235265738792838280e-07
-3.220123185758850489e-07
-3.192478068744871764e-07
-3.195121753329773159e-07
-3.197486133883254169e-07
-3.211986991636156202e-07
-3.214202332437617095e-07
-3.232828012049145446e-07
-3.229363326209807522e-07
-3.259729743241728911e-07
-3.260534754037118811e-07
-3.247696381901930687e-07
-3.240054273019877687e-07
-3.252940362090488953e-07
-3.264920161955920982e-07
-3.252445651770619760e-07
-3.264525540877374876e-07
-3.239410161766444932e-07
-3.255475615836515928e-07
-3.255344032101566179e-07
-3.275911758226812906e-07
-3.274746924843289198e-07
-3.275530912948641672e-07
-3.287813399995698664e-07
-3.281890615134174911e-07
-3.297288591008306089e-07
-3.328288736640777328e-07
-3.338239015177919522e-07
-3.347454164777078394e-07
-3.329586502653320233e-07
-3.326743188799607910e-07
-3.299304990282093741e-07
-3.309755858589123613e-07
-3.300123658593333789e-07
-3.298330647447046771e-07
-3.295952257613856640e-07
-3.305469673550562677e-07
-3.318619700686787625e-07
-3.290612357590095908e-07
-3.263275603178603640e-07
-3.278070575814275423e-07
-3.272303321474641340e-07
-3.266993496127591468e-07
-3.266481527965586741e-07
-3.265975929844220880e-07
-3.265494707565011185e-07
-3.261753862977719624e-07
-3.263055550914577845e-07
-3.237361696118773697e-07
-3.249492466760680017e-07
-3.266225870647800309e-07
-3.236624178454999307e-07
-3.212431717782307356e-07
-3.214616319275695893e-07
-3.232486895354445670e-07
-3.208995178475138136e-07
-3.210704401016684750e-07
-3.215498875008349425e-07
-3.216687441052656460e-07
-3.230389128288781031e-07
-3.231406760492937549e-07
-3.218544930711349185e-07
-3.235849420128319372e-07
-3.236672426764980439e-07
-3.212236895627450809e-07
-3.208811381110994858e-07
-3.210777714495914048e-07
-3.228831748559795899e-07
-3.246615324259040432e-07
-3.259523913336256529e-07
-3.312720888388110945e-07
-3.304833027690289873e-07
-3.302915927371554953e-07
-3.300605735333875453e-07
-3.315272218636589688e-07
-3.308914718107557001e-07
-3.282801674609786191e-07
-3.282162567216034957e-07
-3.299957042413475302e-07
-3.298874670906691806e-07
-3.297820599223170604e-07
-3.296818112953003847e-07
-3.295865177215708441e-07
-3.290548162458788928e-07
-3.319610830301790697e-07
-3.313631485378902818e-07
-3.312334787236191870e-07
-3.287718883720073064e-07
-3.303483692637810976e-07
-3.294708862636695338e-07
-3.306348749191951667e-07
-3.301912811101448909e-07
-3.300997683399964608e-07
-3.316488427718306788e-07
-3.331699588013187558e-07
-3.331625657909588240e-07
-3.319167327880243184e-07
-3.317031490157114820e-07
-3.327402658811589076e-07
-3.322601713552342595e-07
-3.316481621534267685e-07
-3.323693679479684482e-07
-3.323834286105937155e-07
-3.334054733920343851e-07
-3.343619895178278216e-07
-3.342207237633430347e-07
-3.310479412319850513e-07
-3.308213835363198030e-07
-3.306293077683941610e-07
-3.279948203365627468e-07
-3.279525561339315552e-07
-3.274023807841538645e-07
-3.273878731221645798e-07
-3.289933287583107842e-07
-3.317893590791580737e-07
-3.316352116756057764e-07
-3.314826881575306689e-07
-3.283918991684671217e-07
-3.254307579705641425e-07
-3.255341977044736578e-07
-3.256488896364656397e-07
-3.258886704711959663e-07
-3.282797969980887531e-07
-3.294085824288860017e-07
-3.292818307604151087e-07
-3.309604845438261771e-07
-3.307932050981230415e-07
-3.318428498259838581e-07
-3.312295129677929112e-07
-3.311112447906358172e-07
-3.310128963056262369e-07
-3.310534281239432448e-07
-3.309439643666509734e-07
-3.283382767863679516e-07
-3.284178450712224907e-07
-3.283736341114541522e-07
-3.299738924315131190e-07
-3.289982293411570010e-07
-3.307687538664326151e-07
-3.301674678550405529e-07
-3.299245284433966476e-07
-3.299338692050189742e-07
-3.312579739624395671e-07
-3.313352900929194764e-07
-3.312585316680649254e-07
-3.311667181035107344e-07
-3.310440168776816050e-07
-3.321628801814001485e-07
-3.315676507484719776e-07
-3.314591425897282030e-07
-3.313542111577877209e-07
-3.312471288667585075e-07
-3.323675437376818791e-07
-3.297748014603869900e-07
-3.296895493959921790e-07
-3.271399511400508469e-07
-3.242087734101249476e-07
-3.238730737602133717e-07
-3.223111354907491514e-07
-3.195296441788526832e-07
-3.193702445052584010e-07
-3.198589141439074415e-07
-3.214529405877407904e-07
-3.216530151262638165e-07
-3.192938967077202144e-07
-3.211809427970243840e-07
-3.230264246504059479e-07
-3.226840832048220059e-07
-3.230408962330673430e-07
-3.249831329018741168e-07
-3.234290295721580006e-07
-3.237061347529808275e-07
-3.256330225904328279e-07
-3.268911727542779697e-07
-3.269074337115971562e-07
-3.286300515015414148e-07
-3.285346264774161877e-07
-3.284985510178701665e-07
-3.280245468908057786e-07
-3.256720753500842628e-07
-3.269164059868152482e-07
-3.280513108567258795e-07
-3.296296128994549061e-07
-3.295340890184450125e-07
-3.294422350198599299e-07
-3.273475582108882931e-07
-3.262564246796352647e-07
-3.258326808329282942e-07
-3.233628158966117435e-07
-3.251509524733202993e-07
-3.251840159413005776e-07
-3.227602784791575011e-07
-3.205326413835827582e-07
-3.214783390504256190e-07
-3.216759341661878909e-07
-3.218601632622264257e-07
-3.220447302653162321e-07
-3.208531614554494532e-07
-3.210342731633365385e-07
-3.219316341245954988e-07
-3.195369403936516059e-07
-3.197575355299373268e-07
-3.185536027181193440e-07
-3.183320816682600236e-07
-3.187407365979013176e-07
-3.166756770572558695e-07
-3.165824415402478911e-07
-3.168843649629838870e-07
-3.187313174636275689e-07
-3.189975935273662481e-07
-3.162650791352482939e-07
-3.140284430531491240e-07
-3.139886901621108106e-07
-3.118914953324561361e-07
-3.139418617197056229e-07
-3.172052566142332104e-07
-3.139986832974372801e-07
-3.115146486367233361e-07
-3.120426323945049588e-07
-3.126238513701291479e-07
-3.131628880431754668e-07
-3.136962573440472978e-07
-3.137393153810062779e-07
-3.148927949883177847e-07
-3.153580295867682933e-07
-3.131894453659569444e-07
-3.111894632258377576e-07
-3.117755544978915470e-07
-3.123222654698622428e-07
-3.127953561016929066e-07
-3.133032328041573613e-07
-3.137906872906774182e-07
-3.116409824707836306e-07
-3.128825711086945390e-07
-3.145118213701742198e-07
-3.150020153289888726e-07
-3.139490723430697817e-07
-3.135580673834637126e-07
-3.151162225568600386e-07
-3.155867098305719823e-07
-3.160245590773722387e-07
-3.137151978816377639e-07
-3.140570776859115899e-07
-3.159924671292928708e-07
-3.162747066524219763e-07
-3.162553909443117767e-07
-3.165352475306707649e-07
-3.183555076752857481e-07
-3.185409614862053664e-07
-3.199624701491925991e-07
-3.201829564828357543e-07
-3.210305347560273980e-07
-3.212396539639071838e-07
-3.203185113995643911e-07
-3.206686335078171529e-07
-3.208980775324054515e-07
-3.211226186917025369e-07
-3.213331819882265940e-07
-3.185127802151448705e-07
-3.188504487673542092e-07
-3.203211555069675955e-07
-3.217153062945464603e-07
-3.230701234807286423e-07
-3.233019865975649568e-07
-3.241093519969462216e-07
-3.241397524198543165e-07
-3.241669015099146334e-07
-3.253896412444557720e-07
-3.249026726563440816e-07
-3.266754766039275677e-07
-3.266244974458364833e-07
-3.241171844527226682e-07
-3.215835789853376589e-07
-3.233528545554938651e-07
-3.250858981326677040e-07
-3.251154520315913726e-07
-3.251500953768850835e-07
-3.247204093149662501e-07
-3.222818296937223813e-07
-3.237520704505284754e-07
-3.237664981042042121e-07
-3.238360347834368464e-07
-3.250839571026781319e-07
-3.250339916509345674e-07
-3.264000256083828396e-07
-3.300553646486792682e-07
-3.296467271042166866e-07
-3.295133458253715633e-07
-3.295081860851382210e-07
-3.293744015124623651e-07
-3.309565900089613557e-07
-3.307980088792493668e-07
-3.306464900764519090e-07
-3.280258829968981664e-07
-3.250552377905212458e-07
-3.258304067959996262e-07
-3.260124261604399563e-07
-3.260261249056486698e-07
-3.230892749488811717e-07
-3.206644232560807887e-07
-3.220936351684926392e-07
-3.197406532672181056e-07
-3.174137473239151611e-07
-3.151203750612271570e-07
-3.129509696087223726e-07
-3.133268794044819707e-07
-3.137082357190456580e-07
-3.136690657638681013e-07
-3.141004466157037661e-07
-3.145149917247390993e-07
-3.144523713256673713e-07
-3.160487911205582353e-07
-3.163967567141534749e-07
-3.162643396639044946e-07
-3.165601563106426172e-07
-3.180543904305149334e-07
-3.191195233426588987e-07
-3.193526921653155613e-07
-3.170102033285627564e-07
-3.194665695999354200e-07
-3.219030302330614565e-07
-3.220588574483909159e-07
-3.229256561432463595e-07
-3.242416819223709760e-07
-3.242449463854625576e-07
-3.242573593963950296e-07
-3.255723073093329653e-07
-3.256135857261262434e-07
-3.242898400032685970e-07
-3.243264229259707906e-07
-3.239175674861680796e-07
-3.256555373998844952e-07
-3.272546192526128019e-07
-3.243272304431974465e-07
-3.257809745450355085e-07
-3.274218203241964483e-07
-3.287688617956170376e-07
-3.310712097808976777e-07
-3.307805654791373548e-07
-3.277391476654514483e-07
-3.271853767622301943e-07
-3.256148435328445057e-07
-3.255867955160294782e-07
-3.247170488425124356e-07
-3.259400899755180227e-07
-3.258940931374186413e-07
-3.258499670625164402e-07
-3.274084496336556369e-07
-3.271493854155725292e-07
-3.272442735576255587e-07
-3.272784938389540421e-07
-3.281269145671460403e-07
-3.281993118837388846e-07
-3.296927356671858341e-07
-3.302683115284249647e-07
-3.312723514378169104e-07
-3.285377345364902752e-07
-3.279457302551397080e-07
-3.273835756380438286e-07
-3.273174114326587921e-07
-3.272540096755492275e-07
-3.291082427937043243e-07
-3.265162273929906369e-07
-3.247615297086678840e-07
-3.247992985174728005e-07
-3.272290471792094439e-07
-3.271253861314616674e-07
-3.270423916673365355e-07
-3.282823051839346560e-07
-3.258151731270534615e-07
-3.252742713970623462e-07
-3.268499516059021219e-07
-3.268685518068264632e-07
-3.267918382209984930e-07
-3.283200386037791105e-07
-3.281964079854489075e-07
-3.292772405268980506e-07
-3.307310531651265376e-07
-3.305362473564506666e-07
-3.274656880541146408e-07
-3.269336944376049439e-07
-3.268880095197803534e-07
-3.280662172465277621e-07
-3.279597089405046008e-07
-3.294944831852264425e-07
-3.281030961477389448e-07
-3.279841087342139046e-07
-3.280238759254468333e-07
-3.266628573614056410e-07
-3.241787335851666681e-07
-3.241851497917308795e-07
-3.253563659971448598e-07
-3.253482759635041872e-07
-3.253292370254118359e-07
-3.253115099550692077e-07
-3.252908639166179515e-07
-3.268911370787500620e-07
-3.268511600724762859e-07
-3.284282764083202027e-07
-3.258752468783241612e-07
-3.258725980335979258e-07
-3.258702412117946259e-07
-3.258635537141321067e-07
-3.258633793334397700e-07
-3.258143985573868508e-07
-3.254716591204487186e-07
-3.243393984492178268e-07
-3.255218537848593700e-07
-3.254463690375529971e-07
-3.270703871668123434e-07
-3.286112113520657254e-07
-3.301341713573913063e-07
-3.301597985190177922e-07
-3.308906744921819176e-07
-3.307272189403686368e-07
-3.317836689224960009e-07
-3.315698456286945522e-07
-3.303447565725658697e-07
-3.301288499762862699e-07
-3.306889812867605306e-07
-3.304763929793983822e-07
-3.278164043723090026e-07
-3.289087494187371564e-07
-3.286225550155259462e-07
-3.301208684407978179e-07
-3.276183234028145347e-07
-3.291632734344420656e-07
-3.265308072271579464e-07
-3.306929814918306528e-07
-3.304866217157218382e-07
-3.302952442330595196e-07
-3.301622263734031602e-07
-3.299364188672989829e-07
-3.315277710538236157e-07
-3.312661069880907044e-07
-3.285453729351600626e-07
-3.301309872040609696e-07
-3.274754384473259211e-07
-3.249231478942712942e-07
-3.244764781415133049e-07
-3.245594966374005653e-07
-3.246437995397177380e-07
-3.247243248715565899e-07
-3.246739501389650095e-07
-3.263953465379127894e-07
-3.259785744152561819e-07
-3.260631183411252388e-07
-3.277359463687951872e-07
-3.277555334775131434e-07
-3.277206500457174927e-07
-3.277387300412333462e-07
-3.277594520679883060e-07
-3.277249961056733855e-07
-3.277015943298483557e-07
-3.294943027758070676e-07
-3.294554035669657786e-07
-3.294170251219181660e-07
-3.293870427154525498e-07
-3.305271144023366222e-07
-3.305826192148840107e-07
-3.306206146882771444e-07
-3.304656156826938340e-07
-3.303025143456330121e-07
-3.314122422736066315e-07
-3.319408859777590631e-07
-3.325406035234416408e-07
-3.335372278351401881e-07
-3.333298108485864387e-07
-3.330712103208266453e-07
-3.328789110287680651e-07
-3.340335870513002552e-07
-3.344645600575225530e-07
-3.334272730159108219e-07
-3.348832350237597247e-07
-3.321606052672352441e-07
-3.321614781405546810e-07
-3.318172923248095932e-07
-3.292417727685877680e-07
-3.307945626227269144e-07
-3.282323450701524910e-07
-3.298087126943591757e-07
-3.255012752985633007e-07
-3.252239559779789965e-07
-3.253078011479293376e-07
-3.228418318741037189e-07
-3.230002895621759358e-07
-3.205536934597339061e-07
-3.207339351834746629e-07
-3.209637918424224651e-07
-3.227690541359558627e-07
-3.256927623478169939e-07
-3.264731569262406373e-07
-3.264616325706778773e-07
-3.264995383476273346e-07
-3.265547342100943360e-07
-3.236587715461405497e-07
-3.249887290772757114e-07
-3.250672391983619626e-07
-3.238087858388291409e-07
-3.256773730475669235e-07
-3.257074746541426523e-07
-3.281308053402815330e-07
-3.296846117614126555e-07
-3.328765321725255963e-07
-3.317308273640144229e-07
-3.323336948044932767e-07
-3.321135144185330769e-07
-3.294155167889881958e-07
-3.268461345475506286e-07
-3.270717708990786666e-07
-3.281868222687494610e-07
-3.280790676747059609e-07
-3.279614756563775671e-07
-3.274038296959936318e-07
-3.287134768569656721e-07
-3.260217258128397237e-07
-3.275610839762029446e-07
-3.274217818425801529e-07
-3.285785696096791667e-07
-3.298474160625770496e-07
-3.291889047944473350e-07
-3.264679297165513228e-07
-3.265543174403850939e-07
-3.265641781891681285e-07
-3.238921615072351731e-07
-3.222974023624311241e-07
-3.223358113416088753e-07
-3.223414637677969058e-07
-3.197715763322960645e-07
-3.200558574730191187e-07
-3.203296280878096666e-07
-3.204273231538718413e-07
-3.178358614375544698e-07
-3.153511780683523425e-07
-3.141007353643411170e-07
-3.144032106017069077e-07
-3.142608079485400774e-07
-3.145297481173550223e-07
-3.148490688862775166e-07
-3.150568499832545013e-07
-3.153343330052166643e-07
-3.167336917317574805e-07
-3.138983468390746034e-07
-3.142499641902633729e-07
-3.146051848586308759e-07
-3.120154210813242390e-07
-3.143614311855935678e-07
-3.147066342918579168e-07
-3.150564761097991258e-07
-3.153796809640192745e-07
-3.156903172100966510e-07
-3.159917055249704836e-07
-3.173944612455296467e-07
-3.187738787139508103e-07
-3.201541565440362449e-07
-3.173262482253295493e-07
-3.175234359274102530e-07
-3.177140136031150957e-07
-3.180571914812982606e-07
-3.182290732834140846e-07
-3.184102293276126908e-07
-3.180798924150474465e-07
-3.175389834001333217e-07
-3.177220776365768441e-07
-3.176614508293476067e-07
-3.179321795126918428e-07
-3.177318647399044144e-07
-3.180025421893456111e-07
-3.182627873019105912e-07
-3.159571586581215636e-07
-3.144144004368473369e-07
-3.159398044575797307e-07
-3.162433986299404371e-07
-3.157667082740296083e-07
-3.176577117122805488e-07
-3.174618063934275060e-07
-3.206408158086955309e-07
-3.236261263994718248e-07
-3.248840165944783656e-07
-3.225233051530137261e-07
-3.243980689325114882e-07
-3.232072568890872257e-07
-3.233864260485551495e-07
-3.231058118620456906e-07
-3.230196647587341453e-07
-3.232411952328566844e-07
-3.229306483338003472e-07
-3.243112413871937674e-07
-3.239936941848300381e-07
-3.224820589438069519e-07
-3.238647673161178017e-07
-3.242181111457814683e-07
-3.243904224518519001e-07
-3.284862255136749944e-07
-3.285360656431239220e-07
-3.302851560738341474e-07
-3.277540542808430863e-07
-3.293831264220038441e-07
-3.289561663001784884e-07
-3.306100827851064745e-07
-3.322432418005605044e-07
-3.330944548953536727e-07
-3.321694711971547826e-07
-3.333104826975765377e-07
-3.364917040061796924e-07
-3.363181245318642770e-07
-3.362906630958618672e-07
-3.361069185314790287e-07
-3.375524371361626649e-07
-3.385272994379363068e-07
-3.382460088435869254e-07
-3.379229355392244601e-07
-3.352481042433036417e-07
-3.326409986414423411e-07
-3.325727778503854851e-07
-3.320457123530215429e-07
-3.319467791055309020e-07
-3.335449723167370561e-07
-3.297248924898940267e-07
-3.292963497438853594e-07
-3.263870576236937232e-07
-3.260730384345175421e-07
-3.262564904381126354e-07
-3.259688343747596744e-07
-3.236469590335278369e-07
-3.250593825170597833e-07
-3.252624504872259333e-07
-3.255030883873934579e-07
-3.233547907146412263e-07
-3.264007485653501535e-07
-3.240174111057072676e-07
-3.249167038505764881e-07
-3.258256660891864299e-07
-3.267468637571195928e-07
-3.238948913098138193e-07
-3.252983350349806375e-07
-3.271792883775738369e-07
-3.268732990971853484e-07
-3.272699682637288777e-07
-3.270227457496353593e-07
-3.290462053421584260e-07
-3.266843598360071136e-07
-3.309801268941487813e-07
-3.310877277895807097e-07
-3.330118469872862657e-07
-3.330373133206748850e-07
-3.342158966720359665e-07
-3.346866790277596104e-07
-3.346593017884344263e-07
-3.343105885081984297e-07
-3.317797742731232305e-07
-3.327641611563118070e-07
-3.339251797553843611e-07
-3.354857949897132495e-07
-3.353349238472152612e-07
-3.392507166262533599e-07
-3.401692695623311480e-07
-3.405856406252209796e-07
-3.402344682450585742e-07
-3.415593228892892751e-07
-3.411829815651029037e-07
-3.425167394948351145e-07
-3.421259332457096708e-07
-3.414381235814866751e-07
-3.410909730963816306e-07
-3.383858217781574517e-07
-3.382884683380720202e-07
-3.381789313106063612e-07
-3.379094511774434035e-07
-3.392893314561145081e-07
-3.387054253017692196e-07
-3.386001997049769542e-07
-3.383627743158380699e-07
-3.384877323581427757e-07
-3.382720799960542547e-07
-3.365393597019563457e-07
-3.375530593774326741e-07
-3.348973422633010462e-07
-3.347435479577714879e-07
-3.347584492368568287e-07
-3.347637682839760256e-07
-3.350781307482604349e-07
-3.344730087387684345e-07
-3.345259205029507353e-07
-3.344127393851434171e-07
-3.343018881216143324e-07
-3.358835588031518793e-07
-3.357318876372035288e-07
-3.367747842974153506e-07
-3.372881179645289339e-07
-3.370094531793438204e-07
-3.368074960513960854e-07
-3.365763314696733027e-07
-3.386918735146206264e-07
-3.383654598310376004e-07
-3.382106625930673514e-07
-3.356280004569635212e-07
-3.353774308058061836e-07
-3.358914500467778621e-07
-3.364042796575654732e-07
-3.361329916231743982e-07
-3.370856543089201361e-07
-3.367144913202066057e-07
-3.340007628044482180e-07
-3.310823839752316875e-07
-3.312347047079831180e-07
-3.286003273578383191e-07
-3.294994830742157660e-07
-3.306428881559054092e-07
-3.316568433505031098e-07
-3.314527282149308677e-07
-3.312562803412430732e-07
-3.323188837116055330e-07
-3.337403239452134657e-07
-3.347039480809118964e-07
-3.356456854231964363e-07
-3.329255418736028641e-07
-3.326776972874668842e-07
-3.343999883832376609e-07
-3.358062417238590673e-07
-3.356380551757765868e-07
-3.353026836490552844e-07
-3.337592289755590773e-07
-3.334651265733953362e-07
-3.343590786419161120e-07
-3.335954241364523424e-07
-3.325932726542567186e-07
-3.329006409947120451e-07
-3.326024383415974854e-07
-3.310833065645315236e-07
-3.308034296591569851e-07
-3.300552216777900014e-07
-3.298646350327339544e-07
-3.308812147511579948e-07
-3.306743572975241458e-07
-3.305253561472056154e-07
-3.315049485366460083e-07
-3.311043280225306762e-07
-3.319754422283019236e-07
-3.312643661205894057e-07
-3.285917550425274264e-07
-3.312855660931672251e-07
-3.310502972885853512e-07
-3.283589468720352936e-07
-3.282283734245746254e-07
-3.280988314449215531e-07
-3.279938898765315444e-07
-3.272263442700556750e-07
-3.283560871788631864e-07
-3.297415669802476746e-07
-3.307717900002222119e-07
-3.321923781797417239e-07
-3.337037506048649319e-07
-3.331234666735808565e-07
-3.328514284385205617e-07
-3.333621800317336480e-07
-3.330801656348181382e-07
-3.328097098463567273e-07
-3.312999559272441658e-07
-3.310417362278677736e-07
-3.308196624719622965e-07
-3.307166698499541254e-07
-3.300556911825218011e-07
-3.316994650151578701e-07
-3.285711023224681535e-07
-3.284782831796827460e-07
-3.307958699203153469e-07
-3.317924114017092855e-07
-3.290513487180947511e-07
-3.288665081584371865e-07
-3.286416755189609911e-07
-3.284813530960409615e-07
-3.282220317246995976e-07
-3.275864637040502567e-07
-3.270442421284027613e-07
-3.269931793128127443e-07
-3.269498200074062261e-07
-3.257841038177431871e-07
-3.257587352145235782e-07
-3.260211806983032751e-07
-3.275572795909931837e-07
-3.269394533052968948e-07
-3.275824202347371981e-07
-3.288294812381705079e-07
-3.281626037735386125e-07
-3.280494867868683204e-07
-3.274635212501459911e-07
-3.273585902678968889e-07
-3.247967173006074922e-07
-3.248278503502668251e-07
-3.248454313063603257e-07
-3.244240640641738774e-07
-3.261304682474955889e-07
-3.267670604155476767e-07
-3.262789741924997959e-07
-3.262623122804140493e-07
-3.263611079647927195e-07
-3.264572354681804697e-07
-3.239959021668553793e-07
-3.241584540601163792e-07
-3.243065455951322151e-07
-3.215377666047631032e-07
-3.217692731606688741e-07
-3.228187522409340757e-07
-3.246074643954932937e-07
-3.248773761463040227e-07
-3.261477685327056334e-07
-3.257006975126261383e-07
-3.257523849108556432e-07
-3.258047877159739941e-07
-3.233209037918816851e-07
-3.229217906995246118e-07
-3.247040793288962916e-07
-3.243028353401880450e-07
-3.272678384317509944e-07
-3.289885711185841238e-07
-3.291371508217758336e-07
-3.291039000908906202e-07
-3.304801350698900569e-07
-3.273620135360179976e-07
-3.285959775946875740e-07
-3.272234059461306187e-07
-3.278736302878644874e-07
-3.279007527037415411e-07
-3.288205175997383150e-07
-3.288207055618120909e-07
-3.266533782151579639e-07
-3.241678362472659196e-07
-3.217202224902046047e-07
-3.222889553142454420e-07
-3.248590517087100951e-07
-3.268576755576408453e-07
-3.259604333309630604e-07
-3.260589848557569794e-07
-3.262548271026647210e-07
-3.274884459412396872e-07
-3.285962304742594649e-07
-3.285871751204878715e-07
-3.273653566623803350e-07
-3.286812241185029753e-07
-3.310453421063546022e-07
-3.285733982208879033e-07
-3.286519469337523257e-07
-3.282316125339236641e-07
-3.281646865123643005e-07
-3.255876739030196233e-07
-3.230732096551811371e-07
-3.244804098586679035e-07
-3.259202061812888229e-07
-3.259353024617510349e-07
-3.259332737463646915e-07
-3.271627522338893050e-07
-3.270935730530091120e-07
-3.254362537480522715e-07
-3.254276967333351091e-07
-3.254055323429003167e-07
-3.253798053794092446e-07
-3.269889909124587589e-07
-3.269350680379408730e-07
-3.243614756802882956e-07
-3.244126346804370286e-07
-3.244609241436446101e-07
-3.260978663828490750e-07
-3.260948931864290318e-07
-3.260915025525424872e-07
-3.260911081140067961e-07
-3.266738593687966850e-07
-3.268087331026081511e-07
-3.267959547012361063e-07
-3.284259687968706191e-07
-3.279350316106275717e-07
-3.275327437557783486e-07
-3.249681695893780776e-07
-3.223664430496273512e-07
-3.225392283918402807e-07
-3.240329495972856806e-07
-3.253511748384104781e-07
-3.254360201984256170e-07
-3.229329811710810225e-07
-3.230272719857637637e-07
-3.214353487012484237e-07
-3.189990017469985285e-07
-3.163942786643782298e-07
-3.169048978343258266e-07
-3.145749233009340853e-07
-3.161613211506304839e-07
-3.164964884592703967e-07
-3.168015847715024965e-07
-3.146342347743959664e-07
-3.147179195092112437e-07
-3.162611354484138843e-07
-3.161127633832289466e-07
-3.137358766701722805e-07
-3.157050942471463772e-07
-3.176374687039160413e-07
-3.180858542856596976e-07
-3.196767375957608716e-07
-3.183533707105860881e-07
-3.203800156466010917e-07
-3.217829964689103215e-07
-3.230625474971413288e-07
-3.231204168148644072e-07
-3.231306182132874232e-07
-3.244148573537993831e-07
-3.244219627644737702e-07
-3.260531504392047178e-07
-3.260229277139007360e-07
-3.275889810316076101e-07
-3.251656356958394597e-07
-3.268240279936147061e-07
-3.268369522676837873e-07
-3.268173839407974238e-07
-3.279189335565079337e-07
-3.307581818863768842e-07
-3.301712188037828318e-07
-3.302160706800933275e-07
-3.291987487038009143e-07
-3.314903803867692870e-07
-3.313274169821760347e-07
-3.283871200412822943e-07
-3.283577949905640583e-07
-3.301308294339064395e-07
-3.274600678692212138e-07
-3.290591392929626072e-07
-3.290159073814508518e-07
-3.289536984388196178e-07
-3.313055679355970511e-07
-3.310658177787969054e-07
-3.308888447254301006e-07
-3.293884432692832388e-07
-3.292995851186941916e-07
-3.293660050746940165e-07
-3.292730587609018313e-07
-3.291823096895740206e-07
-3.307219814268254862e-07
-3.306038643653708348e-07
-3.300296479182756588e-07
-3.328524520428199177e-07
-3.311600429331736591e-07
-3.310563363937443222e-07
-3.326619323021188475e-07
-3.301801368255291891e-07
-3.301360149794648116e-07
-3.285934990136445294e-07
-3.286381253873702272e-07
-3.282091535158395148e-07
-3.300122838076069499e-07
-3.283621286959380986e-07
-3.279051448333414438e-07
-3.255603004437329146e-07
-3.232481152163505623e-07
-3.251208493063918794e-07
-3.270972497520999139e-07
-3.271550794077328243e-07
-3.272591082093154207e-07
-3.285251140429793007e-07
-3.285718620521261575e-07
-3.294041132527413063e-07
-3.310490827288713696e-07
-3.326982466745546438e-07
-3.339313777323233965e-07
-3.312805322511097034e-07
-3.328385540556258218e-07
-3.328728497474524192e-07
-3.322885584630281021e-07
-3.319012559832537921e-07
-3.293663737468442648e-07
-3.293793586411584685e-07
-3.345349153668220772e-07
-3.343854080681272145e-07
-3.354485627336171159e-07
-3.365709823567114790e-07
-3.365602609231731964e-07
-3.375437697374122766e-07
-3.373045000414248887e-07
-3.367402506126822672e-07
-3.341319372299847714e-07
-3.340150411131905281e-07
-3.333816267885181182e-07
-3.330089537791136129e-07
-3.313490539838558915e-07
-3.314807688210893150e-07
-3.335570390094978163e-07
-3.334459876841254954e-07
-3.341454694656582546e-07
-3.341932553096173879e-07
-3.357608868144106593e-07
-3.332103762342338239e-07
-3.306565254393502904e-07
-3.303890809966727328e-07
-3.305782670914672230e-07
-3.313354743068745783e-07
-3.287804269140537080e-07
-3.288509313176534213e-07
-3.289313851751703470e-07
-3.289885723986750003e-07
-3.306745514799627762e-07
-3.308093682556768613e-07
-3.309159261867543466e-07
-3.348561636562273144e-07
-3.322749876969005743e-07
-3.313272170920194418e-07
-3.309128372052883453e-07
-3.309967564974920142e-07
-3.310553560427220553e-07
-3.311081070452227916e-07
-3.311723254494031076e-07
-3.312241102693846978e-07
-3.312724472759582093e-07
-3.312995325043928256e-07
-3.313217221893342881e-07
-3.320581168933131518e-07
-3.329774384382082387e-07
-3.304479955320044837e-07
-3.270697401426528815e-07
-3.279120464914222975e-07
-3.256972943666804992e-07
-3.254192097006821721e-07
-3.238666397629312957e-07
-3.241580501954036513e-07
-3.230323771213802397e-07
-3.244315842321736658e-07
-3.220120047597559692e-07
-3.229720165568707405e-07
-3.232151468121520507e-07
-3.234466822920789655e-07
-3.236671399172338042e-07
-3.238754797420000914e-07
-3.236071689931240229e-07
-3.241299106785803509e-07
-3.259093566707552575e-07
-3.258649436581254012e-07
-3.260120399126937539e-07
-3.262993556991728045e-07
-3.280365110822558600e-07
-3.281003890544169581e-07
-3.281131519028297999e-07
-3.283280364733318562e-07
-3.283874279671556408e-07
-3.259408118959823951e-07
-3.272369424495060736e-07
-3.274354606075285791e-07
-3.281750569784309748e-07
-3.277175501762090901e-07
-3.294106479810716238e-07
-3.293463855961155668e-07
-3.305337041749709857e-07
-3.279505933748529507e-07
-3.281157974840219987e-07
-3.276750008999160739e-07
-3.272433464642769947e-07
-3.272063541744157692e-07
-3.272273447224407531e-07
-3.285026678920445394e-07
-3.259790359678330322e-07
-3.255836000265334300e-07
-3.230667674263903693e-07
-3.227355709279771767e-07
-3.224989532654040062e-07
-3.250899879137824924e-07
-3.270273036695590519e-07
-3.270771214072850195e-07
-3.282170876018944437e-07
-3.270372585022317235e-07
-3.277393508660498095e-07
-3.276496810258778160e-07
-3.277625081237193364e-07
-3.277341633657804290e-07
-3.260198779033695661e-07
-3.260181517170303503e-07
-3.271276634146305533e-07
-3.272728910545843881e-07
-3.276517428951961590e-07
-3.250788319278105531e-07
-3.260481254360255216e-07
-3.272008858084617660e-07
-3.266838994668989797e-07
-3.242482585387401015e-07
-3.213796822352279260e-07
-3.192015046176291108e-07
-3.191564831660415999e-07
-3.195855673683430021e-07
-3.193308863405903327e-07
-3.196321448762569133e-07
-3.210765626449857676e-07
-3.214233783747712631e-07
-3.206664751971689381e-07
-3.203857742852735979e-07
-3.176361660153929638e-07
-3.150076417795680225e-07
-3.154155374393852238e-07
-3.148542409186710419e-07
-3.153013227243610852e-07
-3.127513260675824135e-07
-3.146185940360574276e-07
-3.136793797150097443e-07
-3.132277063343390943e-07
-3.153552541543263081e-07
-3.127410803175489264e-07
-3.105952854904708128e-07
-3.112151715694541717e-07
-3.114338791492417186e-07
-3.116551898810232589e-07
-3.096759146071392989e-07
-3.119070372339099386e-07
-3.126630828305795489e-07
-3.106608306755438714e-07
-3.086894785213023038e-07
-3.093730833291046827e-07
-3.111283033776909778e-07
-3.118188139932915335e-07
-3.122768117076129259e-07
-3.134486500693442754e-07
-3.134139578392001749e-07
-3.138352456373115793e-07
-3.116760210188971077e-07
-3.121896848582694317e-07
-3.138043510917856265e-07
-3.142367086377617675e-07
-3.146266628981723169e-07
-3.123800790024432308e-07
-3.139721728530559231e-07
-3.159851173810820630e-07
-3.157866504523599257e-07
-3.177262601853934488e-07
-3.180288062551435352e-07
-3.182515279888372357e-07
-3.197519182274786493e-07
-3.199589121071118011e-07
-3.198806993500993346e-07
-3.200773152051156382e-07
-3.189161072110506594e-07
-3.190664637245783389e-07
-3.187921694076431732e-07
-3.202216657560038478e-07
-3.178088065188334302e-07
-3.192623238827698735e-07
-3.189216374903526758e-07
-3.192463222410968133e-07
-3.169552862275627600e-07
-3.169806689245319733e-07
-3.195792029055119140e-07
-3.191912732877293633e-07
-3.193041473728539662e-07
-3.194032289059103378e-07
-3.196583579346714368e-07
-3.171959540858736251e-07
-3.148154406728527299e-07
-3.120127164781237926e-07
-3.097218766370911453e-07
-3.112749699982812478e-07
-3.091636512141425877e-07
-3.097522154924000175e-07
-3.092456349609746920e-07
-3.091364667160272508e-07
-3.096273274942279938e-07
-3.116909313023571946e-07
-3.116331561020139007e-07
-3.131758758894515312e-07
-3.136777289801618608e-07
-3.151077131203219131e-07
-3.149743918465547583e-07
-3.160020134103825599e-07
-3.138650811607795467e-07
-3.141830348528782349e-07
-3.145128299403774277e-07
-3.148199062076410603e-07
-3.162709802160946423e-07
-3.193040176121163206e-07
-3.211741324861606120e-07
-3.182768149736186848e-07
-3.198227987864483860e-07
-3.201122358687388880e-07
-3.201856181755450338e-07
-3.203356167799173923e-07
-3.204511153293404477e-07
-3.213431974737498627e-07
-3.216001254386484505e-07
-3.192588403392106910e-07
-3.205818805058335902e-07
-3.206902121856891796e-07
-3.223871100877546934e-07
-3.235732865130875478e-07
-3.251139906264178681e-07
-3.250680709616740114e-07
-3.253167168699123158e-07
-3.281428818570918811e-07
-3.256625350090884550e-07
-3.256880986626161755e-07
-3.267869417582920559e-07
-3.266159584017156962e-07
-3.265555744404279290e-07
-3.265395805454280426e-07
-3.263459237822068570e-07
-3.262789597968443027e-07
-3.260511053158409798e-07
-3.257806846218904145e-07
-3.227280131157811691e-07
-3.243382856456946753e-07
-3.241722892026149021e-07
-3.240541947387059170e-07
-3.251774007819905537e-07
-3.224900345234359630e-07
-3.223274332878127501e-07
-3.223311718027381148e-07
-3.219721470196289529e-07
-3.195048356342423741e-07
-3.198736236784578051e-07
-3.199881585401663939e-07
-3.172050130792443606e-07
-3.190482844199723922e-07
-3.175251378427219202e-07
-3.177511450311709390e-07
-3.153203386807209421e-07
-3.155264034326955532e-07
-3.156871256175200958e-07
-3.160163061583219860e-07
-3.137386121997499002e-07
-3.139584802549489022e-07
-3.142651880238719650e-07
-3.115684246688721438e-07
-3.121657152128509517e-07
-3.098837637144806137e-07
-3.098896925626938058e-07
-3.104370649987994499e-07
-3.109113303489724158e-07
-3.114295722852211522e-07
-3.100347693447308876e-07
-3.079003473966483096e-07
-3.079483390314725262e-07
-3.085011515485134790e-07
-3.089912674325330927e-07
-3.093113450960243833e-07
-3.097842116250278229e-07
-3.118632275736165825e-07
-3.119259640091838341e-07
-3.135380376871195987e-07
-3.138726426651392848e-07
-3.091748382312819049e-07
-3.099183258884317063e-07
-3.099329737906955233e-07
-3.074856521372021978e-07
-3.096195520182270425e-07
-3.075169464307790162e-07
-3.083679881006035408e-07
-3.090973506263148529e-07
-3.096405571662392363e-07
-3.118404344729780141e-07
-3.126063782293991620e-07
-3.105850148738433889e-07
-3.128940182083566666e-07
-3.148025413471891627e-07
-3.151330720451313614e-07
-3.150498714287907499e-07
-3.140125132116110130e-07
-3.144354545696796075e-07
-3.160696735069461772e-07
-3.139785550574231253e-07
-3.167575250262313471e-07
-3.170832388460865708e-07
-3.172294355048487403e-07
-3.175388967454869735e-07
-3.195855302053953811e-07
-3.196905425979510837e-07
-3.185088482001162070e-07
-3.187303736755932396e-07
-3.184763109720779715e-07
-3.184953926019518123e-07
-3.212717226473499763e-07
-3.207250246691744407e-07
-3.219147960351368677e-07
-3.205853398311468647e-07
-3.178709172019170553e-07
-3.192824595573149732e-07
-3.167622774252178320e-07
-3.170065199839480707e-07
-3.170737188267649381e-07
-3.187472236565775927e-07
-3.203416775770662526e-07
-3.219036521445987977e-07
-3.243159403098518233e-07
-3.241550747741867211e-07
-3.241958591270978941e-07
-3.255206399442264916e-07
-3.266624671828207231e-07
-3.236345889862123853e-07
-3.260006970673054180e-07
-3.256592187369119818e-07
-3.262278169337024658e-07
-3.264201583207010450e-07
-3.276552128965083067e-07
-3.275124820621243638e-07
-3.273309628495710839e-07
-3.243295028219179306e-07
-3.252853176614370461e-07
-3.252263067108442388e-07
-3.248998564028711686e-07
-3.249386815744469217e-07
-3.249319118227490774e-07
-3.248744590244452107e-07
-3.246047678195051333e-07
-3.230841382540827600e-07
-3.204154657024237967e-07
-3.215597731761320303e-07
-3.214704659659936676e-07
-3.186068132208829509e-07
-3.187387818749396447e-07
-3.162330632950648408e-07
-3.172160311906462910e-07
-3.172429510547385098e-07
-3.177769451086555994e-07
-3.197939399634929119e-07
-3.199585913671606571e-07
-3.216708095650156743e-07
-3.192399166209700229e-07
-3.184340060560151885e-07
-3.180220617551368043e-07
-3.182191688282059984e-07
-3.198751149583069646e-07
-3.197343450190048819e-07
-3.190611179084376230e-07
-3.214275706955681699e-07
-3.213935694941535396e-07
-3.209285514132327927e-07
-3.209627010409483660e-07
-3.212005465775052234e-07
-3.185801119765042264e-07
-3.183740585998704418e-07
-3.187741414502608257e-07
-3.190170925071602294e-07
-3.189788698446544672e-07
-3.201127273305055507e-07
-3.205251365067701874e-07
-3.207977173752479214e-07
-3.206847495415314619e-07
-3.218559065829147039e-07
-3.169814265821753348e-07
-3.174087485126242265e-07
-3.189937588307530797e-07
-3.185310524917504157e-07
-3.188201219408118370e-07
-3.196087393673205157e-07
-3.199794073491265496e-07
-3.175221102634691529e-07
-3.192427765310758441e-07
-3.191577029387022765e-07
-3.193635596384657634e-07
-3.170401146150682915e-07
-3.191765683648850858e-07
-3.212151840244134091e-07
-3.222551905898463718e-07
-3.193491544503649953e-07
-3.199714893552534803e-07
-3.226557600632215106e-07
-3.222414703125919946e-07
-3.200202194996120375e-07
-3.175132152139134110e-07
-3.191893898563671397e-07
-3.186950287231314873e-07
-3.201716070130917879e-07
-3.203082103002219932e-07
-3.180413977564725716e-07
-3.193348188362019852e-07
-3.193623886197419286e-07
-3.210472755947408432e-07
-3.224002139726563045e-07
-3.238134093455401199e-07
-3.227746271911422228e-07
-3.228251655370499345e-07
-3.228291874604491237e-07
-3.243709109544529818e-07
-3.243810110473128897e-07
-3.239064410062200810e-07
-3.255076523530570045e-07
-3.267025898442362052e-07
-3.262616984502670213e-07
-3.238104751016105107e-07
-3.245580153715209211e-07
-3.260289035699046312e-07
-3.265561344390202329e-07
-3.304639222976664312e-07
-3.319794271051824055e-07
-3.323532511621273162e-07
-3.321877181176914619e-07
-3.301014664128974816e-07
-3.280526162987940381e-07
-3.262434865770286300e-07
-3.237405037156797206e-07
-3.233844695340524069e-07
-3.250548490315250074e-07
-3.266880168015444973e-07
-3.255021430233746033e-07
-3.243497859037477094e-07
-3.238230780254735554e-07
-3.260291648484933909e-07
-3.268970586084409888e-07
-3.248300110245361799e-07
-3.229473712849554979e-07
-3.244276451227878360e-07
-3.240592790497125587e-07
-3.232129922170753749e-07
-3.273410308275967133e-07
-3.273353455268453545e-07
-3.280993277434157513e-07
-3.308263475386212519e-07
-3.291392051022083647e-07
-3.265907665359060866e-07
-3.226381616771649717e-07
-3.228978520144206861e-07
-3.232486362934790372e-07
-3.245040611567798046e-07
-3.262439985278316373e-07
-3.285979359326518758e-07
-3.285934275254246984e-07
-3.312343404013198718e-07
-3.308414851946805737e-07
-3.279068111157133317e-07
-3.261479783329272689e-07
-3.264458603399644873e-07
-3.257865160326864411e-07
-3.252331186898039281e-07
-3.247479634988560462e-07
-3.278872048425775295e-07
-3.280288573318182645e-07
-3.285950516458317701e-07
-3.294772195940455735e-07
-3.256270915547298386e-07
-3.243797548817042867e-07
-3.238467123464870482e-07
-3.240664415666675529e-07
-3.215875204963837137e-07
-3.240723053700460495e-07
-3.251518698172852826e-07
-3.255926986201526699e-07
-3.247904832814811091e-07
-3.226841084403744948e-07
-3.204870106569674753e-07
-3.214061187737172867e-07
-3.233208410782709723e-07
-3.205632305095319518e-07
-3.183114611171094009e-07
-3.213700339906883974e-07
-3.174583663924592037e-07
-3.167006324132343274e-07
-3.162780424524364169e-07
-3.158973821416690090e-07
-3.156694562148823646e-07
-3.173499247271683174e-07
-3.190425105023507063e-07
-3.207656653158161591e-07
-3.205589410015596289e-07
-3.208242151129576408e-07
-3.225663903729871896e-07
-3.222382778272729944e-07
-3.220443238412608433e-07
-3.204307613944601985e-07
-3.160562467801895278e-07
-3.164267526535740157e-07
-3.163976459204429449e-07
-3.168680519946952764e-07
-3.195303237343089658e-07
-3.190471747300967739e-07
-3.201423875919057069e-07
-3.213694949927978836e-07
-3.195587809193196446e-07
-3.220510988540451239e-07
-3.186854691378431559e-07
-3.178450035749788116e-07
-3.171195034839609239e-07
-3.168935430486329411e-07
-3.184901253214800445e-07
-3.178984958587490022e-07
-3.189433045292266522e-07
-3.184601794028324800e-07
-3.182278144702458216e-07
-3.181120521778735970e-07
-3.154099464815692590e-07
-3.172353144797835445e-07
-3.193425116177288489e-07
-3.202280878111194899e-07
-3.173473201584190225e-07
-3.186731339601179505e-07
-3.219529457205110901e-07
-3.223135079841457126e-07
-3.249708694989917216e-07
-3.249206841602290074e-07
-3.259098933068113415e-07
-3.273738968810334292e-07
-3.251642633351930531e-07
-3.220561526366011418e-07
-3.195176389968389295e-07
-3.229566099181016676e-07
-3.258744954960599148e-07
-3.282126710664743515e-07
-3.272869415962216034e-07
-3.244441020839579747e-07
-3.232549096381739512e-07
-3.230130941982741924e-07
-3.202651623155651105e-07
-3.208972445144509958e-07
-3.220339853756589356e-07
-3.253632915000728698e-07
-3.242335823775019473e-07
-3.233637969894483131e-07
-3.216270327174098366e-07
-3.179283887713970519e-07
-3.170703256072268893e-07
-3.207927546217520812e-07
-3.251937900481529224e-07
-3.205758697830788621e-07
-3.237522827784324272e-07
-3.277944117406572679e-07
-3.287760778604963442e-07
-3.305043839571605371e-07
-3.330465149183866205e-07
-3.328205885588737685e-07
-3.350192403653335563e-07
-3.340393263623753415e-07
-3.324768997337104184e-07
-3.298330700061936657e-07
-3.286832643471704135e-07
-3.282054168234076565e-07
-3.310565246538451583e-07
-3.331333753939801499e-07
-3.308085595573393640e-07
-3.274116622384561714e-07
-3.255750496119925485e-07
-3.254763957081999847e-07
-3.237009883699320617e-07
-3.231860540060003321e-07
-3.290523507459243181e-07
-3.317965115120167948e-07
-3.323814775467017193e-07
-3.364020770157938144e-07
-3.443652986272671216e-07
-3.461553980018309208e-07
-3.392038820786190769e-07
-3.361362753986090775e-07
-3.337176677743505925e-07
-3.366924473905395902e-07
-3.386288296421700841e-07
-3.398769631942476221e-07
-3.352473896671210772e-07
-3.349650334959425777e-07
-3.381807032546990325e-07
-3.317361123153356054e-07
-3.297071390317376928e-07
-3.295993066979960812e-07
-3.293765302719111958e-07
-3.299607769724442555e-07
-3.248245886874948604e-07
-3.258832004822666968e-07
-3.345361547364219866e-07
-3.401504403591568389e-07
-3.444436776970237068e-07
-3.408109203764966106e-07
-3.437946464821287733e-07
-3.501875390298786181e-07
-3.464533666650622284e-07
-3.450092245973339684e-07
-3.346615849468973731e-07
-3.379030990633275648e-07
-3.330482569281363067e-07
-3.293493039334678228e-07
-3.374719066336816490e-07
-3.411707993485505806e-07
-3.341977292693134197e-07
-3.376025891516407884e-07
-3.385455816203418719e-07
-3.393147068804285019e-07
-3.389689077729035647e-07
-3.342066833592995817e-07
-3.291522823333345951e-07
-3.251830408985257944e-07
-3.222992287376450209e-07
-3.197599396275626769e-07
-3.178284868980628657e-07
-3.187684796149906833e-07
-3.178538330056322248e-07
-3.133207177631148085e-07
-3.194246609619553077e-07
-3.245024460074245146e-07
-3.301798501581202405e-07
-3.288810211880538763e-07
-3.237896341976649440e-07
-3.209797168190613071e-07
-3.192094883039298805e-07
-3.274064510494259427e-07
-3.322362852524257571e-07
-3.301168069673857957e-07
-3.339837581065695598e-07
-3.275315260122357602e-07
-3.238487598947168023e-07
-3.310652626282114923e-07
-3.382724543312827175e-07
-3.384507475024418123e-07
-3.400537041616244946e-07
-3.322366659599472978e-07
-3.373289795710621147e-07
-3.386830198866244373e-07
-3.302854124903480695e-07
-3.342146283348182332e-07
-3.245141672995114460e-07
-3.168437217020570861e-07
-3.204237152637281381e-07
-3.166849393932909204e-07
-3.127747859124429036e-07
-3.180141877662966467e-07
-3.269916838701872370e-07
-3.208645426601085397e-07
-3.268757315344837175e-07
-3.322150879340484420e-07
-3.363869156095801141e-07
-3.397711452808179469e-07
-3.296496082968148481e-07
-3.231331068855921103e-07
-3.242834822996023505e-07
-3.056104065769893529e-07
-3.132529669924815159e-07
-3.205698037476660213e-07
-3.207476749942309051e-07
-3.242052255231627589e-07
-3.176373652994318656e-07
-3.034482251753729844e-07
-3.000999954739380973e-07
-3.123149591870667611e-07
-3.206542599352069003e-07
-3.143019223407063365e-07
-3.081485610948404107e-07
-3.044874558272653438e-07
-3.008039333253176345e-07
-3.014010844255554941e-07
-3.004788365013184756e-07
-3.010089850327239441e-07
-3.144002567415197852e-07
-3.067888827517627351e-07
-2.997827446860352803e-07
-2.984186281849725610e-07
-2.974107200385332018e-07
-2.983314269220243044e-07
-2.953407782265572386e-07
-2.901728191958761761e-07
-2.903011541815301218e-07
-2.959315209163121807e-07
-3.106511303377495854e-07
-3.220506127232483449e-07
-3.283462734546976409e-07
-3.358570115814969075e-07
-3.420277479742112179e-07
-3.490704807029873009e-07
-3.363297225348768932e-07
-3.368668634328587979e-07
-3.263945451825778154e-07
-3.180248584499274159e-07
-3.111691861227894546e-07
-3.040213992418214325e-07
-2.994528885148230177e-07
-2.972234613739724763e-07
-2.957867086409566602e-07
-2.907851502937578100e-07
-3.049494330884974685e-07
-3.009616174607135605e-07
-3.138976156176975087e-07
-3.062509235616896156e-07
-2.979041836877330696e-07
-2.936198491886647699e-07
-3.064776972046415049e-07
-3.222049132725607973e-07
-3.132817685128428919e-07
-3.269738367974857691e-07
-3.177542055498336535e-07
-3.262802248086540955e-07
-3.374618336797827822e-07
-3.493930536798791389e-07
-3.463364653527443342e-07
-3.421667207846380778e-07
-3.285388620667808223e-07
-3.369131648491412189e-07
-3.461663388531723342e-07
-3.324803023444634250e-07
-3.438734314665269273e-07
-3.281431655712377675e-07
-3.352098747626386225e-07
-3.199728728685383873e-07
-3.112515505889399392e-07
-3.258579811713302700e-07
-3.380042044407643268e-07
-3.193548140219579033e-07
-3.310602230864747743e-07
-3.343131279037039990e-07
-3.189023338399784030e-07
-3.316266011259163883e-07
-3.104303537647001448e-07
-2.890921036125245257e-07
-3.104731767007146033e-07
-3.005627547584882229e-07
-3.189654742505398487e-07
-3.332319095583719703e-07
-3.180372219198415025e-07
-3.331972652215466794e-07
-3.173653684156764639e-07
-3.009930416381285403e-07
-3.218436743236158877e-07
-3.373814410958517375e-07
-3.475824257244655874e-07
-3.281187979302845661e-07
-3.048738787912296110e-07
-2.967591925241708800e-07
-3.146373377557191876e-07
-3.314219236883415628e-07
-3.139424945663380456e-07
-3.045860990317046950e-07
-2.917558499093774212e-07
-3.151333227819097955e-07
-3.021752845219523054e-07
-2.891300071788761741e-07
-3.150297964212622381e-07
-3.623200308721497315e-07
-3.348820078065900551e-07
-3.792301826091759447e-07
-3.545366718250139995e-07
-3.360762408946727751e-07
-3.198086281112471392e-07
-2.790100930642535121e-07
-2.587287575470654724e-07
-2.558462264510847749e-07
-2.513188097548224763e-07
-2.705306717666254065e-07
-2.558748373262719008e-07
-2.481395897663785115e-07
-2.333996834155702726e-07
-2.368571662894660796e-07
-2.391628952645612634e-07
-2.391591949404751007e-07
-2.434359081305319005e-07
-3.133962500463710201e-07
-3.005443998431167823e-07
-2.921416723716592085e-07
-2.848823062745530718e-07
-3.235756685372839555e-07
-3.089401312738776324e-07
-2.963108077399112317e-07
-2.809906301512900759e-07
-2.751281835015036730e-07
-3.134333257140369815e-07
-3.053879905278386642e-07
-3.667715348587453489e-07
-3.837685689355266563e-07
-3.262456170338474719e-07
-3.559799913254552666e-07
-4.123933909536239084e-07
-4.256488469932263333e-07
-4.368479761956136441e-07
-3.955695842726670667e-07
-3.588220630906731817e-07
-3.328459312411664557e-07
-3.337504998978851966e-07
-3.129808064424725412e-07
-3.137935295530935053e-07
-3.393367329316066695e-07
-3.585000654489875600e-07
-3.689169425933185434e-07
-3.832450780079761718e-07
-4.342937792665347491e-07
-4.087339090631785198e-07
-3.596061022934688817e-07
-3.234585687519727750e-07
-3.008554277305240321e-07
-3.311660383431173184e-07
-3.551746524462133673e-07
-3.760164828602148429e-07
-3.943415630914906504e-07
-3.606948347016107259e-07
-3.300084968717227653e-07
-3.018338011573111914e-07
-3.366884553722933074e-07
-3.007426421631519726e-07
-3.393762609822882249e-07
-3.102587399425457111e-07
-3.487404782832317486e-07
-3.920527836009231342e-07
-3.560355803642675888e-07
-3.986675134055514214e-07
-3.541873172440158245e-07
-4.119985945306373077e-07
-3.613099936269092263e-07
-3.155401265475400558e-07
-3.899884729485488164e-07
-4.122040157172057238e-07
-3.606602646905903622e-07
-3.218730540319978049e-07
-2.895494303375731151e-07
-2.645878068581575051e-07
-3.139367344232218933e-07
-3.095309510551346468e-07
-3.523533816969920036e-07
-3.817658231780084723e-07
-3.357059427616178040e-07
-2.962872874130192674e-07
-2.569977783817443273e-07
-2.415406310827762322e-07
-3.024067858316103337e-07
-3.051877529717539363e-07
-3.528632703781615134e-07
-3.906637693138724452e-07
-4.415643107186908944e-07
-4.607717272367956115e-07
-4.782377425971972321e-07
-3.894979612769743232e-07
-3.438670716129162542e-07
-3.074611538859453516e-07
-2.803676439972061068e-07
-3.551765069474899027e-07
-3.985600660653074757e-07
-2.765727990027393937e-07
-3.387875379265430737e-07
-3.796919694800459466e-07
-4.188232241665915644e-07
-4.527680420775988472e-07
-4.808319031005456888e-07
-4.881610645572099770e-07
-4.226223410550506071e-07
-4.586827484795795108e-07
-5.148734080330957264e-07
-4.662366343387810350e-07
-4.862328891121571990e-07
-4.394514487943149858e-07
-4.591491170990225506e-07
-5.593776156774165063e-07
-5.646132660387413947e-07
-6.543397141515908293e-07
-6.770438823868953016e-07
-6.648035615422499233e-07
-6.535875079961566718e-07
-6.641089451829606719e-07
-5.402649629199074221e-07
-3.743726445159774708e-07
-3.000168383949476674e-07
-2.752994055035174078e-07
-2.270336755353560096e-07
-3.162858610001915910e-07
-3.471299333168385310e-07
-2.828669843990429481e-07
-2.305727452724927598e-07
-1.011011115042820367e-07
-8.224696713504558088e-08
-9.766443419704937033e-08
-1.092765413136163532e-07
1.602256025035982710e-08
-1.052393456602796402e-07
-8.085187462007067534e-08
-6.518434851076564663e-08
-5.632155791320259274e-08
-5.305955380150956494e-08
-5.215314361364107187e-08
-5.290836111828580085e-08
-5.756963154381423371e-08
-7.132207572767301073e-08
-2.015122128648259459e-07
-3.108683639989896204e-07
-4.026990782185275819e-07
-3.308243234264223843e-07
-2.948376352078481828e-07
-3.905421241390278890e-07
-4.588549864236490778e-07
-5.307960935842808690e-07
-4.134247257723992790e-07
-4.179188103802125468e-07
-5.085470996388668144e-07
-5.745919710790942046e-07
-6.489480691083447593e-07
-6.690464608572986114e-07
-5.520062816772230511e-07
-3.581778521519781309e-07
-2.933299625709329905e-07
-4.005770143557099232e-07
-4.824564067164081644e-07
-4.692550974035153358e-07
-5.250008943054175449e-07
-4.666229684946876215e-07
-3.820976476167222020e-07
-4.522462407371186787e-07
-3.500486108381994274e-07
-4.248914174503119308e-07
-3.314832488251351643e-07
-4.061554429562247204e-07
-3.052875914525575267e-07
-3.864956298215118971e-07
-2.956061262111749626e-07
-2.866936235947807603e-07
-2.189392065200358304e-07
-1.590929496305936962e-07
-4.749464474701340736e-07
-5.353098813469744858e-07
-5.033179106603460108e-07
-3.784279773087272583e-07
-2.866128175935108492e-07
-2.092983637923505308e-07
-1.405941965666262017e-07
-8.170705312761554427e-08
-2.969432341654227711e-08
8.644670486085847517e-08
6.361667636188571692e-08
-9.564304640915716047e-08
-2.264699831284965461e-07
-3.306267921102320205e-07
-4.180896098155022696e-07
-4.899982446552051340e-07
-3.514849928986289777e-07
-1.835789944139966277e-07
-9.360013562478667344e-08
-2.386960231187140096e-07
-3.575989373991904628e-07
-4.470168311203060293e-07
-4.312676196673642511e-07
-2.770773913166796280e-07
-1.765773916619393299e-07
-8.744312885836772908e-08
-1.732698413706575824e-08
4.286181624817722356e-08
9.427069090464453969e-08
1.445725471142479675e-07
1.815205875498337149e-07
3.827442514136619466e-07
2.669610644045352044e-07
5.441708009571325647e-08
1.154388616517276282e-07
1.647258772445716506e-07
-4.261972318419046579e-08
-1.077723434117996859e-07
-2.709148453634297905e-07
-1.521927678129950277e-07
-5.755399732433338503e-08
1.501355141506418045e-08
1.787226471478190763e-07
-4.744909301907837500e-08
-2.171352330638859148e-07
-1.035161285463493930e-07
-3.457180326057053017e-10
-8.743328958032724867e-08
-1.983426502667013124e-07
-7.874464154769515925e-08
-2.519100898914272037e-07
-4.277555019974741501e-07
-2.562881752350368442e-07
-1.130244373112809723e-07
-2.924244565836646075e-07
-6.942197001399031107e-07
-4.743510211207164956e-07
-5.923530515549859232e-07
-9.316108236655796267e-07
-4.658727874855730988e-07
-5.752725407225129014e-07
-6.410578496733573947e-07
-7.246304696137580667e-07
-7.757763791681762968e-07
-8.343749076696520046e-07
-8.772788473120975259e-07
-5.890080419744630644e-07
-3.498430587458454815e-07
1.124777625390503581e-07
5.209177115205083538e-07
6.068446327005404723e-07
7.666684659571345903e-07
4.578707268904439645e-07
7.275237857818749489e-07
8.008770367517396796e-07
1.169103024306293590e-06
1.330995766026768505e-06
9.541415730202966378e-07
1.020419868056932974e-06
1.053073250038716688e-06
5.711391959350144803e-07
6.030568035956372725e-07
9.345048801005515234e-07
8.479082797512278343e-07
8.410652429693433389e-07
8.329969098462692596e-07
8.311834816872573177e-07
5.443867588884718754e-07
5.662533029885448279e-07
5.884544424739756804e-07
6.580356849061246611e-07
1.622746406976809547e-07
-1.378662016428820322e-07
-3.951264384924248948e-07
-6.013487499330781371e-07
-7.670319499003897589e-07
-8.993521248929225373e-07
-9.065175057297319031e-07
-6.375708641765279346e-07
-6.057236606251145922e-07
-7.660203987715160830e-07
-4.626168729733320495e-07
-6.216855416955438327e-07
-6.113466788282496722e-07
-7.493840141314957306e-07
-8.711001995631224245e-07
-9.623826223451180168e-07
-1.257627016836242589e-06
-1.269970949767684897e-06
-1.276186752502179542e-06
-1.524955952888195041e-06
-9.696185576795744042e-07
-9.816287726564291747e-07
-1.007116045343887470e-06
-1.098888826150160828e-06
-1.100127166237139720e-06
-1.118214242611136747e-06
-1.143977857550031868e-06
-1.040708816441758651e-06
-6.026618656576212530e-07
-2.335682755864856217e-07
-2.204077769662627397e-07
1.188500158459252369e-07
4.165773107924619743e-07
1.126234032562922197e-07
1.233608660543314252e-07
1.518631868875957680e-08
2.183272362070810029e-07
-8.305852593546567538e-08
-1.851458327559545203e-07
-5.110967613039296826e-07
-1.338742044394867211e-07
1.687717779871918158e-07
3.411508005781674293e-07
2.947279684806501498e-07
5.504236975214986430e-07
-1.281699052693113612e-07
2.142243545917048577e-07
8.875566249530051042e-07
1.002445623344818150e-06
1.029796895835606615e-06
6.200032897807575551e-07
7.205014698595096977e-07
2.651268081073808622e-07
-6.576694953641095499e-09
2.372175247515748959e-07
1.478375995723926301e-07
-6.849868095080361606e-08
-4.267086313592860159e-07
-2.444286013349810229e-07
-4.053699173833972870e-07
3.172199617163274472e-07
4.604298752853918407e-07
5.886349520311421335e-07
1.742038659860863519e-07
6.243811599932344922e-08
-6.182320890124873885e-07
-3.808488422082581449e-07
-8.993571985302771165e-07
-1.759002644316333901e-07
-1.783021234717587523e-08
-1.182534154142382634e-07
-8.153733970612227100e-07
-5.636230912236786404e-07
-1.181680060263054271e-06
-1.728694970690189371e-06
-1.330038448592395043e-06
-1.845817298648826430e-06
-2.174607765323461985e-06
-1.734590241184842439e-06
-1.520002087160273568e-06
-1.580366167411072847e-06
-1.786309947934577540e-06
-1.593515404301214917e-06
-1.679840633509480053e-06
-1.308723151485065359e-06
-1.157593546489711917e-06
-1.289702748671282429e-06
-9.481418965825895928e-07
-1.561854797164564800e-06
-2.157768103172417718e-06
-2.672553812926430213e-06
-2.261530701370615617e-06
-2.440083263614284070e-06
-1.857049891685364001e-06
-1.539183403348860530e-06
-1.819691968244256353e-06
-1.304258121132206776e-06
-1.038273419985130347e-06
-1.378349123135670749e-06
-8.984475877590532067e-07
-6.593248043747580410e-07
-9.368908701745057276e-07
-6.769134381340993663e-07
-3.670932634033141735e-07
-6.769111657246860081e-07
-3.915286667387224118e-07
-5.891493373410213758e-08
-3.464353932103965133e-07
-9.150964184523040115e-07
-1.444483058597817117e-07
8.179529854494070588e-07
8.754437695202378653e-07
1.556106809092424047e-06
1.205180286228130723e-06
1.574325134524285039e-06
2.299796662537617689e-06
2.325947502464615555e-06
1.462668636678700114e-06
9.475894340342446307e-07
1.305263867195554207e-06
1.669227460736250061e-06
1.933750182715672047e-06
2.279213890218591160e-06
4.766276842902648667e-07
-8.768816754758753279e-07
-4.926696619725996705e-07
1.657575977861570748e-07
5.217256437864403111e-07
1.059442503458780880e-06
5.016707468823101468e-07
-1.618528211152927561e-06
-2.465537859421404135e-06
-3.385781987827080910e-06
-3.716021937755666822e-06
-2.659790317443499948e-06
-1.747424737946636866e-06
-9.538155078483773020e-07
-4.597445010367035074e-08
1.299389598818192708e-06
1.253092537352225884e-08
-5.049808956447865499e-07
3.538385767008468860e-07
-7.248895030730652457e-07
-1.193277658347132660e-06
-4.968327635825515681e-07
1.434805777757718937e-07
5.481422565755233798e-07
1.101876654369794259e-06
-1.520045637799414143e-06
-6.822034053377258775e-07
2.398017889993774782e-07
7.445145401977278166e-07
5.583601576858127381e-07
-5.215789855176126357e-07
-1.530282720658388740e-06
-1.310824456345308438e-06
-1.401164286787820544e-07
-1.069684215429284686e-06
-1.902327914030922862e-06
-2.940325349257607689e-06
-3.828977791888062912e-06
-3.071465656920923104e-06
-3.786331511409171255e-06
-3.973894148450600911e-06
-4.135803679776634948e-06
-1.707229643700415988e-06
-6.803792880001969548e-07
1.223740404093221807e-07
-1.232940696740900683e-06
-1.054375339978020268e-06
-8.040849160601742559e-07
-2.434258948955790161e-06
-3.700598584725764228e-06
-3.217155654827419636e-06
-4.562793840619072939e-06
-5.101933923825410461e-06
-6.460277366147622659e-06
-7.397540979928603494e-06
-4.659976838320008525e-06
-5.819948766416705524e-06
-7.029055504712532288e-06
-5.242575396954409308e-06
-6.245107439785653681e-06
-6.758255517728044775e-06
-7.030496788590746676e-06
-7.725785959469178533e-06
-8.338979013744432809e-06
-8.898075296680010488e-06
-9.679495759549313361e-06
-7.377333747849027914e-06
-8.212855178305637018e-06
-8.798512126452308671e-06
-6.593063471560170604e-06
-7.540752031379798593e-06
-8.347126786661130876e-06
-9.006594908528839979e-06
-9.944337373276335778e-06
-1.055330350958700077e-05
-9.347418316126381146e-06
-8.464158171904324760e-06
-9.503849322608089553e-06
-1.040443705645384748e-05
-7.142012146278294570e-06
-6.178159975118176935e-06
-7.052368447238119613e-06
-8.363571108788650854e-06
-6.130662249967402449e-06
-7.514508793122748451e-06
-5.182334897636488701e-06
-6.775324979345559200e-06
-5.470872073103383992e-06
-6.348073934416397098e-06
-7.261595386323342181e-06
-9.102059149639854196e-06
-9.512166055515305582e-06
-1.010671029073768946e-05
-9.473460251155034061e-06
-9.807899389031546840e-06
-1.066099916722132137e-05
-1.136719427125036034e-05
-1.199704191344553379e-05
-8.689676792843579260e-06
-7.875899895742074122e-06
-9.640666400723219560e-06
-1.083829566471973787e-05
-1.038419640611203908e-05
-1.134961246395396211e-05
-1.236986056888952524e-05
-9.434725803758618127e-06
-6.506557079510725652e-06
-6.265734675466957083e-06
-1.108618778294648032e-05
-1.204800217841544145e-05
-1.395201727986224830e-05
-1.466370555535843960e-05
-1.476358482348678315e-05
-1.212093448573442067e-05
-5.955248274758507580e-06
-4.168916546460523874e-06
-6.676719272074669753e-06
-1.086684259350442644e-05
-1.331676011471972312e-05
-1.414263832723867497e-05
-1.461078138136056419e-05
-1.377365472627975829e-05
-1.464200527026408498e-05
-1.322137667682437296e-05
-9.704911377968089320e-06
-6.855087950474682700e-06
-4.496724730572058313e-06
-1.085232905411138398e-06
-9.188079292634148173e-07
-5.841691422266612855e-06
-8.745180382046474922e-06
-1.451659334601941004e-05
-1.416330963872913952e-05
-1.625979788123516005e-05
-1.843286874462475992e-05
-1.942620355656090290e-05
-1.773163092373162495e-05
-1.895825549509167718e-05
-2.000539312235742690e-05
-2.174294892670264648e-05
-2.189317080694332202e-05
-1.758252840996444425e-05
-1.216651215729145583e-05
-1.205978266819512881e-05
-1.534062123848413639e-05
-1.023962706858769148e-05
-1.563881374656012402e-05
-8.219828514999405223e-06
-1.194658823666407234e-05
-1.551992483689107203e-05
-1.874457108728092854e-05
-1.068207069250531504e-05
-1.272715316942114070e-06
8.069653218549956126e-08
1.006885146376512875e-06
-3.381760274510140478e-06
-7.493051808549958143e-06
1.966238833502179641e-06
-3.412944842450555250e-06
1.195410803611527437e-06
2.373980591301853802e-06
6.516214669738613713e-06
7.042537736622223206e-06
8.757439519856903524e-06
8.913948610541708325e-06
2.924711801846603565e-06
4.163598553381972451e-06
3.506974380922255689e-06
4.757199736758891391e-06
1.477932802666486021e-06
-5.925687608086442058e-06
-1.217508667929199362e-05
-6.284732319095155017e-06
-4.074824802996490545e-06
-2.768158523573226604e-06
-1.745439720089924969e-06
1.242498996211567363e-06
-9.226672399739636410e-06
-1.702169142449976578e-05
-1.406396438285903383e-05
-1.208501500247294796e-05
-1.046153962249680819e-05
-9.081136241523528866e-06
-1.468082285868469551e-05
-1.970650282819109975e-05
-1.525318969798171301e-05
-1.076701466807178758e-05
-8.758901239045353588e-06
-2.167790019032910751e-06
-3.464964362601976965e-06
-2.323796490806092737e-06
-5.907337261643931334e-08
-1.353238156497265880e-06
-1.460707360334219913e-05
-9.082904439718291145e-06
-2.960326110127442872e-05
-2.484196217170531800e-05
-2.222157737623461465e-05
-2.026399452676814128e-05
-2.617100030794833234e-05
-3.580389102539123552e-05
-2.495093002023442177e-05
-2.204800921693963656e-05
-1.917732038233236112e-05
-1.807779698917554920e-05
-1.753505826938885691e-05
-3.041263525138667315e-05
-4.160449120857702491e-05
-3.774908697918562755e-05
-4.931854839224484070e-05
-4.103513267203078740e-05
-5.277722800551330024e-05
-7.654959996101957400e-05
-8.228260537229856403e-05
-8.681749136117389548e-05
-9.148996815408037429e-05
-1.036537919847490684e-04
-1.062615404452003698e-04
-1.123284675858923543e-04
-9.999296950606151974e-05
-1.068593609656300411e-04
-1.119650084603845768e-04
-1.163959611522746043e-04
-1.203516881483538250e-04
-1.039700378040167350e-04
-9.500046566941460087e-05
-1.021896338072803207e-04
-9.946053846077230792e-05
-9.339180017153264472e-05
-1.068534521520871219e-04
-9.576265316327408641e-05
-8.653605000328261484e-05
-1.135924242756452895e-04
-1.264527877318886041e-04
-1.103564184113099380e-04
-9.581959853247901668e-05
-9.073952805083531671e-05
-8.590322662847391566e-05
-1.032892588298801428e-04
-9.587726926617121277e-05
-9.218359801864875577e-05
-1.197633265763962815e-04
-1.324089597759157901e-04
-1.428081542339659500e-04
-1.516095481629378162e-04
-1.592847327746600304e-04
-1.662885135440637506e-04
-1.728034747394242778e-04
-1.842877752386378983e-04
-1.914136335849154678e-04
-2.066872788308221956e-04
-2.030727450421830550e-04
-2.093842867247819783e-04
-1.935006076849842970e-04
-2.005746407723543604e-04
-2.067566686614777198e-04
-2.127655890043481297e-04
-2.133138056013429002e-04
-2.283107362830118421e-04
-2.095237968603198418e-04
-1.767212702258803727e-04
-2.096694342425718606e-04
-2.386484356156530831e-04
-2.436843141645427761e-04
-2.635639355318432613e-04
-2.539592559228726282e-04
-2.419547532204622468e-04
-2.167022661972537606e-04
-2.026786834245763980e-04
-2.283633614819295763e-04
-2.136788267226734698e-04
-1.963041374839714557e-04
-2.408766335831330095e-04
-2.233299296236505491e-04
-2.095753320663525359e-04
-1.987966513944706699e-04
-1.758183563252158641e-04
-2.071258068102030446e-04
-1.846205804257536342e-04
-1.818720256293561367e-04
-1.790985596253128452e-04
-1.776193398833277894e-04
-1.762836574148378790e-04
-1.756047102393750109e-04
-1.760908402945172123e-04
-2.148041153605921713e-04
-1.850502482538188406e-04
-1.790695053867223153e-04
-1.588201323726666210e-04
-1.223834494947519363e-04
-1.320578010580624254e-04
-1.413072846890048946e-04
-1.494925891832451722e-04
-1.296669095023552526e-04
-1.888317547444251423e-04
-2.271452123067749110e-04
-2.581975730131976497e-04
-2.464131229411120573e-04
-2.403185861180056639e-04
-2.162651818386732594e-04
-2.556717747160819885e-04
-2.512923164993354939e-04
-2.440017172234494787e-04
-2.454595998534834633e-04
-2.470359915431877751e-04
-2.481595142392172015e-04
-2.494843068776172426e-04
-2.306213363413956796e-04
-2.855146402401887774e-04
-3.368465470668965240e-04
-3.191663492125424687e-04
-3.561254702351105577e-04
-3.441523627567814490e-04
-3.356851681264520597e-04
-3.725585898820855534e-04
-3.621511443909830662e-04
-3.551152582277153379e-04
-4.017550472255305115e-04
-3.621674025059750464e-04
-3.659211044094344491e-04
-4.161609163211694410e-04
-4.550713520433675822e-04
-4.910033998959425876e-04
-5.259996998279722414e-04
-5.061497822833728542e-04
-5.025756660806498426e-04
-4.956136340408241834e-04
-5.385483155534296533e-04
-5.254092301763686442e-04
-5.653177445277598329e-04
-5.946256891902816600e-04
-5.718897605370614010e-04
-5.770429047294426718e-04
-6.063262051485919296e-04
-6.066098785561248015e-04
-5.820556903344315967e-04
-5.718446166361540938e-04
-5.671621942830024077e-04
-5.649463807939087562e-04
-6.313764570400577170e-04
-6.698100210476092518e-04
-7.124949276443971009e-04
-7.358885158059529346e-04
-7.421933528127682995e-04
-7.407991214476517330e-04
-7.063459766552822967e-04
-7.749556748241105686e-04
-7.664065358462882060e-04
-7.804920640029163912e-04
-8.363052682132885709e-04
-8.651064460479737650e-04
-8.871611742545398600e-04
-9.482330233052217250e-04
-9.295554997258761174e-04
-8.578677866882347420e-04
-8.679309456950917278e-04
-8.301744707833794406e-04
-9.124136549873206135e-04
-9.462764829796511913e-04
-9.196401818546003862e-04
-9.602054209193389882e-04
-9.087330586827766302e-04
-9.588477589194655502e-04
-1.015004825307635073e-03
-1.036983930606961285e-03
-1.059037005448380765e-03
-1.098926267594349743e-03
-1.129209232271635027e-03
-1.135764248921951238e-03
-1.150150054360354933e-03
-1.167322305559240171e-03
-1.186322853916100444e-03
-1.200326128888120269e-03
-1.241018558161264152e-03
-1.262043083433034589e-03
-1.217562859881054973e-03
-1.188696628224993231e-03
-1.245294504148225208e-03
-1.246918513810850709e-03
-1.319389189037557765e-03
-1.277705501913208768e-03
-1.318085319005758097e-03
-1.368232933126380026e-03
-1.323086071178538985e-03
-1.296847318927645421e-03
-1.284662690184345223e-03
-1.214610010962015232e-03
-1.305863733743423431e-03
-1.359771098074197921e-03
-1.404460256739917907e-03
-1.440046063170938263e-03
-1.504544588030784892e-03
-1.525521339101326397e-03
-1.416900170509740242e-03
-1.465558585928723343e-03
-1.438226387141842803e-03
-1.378931204993056074e-03
-1.372109946379050692e-03
-1.457264383801929256e-03
-1.440304197735143904e-03
-1.375152020613507357e-03
-1.458999088942483690e-03
-1.490602219404286131e-03
-1.557081969397957179e-03
-1.612638041522554281e-03
-1.658627665516226521e-03
-1.698682246158220079e-03
-1.737520365574875270e-03
-1.769855497742515689e-03
-1.802536359102145788e-03
-1.834371264645075607e-03
-1.879681470769103621e-03
-1.748200163449388457e-03
-1.721767962247301503e-03
-1.715376362688957003e-03
-1.856116488619977481e-03
-1.885755448527300831e-03
-1.920919977761153825e-03
-1.949538422601001077e-03
-2.024783689074312418e-03
-2.037969720720891539e-03
-2.054607695509735703e-03
-1.958966765260112142e-03
-1.953753949999267100e-03
-1.874130797331956646e-03
-1.975181480422604375e-03
-2.006436684877098073e-03
-1.922797073996014789e-03
-1.920545797463788862e-03
-1.925848984509912582e-03
-1.787570209644622887e-03
-1.937804486780613650e-03
-1.911672028175777143e-03
-1.957285159788427729e-03
-2.001496003582445282e-03
-2.037057532356515745e-03
-2.072275501877801629e-03
-2.139995895573762290e-03
-2.052900349764642460e-03
-2.239655727381655893e-03
-2.287627626646992519e-03
-2.263246811518529467e-03
-2.317858739824775992e-03
-2.296728540048864186e-03
-2.294098519840348776e-03
-2.364998540517711419e-03
-2.419398757702083923e-03
-2.465483734225750595e-03
-2.566401424834356335e-03
-2.655617448087471081e-03
-2.645757637796159953e-03
-2.646706132692090360e-03
-2.671127661264938776e-03
-2.668822595691812665e-03
-2.511299604688661813e-03
-2.565315414896392719e-03
-2.591055759880210065e-03
-2.709162092771358506e-03
-2.716916167854780632e-03
-2.733054144445880122e-03
-2.745762734538371216e-03
-2.763468127700984163e-03
-2.646432369467029231e-03
-2.743256576611098618e-03
-2.784528921495768670e-03
-2.820715695804216008e-03
