-1.032257274803550343e-08
-1.032184892017439535e-08
-1.032172345527419134e-08
-1.032163067761798431e-08
-1.032454139373966141e-08
-1.032489831257541888e-08
-1.032912858933564907e-08
-1.033478323128123770e-08
-1.033479614648410679e-08
-1.033476803963761655e-08
-1.033858614855650405e-08
-1.033744062824135564e-08
-1.034028052593151203e-08
-1.033951103026250684e-08
-1.033921012330201363e-08
-1.033917728962684516e-08
-1.033914729380731874e-08
-1.033940885785060205e-08
-1.033912182245953181e-08
-1.034234759551075932e-08
-1.034230150753526736e-08
-1.034226039534659573e-08
-1.034220595306913740e-08
-1.034214875367172024e-08
-1.034500638732947539e-08
-1.033799569921471438e-08
-1.033782949159786320e-08
-1.033778408463616435e-08
-1.033178450626844608e-08
-1.033175245154404260e-08
-1.033558682953627347e-08
-1.033584892369111831e-08
-1.033471118293941822e-08
-1.033473072982598032e-08
-1.033851605701278054e-08
-1.033848550195157275e-08
-1.034521389885435288e-08
-1.034873098829857816e-08
-1.034867986512729896e-08
-1.034862770604076369e-08
-1.035238997659481131e-08
-1.035237435415933547e-08
-1.034644176332988471e-08
-1.034639725048963190e-08
-1.034243281564185623e-08
-1.034239512344687728e-08
-1.034235744466382795e-08
-1.033535091961091104e-08
-1.033819762431932321e-08
-1.033705403826252883e-08
-1.033989395320658588e-08
-1.034272604495611391e-08
-1.034257314869006599e-08
-1.034253013415514558e-08
-1.034523879276474318e-08
-1.033342240630811204e-08
-1.033215129859947211e-08
-1.033770706523473765e-08
-1.034148595565132109e-08
-1.034183847230518315e-08
-1.033596433138633031e-08
-1.033483494451536313e-08
-1.032892524023022558e-08
-1.032305976606038745e-08
-1.032293359233810346e-08
-1.032678420043699733e-08
-1.032669393086210580e-08
-1.032669219672015103e-08
-1.032707707139660249e-08
-1.032744507867700769e-08
-1.033124875893837048e-08
-1.033097834272359875e-08
-1.033096779169743234e-08
-1.033095483040813421e-08
-1.033091897269297861e-08
-1.033090866006191083e-08
-1.033462038060220203e-08
-1.033378388520079323e-08
-1.033375988875239142e-08
-1.033755904157864513e-08
-1.034039931315430935e-08
-1.034035941101139426e-08
-1.034348278121864954e-08
-1.033759595861636729e-08
-1.033795667180193479e-08
-1.034079277403106987e-08
-1.034460182009034081e-08
-1.034455727401128100e-08
-1.034451228167332983e-08
-1.034364754976729837e-08
-1.034364757557894164e-08
-1.034399581717785150e-08
-1.034313471124415091e-08
-1.033725684297887624e-08
-1.033021492983675992e-08
-1.033432497941836774e-08
-1.033469496743852152e-08
-1.033506369692974216e-08
-1.033790058857726877e-08
-1.033674979088595345e-08
-1.033688506068625114e-08
-1.034067809611417651e-08
-1.033981245425001681e-08
-1.033978356106114015e-08
-1.034356486443316276e-08
-1.034242297838319979e-08
-1.034127820010141145e-08
-1.033526947872184029e-08
-1.033525923824625351e-08
-1.033525294112087949e-08
-1.033524274546298716e-08
-1.033441187569118743e-08
-1.033997772276480103e-08
-1.033884754860480208e-08
-1.033887699733119073e-08
-1.034553455606220007e-08
-1.034823016825942058e-08
-1.035098152367133849e-08
-1.035096354255477922e-08
-1.035760624156046172e-08
-1.035462695259449677e-08
-1.035091671352186631e-08
-1.035070652793626686e-08
-1.035269007352719683e-08
-1.034675209086381693e-08
-1.034606285954097894e-08
-1.035022546820538991e-08
-1.035054622962581984e-08
-1.034461465140991255e-08
-1.034457050453638228e-08
-1.034491453771768085e-08
-1.034871674279095430e-08
-1.034868137636145110e-08
-1.034279791722239547e-08
-1.034165215551265422e-08
-1.033577853576346273e-08
-1.033565942996555041e-08
-1.033947139817524009e-08
-1.033983331796189124e-08
-1.034369499948343421e-08
-1.034294449032936450e-08
-1.034579861899482216e-08
-1.034562782857591307e-08
-1.034548521523449981e-08
-1.034547294844017266e-08
-1.034586141062549657e-08
-1.034867433513630238e-08
-1.035187459953421001e-08
-1.035180855729256325e-08
-1.035174301291864190e-08
-1.035167615910699300e-08
-1.035165018483183193e-08
-1.035047467108732690e-08
-1.034930668832825728e-08
-1.035310204754073784e-08
-1.035307284814959964e-08
-1.035683027941825598e-08
-1.035676305474969037e-08
-1.035656373556628935e-08
-1.036034913637864588e-08
-1.035916901143250420e-08
-1.035910428977281714e-08
-1.035908083685687144e-08
-1.035901665798413239e-08
-1.036180986145143729e-08
-1.035581515311053496e-08
-1.035750917664902538e-08
-1.035174130816982889e-08
-1.034871494105631462e-08
-1.034200803253583431e-08
-1.034472529536933815e-08
-1.034455094989685152e-08
-1.034340703292027902e-08
-1.034923109354028664e-08
-1.035205165849922263e-08
-1.035199951967534170e-08
-1.035581440739671086e-08
-1.035614347338687129e-08
-1.035992058268378381e-08
-1.035976644986439925e-08
-1.035957295313749456e-08
-1.035368195414607239e-08
-1.035750291087628639e-08
-1.036209001858318419e-08
-1.036091547657871560e-08
-1.036085227672415020e-08
-1.036077976780322406e-08
-1.036074771337678924e-08
-1.036452219035270210e-08
-1.036444447326750166e-08
-1.036724205373808843e-08
-1.036755078899197604e-08
-1.036833953430316970e-08
-1.037207904442833942e-08
-1.037130343021823271e-08
-1.037125671062880579e-08
-1.037156089283695585e-08
-1.037146124113919130e-08
-1.037163278631290767e-08
-1.037158250145018766e-08
-1.036563148449126511e-08
-1.036632917702354709e-08
-1.036624616201718054e-08
-1.036616298725456851e-08
-1.036496877584139825e-08
-1.036871764311741251e-08
-1.036863868594883915e-08
-1.036861687427205123e-08
-1.037240169803364362e-08
-1.037235393714768587e-08
-1.037225279812830503e-08
-1.037598267468936928e-08
-1.037482174384307518e-08
-1.037477457092506920e-08
-1.037754867615153798e-08
-1.037745026019232724e-08
-1.038008119320772424e-08
-1.037988296638829011e-08
-1.037977598708632994e-08
-1.037388477893799021e-08
-1.037653216462471516e-08
-1.037277338652288876e-08
-1.037268364617027839e-08
-1.037246578587517942e-08
-1.037280874963474754e-08
-1.037313937953713263e-08
-1.037684511986633834e-08
-1.036982011578638476e-08
-1.036390206365030692e-08
-1.036280123927097799e-08
-1.036845748058356220e-08
-1.036841440158839061e-08
-1.037159342511005143e-08
-1.037435644628335120e-08
-1.037423731850718218e-08
-1.037413115448550308e-08
-1.037388393173398366e-08
-1.036792150585706282e-08
-1.036821835473009656e-08
-1.037239204307073141e-08
-1.037235905237516605e-08
-1.036641863723786899e-08
-1.036919903455767765e-08
-1.037086974017058270e-08
-1.036487307242011068e-08
-1.036478115525520521e-08
-1.036477188581658939e-08
-1.036467935539554531e-08
-1.036501907154997811e-08
-1.035903844600666499e-08
-1.035926222685042944e-08
-1.035917836656931781e-08
-1.035824009134278192e-08
-1.036198891529755748e-08
-1.035968245019237936e-08
-1.035959985050625815e-08
-1.036525380206325514e-08
-1.036516437391707619e-08
-1.036890416863260242e-08
-1.037168026722958650e-08
-1.037048733506158324e-08
-1.037325385656688464e-08
-1.037207559929851389e-08
-1.037580710200609608e-08
-1.037657800789398015e-08
-1.037064247197857107e-08
-1.037053659012350174e-08
-1.037043015162034113e-08
-1.037063189158323624e-08
-1.037059662550183714e-08
-1.037049134750127250e-08
-1.037077594372381465e-08
-1.036480771419782771e-08
-1.036471288715349794e-08
-1.036461827809101430e-08
-1.036452242819325057e-08
-1.036442873620675788e-08
-1.036235463028465482e-08
-1.036230822420012774e-08
-1.036221920476405655e-08
-1.036213196671935036e-08
-1.036589085800298642e-08
-1.036966497402391683e-08
-1.036943927171434503e-08
-1.036934134682408192e-08
-1.036628390428794000e-08
-1.036618850209025118e-08
-1.036609338912745032e-08
-1.036598576074818097e-08
-1.036596006812194530e-08
-1.036365245233281005e-08
-1.036740483831925383e-08
-1.036731635534838296e-08
-1.036721582938454943e-08
-1.037000068267692696e-08
-1.036879026622930203e-08
-1.037045837894544936e-08
-1.036453224543620910e-08
-1.036443909882588698e-08
-1.036426793832441803e-08
-1.037381656632284705e-08
-1.037410635506683440e-08
-1.037017140221930036e-08
-1.037007508465836754e-08
-1.037071487491284531e-08
-1.036689659920346601e-08
-1.037066454899904078e-08
-1.036473190513038864e-08
-1.036451623951245261e-08
-1.036331655485851221e-08
-1.036323850936516335e-08
-1.036355125746967196e-08
-1.036730330553424711e-08
-1.037145144369802012e-08
-1.037139326006041659e-08
-1.037129528748453617e-08
-1.036818817635317379e-08
-1.036815319796038582e-08
-1.037131316675175613e-08
-1.036537128948047589e-08
-1.036815023584407901e-08
-1.037009594118915454e-08
-1.037588441134530913e-08
-1.037555688181501402e-08
-1.037520786222476778e-08
-1.037893417687716226e-08
-1.038168754531341509e-08
-1.038157023245668646e-08
-1.038122132853919179e-08
-1.037999847360150566e-08
-1.038385087845896879e-08
-1.038001062333642544e-08
-1.037976386314251123e-08
-1.037961388068728846e-08
-1.037367442205475558e-08
-1.037359399431607183e-08
-1.037635152740003944e-08
-1.037982657001562456e-08
-1.038257545050220010e-08
-1.038244133658013524e-08
-1.038518035931571676e-08
-1.038503637854926123e-08
-1.038515586775990779e-08
-1.038488155657516553e-08
-1.038460850782683685e-08
-1.038450730134471456e-08
-1.038436473849958901e-08
-1.038422157307839619e-08
-1.038394204045665293e-08
-1.038707134440465690e-08
-1.038735286915382347e-08
-1.038648638503381856e-08
-1.038637522615212403e-08
-1.039197361230946283e-08
-1.039180189828782156e-08
-1.038578586264217673e-08
-1.038549812463376618e-08
-1.038534309404887575e-08
-1.038521717424560732e-08
-1.038794746187027909e-08
-1.039488995166859892e-08
-1.039639174454165109e-08
-1.039650812929408764e-08
-1.039521700879083496e-08
-1.039503162179409975e-08
-1.038891228792848324e-08
-1.038318545731470666e-08
-1.038344157533188550e-08
-1.038529992367839377e-08
-1.038516427875027049e-08
-1.038677545827425560e-08
-1.038118145711355430e-08
-1.038127990375272025e-08
-1.038103369980850233e-08
-1.037979176864625070e-08
-1.038002835234981754e-08
-1.037973417496617843e-08
-1.037372747208508287e-08
-1.038026306438586988e-08
-1.037998506448395933e-08
-1.038364118288245376e-08
-1.038347652965426524e-08
-1.038221237672787215e-08
-1.037620689286546913e-08
-1.036912884765673856e-08
-1.036899523045467939e-08
-1.036891067256286053e-08
-1.036878527186485548e-08
-1.036782776308202958e-08
-1.036769780995088868e-08
-1.036265065686427910e-08
-1.036253388641640910e-08
-1.036623907593661297e-08
-1.036035097412310625e-08
-1.035444556897757154e-08
-1.035324586157690875e-08
-1.035393708197437398e-08
-1.035423302521102852e-08
-1.035587585643206167e-08
-1.035864921151503009e-08
-1.035854071064881333e-08
-1.036226164787221049e-08
-1.036201809728298918e-08
-1.035609426144330559e-08
-1.035599346467043259e-08
-1.035003760355450307e-08
-1.034884666722757529e-08
-1.034288388095182688e-08
-1.034665177810330805e-08
-1.034401914267894220e-08
-1.034434161970103299e-08
-1.034465316120537282e-08
-1.034461889769005208e-08
-1.034629742054626906e-08
-1.034621444077857912e-08
-1.034993539511779403e-08
-1.034610298809603078e-08
-1.034602281975867581e-08
-1.034469709987259306e-08
-1.034465253602224104e-08
-1.035030883989276287e-08
-1.035059310640416846e-08
-1.035338457444634639e-08
-1.035329025355275315e-08
-1.034735415735359711e-08
-1.035096818602070320e-08
-1.035094487783866687e-08
-1.035089538190651689e-08
-1.034535056334145819e-08
-1.034815264000122201e-08
-1.034809811366641595e-08
-1.035069818917126371e-08
-1.034682222358972647e-08
-1.034948074746420747e-08
-1.034939593006860855e-08
-1.034918716280999011e-08
-1.035198023242321945e-08
-1.035192991062331498e-08
-1.035475647322270530e-08
-1.035464477698075305e-08
-1.035445526993663761e-08
-1.035474359513405222e-08
-1.035850421806364705e-08
-1.036125687194026190e-08
-1.036113641985698320e-08
-1.036140473820207190e-08
-1.035541338836503980e-08
-1.035530411754222446e-08
-1.035537138506388756e-08
-1.035526039805308588e-08
-1.035593118334445181e-08
-1.034980074656538914e-08
-1.034973085274936416e-08
-1.034950323464369766e-08
-1.035310952859875585e-08
-1.035304558067618054e-08
-1.035170416834636453e-08
-1.035487972969943726e-08
-1.034894815741654909e-08
-1.034186763618019678e-08
-1.034465870533474722e-08
-1.034444256325560188e-08
-1.034366012619150680e-08
-1.034644751240225891e-08
-1.034622646304143279e-08
-1.035189662991046791e-08
-1.035217495069529593e-08
-1.035193517564918069e-08
-1.034598862648030313e-08
-1.034971967822100451e-08
-1.034948067038190144e-08
-1.034937514371893326e-08
-1.034641761796105198e-08
-1.035300822096691369e-08
-1.035297098123939397e-08
-1.035487907985917142e-08
-1.035474140592779898e-08
-1.034769783227274181e-08
-1.035034207867124210e-08
-1.035404933055748328e-08
-1.035392868687725111e-08
-1.035706624086002660e-08
-1.035622812768887357e-08
-1.035248780093464524e-08
-1.035015003981318876e-08
-1.035003760840314134e-08
-1.034992560107719709e-08
-1.034875153692615559e-08
-1.034902830999899694e-08
-1.034784084227255893e-08
-1.035063495730514444e-08
-1.035236374423186938e-08
-1.035153037747390142e-08
-1.035430945481522827e-08
-1.035421837252728019e-08
-1.035299494688423166e-08
-1.035176987531494207e-08
-1.035452924529047901e-08
-1.035432291365816471e-08
-1.035309456938959298e-08
-1.035298249194359287e-08
-1.035175008145433313e-08
-1.035581688960346939e-08
-1.035862864775080515e-08
-1.036224471669911294e-08
-1.035502063255206581e-08
-1.035490655792979497e-08
-1.035479743101492102e-08
-1.035755883566770126e-08
-1.035782502065122207e-08
-1.035757268048305258e-08
-1.036036774772853099e-08
-1.035441754245925233e-08
-1.035429603710172689e-08
-1.034828872261444674e-08
-1.035103552076153283e-08
-1.034979610673405542e-08
-1.035526684055153337e-08
-1.035802289484116555e-08
-1.035678583096215871e-08
-1.036245908023241774e-08
-1.036160266465530645e-08
-1.035559663074232034e-08
-1.035835000369975214e-08
-1.036290184786718017e-08
-1.036273998795656599e-08
-1.036642242553720357e-08
-1.036627514900022237e-08
-1.036323028725205704e-08
-1.036512228426156017e-08
-1.036484494608962265e-08
-1.036468921691061643e-08
-1.036346824329543918e-08
-1.036369408838049083e-08
-1.035774815920116584e-08
-1.035760754316404274e-08
-1.036169155842204911e-08
-1.036357601855666532e-08
-1.036385223709451113e-08
-1.036298254213835150e-08
-1.036559281545537596e-08
-1.036543128074867059e-08
-1.036514416947858237e-08
-1.036498810797637362e-08
-1.036770824031992822e-08
-1.036793254934122321e-08
-1.036763448717964503e-08
-1.036154654632163100e-08
-1.036028138631940394e-08
-1.035942103769400891e-08
-1.036297613714468326e-08
-1.036290800478177760e-08
-1.035678903171149768e-08
-1.035665649999713404e-08
-1.034952462346250397e-08
-1.034939271896328429e-08
-1.035215330188122036e-08
-1.035202622000318670e-08
-1.034606097005567807e-08
-1.034594119516869935e-08
-1.034802299647524623e-08
-1.034791353790026089e-08
-1.034778482341649579e-08
-1.034757631944413266e-08
-1.034749716889499268e-08
-1.034737780211840419e-08
-1.034142148889433773e-08
-1.034134600033357633e-08
-1.034123113046937551e-08
-1.034156303810598626e-08
-1.034144585768903465e-08
-1.034172395717888191e-08
-1.034187503085902567e-08
-1.034176176627492270e-08
-1.033784359679746216e-08
-1.033812855144696234e-08
-1.033695224966571714e-08
-1.034071075624499462e-08
-1.033479770979254420e-08
-1.033761473125088115e-08
-1.034173013322055862e-08
-1.033578819730333432e-08
-1.033572186192122331e-08
-1.033547917273299543e-08
-1.033542698277705246e-08
-1.033420948438088190e-08
-1.033737644677239112e-08
-1.033133707699456357e-08
-1.033507562281725824e-08
-1.033484822337540527e-08
-1.033475069194966768e-08
-1.033469664231698234e-08
-1.033348980294843855e-08
-1.033378931977875608e-08
-1.033147599319564324e-08
-1.033549389568214517e-08
-1.033430189671547627e-08
-1.033711856341223642e-08
-1.033106491633197396e-08
-1.032498781650354451e-08
-1.032496572210757527e-08
-1.032516179491832685e-08
-1.032548447032108924e-08
-1.032801850566893758e-08
-1.032832323500190810e-08
-1.032825514290601735e-08
-1.032822484876963959e-08
-1.032819792996940388e-08
-1.033232390600502038e-08
-1.033118301298011364e-08
-1.033110806805820364e-08
-1.033682251928823873e-08
-1.033712359237092963e-08
-1.033691110836764655e-08
-1.033672848159164438e-08
-1.033937530277935795e-08
-1.033968086016486880e-08
-1.033963311505204922e-08
-1.033941549459838742e-08
-1.034350188202495986e-08
-1.034924370613063471e-08
-1.035489179543864254e-08
-1.035654863800071844e-08
-1.035530259951679708e-08
-1.035904534876166666e-08
-1.035600154058853244e-08
-1.035862258947434420e-08
-1.035849234304385586e-08
-1.035293879002358686e-08
-1.035281436755339597e-08
-1.035268675380608170e-08
-1.035255920092495856e-08
-1.035627133461558860e-08
-1.035652696598418863e-08
-1.035064495904986841e-08
-1.034851927930577032e-08
-1.035418552167230825e-08
-1.035392190618260881e-08
-1.035267915934270352e-08
-1.035280482556859853e-08
-1.035574033104278821e-08
-1.035560838685917003e-08
-1.035585689359335639e-08
-1.035599485897234976e-08
-1.034998008660035598e-08
-1.034990711417462673e-08
-1.034388510181251447e-08
-1.034069628491963110e-08
-1.034445535722184782e-08
-1.034122482105919976e-08
-1.034111221107081239e-08
-1.034466029378394803e-08
-1.034493266301784276e-08
-1.033901266201808134e-08
-1.033891093945459833e-08
-1.033919741915274094e-08
-1.033937098524297209e-08
-1.033924912005912734e-08
-1.033596728514406471e-08
-1.033591567232308625e-08
-1.033962248766425458e-08
-1.033572779559383052e-08
-1.033267829780764445e-08
-1.033245232621607807e-08
-1.033532522746608953e-08
-1.033410707134192019e-08
-1.033292454568458440e-08
-1.032586262847705925e-08
-1.032492306116972183e-08
-1.032482636663424631e-08
-1.032364894791643139e-08
-1.032362446306572034e-08
-1.032355929634987246e-08
-1.032348174646040952e-08
-1.033503283866736185e-08
-1.033494447542348139e-08
-1.033524989588981215e-08
-1.033737149318272761e-08
-1.033906198798189690e-08
-1.034276615273130847e-08
-1.034046924572089722e-08
-1.033835718679572849e-08
-1.033276248923035262e-08
-1.033268270650526139e-08
-1.033299644211943407e-08
-1.033575314082392890e-08
-1.033566166009451967e-08
-1.033939519948318025e-08
-1.033915308059563320e-08
-1.033944217971531402e-08
-1.033712418814565651e-08
-1.033988605805791494e-08
-1.034403835533277352e-08
-1.034434643619906085e-08
-1.034804917723974681e-08
-1.035087830949503959e-08
-1.035074596132442395e-08
-1.034771663923225008e-08
-1.034761984719465318e-08
-1.035131698276485117e-08
-1.035426742887195890e-08
-1.035212220908762117e-08
-1.035566547606348035e-08
-1.035443005641584300e-08
-1.035429283116527230e-08
-1.035331034752132745e-08
-1.035355866348192766e-08
-1.034753619063894140e-08
-1.034727251220218040e-08
-1.035106783965269065e-08
-1.035096135839511685e-08
-1.034976213913080157e-08
-1.035006346525889612e-08
-1.035319765199032338e-08
-1.035344782997609294e-08
-1.035709511472604356e-08
-1.035695968805682064e-08
-1.035681586599904755e-08
-1.034974648268116264e-08
-1.035138645500636287e-08
-1.035130224123960384e-08
-1.035120399782049988e-08
-1.035476879930522768e-08
-1.035502187187398423e-08
-1.035488683818873294e-08
-1.035747049288744859e-08
-1.035076887814132247e-08
-1.034996296995299329e-08
-1.034984186033682455e-08
-1.034902502562543524e-08
-1.034896278888366395e-08
-1.034891466381635209e-08
-1.034880788838895064e-08
-1.034869754472295919e-08
-1.034859168121883055e-08
-1.034737382753902468e-08
-1.034727003758741458e-08
-1.034755403397583107e-08
-1.034784308662386815e-08
-1.035064073319737266e-08
-1.035052255015602977e-08
-1.035040475713015214e-08
-1.035072260487449140e-08
-1.035060214704668488e-08
-1.035048233487308090e-08
-1.034924776102462279e-08
-1.034913463416838310e-08
-1.034902006121382237e-08
-1.034891491036713558e-08
-1.034880232334907405e-08
-1.034745616397610543e-08
-1.034739087798728342e-08
-1.034142589659458000e-08
-1.034294799484189725e-08
-1.034285200707377514e-08
-1.034275628483943748e-08
-1.034264790159831540e-08
-1.034255251108900627e-08
-1.034233053304752516e-08
-1.033640433264638245e-08
-1.033052266971554139e-08
-1.033334477062552904e-08
-1.033610584702908541e-08
-1.033644394405268963e-08
-1.033638528965387416e-08
-1.033806308792806651e-08
-1.033836022887350062e-08
-1.034152586938434846e-08
-1.034029047886117469e-08
-1.034295424954120743e-08
-1.034995432082762070e-08
-1.034629634387910315e-08
-1.034997303931146383e-08
-1.034972759096249517e-08
-1.034966210890711874e-08
-1.034580008562128611e-08
-1.034854889701638503e-08
-1.034717652071479783e-08
-1.033999184092183190e-08
-1.033988400133451499e-08
-1.034349116459819985e-08
-1.034378456570324951e-08
-1.034368327373794015e-08
-1.034780475529145871e-08
-1.034768717050599411e-08
-1.034757797171048647e-08
-1.034136979632782449e-08
-1.034130205927022066e-08
-1.034409601228758338e-08
-1.034438521021058535e-08
-1.034415002571088905e-08
-1.034693644982347175e-08
-1.035055303826507500e-08
-1.035042417535491922e-08
-1.035067907534198561e-08
-1.035438849175306657e-08
-1.035797373211771826e-08
-1.035783826705782716e-08
-1.035770692899362847e-08
-1.035677374228683150e-08
-1.036089379888681358e-08
-1.036365884295417047e-08
-1.036240567009219708e-08
-1.036610080242497329e-08
-1.036599733512714200e-08
-1.036513432459399897e-08
-1.036388436992370853e-08
-1.036373681800944065e-08
-1.036327777464949083e-08
-1.036314390478460235e-08
-1.036101261088597974e-08
-1.036020367952292908e-08
-1.036006700138772747e-08
-1.035981541276364386e-08
-1.036348631038739438e-08
-1.036622414317672556e-08
-1.035445188605850247e-08
-1.035432652338395863e-08
-1.035714856130496484e-08
-1.036076939359998470e-08
-1.035954151833698205e-08
-1.035381234019606365e-08
-1.034879982463401231e-08
-1.035241457148947530e-08
-1.035157213933800496e-08
-1.034566750598883431e-08
-1.034945430184542816e-08
-1.034975215852440353e-08
-1.034965404358092932e-08
-1.034887765353491211e-08
-1.034294123182649188e-08
-1.034372043744481699e-08
-1.034828863025958907e-08
-1.034823275951227760e-08
-1.034517892041698484e-08
-1.034915975332156131e-08
-1.034904959323606951e-08
-1.034782930385690291e-08
-1.034780727898005606e-08
-1.034769061315381292e-08
-1.035427050419280793e-08
-1.034874966299596463e-08
-1.035249362256547636e-08
-1.035236893864461672e-08
-1.035615085917149524e-08
-1.035992074753951670e-08
-1.035979346470006088e-08
-1.035970836844718013e-08
-1.036335716607161679e-08
-1.036322547398097656e-08
-1.036702715336523941e-08
-1.037078205520684705e-08
-1.036771415319040382e-08
-1.037047218546156407e-08
-1.037417128026668911e-08
-1.037388263873156726e-08
-1.037638863280571628e-08
-1.038013267305669780e-08
-1.037997239267191475e-08
-1.037981209867903620e-08
-1.037965313892865610e-08
-1.037949139590760099e-08
-1.038221601419145068e-08
-1.038205709051032090e-08
-1.038189823736734376e-08
-1.037587500329620515e-08
-1.037612593324498290e-08
-1.037490880664806313e-08
-1.037480630683178863e-08
-1.037847034287452119e-08
-1.037870665657573990e-08
-1.037855485279100106e-08
-1.037840516591573713e-08
-1.037813566784038636e-08
-1.037796665262405891e-08
-1.037767920890269909e-08
-1.037379074745017052e-08
-1.037365877857867693e-08
-1.037395435202071815e-08
-1.037670730305433650e-08
-1.037062645571416357e-08
-1.037036173391402862e-08
-1.036414174263285390e-08
-1.036400575572324318e-08
-1.036665859842414796e-08
-1.037038270593714091e-08
-1.037319372091888171e-08
-1.037232718513980807e-08
-1.037532969349449858e-08
-1.037520925964251219e-08
-1.036920724076413717e-08
-1.036893721082182188e-08
-1.037171184102035239e-08
-1.037154864351110497e-08
-1.037471198431269945e-08
-1.037166442820107265e-08
-1.037137665634466967e-08
-1.037121712488624530e-08
-1.037106303505871446e-08
-1.037089266883785762e-08
-1.037755732556631459e-08
-1.038129639327665841e-08
-1.037517170601560357e-08
-1.037579206200403723e-08
-1.037561031952017661e-08
-1.037622230810784019e-08
-1.037896893337615522e-08
-1.038170542246903651e-08
-1.038139309207164425e-08
-1.038408918822392181e-08
-1.037695120091285688e-08
-1.037664993606557940e-08
-1.037535436324258082e-08
-1.037522866019334952e-08
-1.037686067495713456e-08
-1.037990183374017881e-08
-1.037965106130078576e-08
-1.037947540123054283e-08
-1.038142127816553284e-08
-1.038121377046287995e-08
-1.038106057262198923e-08
-1.037509671422017902e-08
-1.037571045122288157e-08
-1.037941960960131987e-08
-1.037911413280680843e-08
-1.037924186539529862e-08
-1.037906240469258390e-08
-1.037887548959667832e-08
-1.038155419593826370e-08
-1.038318602298328194e-08
-1.038679496389398627e-08
-1.038704719791225317e-08
-1.038689908633328873e-08
-1.038602919609011465e-08
-1.038473688723538275e-08
-1.038455634180097588e-08
-1.038436383681019805e-08
-1.038457609838233471e-08
-1.038711236198602166e-08
-1.039067233208861398e-08
-1.039423405539184245e-08
-1.039445542954355286e-08
-1.039422894990821570e-08
-1.039407330763087400e-08
-1.039376081761658642e-08
-1.039271330326345623e-08
-1.039251702446985942e-08
-1.038684781093358575e-08
-1.038669165083386004e-08
-1.038654436434576372e-08
-1.038331104417673960e-08
-1.038488758418652081e-08
-1.038470908270741369e-08
-1.038828833056570439e-08
-1.039099582038588988e-08
-1.039079182689024379e-08
-1.039046093253975873e-08
-1.038452130332261540e-08
-1.038326653433931289e-08
-1.038021203458748766e-08
-1.038041176164069508e-08
-1.038023267849556628e-08
-1.038421346207643817e-08
-1.038733782347709055e-08
-1.039103747982067642e-08
-1.039082756846329562e-08
-1.039060729916006336e-08
-1.039424846969314305e-08
-1.038821822779448141e-08
-1.038756398216553279e-08
-1.038765733025663235e-08
-1.038162451855507165e-08
-1.038144232594740759e-08
-1.038169512676220814e-08
-1.038153393650643040e-08
-1.038519514294798272e-08
-1.038884697716085883e-08
-1.038903100166797451e-08
-1.038882979710939246e-08
-1.038753261006428832e-08
-1.038145760595059744e-08
-1.038127694457915148e-08
-1.038109532302801612e-08
-1.038109276298400863e-08
-1.038130783113837966e-08
-1.038098447154215347e-08
-1.037495331931890273e-08
-1.037868378902084326e-08
-1.037930361487154340e-08
-1.038301983564503480e-08
-1.038271260463938352e-08
-1.038255971398330594e-08
-1.038241754025576095e-08
-1.037944254120670724e-08
-1.038308681931118713e-08
-1.038586028668340755e-08
-1.037984093492499140e-08
-1.037595979141349151e-08
-1.037968391157937660e-08
-1.037950225554644482e-08
-1.037577630033060215e-08
-1.037603020996853663e-08
-1.036886052226179795e-08
-1.037590549456494797e-08
-1.037859653259778529e-08
-1.038103306337337330e-08
-1.037975162900051341e-08
-1.038243038517380642e-08
-1.038267179926044991e-08
-1.038137265592358359e-08
-1.038509754553720559e-08
-1.038701387639710939e-08
-1.039077166002608187e-08
-1.038697198991224124e-08
-1.038677362781773784e-08
-1.038545202410417723e-08
-1.038565637127908060e-08
-1.037959735155534191e-08
-1.037944961136883243e-08
-1.038302585685433639e-08
-1.038570681763846884e-08
-1.037968429536910999e-08
-1.037363254879802579e-08
-1.037729693902786482e-08
-1.037967679976262780e-08
-1.037367290360638082e-08
-1.037350777705500512e-08
-1.036755787551921121e-08
-1.036745578468006994e-08
-1.036728698250071782e-08
-1.036704443511845621e-08
-1.036580513192553938e-08
-1.036771750158728337e-08
-1.036743192488349847e-08
-1.036141153767841745e-08
-1.037030653822778273e-08
-1.037016317211970734e-08
-1.036645134819311404e-08
-1.036339315887295167e-08
-1.036745005983880201e-08
-1.036730287143856193e-08
-1.036719739348738156e-08
-1.037386866142669724e-08
-1.037261543356258482e-08
-1.037249283634257570e-08
-1.037610569343539574e-08
-1.038022812636643089e-08
-1.038286441438603158e-08
-1.038705639807820177e-08
-1.039076294607641261e-08
-1.038516038742791996e-08
-1.038539227481942374e-08
-1.038508945041714511e-08
-1.038482865797695345e-08
-1.038505379866744409e-08
-1.038487942559267661e-08
-1.038107735271560363e-08
-1.038133588329085731e-08
-1.038531645650925710e-08
-1.038513860127849485e-08
-1.038198151419415195e-08
-1.038651039595872647e-08
-1.039296551838553146e-08
-1.039707265496791893e-08
-1.039972397107303921e-08
-1.039827967018202789e-08
-1.039222890213627651e-08
-1.039500444417546268e-08
-1.038896673377676778e-08
-1.038883673904595618e-08
-1.039239832376721106e-08
-1.039224037044668154e-08
-1.039204067307809944e-08
-1.039190941932595559e-08
-1.039196715557806926e-08
-1.038944099315498568e-08
-1.038818257275768044e-08
-1.038500890064414825e-08
-1.038372241238618071e-08
-1.038353640866731260e-08
-1.038336269271493850e-08
-1.038310066602496427e-08
-1.038332981394859974e-08
-1.038607569036105173e-08
-1.038590186982523673e-08
-1.038216722306496883e-08
-1.038577645210234425e-08
-1.038602584392568384e-08
-1.038584379024746381e-08
-1.038566006840885274e-08
-1.038441175589074053e-08
-1.038426384335900140e-08
-1.038756741110102639e-08
-1.038159804341950526e-08
-1.038427361875684489e-08
-1.037825195204966796e-08
-1.037701176590867055e-08
-1.037963147759754949e-08
-1.038228034911870932e-08
-1.038251064494218404e-08
-1.038276792834883107e-08
-1.039241372565884237e-08
-1.039895820005551631e-08
-1.039901920506722787e-08
-1.039881116701190520e-08
-1.039559959426031185e-08
-1.039539641968436119e-08
-1.039228294989274913e-08
-1.038910358781460175e-08
-1.038924779536213479e-08
-1.038317462555351045e-08
-1.038876048216134155e-08
-1.038841853703320641e-08
-1.038751893188754687e-08
-1.038768451654954028e-08
-1.037585634613715201e-08
-1.037566359963920536e-08
-1.037589443928905001e-08
-1.036982379885155365e-08
-1.036965683538107509e-08
-1.037851043788208373e-08
-1.037830802328568607e-08
-1.037592702870179376e-08
-1.037983488792448451e-08
-1.037967533142412663e-08
-1.037949872319630992e-08
-1.038256726944174169e-08
-1.038240760059223070e-08
-1.038262469003346512e-08
-1.038047836091058715e-08
-1.038319021837484006e-08
-1.038286605703403511e-08
-1.038267954122534316e-08
-1.038253161186463598e-08
-1.038128361657628574e-08
-1.038498400638686984e-08
-1.038479328760349279e-08
-1.038460769695784878e-08
-1.038332327147118742e-08
-1.037928166090191567e-08
-1.038192615687247498e-08
-1.037953968488401362e-08
-1.038227475071901913e-08
-1.038639797801511325e-08
-1.038942671038529059e-08
-1.038962485767350250e-08
-1.038929621564106858e-08
-1.038908253494156599e-08
-1.038817099235562528e-08
-1.038977671186176239e-08
-1.039278902736505180e-08
-1.039297653464776519e-08
-1.038703776485567106e-08
-1.038847162959316221e-08
-1.038721471472501225e-08
-1.038123837735750106e-08
-1.038535344031626045e-08
-1.038516721551872592e-08
-1.037804473654420224e-08
-1.037789678082487034e-08
-1.037184666590750383e-08
-1.037169164795626697e-08
-1.037545716730285609e-08
-1.037908728184512052e-08
-1.038268737895372505e-08
-1.038255075117514336e-08
-1.038238849537464228e-08
-1.038221934232935354e-08
-1.038241954307652027e-08
-1.037932976372100554e-08
-1.038198650112278081e-08
-1.038180902796299471e-08
-1.038454265017641179e-08
-1.038324636003665156e-08
-1.038683043717339863e-08
-1.038371997650873462e-08
-1.038644058083843985e-08
-1.038251441680350094e-08
-1.038236958181863163e-08
-1.038147213339872953e-08
-1.038129219964531582e-08
-1.038141334341468183e-08
-1.038016751532670030e-08
-1.037875722640773132e-08
-1.038327862506095258e-08
-1.037732272485235316e-08
-1.038107713831437752e-08
-1.038379666363235280e-08
-1.038251099015815282e-08
-1.038625067160192177e-08
-1.038024127613652105e-08
-1.038380291545781254e-08
-1.038644615288957210e-08
-1.038631986640021193e-08
-1.038502864874942373e-08
-1.038415655910634201e-08
-1.038437944082591178e-08
-1.038110575582490685e-08
-1.038126659085088386e-08
-1.038136326497608805e-08
-1.038009066777707842e-08
-1.037996955104536971e-08
-1.037870109911141993e-08
-1.037858824444407442e-08
-1.037737595545582105e-08
-1.038012509970032684e-08
-1.038026806793990592e-08
-1.038376997423913736e-08
-1.038360901918336890e-08
-1.038347559348472726e-08
-1.038318505921458820e-08
-1.038593204490043004e-08
-1.038465154328595260e-08
-1.038448443226195577e-08
-1.038696935332764830e-08
-1.039056916304923177e-08
-1.038929214473859619e-08
-1.039243580870827919e-08
-1.038940785944576044e-08
-1.038701095929267106e-08
-1.038684626818406899e-08
-1.039055633749986353e-08
-1.039037972126058587e-08
-1.039021927133910448e-08
-1.039399741439147802e-08
-1.039088269457488222e-08
-1.039071062410796779e-08
-1.039041335932496021e-08
-1.039443859956634509e-08
-1.040397381379922713e-08
-1.040375358245543561e-08
-1.040343796355779999e-08
-1.040323058843981309e-08
-1.040303790349452980e-08
-1.040088783795198181e-08
-1.039959469563510224e-08
-1.040232095785167283e-08
-1.040217458265467157e-08
-1.040073124337555333e-08
-1.039768280875440613e-08
-1.039789043352882447e-08
-1.039770883633123961e-08
-1.039060805865221177e-08
-1.039044899170026653e-08
-1.039026403029152825e-08
-1.038899455856253398e-08
-1.038871138815204417e-08
-1.038274142649806556e-08
-1.038148077606761994e-08
-1.038468346554635258e-08
-1.038492202539261340e-08
-1.038254128448834065e-08
-1.038269196705332224e-08
-1.038292764134157991e-08
-1.038836920354807412e-08
-1.039523976645600648e-08
-1.039493831131646767e-08
-1.039515703090490386e-08
-1.038920854431700522e-08
-1.038767151425101959e-08
-1.039036364953828765e-08
-1.038437259143015097e-08
-1.038422551087103719e-08
-1.038447574825318065e-08
-1.038424178979014265e-08
-1.037826944871270287e-08
-1.037813256863639451e-08
-1.037843476949613829e-08
-1.038119619426536208e-08
-1.039357252468262579e-08
-1.038174337313175676e-08
-1.038706025780100386e-08
-1.038689104019181158e-08
-1.038955166322310007e-08
-1.038937875006738748e-08
-1.038802131913746399e-08
-1.038790960389454110e-08
-1.038778473740514962e-08
-1.038764453650647907e-08
-1.039012189845093874e-08
-1.039001081679508429e-08
-1.038875355784801298e-08
-1.038864011443339577e-08
-1.038849391221993296e-08
-1.038913096092687471e-08
-1.038901245092291626e-08
-1.040017583627417797e-08
-1.040433101847131169e-08
-1.039868877512081202e-08
-1.039739680443946295e-08
-1.039140893945805528e-08
-1.039129762354127645e-08
-1.038460068176866148e-08
-1.038625074566867471e-08
-1.038905747734737740e-08
-1.039273286366417920e-08
-1.039258434370338852e-08
-1.039228943294982413e-08
-1.038647471567071033e-08
-1.039761063954270064e-08
-1.039167065251623685e-08
-1.039150710470643573e-08
-1.038941828526526524e-08
-1.039598897350218630e-08
-1.039586207643137273e-08
-1.039570086136762620e-08
-1.039015311721824907e-08
-1.038416698337385746e-08
-1.038403018708273290e-08
-1.038393431323832205e-08
-1.039048817551310882e-08
-1.039073282029290704e-08
-1.038468217068847577e-08
-1.038454806408506509e-08
-1.038440630600230478e-08
-1.038803606367551984e-08
-1.039076244080504683e-08
-1.039346256399419217e-08
-1.038787776993788008e-08
-1.039445311689651312e-08
-1.039426863539504341e-08
-1.039408326669241000e-08
-1.039573818635696126e-08
-1.039582196426916458e-08
-1.039454214642439789e-08
-1.039326204595846747e-08
-1.038727814662568292e-08
-1.038134293547339794e-08
-1.038111338456018437e-08
-1.038645753530351574e-08
-1.038670498567199191e-08
-1.038469558405510498e-08
-1.038453921332794964e-08
-1.037857773620804878e-08
-1.038128259453919964e-08
-1.038003750476807884e-08
-1.038279328425092750e-08
-1.038554803372350441e-08
-1.038542659624087805e-08
-1.038530229565047963e-08
-1.039728749353012020e-08
-1.039128729049390554e-08
-1.039814479146919009e-08
-1.040081592079615192e-08
-1.040049625108328137e-08
-1.040021994492311476e-08
-1.040765888121329239e-08
-1.041142126106697266e-08
-1.040929430296937188e-08
-1.040947993362731542e-08
-1.041355435474709940e-08
-1.041717870972554524e-08
-1.041696077390238780e-08
-1.041959613370479453e-08
-1.041355024264105837e-08
-1.041262149565805497e-08
-1.041633589094074437e-08
-1.041611975966402527e-08
-1.041013922119466349e-08
-1.041037050113258651e-08
-1.041085367620006765e-08
-1.041103176448339395e-08
-1.041555418612066430e-08
-1.041424099504318027e-08
-1.041290926856212025e-08
-1.041535240189686324e-08
-1.041552436529075806e-08
-1.041450541994562789e-08
-1.041429961967571942e-08
-1.041693267406399504e-08
-1.041561127384105231e-08
-1.041455849634039829e-08
-1.041443778164423726e-08
-1.040837543473632008e-08
-1.040705774767713741e-08
-1.040394899115531043e-08
-1.040752763899858927e-08
-1.040157154681176734e-08
-1.039561691165752045e-08
-1.039473035834621500e-08
-1.039461392107524426e-08
-1.038861017442595550e-08
-1.038886116916915713e-08
-1.038911035273761465e-08
-1.038895933978458152e-08
-1.038769602788415338e-08
-1.039145597477006651e-08
-1.039795134022333900e-08
-1.040178077758454596e-08
-1.040079574572361375e-08
-1.040448696982894429e-08
-1.040822342733046239e-08
-1.040684515264913484e-08
-1.040667286695829700e-08
-1.040084561839713247e-08
-1.039957901385519779e-08
-1.040335320179823011e-08
-1.040708672074315991e-08
-1.040680219608031198e-08
-1.040952948553270454e-08
-1.040059300039164281e-08
-1.040367333884482191e-08
-1.040243051773855342e-08
-1.040516773474878391e-08
-1.039961539597511977e-08
-1.040604199376418066e-08
-1.040500851442723816e-08
-1.040371345193013715e-08
-1.040358959285499577e-08
-1.040340613800169411e-08
-1.040326888507860996e-08
-1.040472134579536241e-08
-1.039868726842116144e-08
-1.038976378924573871e-08
-1.038847792066502501e-08
-1.038836623746415415e-08
-1.038823011519912844e-08
-1.038809100605240709e-08
-1.038821225487431638e-08
-1.038805453402069711e-08
-1.038679511648874850e-08
-1.038121000841921919e-08
-1.038108548651053832e-08
-1.038486690931660202e-08
-1.038758088471281110e-08
-1.038747100837470596e-08
-1.037854800516848057e-08
-1.038271589554981777e-08
-1.039387345469239923e-08
-1.039747874134138434e-08
-1.039621243090885838e-08
-1.039647373081054689e-08
-1.040025070541417107e-08
-1.039424865967780735e-08
-1.038907401437798063e-08
-1.038780638093741725e-08
-1.039160523176320238e-08
-1.039134110125770471e-08
-1.039120582858447309e-08
-1.039485044566573497e-08
-1.039759735152720179e-08
-1.039631775364117176e-08
-1.039259343814528530e-08
-1.039232241650154669e-08
-1.038631420561595456e-08
-1.038606190103503228e-08
-1.038860647664583742e-08
-1.038852648045664293e-08
-1.038839909393386100e-08
-1.038865603407148418e-08
-1.038857269771046567e-08
-1.039134270789558313e-08
-1.038747275129797869e-08
-1.038733926311684658e-08
-1.038612022021167165e-08
-1.038777375562435828e-08
-1.040013754542991859e-08
-1.040023835853795102e-08
-1.040715582025180025e-08
-1.040400732326810167e-08
-1.040012393891823102e-08
-1.040570701645459264e-08
-1.040551577810235222e-08
-1.040421463562080491e-08
-1.040401707293505126e-08
-1.040272585337382160e-08
-1.040294436145753364e-08
-1.040276501152195768e-08
-1.040257228803558341e-08
-1.040617630890927679e-08
-1.040884133752776806e-08
-1.040903008635460240e-08
-1.040887549183582574e-08
-1.040855294662612189e-08
-1.041126831187846998e-08
-1.041535541708679538e-08
-1.041810424469123790e-08
-1.041704855107245091e-08
-1.041379709138290518e-08
-1.041344321135232864e-08
-1.041362219141958121e-08
-1.041716848288091226e-08
-1.041694970486122342e-08
-1.041948905694430209e-08
-1.041927207032321592e-08
-1.042280560344301456e-08
-1.042540977144058911e-08
-1.042894786260627988e-08
-1.042756749981214918e-08
-1.043024035763236353e-08
-1.043000344968496168e-08
-1.042973877500824744e-08
-1.042952134844541020e-08
-1.042637317395266985e-08
-1.042613652394245235e-08
-1.042628912868162055e-08
-1.042300011389004675e-08
-1.041693851682366598e-08
-1.041387094098932227e-08
-1.041363462608977362e-08
-1.040764841389587664e-08
-1.040450905403988496e-08
-1.040358260044799541e-08
-1.040632911844457887e-08
-1.040611078057826038e-08
-1.041019399412536582e-08
-1.040416632519218438e-08
-1.040283679290149482e-08
-1.040002418730967621e-08
-1.039981902504402532e-08
-1.040247362727842958e-08
-1.040116420792730462e-08
-1.040471194145520395e-08
-1.040438553388514991e-08
-1.040818594545746505e-08
-1.040215229592134612e-08
-1.040570689977456339e-08
-1.040550722272498978e-08
-1.040534591327262639e-08
-1.040680736637444301e-08
-1.040302226189993632e-08
-1.040281588071902190e-08
-1.040261509275352425e-08
-1.040504882226701904e-08
-1.040472184385128630e-08
-1.040491572073487599e-08
-1.041048405754040296e-08
-1.041030411731042479e-08
-1.040612278252822834e-08
-1.040220609266893708e-08
-1.040200084175149609e-08
-1.040555764445127852e-08
-1.040537883493379886e-08
-1.040404095025914150e-08
-1.040275775110411104e-08
-1.040255981727320628e-08
-1.040473488158322673e-08
-1.040872916919257672e-08
-1.040852397223216349e-08
-1.040720954732686157e-08
-1.040991779783458394e-08
-1.040888817209411064e-08
-1.040866385747264574e-08
-1.041223174012824570e-08
-1.041242131243084658e-08
-1.041220215420860391e-08
-1.041490443848143827e-08
-1.041464236122946677e-08
-1.041178940555078547e-08
-1.041366670349557372e-08
-1.040764399449557819e-08
-1.041343998131543750e-08
-1.041714613969625879e-08
-1.041987640480179865e-08
-1.041896683465221534e-08
-1.041765275142025458e-08
-1.041199818271790765e-08
-1.041209670455155660e-08
-1.040596324752682563e-08
-1.040614547276779221e-08
-1.040589007909371019e-08
-1.040566759935911098e-08
-1.040549077216033534e-08
-1.040530997689509758e-08
-1.040512909509905181e-08
-1.040382013612774252e-08
-1.040362191590562468e-08
-1.039794989235302008e-08
-1.039776620788902974e-08
-1.039173828127513461e-08
-1.039143493415533457e-08
-1.039165711959194112e-08
-1.039135040762759396e-08
-1.039155381126186524e-08
-1.039027401405779097e-08
-1.039009756550592366e-08
-1.039288809382021129e-08
-1.039270476210665698e-08
-1.039141622270278969e-08
-1.039042826910608123e-08
-1.039024409911255344e-08
-1.039010281654817704e-08
-1.038882342702385119e-08
-1.038865747808504537e-08
-1.038848010805535707e-08
-1.038830435817919533e-08
-1.038992917083695969e-08
-1.038976180220177701e-08
-1.038963705639831318e-08
-1.039311450391809244e-08
-1.039615661619875689e-08
-1.039597393826140553e-08
-1.039604921232309528e-08
-1.039587045723968835e-08
-1.039749230167029619e-08
-1.039618512492936783e-08
-1.039516595564513105e-08
-1.039392946331236368e-08
-1.039375931936066649e-08
-1.039590853247269204e-08
-1.039573238653445252e-08
-1.039790205514954102e-08
-1.040926492724975219e-08
-1.040908536788479199e-08
-1.040886697632331788e-08
-1.041245161331422723e-08
-1.041783748350735914e-08
-1.042044519488882417e-08
-1.042010167740021566e-08
-1.042030786653122575e-08
-1.042399265467095132e-08
-1.042302987987843591e-08
-1.041996158367921631e-08
-1.041433522841841608e-08
-1.041329319644907691e-08
-1.041309082944058173e-08
-1.041666231628901081e-08
-1.041937118326770593e-08
-1.042194254671397837e-08
-1.041886851075751195e-08
-1.041890750868012976e-08
-1.041856137940909856e-08
-1.042168212154485892e-08
-1.042136586269439953e-08
-1.042157707576911027e-08
-1.042173259718341998e-08
-1.042421053942825096e-08
-1.042385598978335162e-08
-1.042349578908278853e-08
-1.042312553636128517e-08
-1.042289730966191502e-08
-1.041691538788120290e-08
-1.041585876878585494e-08
-1.041943289440340306e-08
-1.041699055202716429e-08
-1.042344219633100112e-08
-1.042321313975805418e-08
-1.042298075009662768e-08
-1.042314610979755765e-08
-1.042280515622177962e-08
-1.042652356838906459e-08
-1.042630638059980247e-08
-1.042888090672199593e-08
-1.042784675362149012e-08
-1.042189931459827530e-08
-1.041583564425463688e-08
-1.041937833253918129e-08
-1.041923217517981385e-08
-1.042123181436106204e-08
-1.042399005407241418e-08
-1.042377659692650901e-08
-1.042356363292729021e-08
-1.041753324642271052e-08
-1.041737114977693910e-08
-1.041754924194817640e-08
-1.042029895487823828e-08
-1.042008290102255401e-08
-1.041974081300769812e-08
-1.041979190899079135e-08
-1.041775624325500743e-08
-1.042039237587788406e-08
-1.042022738452021120e-08
-1.042285713532423276e-08
-1.041674337193864963e-08
-1.041946631640569835e-08
-1.041573645626720501e-08
-1.041556100607182444e-08
-1.041535374052734308e-08
-1.041515085437949309e-08
-1.041494836358974221e-08
-1.041765397263297752e-08
-1.041743735003019493e-08
-1.042124445776065200e-08
-1.042089579808082287e-08
-1.041715928204474719e-08
-1.041113240557069969e-08
-1.041080277881445833e-08
-1.041458482518862005e-08
-1.041424971264664693e-08
-1.041330926968160014e-08
-1.041692612372135572e-08
-1.041083452166615144e-08
-1.040926634139730555e-08
-1.040800786121664982e-08
-1.040781839961716556e-08
-1.040762471160046439e-08
-1.041121656706927404e-08
-1.041477860466105011e-08
-1.041842567941278258e-08
-1.041696630091140158e-08
-1.041677735280932298e-08
-1.041475238132296796e-08
-1.040861548503744815e-08
-1.041166796008709209e-08
-1.040864289963036384e-08
-1.040885866608602541e-08
-1.040798273201202940e-08
-1.040205739144474509e-08
-1.039609765456603345e-08
-1.039598271720874854e-08
-1.039571331358987983e-08
-1.039835442865159785e-08
-1.040494746809716347e-08
-1.040478091522598219e-08
-1.041727783543949699e-08
-1.041748103803991321e-08
-1.042020835097349504e-08
-1.041990911282337652e-08
-1.042009978001079376e-08
-1.041594753718216912e-08
-1.041965451580128950e-08
-1.041984857822003144e-08
-1.041964602211958843e-08
-1.042306300576435401e-08
-1.042493005998963932e-08
-1.042475312415886337e-08
-1.042847830374308433e-08
-1.042994048159510959e-08
-1.042859036233571922e-08
-1.042261351892066560e-08
-1.041552838008574982e-08
-1.041899547867555752e-08
-1.041299859413108065e-08
-1.041597881859769721e-08
-1.041861677620876932e-08
-1.042232403950071611e-08
-1.042603128360760487e-08
-1.042581245348309622e-08
-1.043491536469683470e-08
-1.043752280805586961e-08
-1.044161028114668770e-08
-1.044420136196803746e-08
-1.043693326056291327e-08
-1.042967589212956739e-08
-1.043341311334092362e-08
-1.042738073617727208e-08
-1.042754949037254689e-08
-1.042733783193112360e-08
-1.042457044521297867e-08
-1.042645464511652455e-08
-1.043030513526283962e-08
-1.043008882861634467e-08
-1.043271168097560089e-08
-1.043176074479501997e-08
-1.043437379883765345e-08
-1.043442168210791601e-08
-1.043445605470184179e-08
-1.043309144173931951e-08
-1.043030454565766580e-08
-1.042659990416020183e-08
-1.042921644273964613e-08
-1.042939877854657949e-08
-1.043209464223838062e-08
-1.043174421874909403e-08
-1.043403960388342144e-08
-1.043270992452293726e-08
-1.043287000325560399e-08
-1.043153322205807017e-08
-1.043522213193046714e-08
-1.043467748258985508e-08
-1.043769281349404076e-08
-1.043746747435226708e-08
-1.043723225394779045e-08
-1.044097529015415790e-08
-1.044075025171394597e-08
-1.044039056956151861e-08
-1.044015947661918485e-08
-1.044032315381584947e-08
-1.044391884602681381e-08
-1.043789794802922759e-08
-1.044058654112846018e-08
-1.044033787641401325e-08
-1.043432823410529993e-08
-1.043414602398768807e-08
-1.043755994632364217e-08
-1.044057830999993885e-08
-1.044397978261999658e-08
-1.044415260769453473e-08
-1.044431267086774389e-08
-1.044448940396187543e-08
-1.044816385516446619e-08
-1.044435121576650935e-08
-1.044298893669871760e-08
-1.044265823342994182e-08
-1.044653449545147908e-08
-1.044628250114869952e-08
-1.044893951289502977e-08
-1.045448233313065353e-08
-1.045459866349542217e-08
-1.045711065745860682e-08
-1.045974775846906109e-08
-1.046337480915020856e-08
-1.046310964260484171e-08
-1.046308328823725764e-08
-1.046166425406752929e-08
-1.045883860832076799e-08
-1.045898690662159769e-08
-1.045860560296315242e-08
-1.045648793496147298e-08
-1.045029866443716308e-08
-1.045002676537432168e-08
-1.045265732199490220e-08
-1.045236352937725324e-08
-1.045329588931553572e-08
-1.045343293078682700e-08
-1.045748853783265129e-08
-1.045608529984651847e-08
-1.045580362276401845e-08
-1.044970123194117732e-08
-1.044947588776281670e-08
-1.044920911696603051e-08
-1.045289542980934673e-08
-1.045544711192703807e-08
-1.044940720957672711e-08
-1.044915640229618061e-08
-1.044888422444308712e-08
-1.044900805828577047e-08
-1.044763056912057848e-08
-1.044651268210247442e-08
-1.044626443317936707e-08
-1.044978013388533665e-08
-1.044878173414216402e-08
-1.044772785257699890e-08
-1.044788189840818593e-08
-1.045158962486188749e-08
-1.045134063122294779e-08
-1.045109324879986634e-08
-1.045492230670617329e-08
-1.044892800418216893e-08
-1.044906720669812450e-08
-1.045262523866570474e-08
-1.044944455596027478e-08
-1.044918168949189767e-08
-1.044193123455185832e-08
-1.044170094103185166e-08
-1.043963319999166703e-08
-1.043364258485908048e-08
-1.043380872388219939e-08
-1.043649654385079747e-08
-1.043625681643755520e-08
-1.043603579234583452e-08
-1.042415902253655130e-08
-1.042396988166035686e-08
-1.042364849456603716e-08
-1.042234557113200702e-08
-1.042497607783184715e-08
-1.042757011280801935e-08
-1.043073302934050345e-08
-1.043334073178681148e-08
-1.043310647615098406e-08
-1.043288686066702440e-08
-1.043294012627450107e-08
-1.043086696836486776e-08
-1.042878907582236688e-08
-1.042898215731671068e-08
-1.043202063029952028e-08
-1.043180400034396562e-08
-1.043146381304869295e-08
-1.043125192387969194e-08
-1.043104629586782167e-08
-1.043109971835753620e-08
-1.043165867351349391e-08
-1.043031258020247609e-08
-1.043013537666482620e-08
-1.042996786670744556e-08
-1.044033282674740596e-08
-1.044584032193792015e-08
-1.045036716428399438e-08
-1.045013678536473465e-08
-1.045310115398352747e-08
-1.045943918793347197e-08
-1.045916148211818959e-08
-1.045888569762140527e-08
-1.045642814961027000e-08
-1.045616699951493277e-08
-1.045876670792188851e-08
-1.045776366408198562e-08
-1.046160044296563837e-08
-1.046012552304029804e-08
-1.045985394456418058e-08
-1.045958543632292763e-08
-1.045919037859598600e-08
-1.046276472156031069e-08
-1.046583926933426827e-08
-1.046973379447230927e-08
-1.046932148251781657e-08
-1.047277494853511022e-08
-1.047540325989895790e-08
-1.047903566948063747e-08
-1.047762132207151600e-08
-1.047159101871337620e-08
-1.047411884194937273e-08
-1.046804262382941927e-08
-1.046815272191310849e-08
-1.046787489291484037e-08
-1.047046732621117699e-08
-1.047021831843849995e-08
-1.047314336409336671e-08
-1.047456792398812268e-08
-1.047427128320278623e-08
-1.047690382704581748e-08
-1.047659927343757594e-08
-1.048023793435840914e-08
-1.048284813147219061e-08
-1.048536350292038364e-08
-1.048900792822801952e-08
-1.048583355895018466e-08
-1.048832132273614856e-08
-1.048798091014429145e-08
-1.049163135414439625e-08
-1.049115860220990768e-08
-1.049332537961712776e-08
-1.049299286708917287e-08
-1.049303961051750994e-08
-1.049553401394431844e-08
-1.049522295513797590e-08
-1.049885304486498077e-08
-1.049889323721598828e-08
-1.049840613571780727e-08
-1.049560612868334502e-08
-1.049528987904713006e-08
-1.048915722607740744e-08
-1.049259293081489582e-08
-1.049211917233661750e-08
-1.049460787083536002e-08
-1.049318904497596794e-08
-1.049580816936180109e-08
-1.049419503030768306e-08
-1.049384280191020063e-08
-1.048774772088436824e-08
-1.049134232475919925e-08
-1.049032682242793516e-08
-1.049037385081006875e-08
-1.049003021213393689e-08
-1.048968901958445566e-08
-1.048934474629899413e-08
-1.049186585798724607e-08
-1.049041993470127207e-08
-1.048962123904299438e-08
-1.049125104705901151e-08
-1.049096130242032585e-08
-1.049063158669591270e-08
-1.049030485869548343e-08
-1.048886228155671579e-08
-1.048275912115931773e-08
-1.048511563455399080e-08
-1.048480604341890750e-08
-1.048342680515582738e-08
-1.048311661503264882e-08
-1.048272654614002618e-08
-1.048135525213593049e-08
-1.048105945115096519e-08
-1.047721269117058158e-08
-1.047580614449091679e-08
-1.047838162438021927e-08
-1.047849385532287318e-08
-1.048228579801601154e-08
-1.048204223129063722e-08
-1.048062960290827346e-08
-1.047673370657499193e-08
-1.047645519600354982e-08
-1.047618296068230330e-08
-1.047478212521380297e-08
-1.047449709982481935e-08
-1.046844214895175966e-08
-1.046244850048044835e-08
-1.046592982552236995e-08
-1.045994200278339202e-08
-1.044807545631085740e-08
-1.044790786782781997e-08
-1.045322499543688292e-08
-1.044720102221935212e-08
-1.044981684894626251e-08
-1.044946260317397144e-08
-1.045218699787312006e-08
-1.045195859255707013e-08
-1.045577443765857563e-08
-1.045554648276171203e-08
-1.045529929607956865e-08
-1.045793584151261933e-08
-1.045696192085386020e-08
-1.045672208298555954e-08
-1.045930551230973559e-08
-1.046189173056007014e-08
-1.046457793950333449e-08
-1.046614992365921412e-08
-1.046574955661373710e-08
-1.046551695610282764e-08
-1.046815253337567940e-08
-1.046787137314347561e-08
-1.046179391839575083e-08
-1.046150570005681993e-08
-1.045999131165593393e-08
-1.046333855854710541e-08
-1.046307350696538789e-08
-1.046573476696307871e-08
-1.046550547200928381e-08
-1.046521707026592859e-08
-1.046493566375383801e-08
-1.045873268424732995e-08
-1.045764633270869159e-08
-1.045783107007614825e-08
-1.045183715805950700e-08
-1.044876945514728183e-08
-1.044891616380875664e-08
-1.045284661052769981e-08
-1.044686082582568166e-08
-1.044700937972228819e-08
-1.044662974850539823e-08
-1.045014693301731594e-08
-1.045367521030433070e-08
-1.045218081533282625e-08
-1.045082356116686175e-08
-1.044946835869920972e-08
-1.044914844455278568e-08
-1.044891816121324815e-08
-1.044868982107625943e-08
-1.044267770846281977e-08
-1.044284868354024833e-08
-1.043681092386589480e-08
-1.043378322432635912e-08
-1.043357899300123059e-08
-1.043225541466817946e-08
-1.043093692887163811e-08
-1.043370488493734170e-08
-1.043336460931756287e-08
-1.043316337074008625e-08
-1.043296433504133287e-08
-1.043544165163653529e-08
-1.043525087730356296e-08
-1.043392378478393639e-08
-1.044353071344125982e-08
-1.044257903682207507e-08
-1.044483274269716881e-08
-1.044695102425568356e-08
-1.044675509939309646e-08
-1.045303183952682515e-08
-1.044732362614110577e-08
-1.044788024874241187e-08
-1.044764902500152667e-08
-1.044950280072675222e-08
-1.044801886984680636e-08
-1.045049070715426876e-08
-1.044913055540256065e-08
-1.045094999952536809e-08
-1.045069910697946756e-08
-1.045046547932029817e-08
-1.045022836348089176e-08
-1.045294784557448789e-08
-1.044689298743963775e-08
-1.044664594216167090e-08
-1.044639845646692300e-08
-1.045007005237777626e-08
-1.044400593165605743e-08
-1.044073748165660290e-08
-1.044051505229559073e-08
-1.044409203001891246e-08
-1.044556039870543937e-08
-1.044160800030633401e-08
-1.043844874768654508e-08
-1.043710836782291495e-08
-1.043576538537328413e-08
-1.043838813350974028e-08
-1.043808343631976429e-08
-1.044107374925844268e-08
-1.043973876022585136e-08
-1.044186607954394303e-08
-1.043857074106035606e-08
-1.043834854903149888e-08
-1.043813983466906064e-08
-1.043216916191230628e-08
-1.043592763831836766e-08
-1.043964297000492704e-08
-1.043352426435163065e-08
-1.043219616715563743e-08
-1.043200323377649895e-08
-1.043451340688130810e-08
-1.043419730403104404e-08
-1.042824599056559299e-08
-1.042234785254148579e-08
-1.042148738473233138e-08
-1.042421532277304034e-08
-1.042732849061610098e-08
-1.043087868156762532e-08
-1.043072412438972208e-08
-1.043318818640161258e-08
-1.043300408640605211e-08
-1.043267433725088138e-08
-1.043247119900290328e-08
-1.043227619634226101e-08
-1.043583175311242761e-08
-1.043567429000718044e-08
-1.043547635172637154e-08
-1.043155454209155263e-08
-1.042599799437400340e-08
-1.042207644098037893e-08
-1.041608316649305957e-08
-1.040997473686483308e-08
-1.040394981734715760e-08
-1.040381093783814065e-08
-1.040369890626267047e-08
-1.039985693438767604e-08
-1.039973020696087921e-08
-1.039960699207255837e-08
-1.039985639941177801e-08
-1.040366116825332880e-08
-1.040390760322512961e-08
-1.039801083163397570e-08
-1.040075730261194390e-08
-1.039485962214377854e-08
-1.039359190906697575e-08
-1.039235070930056136e-08
-1.039588814751823565e-08
-1.039452123328017696e-08
-1.039315457463137528e-08
-1.039626611097158770e-08
-1.039989325562430410e-08
-1.039976458835349539e-08
-1.039383347467151308e-08
-1.039973712870549103e-08
-1.039961083643054179e-08
-1.039935500795848005e-08
-1.039725243362446982e-08
-1.039718657672861216e-08
-1.040028148034317859e-08
-1.040015090898667773e-08
-1.039932570580409700e-08
-1.039919032535005709e-08
-1.039906306630951725e-08
-1.039893489730490339e-08
-1.039298932622564458e-08
-1.039576431560807120e-08
-1.039451923130509567e-08
-1.038860934281426710e-08
-1.039228371404429839e-08
-1.039505392435601757e-08
-1.039493254074188417e-08
-1.039770794505162880e-08
-1.039758384204624025e-08
-1.039743095756599239e-08
-1.039148427186082507e-08
-1.039140724198966251e-08
-1.039518928906557284e-08
-1.039507314206515989e-08
-1.039785051333032347e-08
-1.039771523684392985e-08
-1.040948110553943361e-08
-1.040919233953327016e-08
-1.041174432300874052e-08
-1.041439562580761178e-08
-1.041421878245196392e-08
-1.041688482179163772e-08
-1.042103812387051512e-08
-1.042363974973041163e-08
-1.042722126210406099e-08
-1.043114020423759260e-08
-1.043093329310676926e-08
-1.043468126592292133e-08
-1.043625948741422193e-08
-1.043024608631833717e-08
-1.043007294706597781e-08
-1.043196528469518756e-08
-1.043459027005895917e-08
-1.043557048703941521e-08
-1.043801159634568244e-08
-1.043780457933456444e-08
-1.043645631420162056e-08
-1.043032842727501533e-08
-1.043013993898377457e-08
-1.044193676523572289e-08
-1.044457165459934109e-08
-1.044628682024149354e-08
-1.044813767834528792e-08
-1.045073195877311083e-08
-1.045457427314509001e-08
-1.044852771076391250e-08
-1.044833114517913597e-08
-1.045244855026123334e-08
-1.045218915581750149e-08
-1.044614681037166219e-08
-1.044482663082971911e-08
-1.044750493684309729e-08
-1.044541448840108982e-08
-1.044517963637541094e-08
-1.044926855451511098e-08
-1.044943367008870311e-08
-1.045215203655326714e-08
-1.045476559484166998e-08
-1.045451377066876659e-08
-1.045708930534739769e-08
-1.045974097775790496e-08
-1.046286570452450854e-08
-1.046298094739842814e-08
-1.046269173215739254e-08
-1.046607032962194336e-08
-1.046579835382217194e-08
-1.046551872178942591e-08
-1.045984429289479219e-08
-1.045964679885896781e-08
-1.045938416820273845e-08
-1.046194612196258726e-08
-1.046832754727213124e-08
-1.047200035543416173e-08
-1.047157571772212109e-08
-1.047127934567604286e-08
-1.047391628756275531e-08
-1.046822082880723062e-08
-1.046206385633200901e-08
-1.046218007297420033e-08
-1.046482665705729644e-08
-1.046457462120844913e-08
-1.045875532762278596e-08
-1.045549492639502787e-08
-1.045521780243929434e-08
-1.045665159889816106e-08
-1.045798559554559645e-08
-1.045770313491043949e-08
-1.045746284852181343e-08
-1.045986909207572751e-08
-1.046521834888927580e-08
-1.046479017862694406e-08
-1.046453269791304615e-08
-1.045832489736798350e-08
-1.045803987664497517e-08
-1.045668356092584802e-08
-1.046037082400218546e-08
-1.046086611763728283e-08
-1.047029556241640074e-08
-1.046311050902462777e-08
-1.046282357973496915e-08
-1.046073124169877241e-08
-1.046324706554897484e-08
-1.046692891814315210e-08
-1.046664074696748059e-08
-1.046956282438357059e-08
-1.046964103190223715e-08
-1.047225444625300280e-08
-1.047193561200718376e-08
-1.047162144953233061e-08
-1.047120680177402746e-08
-1.047413255122646244e-08
-1.046800374214246102e-08
-1.046305859231082311e-08
-1.045590418884667086e-08
-1.045489152632061260e-08
-1.045499734563718306e-08
-1.045470585799962534e-08
-1.045840046985646350e-08
-1.046103606512899369e-08
-1.046366514437950152e-08
-1.046628789062936219e-08
-1.046995584158261879e-08
-1.046386777653469537e-08
-1.046364540266096861e-08
-1.046334047257613883e-08
-1.046115489095126274e-08
-1.046085681748002621e-08
-1.045466441809767340e-08
-1.045425704962269039e-08
-1.044822511632579502e-08
-1.044798608154164250e-08
-1.044650343130995055e-08
-1.045683253638446748e-08
-1.046234041114356773e-08
-1.046475303413329075e-08
-1.045866247643250219e-08
-1.045261759914853657e-08
-1.045235067179671868e-08
-1.045578346192154776e-08
-1.045554540488472499e-08
-1.045526674972235830e-08
-1.044805127018322112e-08
-1.044197450552634597e-08
-1.044840118995278717e-08
-1.045193578036231133e-08
-1.045041486136208672e-08
-1.045409228471088836e-08
-1.045421429900877061e-08
-1.045677012197714838e-08
-1.045688884409491716e-08
-1.045648091458597905e-08
-1.045902708526556898e-08
-1.045861061372338743e-08
-1.045625216302639688e-08
-1.045636851530348931e-08
-1.045318866137984706e-08
-1.045302963839620917e-08
-1.045559389694485709e-08
-1.045459367266086962e-08
-1.045432718561651260e-08
-1.045332589252715839e-08
-1.045511953109897185e-08
-1.044906082542976971e-08
-1.044806566593727454e-08
-1.045756608269469906e-08
-1.045728864562064524e-08
-1.045477758296064540e-08
-1.045639359053593464e-08
-1.046189336783184305e-08
-1.046279813959753887e-08
-1.046249567092342572e-08
-1.045527011762275710e-08
-1.045539844034574886e-08
-1.045214117139089168e-08
-1.045231053319986791e-08
-1.045093391606076627e-08
-1.044955438095243048e-08
-1.044969811307879981e-08
-1.044371207990251870e-08
-1.044051029756996345e-08
-1.043452126516796049e-08
-1.043318208818934647e-08
-1.042721031942478708e-08
-1.042587571396773239e-08
-1.041987678163299260e-08
-1.043119226393142564e-08
-1.042521920505644534e-08
-1.043190435898315382e-08
-1.042588519568851295e-08
-1.042945771475861664e-08
-1.043301177006840201e-08
-1.043446844763973998e-08
-1.043412215344486419e-08
-1.043973946587405918e-08
-1.044244946034732335e-08
-1.044109744354316491e-08
-1.045056902931233482e-08
-1.045071487072204200e-08
-1.045315310639157681e-08
-1.045587207900036584e-08
-1.045282421401874558e-08
-1.045256213872838161e-08
-1.045043751465668401e-08
-1.045018577129347499e-08
-1.044991864642705189e-08
-1.044966799419703781e-08
-1.045227801438624001e-08
-1.045002198007074379e-08
-1.044870543466492612e-08
-1.044846217912989938e-08
-1.045115501340496163e-08
-1.044514320952763128e-08
-1.044393212676364439e-08
-1.044662178802060929e-08
-1.044042623671965553e-08
-1.044023616183209357e-08
-1.044039906029250926e-08
-1.044311049041922201e-08
-1.044286801199357349e-08
-1.044220145362718102e-08
-1.043656164074618273e-08
-1.043812872873730357e-08
-1.044180774656966469e-08
-1.044156807319269408e-08
-1.044159766408009476e-08
-1.044140351954099408e-08
-1.043752550049815283e-08
-1.044330869544455796e-08
-1.043624821800005363e-08
-1.043601217672188077e-08
-1.043110974137921495e-08
-1.043136253287477538e-08
-1.043548565965025358e-08
-1.043418208678738400e-08
-1.043435371960224615e-08
-1.043301189937257392e-08
-1.043204691830878633e-08
-1.043222643803546665e-08
-1.043205044937750266e-08
-1.043182289910175481e-08
-1.043457728652355499e-08
-1.043434663197699489e-08
-1.043400124141711662e-08
-1.043380489554340067e-08
-1.043626922196788359e-08
-1.043894397942872331e-08
-1.043870634877893077e-08
-1.044227543669037551e-08
-1.044090900526160962e-08
-1.043954285814516332e-08
-1.044263860350733369e-08
-1.044225901204322030e-08
-1.044199662170322151e-08
-1.044356401298094939e-08
-1.045392766428991378e-08
-1.045257131101048204e-08
-1.045397936808387520e-08
-1.045370547934419591e-08
-1.045642107457986266e-08
-1.045613875474877923e-08
-1.045584299563248376e-08
-1.045554770602719615e-08
-1.045412558493363555e-08
-1.045679078733136670e-08
-1.045949399072663683e-08
-1.045957204947315784e-08
-1.045931705934021299e-08
-1.045327334126254543e-08
-1.044752512318778945e-08
-1.044964395384336312e-08
-1.045229941173867661e-08
-1.045188161148501588e-08
-1.046137953109475192e-08
-1.046278877539997412e-08
-1.046461269382348739e-08
-1.046417021367495643e-08
-1.046024135790023895e-08
-1.046031820402237704e-08
-1.046398036236992171e-08
-1.046945572331338311e-08
-1.046911876471892456e-08
-1.047173727299155215e-08
-1.047422456540384634e-08
-1.047387065600383006e-08
-1.046774515983860250e-08
-1.047026138225088721e-08
-1.047276894233215369e-08
-1.047196080766169109e-08
-1.047201758562589726e-08
-1.046585451031924108e-08
-1.046320220686042827e-08
-1.045616668131834721e-08
-1.045585504708607803e-08
-1.045951987612682622e-08
-1.045808719038505745e-08
-1.045765676875306362e-08
-1.045734383774689437e-08
-1.046099596991022712e-08
-1.046363214816840834e-08
-1.046218964561423848e-08
-1.046582413843965983e-08
-1.046295480009337341e-08
-1.046265125699086363e-08
-1.046529436199921938e-08
-1.046896263222610695e-08
-1.047240066465452089e-08
-1.046668072564221466e-08
-1.046342987720843501e-08
-1.045739152828043627e-08
-1.045640567954500607e-08
-1.045615353473165998e-08
-1.045512888405210970e-08
-1.045855681498548577e-08
-1.046815096886343612e-08
-1.047178139666536284e-08
-1.047439651394139372e-08
-1.047409468418458174e-08
-1.047954753060742294e-08
-1.047675535234482944e-08
-1.047643491925218403e-08
-1.047892386233391685e-08
-1.047860441236193667e-08
-1.047716936643902552e-08
-1.047976915408271889e-08
-1.047943392072533458e-08
-1.048068170158748612e-08
-1.048075095322462022e-08
-1.048228297397669614e-08
-1.048477469852278470e-08
-1.048479323513577154e-08
-1.048445369877306002e-08
-1.048411603953545342e-08
-1.048406562512658305e-08
-1.047797305398132792e-08
-1.047762322891334583e-08
-1.047183850457227810e-08
-1.047420153392500268e-08
-1.046798872796010053e-08
-1.046803801032303574e-08
-1.046687524906635078e-08
-1.046942336526446455e-08
-1.046334634316760843e-08
-1.046188196348002071e-08
-1.046159802659214497e-08
-1.046422063336668692e-08
-1.046276470266927070e-08
-1.046620609094293848e-08
-1.046629684939640834e-08
-1.046597014390448833e-08
-1.046451347734460018e-08
-1.045838884827809529e-08
-1.045806086647235936e-08
-1.046154739238247650e-08
-1.046888686864262985e-08
-1.046854496837032550e-08
-1.047257572830123618e-08
-1.046643995389794107e-08
-1.045914126884738710e-08
-1.045339437656699831e-08
-1.045198245094438888e-08
-1.045463018239587063e-08
-1.045070074189692563e-08
-1.045028258667242464e-08
-1.044997909726960341e-08
-1.045302529604047251e-08
-1.045458844322790573e-08
-1.044861331335891952e-08
-1.045225564070838224e-08
-1.045089454953345926e-08
-1.045060717532182836e-08
-1.044456738145589905e-08
-1.044305120616293336e-08
-1.044264793541529277e-08
-1.043952431836179502e-08
-1.043925342168088337e-08
-1.043933281003405842e-08
-1.043908322285025736e-08
-1.043182430368454596e-08
-1.043432795048180009e-08
-1.044066615988848690e-08
-1.044964501082653220e-08
-1.045333918863003021e-08
-1.045701925377088078e-08
-1.045675604857841212e-08
-1.045533891465491786e-08
-1.045513652359667245e-08
-1.045861010077972957e-08
-1.045901888305108641e-08
-1.046240892072077769e-08
-1.046213947359118140e-08
-1.045605292397798216e-08
-1.045747862333984658e-08
-1.045901266112094813e-08
-1.046155465402808086e-08
-1.045549593549578013e-08
-1.045727228304251923e-08
-1.045890025287487947e-08
-1.046257802739692195e-08
-1.046488114808468553e-08
-1.046458459554712762e-08
-1.046429033828852146e-08
-1.046660022377940970e-08
-1.046668416565250192e-08
-1.046641415264712492e-08
-1.046611964203944057e-08
-1.046621067632200977e-08
-1.046583117204896161e-08
-1.046540917449914451e-08
-1.046511325392635367e-08
-1.046130759275927512e-08
-1.046179626263236487e-08
-1.046432407102632418e-08
-1.046400737381009296e-08
-1.046357864040940571e-08
-1.046802639329161815e-08
-1.046195488579582674e-08
-1.046463402646898604e-08
-1.046418515594207895e-08
-1.046378375463281526e-08
-1.046348365645011977e-08
-1.045725427379893723e-08
-1.045699215488073180e-08
-1.046067215755907990e-08
-1.046240907758698976e-08
-1.046198833199695005e-08
-1.046357178149892712e-08
-1.045960692599291936e-08
-1.045970716980628471e-08
-1.046336195360221062e-08
-1.046025647332865938e-08
-1.046035494922272371e-08
-1.046403215575914386e-08
-1.046749513855583401e-08
-1.046718965562526865e-08
-1.047064889564724212e-08
-1.047033497475575601e-08
-1.047173958894843434e-08
-1.047168066492334842e-08
-1.047534061090255534e-08
-1.047389913891509006e-08
-1.047738756801258616e-08
-1.047706590692241112e-08
-1.047495353264047540e-08
-1.047463597361021631e-08
-1.047180089932537677e-08
-1.046966627883870983e-08
-1.046924190743212052e-08
-1.046922073647330838e-08
-1.046779576683825406e-08
-1.046749168577790977e-08
-1.046724460722061399e-08
-1.046112310991302977e-08
-1.046816217054460984e-08
-1.046823876787212123e-08
-1.046780277358002974e-08
-1.046789882686017808e-08
-1.047136073413543515e-08
-1.047148086820719010e-08
-1.047516582262909340e-08
-1.048412838328309276e-08
-1.048675725414930446e-08
-1.048924448691037206e-08
-1.049172536911288144e-08
-1.049024782699420504e-08
-1.048413918803219322e-08
-1.047840939772528415e-08
-1.047807588217932077e-08
-1.047774573885434056e-08
-1.047396632504630685e-08
-1.046784168348950706e-08
-1.046447292610168800e-08
-1.046417647271241202e-08
-1.046315267943154178e-08
-1.046618651811365476e-08
-1.046330610293700974e-08
-1.046339820293912029e-08
-1.046968010266825078e-08
-1.047335128312916505e-08
-1.047304626266642769e-08
-1.047089704483502076e-08
-1.046363401892723019e-08
-1.046374196877433297e-08
-1.046233848655876009e-08
-1.046863951582894991e-08
-1.046872824904673179e-08
-1.046731850789343152e-08
-1.047099844323474811e-08
-1.047353574759872786e-08
-1.047699296234148215e-08
-1.047667176339325902e-08
-1.047635786075729169e-08
-1.047604987857736382e-08
-1.047463248507338669e-08
-1.047809400884331492e-08
-1.047782799482718735e-08
-1.047939992757709898e-08
-1.047947875236576499e-08
-1.047916225246539230e-08
-1.047885444780849398e-08
-1.047852626310682844e-08
-1.047820761962854224e-08
-1.048072185892776484e-08
-1.048078750327415104e-08
-1.048343901157159299e-08
-1.048593126363189760e-08
-1.047904637838870937e-08
-1.047759718346205417e-08
-1.047144711967547043e-08
-1.046566671164243197e-08
-1.046863078870671394e-08
-1.046535128581991165e-08
-1.047650129294255453e-08
-1.047089283503400946e-08
-1.046517536270397076e-08
-1.046492351645051324e-08
-1.045882276991422945e-08
-1.045880167194749884e-08
-1.045766974462970013e-08
-1.045785453282859988e-08
-1.045180264007530736e-08
-1.044579476880588798e-08
-1.044554012049384669e-08
-1.044518871090807953e-08
-1.045711857061109541e-08
-1.045977568961879265e-08
-1.046234337038622262e-08
-1.046092744835932468e-08
-1.046063458696929096e-08
-1.046032858857908210e-08
-1.046670955565903829e-08
-1.047074503457253618e-08
-1.047338444018017649e-08
-1.046997655423341484e-08
-1.046958463145915476e-08
-1.047298754658416829e-08
-1.047437437786841901e-08
-1.047405839067030310e-08
-1.047416600773692963e-08
-1.047667670200973749e-08
-1.048107464131765370e-08
-1.048074627926766908e-08
-1.048080246713656881e-08
-1.047934538286660465e-08
-1.047792399927176857e-08
-1.047960840319924620e-08
-1.047926639709537641e-08
-1.048215284033585443e-08
-1.047601687420686512e-08
-1.047967130581437625e-08
-1.047350135717480487e-08
-1.047317748919438999e-08
-1.047074639926903719e-08
-1.047044369629553410e-08
-1.047011572369371111e-08
-1.046433939717046585e-08
-1.046407312330962746e-08
-1.046660073843219807e-08
-1.046524851112690227e-08
-1.046494298080477735e-08
-1.046503347178883696e-08
-1.046655615634604229e-08
-1.046664600077921903e-08
-1.046661443309807035e-08
-1.046815493518262312e-08
-1.047464994670754281e-08
-1.046971979783536144e-08
-1.047221748460111067e-08
-1.047188170084201667e-08
-1.047435375561983973e-08
-1.047690098705330322e-08
-1.047126081239805799e-08
-1.048293212838945255e-08
-1.048296753589834805e-08
-1.048261575461663503e-08
-1.048484356114822233e-08
-1.048488476785507708e-08
-1.048849542926479156e-08
-1.048812401006989081e-08
-1.049434656507116789e-08
-1.049623624520956399e-08
-1.048710690572036012e-08
-1.049119056286666188e-08
-1.049777873847764427e-08
-1.049381766037514789e-08
-1.049343376241360552e-08
-1.048776559647014313e-08
-1.049030480194978499e-08
-1.049038837386931286e-08
-1.049372903008595434e-08
-1.049379962460613193e-08
-1.049628880198668391e-08
-1.049886984469202100e-08
-1.049561936082375137e-08
-1.049810280211263297e-08
-1.050058032717215793e-08
-1.050017697265344359e-08
-1.049289528504623858e-08
-1.049241942254023025e-08
-1.049203610070809689e-08
-1.049165329484067690e-08
-1.049167131437041855e-08
-1.048551263056537799e-08
-1.048513310706428323e-08
-1.048477147276117325e-08
-1.048479833597819045e-08
-1.048482558981442872e-08
-1.048334367227501751e-08
-1.048288908415255753e-08
-1.048627267407224172e-08
-1.048590497136623309e-08
-1.047979029023741046e-08
-1.047412746218367074e-08
-1.047378702499051592e-08
-1.047706916095575888e-08
-1.047379784178275729e-08
-1.047135693775281056e-08
-1.047101082986807750e-08
-1.046496643234242011e-08
-1.045880396179073247e-08
-1.046132462881302453e-08
-1.046088322147710039e-08
-1.045935710392679766e-08
-1.045904553535387888e-08
-1.045876222669841714e-08
-1.046224928522406581e-08
-1.046194143807956141e-08
-1.045591492871378375e-08
-1.045561226912275555e-08
-1.045903587227528922e-08
-1.046155249694926618e-08
-1.046122341753758912e-08
-1.046090778737292307e-08
-1.046059837534019865e-08
-1.045452775193461745e-08
-1.045422714797125281e-08
-1.045756287124990649e-08
-1.045725922519775665e-08
-1.046128826474734181e-08
-1.046051276434197463e-08
-1.046007542683402684e-08
-1.046260584203427556e-08
-1.046228943877964085e-08
-1.046520088136324121e-08
-1.046888924156262498e-08
-1.046843180001570336e-08
-1.046809890366650943e-08
-1.046470972648498468e-08
-1.046734390331990011e-08
-1.046577104980891617e-08
-1.046531434146385162e-08
-1.045924127423052677e-08
-1.045768701072820454e-08
-1.045515773240056761e-08
-1.045784078615221465e-08
-1.045742245549661229e-08
-1.045739081324800336e-08
-1.046081927231097484e-08
-1.046051792988964569e-08
-1.045487658995577447e-08
-1.045752281788436465e-08
-1.045723141409254697e-08
-1.045730489747002361e-08
-1.045738199366157464e-08
-1.046084573949002326e-08
-1.046054185105495360e-08
-1.046061875323562473e-08
-1.045919851176182006e-08
-1.046173457480926769e-08
-1.045955920366525463e-08
-1.045348355992270195e-08
-1.044954237433476503e-08
-1.044929817307676881e-08
-1.044901231581695434e-08
-1.044901540618460088e-08
-1.044760251153326612e-08
-1.044720234847945178e-08
-1.044580901416889420e-08
-1.043967685255165853e-08
-1.044519564436855660e-08
-1.044490327510601519e-08
-1.044744645378329752e-08
-1.044714591839979333e-08
-1.044134763522733327e-08
-1.044666017812665136e-08
-1.044638384435035688e-08
-1.044331654102286897e-08
-1.044044570586683572e-08
-1.043913447635987448e-08
-1.043913651502423751e-08
-1.043891097649015863e-08
-1.043864523428134849e-08
-1.043838276904802826e-08
-1.043810448632014571e-08
-1.043771220188934319e-08
-1.043925545019771560e-08
-1.044179234604498739e-08
-1.044151736606723328e-08
-1.044124898488775162e-08
-1.044096608658703453e-08
-1.043491050695949572e-08
-1.042775549661808426e-08
-1.042738579052758114e-08
-1.042739951867778253e-08
-1.042754026043184337e-08
-1.042505754748128138e-08
-1.042897185519341418e-08
-1.042877278255278953e-08
-1.042741774772897694e-08
-1.043132716806325731e-08
-1.042525810480459944e-08
-1.042394709662442737e-08
-1.043038718011083171e-08
-1.043014775114844238e-08
-1.042992171226904355e-08
-1.043263580614903524e-08
-1.043130770246686075e-08
-1.043401862462020901e-08
-1.043665644014849059e-08
-1.043056526719637401e-08
-1.043191285074525157e-08
-1.043053757196500681e-08
-1.043429915791539176e-08
-1.043181075084912945e-08
-1.043196523399794460e-08
-1.043549343592926712e-08
-1.043857552943243818e-08
-1.043718849720014578e-08
-1.043580954133383679e-08
-1.043853133003436343e-08
-1.044221023888582773e-08
-1.044194106175394570e-08
-1.043572353114566896e-08
-1.043434862609769849e-08
-1.043410573043014991e-08
-1.043387741065759184e-08
-1.043252117782649005e-08
-1.043589447242476405e-08
-1.043859000064138927e-08
-1.043608943820027634e-08
-1.042996740675265017e-08
-1.042405075783058967e-08
-1.042761565383319123e-08
-1.042779129900631996e-08
-1.043148660397405409e-08
-1.042769700864401771e-08
-1.043113261845496375e-08
-1.043090826904212347e-08
-1.043068552413805827e-08
-1.042459753409933767e-08
-1.042438000212564235e-08
-1.042416500403514177e-08
-1.042282125477947789e-08
-1.042289178530153687e-08
-1.042566893111746314e-08
-1.042584804499126974e-08
-1.042602211315342140e-08
-1.042011167518306213e-08
-1.041920007262545665e-08
-1.041908242161087468e-08
-1.041965954497059447e-08
-1.041946224331857414e-08
-1.042316137234087390e-08
-1.042295479860961419e-08
-1.042261688650701535e-08
-1.042128254380581122e-08
-1.041746329331427004e-08
-1.041140826406581753e-08
-1.040419674579668576e-08
-1.040278588430560130e-08
-1.040261449593950780e-08
-1.040244827039979184e-08
-1.040448096588776259e-08
-1.040073509251296317e-08
-1.040044748348531511e-08
-1.039916542401874663e-08
-1.040181912121636183e-08
-1.040165426880913015e-08
-1.040146228182232563e-08
-1.040129865986647307e-08
-1.040437488455637794e-08
-1.040069221637627968e-08
-1.039745835725931729e-08
-1.039767239590626958e-08
-1.040029891067200779e-08
-1.039941148872904525e-08
-1.039931958295017338e-08
-1.040344347971227184e-08
-1.040586812166454017e-08
-1.040571422690903622e-08
-1.040427237295376075e-08
-1.040791186861012993e-08
-1.040811957892421524e-08
-1.040780514838110452e-08
-1.040801119687972903e-08
-1.040821103405001216e-08
-1.040880208585051864e-08
-1.040848370468528992e-08
-1.041760832675734754e-08
-1.041142549848332600e-08
-1.041405590881353938e-08
-1.041389357721664904e-08
-1.041369793087566230e-08
-1.040773865385135941e-08
-1.040755200377922684e-08
-1.041026366150143761e-08
-1.040431381619947285e-08
-1.039293936467344011e-08
-1.038688649895317400e-08
-1.038673775835878805e-08
-1.039330301703055673e-08
-1.039200170845775655e-08
-1.039183953592274816e-08
-1.039058890524698349e-08
-1.038171364827311535e-08
-1.038538806006238296e-08
-1.038524914520657193e-08
-1.038553824371112319e-08
-1.038171506594978847e-08
-1.038436791500023586e-08
-1.038714894906002766e-08
-1.039075808115405875e-08
-1.039060564097932516e-08
-1.038457766777409988e-08
-1.038329921251476504e-08
-1.037742731016263821e-08
-1.037729912418583990e-08
-1.037703268858340510e-08
-1.038264526659862768e-08
-1.038289492425752044e-08
-1.038567572202559494e-08
-1.039675192787598239e-08
-1.039056517262086327e-08
-1.039040913606400808e-08
-1.039344624697805111e-08
-1.038745097489183129e-08
-1.038439219219333556e-08
-1.039676184448948629e-08
-1.039697306165957651e-08
-1.039683198636992278e-08
-1.039664589090100500e-08
-1.040020219855593001e-08
-1.040003236601786622e-08
-1.039985332881752832e-08
-1.040006992357958037e-08
-1.039988818366835733e-08
-1.039859470642086627e-08
-1.040079645137516668e-08
-1.040087448158338084e-08
-1.039523940958121317e-08
-1.039788795998026468e-08
-1.040344390752695295e-08
-1.039739801320500033e-08
-1.039889115531181497e-08
-1.039676967977377447e-08
-1.040050305427382339e-08
-1.040030779608699994e-08
-1.040012893201184029e-08
-1.039992976348609836e-08
-1.039862765918780833e-08
-1.039847001381763769e-08
-1.039828545805931571e-08
-1.039221224479480421e-08
-1.039093849840786968e-08
-1.038481478757964541e-08
-1.038470422116748903e-08
-1.038735527950162044e-08
-1.038756510499464933e-08
-1.038740160109079772e-08
-1.038611592436146997e-08
-1.039011148309481208e-08
