-3.276656445289863656e-07
-3.279033780389241181e-07
-3.277606820898796227e-07
-3.247772939265765949e-07
-3.243567208820912579e-07
-3.247369561283806055e-07
-3.247193036441240589e-07
-3.263858528155661904e-07
-3.263337544128925597e-07
-3.263453240996142368e-07
-3.264116586726081128e-07
-3.264172626740235045e-07
-3.271564985718959744e-07
-3.283113409581541375e-07
-3.298795952833074273e-07
-3.272830738408502221e-07
-3.272360826231368201e-07
-3.272091007171552620e-07
-3.271661924006817768e-07
-3.264594918685689514e-07
-3.284589689664498025e-07
-3.283725384671244462e-07
-3.282907643121715068e-07
-3.294211515498085441e-07
-3.309164185086452743e-07
-3.324508755904877243e-07
-3.353672969995020571e-07
-3.362283172597200183e-07
-3.360136701347422172e-07
-3.369269683508469228e-07
-3.371665639289565120e-07
-3.367717665969993210e-07
-3.363944270305964993e-07
-3.390000860275182467e-07
-3.385433010659653074e-07
-3.398533176930339179e-07
-3.423684336681361954e-07
-3.419300071597610721e-07
-3.390535450703639835e-07
-3.419131650120970223e-07
-3.409826845355934598e-07
-3.414555125987438871e-07
-3.421270778364786438e-07
-3.417261455806108259e-07
-3.443723176566914025e-07
-3.408725124509162568e-07
-3.379093385592428299e-07
-3.389386317933516518e-07
-3.380241138272349777e-07
-3.387524445862532187e-07
-3.385278361673984195e-07
-3.381502914832365222e-07
-3.374541062233792239e-07
-3.372566789471337230e-07
-3.374687330314180668e-07
-3.366493933657284006e-07
-3.363374268023230935e-07
-3.360574199518967518e-07
-3.365670831924094190e-07
-3.373623194820115030e-07
-3.387259034870699155e-07
-3.396341448264933796e-07
-3.410329064151254314e-07
-3.422407196481632567e-07
-3.408697418339542502e-07
-3.405539726298047017e-07
-3.413846730048533012e-07
-3.410030284581297027e-07
-3.394237435228276224e-07
-3.390783730021813385e-07
-3.395025243037728419e-07
-3.391485871493865678e-07
-3.359460561415421443e-07
-3.369457078478831576e-07
-3.362241682383105567e-07
-3.359927881924506320e-07
-3.357255471810312656e-07
-3.330792282677758815e-07
-3.330910746344864454e-07
-3.333481556684949535e-07
-3.333331262645132403e-07
-3.331533626880849466e-07
-3.329795141800912666e-07
-3.336731948632359349e-07
-3.334598383732148571e-07
-3.308096462018800545e-07
-3.306945170359845858e-07
-3.301353292650744214e-07
-3.317963377091427003e-07
-3.292036461763830711e-07
-3.291826450798537131e-07
-3.305140684776200142e-07
-3.304140489858864481e-07
-3.253270442751832032e-07
-3.244809962814881242e-07
-3.246064470726336264e-07
-3.263533560456895446e-07
-3.264264152748356264e-07
-3.259892886316778189e-07
-3.277383821195310683e-07
-3.277579402218595910e-07
-3.273658119484981214e-07
-3.266222422638658268e-07
-3.267039539468274839e-07
-3.269269187437603281e-07
-3.266652201330533361e-07
-3.267328762496136927e-07
-3.243351944707930761e-07
-3.261000007007684511e-07
-3.261493033365279949e-07
-3.261978058109262896e-07
-3.237172600936684003e-07
-3.240483891504773876e-07
-3.237586197616349815e-07
-3.222207781709254247e-07
-3.207555000788736994e-07
-3.221852493119398140e-07
-3.231472318221527764e-07
-3.233474191010726843e-07
-3.205901962919783023e-07
-3.208125645251820883e-07
-3.184565049873591269e-07
-3.187339489987864408e-07
-3.212437580542510939e-07
-3.214484963470296700e-07
-3.211673768160084802e-07
-3.225328328066994284e-07
-3.222630816792035675e-07
-3.220073452397829177e-07
-3.233545806456859476e-07
-3.252645714184370289e-07
-3.257484589820406090e-07
-3.233289278489837662e-07
-3.230978054758111295e-07
-3.228784815115283706e-07
-3.231460320499522701e-07
-3.241737478363265140e-07
-3.254711076754706136e-07
-3.210796269079360261e-07
-3.199492459492790525e-07
-3.213864612349033275e-07
-3.217506714603934605e-07
-3.219152289457789507e-07
-3.212549967930261918e-07
-3.229842020767374201e-07
-3.231387601889325209e-07
-3.232977215819286098e-07
-3.245967583783090286e-07
-3.258361142949878499e-07
-3.258282026468891097e-07
-3.259237253933676154e-07
-3.233921959031597931e-07
-3.230029511448254070e-07
-3.242669865416921844e-07
-3.260177169265565596e-07
-3.236625503842565098e-07
-3.213447422566005187e-07
-3.215336251558825061e-07
-3.233262908489493719e-07
-3.234601283345145400e-07
-3.205854160281370931e-07
-3.208216875749835557e-07
-3.223510065249695481e-07
-3.241179866334515976e-07
-3.282339302406019689e-07
-3.277534961917369019e-07
-3.279089949066061307e-07
-3.278966625237672494e-07
-3.278984956888376972e-07
-3.295477694709651845e-07
-3.294913658606504273e-07
-3.294290203715618527e-07
-3.307098072825102796e-07
-3.305673060311939963e-07
-3.320444409916497542e-07
-3.319310985924617421e-07
-3.317666479409682382e-07
-3.323732991313364360e-07
-3.323443135947148539e-07
-3.316984529691555455e-07
-3.290443844326592495e-07
-3.285431046723959154e-07
-3.286655174633120217e-07
-3.302341870750630615e-07
-3.301555170589949217e-07
-3.296214218552750303e-07
-3.295818017717681263e-07
-3.311533653717902110e-07
-3.327376873558648265e-07
-3.326137428680910137e-07
-3.311975136289523299e-07
-3.324702623118724053e-07
-3.323547902672466172e-07
-3.309841863866064909e-07
-3.308356061939568456e-07
-3.307603837590260038e-07
-3.298780701580513982e-07
-3.322352598330264336e-07
-3.321150055568176729e-07
-3.338843735931258781e-07
-3.337108918557581191e-07
-3.347301885988840316e-07
-3.360171664816519485e-07
-3.354793182483979155e-07
-3.363844960803538358e-07
-3.379211390027204053e-07
-3.370916018173414716e-07
-3.368164387180533517e-07
-3.382764476772754856e-07
-3.379776745691544642e-07
-3.389018283811816190e-07
-3.387733451763493674e-07
-3.402338614752492754e-07
-3.399089948791816936e-07
-3.397443689289597337e-07
-3.370629097336991377e-07
-3.379983685039986773e-07
-3.353148653008411901e-07
-3.356180526197782540e-07
-3.350058596366765966e-07
-3.340317529630865030e-07
-3.340895677224705718e-07
-3.334208372321503392e-07
-3.322169335606276933e-07
-3.323813126161001713e-07
-3.347017856301222248e-07
-3.346352666262585382e-07
-3.320910971977332374e-07
-3.321866301024750682e-07
-3.321673160820950095e-07
-3.321453404233101184e-07
-3.321203132974906328e-07
-3.338040430343721069e-07
-3.335148891248888406e-07
-3.334774792131863404e-07
-3.334344782164008575e-07
-3.345386958855619953e-07
-3.315349123458653458e-07
-3.330355442291695867e-07
-3.322401180563210938e-07
-3.297301015678512296e-07
-3.298008334963150439e-07
-3.294026447338805495e-07
-3.310742014355743632e-07
-3.296358763808240556e-07
-3.324826977617792526e-07
-3.326616296174047989e-07
-3.323083725051995794e-07
-3.331637272471025067e-07
-3.347637824421236392e-07
-3.342269738749708206e-07
-3.359918735830502037e-07
-3.360537967754888923e-07
-3.376224493827732011e-07
-3.357376041509407464e-07
-3.368064269215881672e-07
-3.385071405853601507e-07
-3.362637873759616560e-07
-3.332194185195531437e-07
-3.332447771738682848e-07
-3.332648854151794921e-07
-3.317732372745101980e-07
-3.318841001290609027e-07
-3.319813337188075151e-07
-3.332194287225040741e-07
-3.307475461719988931e-07
-3.316091955231466934e-07
-3.316568356600022493e-07
-3.291898090908006551e-07
-3.288550607938423701e-07
-3.290195803168226444e-07
-3.291613818329580630e-07
-3.331826366946442584e-07
-3.332826911462306014e-07
-3.349389134368899934e-07
-3.365569891592659909e-07
-3.380996242145209432e-07
-3.379788387582332223e-07
-3.396550911840930743e-07
-3.389503364356142239e-07
-3.418161203052676899e-07
-3.403302816450637555e-07
-3.396331908837281704e-07
-3.393829146217539418e-07
-3.403685422945529297e-07
-3.401123909340712806e-07
-3.375865604949558240e-07
-3.374180158454073445e-07
-3.383950157628939702e-07
-3.381522795708665392e-07
-3.379288493653440139e-07
-3.352735226346711216e-07
-3.352937638410377259e-07
-3.362606378001323121e-07
-3.360429696480037696e-07
-3.358254938637872783e-07
-3.355693830993244251e-07
-3.365502233731095902e-07
-3.362929249676267962e-07
-3.360438726956015089e-07
-3.357606624206385761e-07
-3.350842715638913149e-07
-3.326691800327653160e-07
-3.301047117301978952e-07
-3.307658372053167395e-07
-3.306638702459647959e-07
-3.307741119186804204e-07
-3.307123485180715775e-07
-3.307656070516004423e-07
-3.307980007634622102e-07
-3.302799033504085130e-07
-3.303354828715713870e-07
-3.302761011256409344e-07
-3.309606002224095699e-07
-3.319864256088724805e-07
-3.314033435536121778e-07
-3.324070746658595584e-07
-3.336744114019034313e-07
-3.334955304879041063e-07
-3.328854594950024578e-07
-3.327202447688214876e-07
-3.337652850952413899e-07
-3.331304807465224428e-07
-3.329484253468037480e-07
-3.328057749472873928e-07
-3.326155973121542323e-07
-3.300057455045742430e-07
-3.299772893103245030e-07
-3.327326941661664443e-07
-3.325264371193893663e-07
-3.323820390943356481e-07
-3.322364763302715836e-07
-3.322069384489756287e-07
-3.295572179394804630e-07
-3.295927806337945747e-07
-3.311174650478290709e-07
-3.285642883054179147e-07
-3.297370621550031877e-07
-3.296170144041755654e-07
-3.314642723184715934e-07
-3.288549807950891241e-07
-3.287921774258195335e-07
-3.303800986766424852e-07
-3.302759218353087310e-07
-3.318563393862725567e-07
-3.317226142731860865e-07
-3.332897970213112895e-07
-3.307349713679528897e-07
-3.297440960833448875e-07
-3.308837228451168107e-07
-3.283435604460797213e-07
-3.275385076528168858e-07
-3.277112941867671615e-07
-3.277194474886741967e-07
-3.252367324290290929e-07
-3.254799908746113245e-07
-3.225214962259608412e-07
-3.226721744206520348e-07
-3.228722115956647023e-07
-3.230022321949674669e-07
-3.239882083650860127e-07
-3.257356104929832478e-07
-3.252385818434486284e-07
-3.253412552017424163e-07
-3.254397432793063634e-07
-3.229865966054477646e-07
-3.242839710332410615e-07
-3.243853683064698487e-07
-3.246422138330959809e-07
-3.248793009512140657e-07
-3.224553909412983934e-07
-3.226008187861695466e-07
-3.218511558177812412e-07
-3.220311293153703757e-07
-3.198319165526871331e-07
-3.216282516660813091e-07
-3.234622920853144972e-07
-3.231663609776758472e-07
-3.233610812500496935e-07
-3.209452624695294114e-07
-3.225477080766333310e-07
-3.228009771873573376e-07
-3.225292739159227458e-07
-3.227062834287861556e-07
-3.224346117658313993e-07
-3.221872992466749444e-07
-3.206948390457675979e-07
-3.220698090297999625e-07
-3.222669795495056230e-07
-3.210921454043394599e-07
-3.207859521311727225e-07
-3.210170091813606610e-07
-3.209068208783539344e-07
-3.216013944861824548e-07
-3.192754574314191011e-07
-3.181705215386671421e-07
-3.155908389555304610e-07
-3.155213357549119015e-07
-3.159148583237060498e-07
-3.158463387292429739e-07
-3.162457810623601386e-07
-3.166294335322510509e-07
-3.169447099394968241e-07
-3.174555922835343095e-07
-3.152369325394181595e-07
-3.156389574557777495e-07
-3.134443758430569957e-07
-3.166706441653605740e-07
-3.170058152774784285e-07
-3.173288061323127468e-07
-3.170854623822683433e-07
-3.190702891749444914e-07
-3.211796079321007558e-07
-3.214049022559197292e-07
-3.217725885428831291e-07
-3.219768416921919934e-07
-3.237397682890866982e-07
-3.208485995684689219e-07
-3.217589334179668573e-07
-3.237374819920858375e-07
-3.240486195287444485e-07
-3.251500192923638899e-07
-3.234246215776533364e-07
-3.237273111385470492e-07
-3.213980676465917409e-07
-3.233176810211161786e-07
-3.235133962084551263e-07
-3.238496181883651146e-07
-3.240131361468776254e-07
-3.241685294014607230e-07
-3.260467667735064701e-07
-3.272929105807377884e-07
-3.290211814379569693e-07
-3.292062864513989405e-07
-3.292249734092122772e-07
-3.267057839360492223e-07
-3.267698539619532986e-07
-3.268664970463688200e-07
-3.269539687848659108e-07
-3.247347831272284344e-07
-3.218682864456422836e-07
-3.196838485496703284e-07
-3.201151875557558875e-07
-3.215544228270365284e-07
-3.229244452745212208e-07
-3.254563680118869536e-07
-3.267120719928238747e-07
-3.267099367712060000e-07
-3.240533169058389027e-07
-3.241020127219909160e-07
-3.216165924450886190e-07
-3.233921430251582856e-07
-3.235352225076594854e-07
-3.210358177654982851e-07
-3.214016972171592574e-07
-3.216087900729002453e-07
-3.231164525530037682e-07
-3.243986420779698232e-07
-3.255834366885925802e-07
-3.231564017104761062e-07
-3.231975703392342687e-07
-3.206301891348511694e-07
-3.223340489694029717e-07
-3.225814824058706035e-07
-3.226503323093234429e-07
-3.227202028324217998e-07
-3.228066963329431834e-07
-3.258699284299057450e-07
-3.258214696953095176e-07
-3.255227436547761254e-07
-3.255120540167140718e-07
-3.230781832997764794e-07
-3.217638127974014767e-07
-3.235510648345652084e-07
-3.238104403994368030e-07
-3.250661868781234706e-07
-3.245979614255996950e-07
-3.246584143862804428e-07
-3.222768553353512209e-07
-3.199789236202138241e-07
-3.217781909865030222e-07
-3.214929088617308377e-07
-3.216996896142827580e-07
-3.215594397083438012e-07
-3.217563801497466253e-07
-3.219036400906252854e-07
-3.220992453203678916e-07
-3.223039829872967457e-07
-3.224291354925117490e-07
-3.201183667197638505e-07
-3.199462006589388350e-07
-3.202256562459531896e-07
-3.200512379524362956e-07
-3.219337405013371352e-07
-3.238566039914819246e-07
-3.239985260894291987e-07
-3.253451168423652695e-07
-3.224564849685161011e-07
-3.226961260088462801e-07
-3.199279048905070195e-07
-3.218270726111577074e-07
-3.221128122815212999e-07
-3.240540660383919527e-07
-3.254370938414873937e-07
-3.283389876835023498e-07
-3.283136320882383862e-07
-3.283627592766680255e-07
-3.258165421381502711e-07
-3.233702302890570908e-07
-3.234714942576179146e-07
-3.244455582166940603e-07
-3.247464596103294966e-07
-3.265108569808972518e-07
-3.281549915823394755e-07
-3.310001459216363097e-07
-3.306563109893743253e-07
-3.280913640500669460e-07
-3.258461200347433627e-07
-3.254941515149116542e-07
-3.232082003809915309e-07
-3.234131178046228942e-07
-3.232451287649323149e-07
-3.234410501525130867e-07
-3.238499843289382302e-07
-3.256560619831521188e-07
-3.252722535753657315e-07
-3.266020973649045562e-07
-3.266424850158870889e-07
-3.268785820349393852e-07
-3.269555876667434571e-07
-3.244753674923355514e-07
-3.246686777333249415e-07
-3.264796671283942126e-07
-3.261891925253842211e-07
-3.263580389361843780e-07
-3.281591763818820220e-07
-3.300554174725276300e-07
-3.314269419389070821e-07
-3.330751256439011188e-07
-3.330110101130775748e-07
-3.329301716512090304e-07
-3.330074405232485879e-07
-3.328613338267704853e-07
-3.327956144842775751e-07
-3.350552760031651506e-07
-3.347950434928852146e-07
-3.358148667026068517e-07
-3.357162952530457442e-07
-3.329058039711615527e-07
-3.323089540650497016e-07
-3.314604544988313980e-07
-3.313739085546773255e-07
-3.308090663231577161e-07
-3.303173118690302297e-07
-3.303366303225861284e-07
-3.319810626207263636e-07
-3.336032998740905401e-07
-3.309573744545149648e-07
-3.309244450011246798e-07
-3.309215847522922359e-07
-3.321509464350852597e-07
-3.323108104549641228e-07
-3.339937073038782467e-07
-3.350940892179441992e-07
-3.351107101566851827e-07
-3.349232680103429938e-07
-3.352487457203059008e-07
-3.334146358379189762e-07
-3.304764148436390917e-07
-3.300197760850484288e-07
-3.300762634199922325e-07
-3.297845395451502791e-07
-3.310221143564081189e-07
-3.297003153874330012e-07
-3.283120007246717410e-07
-3.295412017325786663e-07
-3.290568830992209420e-07
-3.301952831359761253e-07
-3.284750850918766568e-07
-3.296638950960680378e-07
-3.295589496669622595e-07
-3.294903045564859940e-07
-3.305622478596061074e-07
-3.322168976197574505e-07
-3.315668909628273192e-07
-3.318068089337434118e-07
-3.303104715642311048e-07
-3.278266541588186017e-07
-3.278108381254923162e-07
-3.273343413790137639e-07
-3.273426717604610112e-07
-3.275180515223376185e-07
-3.274720065397165605e-07
-3.274667378393256114e-07
-3.303129560710191867e-07
-3.307433128899361248e-07
-3.305069411893147560e-07
-3.299361485784490217e-07
-3.314490761339297295e-07
-3.308315024231213865e-07
-3.309269477877544604e-07
-3.321597541071471652e-07
-3.319921661752242955e-07
-3.293237494010059187e-07
-3.292513414793060415e-07
-3.293334440100773074e-07
-3.268250330148681850e-07
-3.242461515230352438e-07
-3.244987744133190178e-07
-3.245674826212144651e-07
-3.245810021603278195e-07
-3.245991851629314360e-07
-3.248300542914506054e-07
-3.281156466710391789e-07
-3.282125371867167568e-07
-3.257214672032349765e-07
-3.257882765622348483e-07
-3.270171126397684637e-07
-3.270827664709892454e-07
-3.284357330219674566e-07
-3.257900534931752337e-07
-3.257264581700142909e-07
-3.256082048679486378e-07
-3.256149818081564428e-07
-3.272282138145082870e-07
-3.276078458632485175e-07
-3.250459121372672572e-07
-3.250763363525672932e-07
-3.234149978146637720e-07
-3.234908607030589883e-07
-3.232377801357261458e-07
-3.249584692981469397e-07
-3.225439593649953806e-07
-3.226799488640690015e-07
-3.228119118376750468e-07
-3.229411743643338339e-07
-3.230648255648263071e-07
-3.231841876801745049e-07
-3.234639931922736649e-07
-3.249297919032690741e-07
-3.251537775733477209e-07
-3.247637458269148398e-07
-3.218178324821415591e-07
-3.235728034552191518e-07
-3.238972207325299308e-07
-3.256708756570042041e-07
-3.266218309016092555e-07
-3.278392569743049454e-07
-3.294762008489624776e-07
-3.294237308148499558e-07
-3.280944394674702613e-07
-3.275915021191782566e-07
-3.275988340489928630e-07
-3.276213752455474694e-07
-3.292906618761153684e-07
-3.292557622354401173e-07
-3.292207336257365285e-07
-3.267380124845960338e-07
-3.283886964218386327e-07
-3.300514412684388297e-07
-3.275453456519410828e-07
-3.262589153236703932e-07
-3.252257298804469938e-07
-3.253600300394327712e-07
-3.230008092277600030e-07
-3.231376905916668655e-07
-3.228673125696922535e-07
-3.242460574280238524e-07
-3.243837717571473640e-07
-3.240594243992045962e-07
-3.239262638504368148e-07
-3.211154887963744979e-07
-3.187861759864751699e-07
-3.186862285580220025e-07
-3.155816915169538069e-07
-3.160792617271926361e-07
-3.165208618408383616e-07
-3.169267826055048835e-07
-3.147419404367991887e-07
-3.147510864186683795e-07
-3.127711762077433455e-07
-3.133663460711199959e-07
-3.166718636575717123e-07
-3.171134051859808294e-07
-3.175351136020103275e-07
-3.190983644929937025e-07
-3.193695976208501638e-07
-3.196993901590174076e-07
-3.210933578350994971e-07
-3.216387892712873034e-07
-3.194758066674591360e-07
-3.210030095636537192e-07
-3.181685868133900183e-07
-3.187467011633552432e-07
-3.189333034313974553e-07
-3.200482495777426559e-07
-3.202279528510383395e-07
-3.215853229747570792e-07
-3.228740133103319383e-07
-3.205127031149901364e-07
-3.206164582856873097e-07
-3.222932911640945642e-07
-3.224722772741524336e-07
-3.243435246138567706e-07
-3.257250306471543108e-07
-3.252724938499981888e-07
-3.252968632992668356e-07
-3.252757305666341585e-07
-3.252617966570648901e-07
-3.269992741177883124e-07
-3.271532223022711743e-07
-3.284782327987578722e-07
-3.300918097817614989e-07
-3.299581761370850551e-07
-3.299883173571584187e-07
-3.311605324550033150e-07
-3.325236569058261293e-07
-3.325116754393308357e-07
-3.322800256750286066e-07
-3.322139268389789170e-07
-3.332138331848880603e-07
-3.330990026462661452e-07
-3.340885609727469966e-07
-3.350110248987990902e-07
-3.346289552968437490e-07
-3.318823918904451551e-07
-3.316314724296799668e-07
-3.313824118566678455e-07
-3.329133634138247801e-07
-3.339049109670394790e-07
-3.336286278364350822e-07
-3.329316937001671265e-07
-3.327148376036958823e-07
-3.343763308803655816e-07
-3.341220906990225040e-07
-3.351144443788105659e-07
-3.365575111916508011e-07
-3.339567591657475691e-07
-3.354106214931097460e-07
-3.352273673007863718e-07
-3.348999498394531023e-07
-3.358251034612258850e-07
-3.355080687934625049e-07
-3.364067967741167551e-07
-3.379733720761742597e-07
-3.391109784708790864e-07
-3.382723086341915460e-07
-3.378508785447097688e-07
-3.375016405972970532e-07
-3.379341212971020763e-07
-3.371322863133160407e-07
-3.368294817922834400e-07
-3.382851498057026885e-07
-3.374986029097953447e-07
-3.379274437372332819e-07
-3.393457120314136339e-07
-3.408084624260968787e-07
-3.408714971078681487e-07
-3.400078936403779436e-07
-3.391042185863655063e-07
-3.408133274192067080e-07
-3.423240470072782634e-07
-3.396463245106441952e-07
-3.404239236747364569e-07
-3.403336651742839486e-07
-3.400037963914466742e-07
-3.372791836359417630e-07
-3.380191100761382096e-07
-3.378453649785715943e-07
-3.376747569369779725e-07
-3.375229261178487466e-07
-3.385471360732838192e-07
-3.378953240810973761e-07
-3.369629263393123931e-07
-3.343652348104378600e-07
-3.319593668709880902e-07
-3.336498056412823518e-07
-3.335595261723699920e-07
-3.336955069819731114e-07
-3.336129007013327111e-07
-3.311159806139228549e-07
-3.323109668411847135e-07
-3.338548086224845782e-07
-3.325022661561522780e-07
-3.325069724904003443e-07
-3.342268578274716509e-07
-3.341857996701965133e-07
-3.341388970536333011e-07
-3.335873472468559165e-07
-3.311242338795889952e-07
-3.311991780497301882e-07
-3.329914413156830438e-07
-3.325648028196504998e-07
-3.326159332729095559e-07
-3.301204745472703360e-07
-3.302499928482577105e-07
-3.305179463772543246e-07
-3.301666903486239991e-07
-3.302908229257557581e-07
-3.320943835517666540e-07
-3.321657951305628054e-07
-3.339839811395393263e-07
-3.335359142787734805e-07
-3.310996678203300251e-07
-3.311689949982428574e-07
-3.320877220440996583e-07
-3.313117385177284791e-07
-3.314163654382094596e-07
-3.315128672426520225e-07
-3.331706489193527589e-07
-3.343355544582565575e-07
-3.343130475307051272e-07
-3.354622706574968215e-07
-3.370679635113109713e-07
-3.368919611231962976e-07
-3.379910985415522985e-07
-3.354283001492416539e-07
-3.375439796038412894e-07
-3.374311500192898657e-07
-3.373007212391696037e-07
-3.373217612437053959e-07
-3.371754026505387760e-07
-3.366032406562184838e-07
-3.376811283763986306e-07
-3.350478557812210022e-07
-3.361042081516610011e-07
-3.360009096431955336e-07
-3.375382225044112958e-07
-3.374824964170598360e-07
-3.380575868639007902e-07
-3.353381313856628163e-07
-3.352170319974875814e-07
-3.379900763519779060e-07
-3.377701052923633182e-07
-3.387558686216973451e-07
-3.400709752220145256e-07
-3.397689738352578241e-07
-3.394351154578217732e-07
-3.391067275603812842e-07
-3.378038403776794185e-07
-3.374983882815332908e-07
-3.372615525319197061e-07
-3.346887491200420944e-07
-3.345298051071591432e-07
-3.345381123311282709e-07
-3.345366335785011016e-07
-3.343169041458497406e-07
-3.312074908222995982e-07
-3.323532317240358248e-07
-3.334504946200367499e-07
-3.334413399079995598e-07
-3.307337681722996910e-07
-3.282714558745569103e-07
-3.282732984329693744e-07
-3.271668425165945055e-07
-3.267298211318474022e-07
-3.279610517894450109e-07
-3.281026552171808648e-07
-3.292628115809441157e-07
-3.287233595860720523e-07
-3.261558725626979741e-07
-3.261967025868868385e-07
-3.232387888164664122e-07
-3.234533458867705041e-07
-3.236588393169593036e-07
-3.249869038683415856e-07
-3.262805216215133017e-07
-3.274948128317345942e-07
-3.270837003255442121e-07
-3.290483767228415954e-07
-3.290135021807252300e-07
-3.290002070249159020e-07
-3.302632135888960062e-07
-3.318340508402482148e-07
-3.316417305646053216e-07
-3.316793308445996012e-07
-3.316877064446512336e-07
-3.315339145322039447e-07
-3.306167378405431403e-07
-3.318473740983224202e-07
-3.313875176099681692e-07
-3.314043147862568460e-07
-3.308117096057345831e-07
-3.306673622985263284e-07
-3.282256075937463469e-07
-3.298099761000467462e-07
-3.315950718297326088e-07
-3.340028190585931948e-07
-3.362319493576634370e-07
-3.358881152626816095e-07
-3.355584772870201873e-07
-3.371505181659836742e-07
-3.343500478286373351e-07
-3.340374989310550904e-07
-3.352444034972468405e-07
-3.350026390197302159e-07
-3.347218252964926848e-07
-3.344418548381827477e-07
-3.342258890524962555e-07
-3.342792471157162623e-07
-3.353498468570123378e-07
-3.352855440420057029e-07
-3.376773237773159622e-07
-3.348991419823251477e-07
-3.346532550906679924e-07
-3.340360402623336480e-07
-3.337768949873511788e-07
-3.311489789920789179e-07
-3.324238447474734119e-07
-3.319437585170859997e-07
-3.319221915523528093e-07
-3.320246689394690939e-07
-3.317135271668540885e-07
-3.317109241529520882e-07
-3.328569359411306081e-07
-3.327866386612900944e-07
-3.328723149106405344e-07
-3.329227267255766098e-07
-3.343212573246199761e-07
-3.341968626962983658e-07
-3.340594164368369806e-07
-3.339227478461018203e-07
-3.337488459042015565e-07
-3.336035229194692863e-07
-3.334893499000475993e-07
-3.333962723080183271e-07
-3.334485120987042863e-07
-3.337583030332411501e-07
-3.311766599746790475e-07
-3.328345838580626909e-07
-3.332174368692533531e-07
-3.306339852096228599e-07
-3.305997266774870947e-07
-3.321249632424256363e-07
-3.295868652515786703e-07
-3.314077811560989326e-07
-3.342609939719630334e-07
-3.342682567465391201e-07
-3.336664778433852806e-07
-3.337090956341407859e-07
-3.319369237795170644e-07
-3.319125833213679646e-07
-3.292385466430086194e-07
-3.309958623601918773e-07
-3.327355419769036105e-07
-3.326991028776277041e-07
-3.338601363874905909e-07
-3.355068433829036269e-07
-3.328952244618476354e-07
-3.328565396324344197e-07
-3.329388826313024268e-07
-3.346837636004829065e-07
-3.347414049327906418e-07
-3.363727248610956217e-07
-3.373662264651608261e-07
-3.383237043615278671e-07
-3.376085591949028412e-07
-3.389474139981191540e-07
-3.402789756052046847e-07
-3.417689972159191641e-07
-3.425714947140325183e-07
-3.438295789083851122e-07
-3.451004062947879303e-07
-3.455479459766997458e-07
-3.426400857696790334e-07
-3.422789756588697190e-07
-3.419479158507415439e-07
-3.432964039842981156e-07
-3.405876609566762169e-07
-3.404704140121926128e-07
-3.401893911353688272e-07
-3.399193754865554168e-07
-3.380912707389280709e-07
-3.398855752394989336e-07
-3.391308087532123614e-07
-3.417425487502088425e-07
-3.414306159138891138e-07
-3.411316698450794815e-07
-3.408401031739195047e-07
-3.405599391583872374e-07
-3.415324843852940318e-07
-3.409740544875306218e-07
-3.402842051506097975e-07
-3.402417279482071675e-07
-3.416855468436870355e-07
-3.391281607033957362e-07
-3.389542404262879416e-07
-3.387958830371532846e-07
-3.386275175672119088e-07
-3.375656353841642422e-07
-3.403251466905929486e-07
-3.398362924461055720e-07
-3.430142917809431489e-07
-3.427631882650238546e-07
-3.425177773561622751e-07
-3.418229352718457801e-07
-3.416404735307907107e-07
-3.390326492080432163e-07
-3.364655926997102991e-07
-3.380940102959202441e-07
-3.370950486052884246e-07
-3.357296016716979588e-07
-3.358907585675390959e-07
-3.358810698838699078e-07
-3.329311851046222419e-07
-3.331898433618094822e-07
-3.324343418977742346e-07
-3.337020753908587346e-07
-3.354150245129598943e-07
-3.366653930310828537e-07
-3.377441461801383482e-07
-3.375866528076705045e-07
-3.374331321048905818e-07
-3.374489299319499327e-07
-3.391448566932350484e-07
-3.385632051034621775e-07
-3.385376970232272545e-07
-3.413573049441729571e-07
-3.411348149921867904e-07
-3.421680568786038654e-07
-3.420372213689626699e-07
-3.428381932524276514e-07
-3.424791473534439885e-07
-3.420786483127458681e-07
-3.417512662285899324e-07
-3.414318450826871742e-07
-3.401981425136729919e-07
-3.415412152085861380e-07
-3.412102735495334368e-07
-3.420885833605122667e-07
-3.417110586604421574e-07
-3.413516506422674166e-07
-3.418558243875933407e-07
-3.423709807019839244e-07
-3.419647770688501635e-07
-3.415842796812370239e-07
-3.399030878813170237e-07
-3.395119134854358577e-07
-3.397071248417162395e-07
-3.390821470981097044e-07
-3.387746785220609065e-07
-3.384966268946057687e-07
-3.399252587081156307e-07
-3.396185254875161285e-07
-3.419864680321310893e-07
-3.416007363694216786e-07
-3.412450051824562977e-07
-3.426099035040785060e-07
-3.449635163646659305e-07
-3.461261166904418960e-07
-3.472865632525557982e-07
-3.479650289225975787e-07
-3.473656914299651530e-07
-3.480149730824918947e-07
-3.453269239945702489e-07
-3.443982220639933351e-07
-3.426364008126007604e-07
-3.418015470639791549e-07
-3.416030893905839620e-07
-3.414015103164616186e-07
-3.385274888703536647e-07
-3.382711053234309637e-07
-3.408318099015475241e-07
-3.405910040169715726e-07
-3.383268598248069887e-07
-3.380433236785574707e-07
-3.377707362408473693e-07
-3.377119206986704690e-07
-3.376085742715488423e-07
-3.348467897984235358e-07
-3.346868832649497985e-07
-3.357927340955514930e-07
-3.363476765138880644e-07
-3.378843860352205636e-07
-3.353064237497876332e-07
-3.351746062633061031e-07
-3.351399310741513121e-07
-3.321169395002393936e-07
-3.316414092652221619e-07
-3.316490827672381956e-07
-3.332845940990137766e-07
-3.324268330054759811e-07
-3.324330013038938750e-07
-3.337627063626233424e-07
-3.336807553757910838e-07
-3.354103280323265715e-07
-3.354340535117136914e-07
-3.352376189762165539e-07
-3.350968018945472793e-07
-3.366459496613051010e-07
-3.364406249793047131e-07
-3.356148983889093066e-07
-3.354864387736290633e-07
-3.329026483706501234e-07
-3.328588963586952619e-07
-3.335495714671579383e-07
-3.351108425123363731e-07
-3.378621312036649795e-07
-3.384086512176072120e-07
-3.356567949834293324e-07
-3.354653533410293909e-07
-3.369789919443026473e-07
-3.379870000128663718e-07
-3.378375095783667255e-07
-3.351131149621420326e-07
-3.324996165294480315e-07
-3.336149399574056320e-07
-3.335171655477492848e-07
-3.351132328842862097e-07
-3.325967072655102788e-07
-3.325315777325360927e-07
-3.311930414298142790e-07
-3.345849723290943285e-07
-3.356556084642676313e-07
-3.354652032641274667e-07
-3.353921713959550023e-07
-3.322565413900533099e-07
-3.321955187874825250e-07
-3.326787280921531381e-07
-3.337441452630512406e-07
-3.336451693398995765e-07
-3.330485855650102934e-07
-3.342018187569984192e-07
-3.342303677000768638e-07
-3.336391332331310949e-07
-3.336411270826075503e-07
-3.318238605417017522e-07
-3.319240852470199724e-07
-3.313602005164682362e-07
-3.324774860594958682e-07
-3.323888168590811640e-07
-3.324514798998947985e-07
-3.323498500360412188e-07
-3.330842600866937263e-07
-3.329506782203177145e-07
-3.303259240441252863e-07
-3.298291459770228633e-07
-3.284829434628270302e-07
-3.293128484439419684e-07
-3.267328668122407862e-07
-3.283828228246843528e-07
-3.283693468332824045e-07
-3.284100385802549900e-07
-3.284482238308829065e-07
-3.284837131556783125e-07
-3.285176774002902713e-07
-3.286956125280273057e-07
-3.303875986833469051e-07
-3.303603505540003645e-07
-3.314657113942477751e-07
-3.315249657627159040e-07
-3.290268081676171699e-07
-3.289582685932844477e-07
-3.292990138018456821e-07
-3.292785231203127552e-07
-3.293943936233779880e-07
-3.264645915787567587e-07
-3.265280388796819674e-07
-3.261485690660346250e-07
-3.257951305662437306e-07
-3.254168441608058150e-07
-3.255301867670565368e-07
-3.256913469256784863e-07
-3.258389860329398267e-07
-3.259489271717863310e-07
-3.272710701491439288e-07
-3.273383538334340709e-07
-3.290350985654737356e-07
-3.292052144066988173e-07
-3.292234755371843100e-07
-3.266842890186276360e-07
-3.273957267908016469e-07
-3.291134685152176839e-07
-3.312670252130999724e-07
-3.311513599441686777e-07
-3.302382732017083032e-07
-3.303785548397572188e-07
-3.303638711092972286e-07
-3.278367043340283007e-07
-3.290808518892870759e-07
-3.290606655020819956e-07
-3.265625829509763602e-07
-3.266407081756159160e-07
-3.262424285815022612e-07
-3.263351596901638860e-07
-3.239148492634501766e-07
-3.257063914377755923e-07
-3.274563757132402563e-07
-3.274802310558678670e-07
-3.272477410351705351e-07
-3.248161808110844251e-07
-3.249989598300055146e-07
-3.263417681061932654e-07
-3.293374142696826371e-07
-3.285097136613377945e-07
-3.297286680076554978e-07
-3.284374870732390590e-07
-3.282030470308895207e-07
-3.290004383142730945e-07
-3.306388390947851823e-07
-3.313942238488901441e-07
-3.315390739969343153e-07
-3.315359452878766117e-07
-3.331831538494467518e-07
-3.323420094706388804e-07
-3.298570406175163204e-07
-3.294600102886255999e-07
-3.310893449212927871e-07
-3.312873886409411475e-07
-3.331169505914788272e-07
-3.330802865225016378e-07
-3.347056388488787544e-07
-3.346258628672234571e-07
-3.362067242242677411e-07
-3.362045421331058988e-07
-3.362489709582155301e-07
-3.372943662726080582e-07
-3.387842008548510703e-07
-3.356658570750088375e-07
-3.364453106340940580e-07
-3.374403991157780228e-07
-3.372186430193323084e-07
-3.370057469715558948e-07
-3.355165678689575119e-07
-3.383417549357129632e-07
-3.380553074292907706e-07
-3.379180645099474668e-07
-3.376163124718520289e-07
-3.373319276325479717e-07
-3.387376331720004336e-07
-3.359281218262202668e-07
-3.358787687349366517e-07
-3.370036827207142646e-07
-3.379755175353139204e-07
-3.392579376964116586e-07
-3.388980348271055567e-07
-3.385546556890735009e-07
-3.359044518749790883e-07
-3.333113731936797106e-07
-3.331426565058163424e-07
-3.332297377497788202e-07
-3.347923380193911845e-07
-3.321781028442749528e-07
-3.296593624464485841e-07
-3.308211607147454256e-07
-3.319919704998970306e-07
-3.320483806545332868e-07
-3.337241827548515456e-07
-3.335750373644314748e-07
-3.334204165543127643e-07
-3.349470314938703369e-07
-3.348860113190883611e-07
-3.346938760444330383e-07
-3.353677982870044327e-07
-3.348704800675148532e-07
-3.348174485634857402e-07
-3.345962475789036453e-07
-3.344214705082684578e-07
-3.350185469002494445e-07
-3.345373202864623565e-07
-3.345270730876944743e-07
-3.335935013100394753e-07
-3.325927630441352932e-07
-3.337075827784386362e-07
-3.335569229853327102e-07
-3.337767114200588807e-07
-3.336801976557033790e-07
-3.335539325954067639e-07
-3.350591453389180581e-07
-3.344303070473895474e-07
-3.338736105786673701e-07
-3.333471043065245283e-07
-3.345764040510969457e-07
-3.344200450483721497e-07
-3.313730434180023512e-07
-3.327797382805119493e-07
-3.303864246943097114e-07
-3.304517157198015825e-07
-3.305129505533889321e-07
-3.307155393246951019e-07
-3.309062383511234280e-07
-3.308211401665816285e-07
-3.308441753949655546e-07
-3.308148166693609397e-07
-3.308395896409109284e-07
-3.338764820894872503e-07
-3.332577428697839570e-07
-3.349045168370926829e-07
-3.332855305851699321e-07
-3.332180181546311308e-07
-3.306263588060312723e-07
-3.306396129814017245e-07
-3.282357393409259253e-07
-3.284802345989805025e-07
-3.260348798462435972e-07
-3.268899636518038791e-07
-3.269521121495405279e-07
-3.270645727445293941e-07
-3.267075623083623865e-07
-3.260318509289009076e-07
-3.278376971091502139e-07
-3.279965055871804442e-07
-3.276155894624670239e-07
-3.277959927150153218e-07
-3.281954866139763559e-07
-3.282568707855659673e-07
-3.283682845308529028e-07
-3.286318487844309974e-07
-3.282528190521144960e-07
-3.296833150864289450e-07
-3.297048880257374574e-07
-3.297287001787130176e-07
-3.304254322836227632e-07
-3.301492167308137170e-07
-3.301556702423233173e-07
-3.301530102086553847e-07
-3.301066846115995285e-07
-3.296136784965631120e-07
-3.296705203622131460e-07
-3.310032865694255167e-07
-3.296665167369991598e-07
-3.296474052886671348e-07
-3.296255547464134136e-07
-3.295811599952658697e-07
-3.307326658994706693e-07
-3.318059386574054448e-07
-3.316360990369601314e-07
-3.331228227439989867e-07
-3.342510303870858474e-07
-3.356753719066531502e-07
-3.353898875361874741e-07
-3.380261583449435298e-07
-3.376311071309405786e-07
-3.348774126520891355e-07
-3.345973417324901984e-07
-3.342398758135976224e-07
-3.341502181554151481e-07
-3.338953171447949866e-07
-3.352896365979651158e-07
-3.361994294705016554e-07
-3.330458416981629186e-07
-3.337033789588769794e-07
-3.334798878590112168e-07
-3.328060513433708469e-07
-3.313653750063612042e-07
-3.307469829498761188e-07
-3.323074923768837070e-07
-3.321465477083982582e-07
-3.331911797187034023e-07
-3.345879557110291818e-07
-3.360001495635269457e-07
-3.370352810954023138e-07
-3.366816118929829381e-07
-3.360522570560717577e-07
-3.370986078077524266e-07
-3.367182117439419791e-07
-3.363532117117509516e-07
-3.337497310638011795e-07
-3.350522500386713240e-07
-3.359771274153121412e-07
-3.355840560445511674e-07
-3.347997903222784997e-07
-3.321341493055340081e-07
-3.295249170542787689e-07
-3.295647316963831649e-07
-3.312595997511239799e-07
-3.310849553794184018e-07
-3.286233132388707964e-07
-3.260689330184963423e-07
-3.267473508207069581e-07
-3.278990809883605691e-07
-3.273546616418492179e-07
-3.272953546810624071e-07
-3.272416390278976923e-07
-3.271913471247301770e-07
-3.272494052092889052e-07
-3.267444044842806723e-07
-3.283930871497592557e-07
-3.283350222026179394e-07
-3.299846931028199245e-07
-3.286303229549557993e-07
-3.256007817021276640e-07
-3.273918513145338396e-07
-3.291886601772161353e-07
-3.308728320988402220e-07
-3.308588030995040159e-07
-3.310378427002520756e-07
-3.325120059720701227e-07
-3.323471224392946565e-07
-3.321898124738642890e-07
-3.315816175859263041e-07
-3.310891019269119163e-07
-3.297037985656097518e-07
-3.291681892168192294e-07
-3.303986139195979341e-07
-3.280549426608352628e-07
-3.280256703971254906e-07
-3.279473964839170156e-07
-3.278738025748308741e-07
-3.273718850966873365e-07
-3.273957150180707075e-07
-3.274743313671219143e-07
-3.290924379997786534e-07
-3.265543772440535035e-07
-3.278025573005555809e-07
-3.253813788310142722e-07
-3.266435457709145039e-07
-3.266501795745726146e-07
-3.267414410738262922e-07
-3.267208420865860773e-07
-3.249606309258793551e-07
-3.262007255959336089e-07
-3.279494844465070681e-07
-3.278569497153208815e-07
-3.273843471886059180e-07
-3.273288005583860307e-07
-3.268185020838988019e-07
-3.268192694936766423e-07
-3.268181448075743425e-07
-3.267995616742162929e-07
-3.280168529565827466e-07
-3.279286259079282509e-07
-3.289974958793506028e-07
-3.290043801479083121e-07
-3.283574176477489752e-07
-3.284103940613876678e-07
-3.259239982822469357e-07
-3.254137982577786088e-07
-3.239361891926282297e-07
-3.239620587776630116e-07
-3.235324931358067279e-07
-3.231674027014326426e-07
-3.235102212144919007e-07
-3.211363276962058066e-07
-3.208140917038235938e-07
-3.205116802455258493e-07
-3.206744501842241284e-07
-3.208813804433700013e-07
-3.206414725162330546e-07
-3.204356372461888869e-07
-3.206808625721548611e-07
-3.204374599400288765e-07
-3.202462230668444349e-07
-3.202931083675689576e-07
-3.217166561204726931e-07
-3.195565610480819871e-07
-3.197800310064177854e-07
-3.195826840564280137e-07
-3.172589429545258192e-07
-3.176087958150568906e-07
-3.179572544819421737e-07
-3.182746948938167321e-07
-3.185715483260369875e-07
-3.188715200952757522e-07
-3.186726383287934355e-07
-3.189717102249149474e-07
-3.192547839006817801e-07
-3.169833009848921419e-07
-3.174712128146255717e-07
-3.169097011782950066e-07
-3.188780313777768119e-07
-3.203079974383795470e-07
-3.180266532233472669e-07
-3.182687920069420331e-07
-3.197136808988158869e-07
-3.195752950050399909e-07
-3.209346056946811855e-07
-3.217813979560622859e-07
-3.202636388191198223e-07
-3.199011198709527162e-07
-3.181972580837912354e-07
-3.196135830290913617e-07
-3.199074765006955350e-07
-3.216388369123339197e-07
-3.200205083961107419e-07
-3.176713425576853900e-07
-3.151154757038150041e-07
-3.153617768149170279e-07
-3.156118547731695638e-07
-3.158425772597790017e-07
-3.162809087597709071e-07
-3.181284421949465024e-07
-3.183280184546771507e-07
-3.184682682130472450e-07
-3.198251805804476025e-07
-3.199414014775151861e-07
-3.175785251318441841e-07
-3.177681968868494117e-07
-3.154179948122718042e-07
-3.156918267525161898e-07
-3.154840131642380097e-07
-3.155628050443744800e-07
-3.158672458322239467e-07
-3.158134640534779936e-07
-3.172346679308362475e-07
-3.175068905016674228e-07
-3.147931886877452240e-07
-3.150936432397851585e-07
-3.154348142613070756e-07
-3.159459109827481197e-07
-3.138648440224239548e-07
-3.112333841496632656e-07
-3.133284837049913090e-07
-3.137341527937910677e-07
-3.142153796035422456e-07
-3.141220999078495957e-07
-3.139987001943856723e-07
-3.145491218893794151e-07
-3.149182082904065444e-07
-3.138677880318200239e-07
-3.161151927726269563e-07
-3.181066741719978613e-07
-3.159376992172796474e-07
-3.162482144322290241e-07
-3.151229182291531461e-07
-3.155799811289098464e-07
-3.169902889234630271e-07
-3.187360642066425516e-07
-3.176633608192662140e-07
-3.178276595733468737e-07
-3.196390977181694596e-07
-3.204987940436974344e-07
-3.219011114139822152e-07
-3.232401339687670739e-07
-3.227030278163088585e-07
-3.226635993506784540e-07
-3.227788159907562523e-07
-3.227304191592131467e-07
-3.226814808063342816e-07
-3.251087426549761345e-07
-3.250020129657491722e-07
-3.262507025270545040e-07
-3.277041994431542324e-07
-3.290267353062387703e-07
-3.263988563739929359e-07
-3.236531108081104814e-07
-3.251352845764403882e-07
-3.277255909494890211e-07
-3.274746957388445436e-07
-3.272527361530990289e-07
-3.286089758175316003e-07
-3.295766692094110067e-07
-3.293298625864662639e-07
-3.266003986271125826e-07
-3.252072898143157151e-07
-3.251404367087499003e-07
-3.226253381994824536e-07
-3.202097094309328657e-07
-3.218610999050357661e-07
-3.218231081593361128e-07
-3.218349131895219792e-07
-3.193315409764203163e-07
-3.205949866099401885e-07
-3.206346004697023119e-07
-3.219064837907941972e-07
-3.220768921949941161e-07
-3.221463621388608289e-07
-3.186745094470887442e-07
-3.162194632532123133e-07
-3.164424296398726865e-07
-3.181633162046729085e-07
-3.178673769121858059e-07
-3.195997745261941290e-07
-3.197410761707099766e-07
-3.210695549968528784e-07
-3.222777642411070151e-07
-3.222683217684628964e-07
-3.222586014336854574e-07
-3.196483326872685222e-07
-3.197471828194413614e-07
-3.198361226923054903e-07
-3.216812236587988754e-07
-3.213745696695832794e-07
-3.215602354579380738e-07
-3.191753506377871657e-07
-3.169851445613305296e-07
-3.171045088615185821e-07
-3.172780185764023767e-07
-3.174404927073906724e-07
-3.177095225483467008e-07
-3.178561972063942261e-07
-3.180027414090833025e-07
-3.181066054578711249e-07
-3.182508813881902240e-07
-3.185424320975802866e-07
-3.182265051472628047e-07
-3.191413237278738007e-07
-3.194135225920843851e-07
-3.195278200842242808e-07
-3.212325446415271260e-07
-3.208398303494975715e-07
-3.209447021493244149e-07
-3.210445206837803761e-07
-3.226756689046467887e-07
-3.234963111932539719e-07
-3.246277749905830496e-07
-3.257281675142489096e-07
-3.272193517792622807e-07
-3.286639312113744236e-07
-3.296534843543019995e-07
-3.293640310526275768e-07
-3.292762777502782684e-07
-3.274916519156728807e-07
-3.284632360521518221e-07
-3.278413061957379078e-07
-3.259709639568523033e-07
-3.270382318248221395e-07
-3.280998727971566748e-07
-3.279068853060244333e-07
-3.304572906360449004e-07
-3.291267349496925407e-07
-3.289097962533789473e-07
-3.282246186407311709e-07
-3.275699119885599857e-07
-3.273988801210624426e-07
-3.270496148669339166e-07
-3.264500446345209197e-07
-3.268168107450437018e-07
-3.242694255338025026e-07
-3.244290955010660458e-07
-3.228942375075642365e-07
-3.229158619159750796e-07
-3.229371870511398973e-07
-3.247203124561803724e-07
-3.246805335484512864e-07
-3.246482008023239218e-07
-3.241726622044860804e-07
-3.270115972695854251e-07
-3.272178012702405728e-07
-3.284388789120177397e-07
-3.277849890090933551e-07
-3.268643501253327192e-07
-3.267497576210187783e-07
-3.283559390428993031e-07
-3.295187298940442788e-07
-3.292983444307992022e-07
-3.307132679032272509e-07
-3.304735105387412716e-07
-3.297522923710146195e-07
-3.279427295653421980e-07
-3.255018502343202138e-07
-3.246822619062401424e-07
-3.246727965709929428e-07
-3.246137027958440217e-07
-3.260800860648734725e-07
-3.261853130721263669e-07
-3.261083120017465996e-07
-3.255770533924527427e-07
-3.255390138315197060e-07
-3.255024746427079780e-07
-3.254695886923120593e-07
-3.255088053864555138e-07
-3.230472103970269624e-07
-3.231438051191358779e-07
-3.250455467258238083e-07
-3.252259531717943670e-07
-3.252376243567364784e-07
-3.268369113476974942e-07
-3.268077319943302041e-07
-3.281080103886473289e-07
-3.279979353796340780e-07
-3.279082380442916078e-07
-3.273729597226828323e-07
-3.273069289925077962e-07
-3.272434585613098426e-07
-3.283137714320572399e-07
-3.300131796097280041e-07
-3.310524331056952339e-07
-3.308176662689044768e-07
-3.281689166899532200e-07
-3.280334893264202501e-07
-3.279022629369404830e-07
-3.277791769420328966e-07
-3.276619700565625936e-07
-3.258626437860888602e-07
-3.271231617456014521e-07
-3.269429365714415110e-07
-3.243812213698353163e-07
-3.255698083205872679e-07
-3.225459334743499420e-07
-3.225695878391537872e-07
-3.221514249461705173e-07
-3.221591097753742955e-07
-3.233978461763477257e-07
-3.233552297108388997e-07
-3.224550368998248939e-07
-3.195853943864105932e-07
-3.199234954451074438e-07
-3.200849390191145832e-07
-3.197405967292553133e-07
-3.174302071008000581e-07
-3.146551943965464911e-07
-3.166100650894512834e-07
-3.164907791865329775e-07
-3.143146994713791415e-07
-3.155126537959762757e-07
-3.174514392201319045e-07
-3.184533814730015994e-07
-3.186551158348285100e-07
-3.189123332029961384e-07
-3.176374343762371460e-07
-3.174214338328641537e-07
-3.175262367155848321e-07
-3.172738858518628275e-07
-3.176662600161671034e-07
-3.178828591882502466e-07
-3.177280143010321966e-07
-3.154633927533414317e-07
-3.173443494964229367e-07
-3.175372512638648487e-07
-3.189529634743887783e-07
-3.182135604923040046e-07
-3.184108604319789680e-07
-3.156605765122577669e-07
-3.156028119561218703e-07
-3.149722303636938819e-07
-3.152829257258445794e-07
-3.174147045218133224e-07
-3.193559107184939063e-07
-3.191037199683130135e-07
-3.192916337264411214e-07
-3.206794486719728823e-07
-3.209972683101908422e-07
-3.211300135128860316e-07
-3.212521896068940718e-07
-3.213700618527248843e-07
-3.231640695432149147e-07
-3.249517581314229646e-07
-3.249750223506748533e-07
-3.225878159225588455e-07
-3.226501400758058743e-07
-3.244462401702986634e-07
-3.244840880535566333e-07
-3.258528646048863803e-07
-3.258052593391238659e-07
-3.269531160672912356e-07
-3.268416977018601776e-07
-3.279388559238264227e-07
-3.278755052834648118e-07
-3.292548918215591933e-07
-3.290111945706218464e-07
-3.288318423929842962e-07
-3.286097092978909846e-07
-3.280071781325498209e-07
-3.307301095950370679e-07
-3.281032427807099905e-07
-3.281228025405784411e-07
-3.288853775372736214e-07
-3.287126057237280416e-07
-3.297488294206394587e-07
-3.290633216845097045e-07
-3.289084539823772697e-07
-3.287250415014644327e-07
-3.281000344362543113e-07
-3.291502149788368735e-07
-3.289746235261468517e-07
-3.284866186457135570e-07
-3.283245875300758464e-07
-3.273762639420492458e-07
-3.274429478647098588e-07
-3.281611367348224030e-07
-3.275673947229489045e-07
-3.276158979917350901e-07
-3.276532752793939442e-07
-3.275413434535297971e-07
-3.274163406013036213e-07
-3.269966518389988176e-07
-3.268995856456797416e-07
-3.280006319647932230e-07
-3.273851226865304299e-07
-3.284557879734888598e-07
-3.284339570625318806e-07
-3.294531987168462421e-07
-3.287672027285548093e-07
-3.261434062343280133e-07
-3.261330948575233143e-07
-3.272284675408300044e-07
-3.266515105586333711e-07
-3.241119965292928325e-07
-3.258078342700373940e-07
-3.269625836911427375e-07
-3.268131517167739390e-07
-3.243969316020549294e-07
-3.245285101764025023e-07
-3.254097055025620536e-07
-3.252749309388368036e-07
-3.252002287543963488e-07
-3.263350717315680195e-07
-3.263559237311492575e-07
-3.279521842743320578e-07
-3.277630435692222262e-07
-3.251397549081246355e-07
-3.266598483617030988e-07
-3.265337813503361660e-07
-3.279888236568878475e-07
-3.278010239824277913e-07
-3.276575619733176756e-07
-3.275252384983941922e-07
-3.275499758489421134e-07
-3.290320455055605438e-07
-3.288594761937454986e-07
-3.286942517743147210e-07
-3.285359473784456032e-07
-3.297403716202900713e-07
-3.294707791009762982e-07
-3.308158456231628897e-07
-3.305861189942475887e-07
-3.303771487933091432e-07
-3.309132182859230817e-07
-3.308454012725664353e-07
-3.321732506656744313e-07
-3.307076651170779278e-07
-3.329964165058338351e-07
-3.334492705065899813e-07
-3.347058045751253490e-07
-3.319387934612923519e-07
-3.316293759921000135e-07
-3.313876084289304005e-07
-3.291951525693549532e-07
-3.302590803060437954e-07
-3.288838239377232448e-07
-3.286070693292318974e-07
-3.284159556767314308e-07
-3.282109088622851622e-07
-3.297338376699170055e-07
-3.294501389369053661e-07
-3.304722244880786895e-07
-3.297070704877324945e-07
-3.295281101243672401e-07
-3.276947599844682746e-07
-3.270704985601646294e-07
-3.269647647499231948e-07
-3.284647256978060229e-07
-3.279797778301996906e-07
-3.278521851773551459e-07
-3.223587853413945871e-07
-3.223852751599297495e-07
-3.219664169789845202e-07
-3.237091820277925561e-07
-3.254116449330967174e-07
-3.261791582287930118e-07
-3.272862401153089049e-07
-3.272656748998358917e-07
-3.288428113216135442e-07
-3.287829863163510717e-07
-3.304889571233298683e-07
-3.316400396166138397e-07
-3.326365019232480776e-07
-3.324063151103668809e-07
-3.323332963903204621e-07
-3.334936346107257410e-07
-3.347720642286609336e-07
-3.360073590088246583e-07
-3.351681213230583821e-07
-3.348539065134902109e-07
-3.346988574987825332e-07
-3.360278348697406860e-07
-3.356817063282117609e-07
-3.353801101119186269e-07
-3.323564814591412892e-07
-3.321609016720718504e-07
-3.294831800808851390e-07
-3.293336581670286831e-07
-3.308029156674905071e-07
-3.307541057605222781e-07
-3.305449150205911945e-07
-3.305139837003636424e-07
-3.327242789090138268e-07
-3.301301892054626143e-07
-3.310517950438593027e-07
-3.308212151569368423e-07
-3.307380099517396525e-07
-3.304894334530949151e-07
-3.286298718636748754e-07
-3.302605720398460223e-07
-3.301887894632270939e-07
-3.315202767781138355e-07
-3.312643521541053369e-07
-3.334346680326047145e-07
-3.342681092296891939e-07
-3.338428297167563373e-07
-3.350344256999546367e-07
-3.347898053077796151e-07
-3.340510495372298498e-07
-3.336926775328746097e-07
-3.305226104125082374e-07
-3.319170687160256191e-07
-3.292224913404722675e-07
-3.289990412973359971e-07
-3.276112922216153528e-07
-3.274862429291503590e-07
-3.273120888717606857e-07
-3.271454206757485623e-07
-3.286005161202863382e-07
-3.280077584859598520e-07
-3.290643225489004491e-07
-3.264638206251414566e-07
-3.263969733865993258e-07
-3.282038919240028513e-07
-3.276857661471816477e-07
-3.278062685151738394e-07
-3.273035578419259853e-07
-3.288364811649586259e-07
-3.288922094068606246e-07
-3.288475278193847454e-07
-3.299759559908970316e-07
-3.289811511687096051e-07
-3.265373518221548323e-07
-3.257925906265210280e-07
-3.264537912651100917e-07
-3.278316215983087586e-07
-3.277891907415864763e-07
-3.277470924979621393e-07
-3.277379619839446103e-07
-3.276937024352380070e-07
-3.292481703353644768e-07
-3.291369513993775686e-07
-3.307226703109673780e-07
-3.290943168997885714e-07
-3.282163142476126979e-07
-3.281812389957844882e-07
-3.281523837239048488e-07
-3.276714009656322951e-07
-3.304957951887274584e-07
-3.303942504345950763e-07
-3.303079298330912111e-07
-3.278809855362408572e-07
-3.278703443735287325e-07
-3.279904503193746780e-07
-3.278988543938018067e-07
-3.274136629940875955e-07
-3.275311109558230782e-07
-3.274706644807599462e-07
-3.281990064794163946e-07
-3.281630299386129562e-07
-3.289029542474217210e-07
-3.288695447662546904e-07
-3.327873306773958126e-07
-3.326458655438351079e-07
-3.333856275012060330e-07
-3.309223915679045081e-07
-3.319541206190949726e-07
-3.319209013278833400e-07
-3.319246549377487646e-07
-3.293257331096965152e-07
-3.308655169887160797e-07
-3.283048894324058148e-07
-3.295928414801986588e-07
-3.294667550104320903e-07
-3.304961477953616089e-07
-3.279116884962567100e-07
-3.253676533923286849e-07
-3.254490906761672645e-07
-3.256000337278602997e-07
-3.255886274801448496e-07
-3.272334400213481261e-07
-3.260996889633131752e-07
-3.231297873580211107e-07
-3.233665040519670467e-07
-3.248298626240595244e-07
-3.223537759010025583e-07
-3.231786743189511764e-07
-3.207234743732091006e-07
-3.208808308455357555e-07
-3.210297283836940428e-07
-3.185939934976628014e-07
-3.154467820751421016e-07
-3.153849799541926915e-07
-3.165994942917632319e-07
-3.155014943903293051e-07
-3.149821605248720977e-07
-3.154412585659552098e-07
-3.170408839768664872e-07
-3.175502887621469784e-07
-3.185303103629446649e-07
-3.189644259148629252e-07
-3.203241261225011183e-07
-3.216607307470315336e-07
-3.217261665613134066e-07
-3.218428560642772135e-07
-3.231441461511112322e-07
-3.222645483355235236e-07
-3.200437313061903739e-07
-3.201392445790832500e-07
-3.202794584613362292e-07
-3.194930526729833642e-07
-3.196712675246145079e-07
-3.210316233030133525e-07
-3.210946115317789535e-07
-3.217743094782500643e-07
-3.218487458691641054e-07
-3.231134105683373705e-07
-3.242947917668790295e-07
-3.241311193066446285e-07
-3.252684668812582608e-07
-3.251421060464250567e-07
-3.250235485497898036e-07
-3.249103812237807261e-07
-3.223606973036514879e-07
-3.199547135333314893e-07
-3.175078752808189074e-07
-3.183993918747897472e-07
-3.159828871280788378e-07
-3.168983745869559971e-07
-3.170484879035411763e-07
-3.148242723195035223e-07
-3.162025896323675417e-07
-3.175234644224656427e-07
-3.188327218489440396e-07
-3.163049311560329850e-07
-3.163389544740854025e-07
-3.138821585578088311e-07
-3.154515541386152028e-07
-3.166662975771812239e-07
-3.162836854625464256e-07
-3.163474884768789575e-07
-3.179607567216184557e-07
-3.191946571841119751e-07
-3.188779303249885052e-07
-3.180039165705293976e-07
-3.180686263767079845e-07
-3.197490764240587578e-07
-3.197797007503577343e-07
-3.180113120842206661e-07
-3.181287102401644227e-07
-3.198229726296226669e-07
-3.217103900432403160e-07
-3.192947224463036439e-07
-3.189533469836346341e-07
-3.192431946319921245e-07
-3.209302920187106960e-07
-3.209548032369357397e-07
-3.211392175146136438e-07
-3.212265413647530047e-07
-3.205012875592790215e-07
-3.221876596320011730e-07
-3.222429910866439029e-07
-3.234745440902781380e-07
-3.235710522749568302e-07
-3.222671257028365332e-07
-3.207735761177163854e-07
-3.183901155371499416e-07
-3.181072841088172396e-07
-3.183121422224312596e-07
-3.185246942416197516e-07
-3.198889664586576958e-07
-3.199557033032378392e-07
-3.213199492487997237e-07
-3.213153735615483990e-07
-3.221302670883916491e-07
-3.221497141150643744e-07
-3.221704682698946965e-07
-3.221893267297162292e-07
-3.237661575613942494e-07
-3.234065864611587361e-07
-3.241012365587242475e-07
-3.241041999680868021e-07
-3.257004441261458449e-07
-3.256573832748642581e-07
-3.257559083462353639e-07
-3.256664762044770941e-07
-3.257602211188531562e-07
-3.273066253618938971e-07
-3.285792093291944158e-07
-3.301374368425203066e-07
-3.282842347433791748e-07
-3.276554767435727541e-07
-3.276382196214098257e-07
-3.276593830977076814e-07
-3.275316881561617511e-07
-3.274095755506170348e-07
-3.289394263470368250e-07
-3.301878765132513478e-07
-3.324124936074671356e-07
-3.320617535099296399e-07
-3.313367072843000113e-07
-3.312390476070318038e-07
-3.322278784200394923e-07
-3.321315354709114145e-07
-3.331149180520826223e-07
-3.328042995654274665e-07
-3.296282865986515970e-07
-3.294077064259867125e-07
-3.294066138435010104e-07
-3.292383822499086628e-07
-3.304717440051240139e-07
-3.307737878019112534e-07
-3.317493994407536799e-07
-3.316073452098068782e-07
-3.327726568692282091e-07
-3.340484074034572993e-07
-3.337114896340092862e-07
-3.305645665290628765e-07
-3.312580367877877958e-07
-3.311655927762911556e-07
-3.309205117957290636e-07
-3.306958536818631188e-07
-3.279775686753389669e-07
-3.245513135028363738e-07
-3.241854543664679245e-07
-3.232332937796425799e-07
-3.232594389756861581e-07
-3.232823736441471149e-07
-3.233092975438973707e-07
-3.209180772381829683e-07
-3.210285698832707179e-07
-3.211182246333315863e-07
-3.228148197900630210e-07
-3.228151918085430824e-07
-3.195099219094750630e-07
-3.160225273469312502e-07
-3.162817228421556490e-07
-3.139338891992497091e-07
-3.142458908120645337e-07
-3.156506761692150157e-07
-3.159461208330144734e-07
-3.137772723019038756e-07
-3.141250499387178129e-07
-3.144561745492312667e-07
-3.148772297858239424e-07
-3.151762274508771389e-07
-3.165712821921597739e-07
-3.183623348478413835e-07
-3.180894119473690215e-07
-3.182470235739058846e-07
-3.186060465932926564e-07
-3.187877558837377636e-07
-3.189626759128364565e-07
-3.192844441416998884e-07
-3.210573967040173846e-07
-3.207092647183874309e-07
-3.208594211166318773e-07
-3.209863050496025218e-07
-3.185348563154600772e-07
-3.186923743451537360e-07
-3.185953956129970874e-07
-3.204072942030292706e-07
-3.205773500205684464e-07
-3.207522806009793215e-07
-3.209071829425670153e-07
-3.210662476218015865e-07
-3.223705424768870682e-07
-3.236487110464839496e-07
-3.227909798520303341e-07
-3.202839699876837256e-07
-3.204082097520834225e-07
-3.216838298918520270e-07
-3.233686285271434001e-07
-3.228920584948415206e-07
-3.229418775731518166e-07
-3.230075345470418095e-07
-3.229971526895739817e-07
-3.230423673534722186e-07
-3.246980042296258160e-07
-3.216721982235128575e-07
-3.246106833475459652e-07
-3.247810097017976949e-07
-3.247839529214488313e-07
-3.255345105523194591e-07
-3.250717171257668365e-07
-3.262333720460209741e-07
-3.277904579442110942e-07
-3.276961892489855423e-07
-3.289839470315873898e-07
-3.263901913857178974e-07
-3.262580635244600096e-07
-3.261849905605806145e-07
-3.277533226879150951e-07
-3.277978592905844195e-07
-3.251058874362167136e-07
-3.249869960156028853e-07
-3.249699771781889449e-07
-3.261221817504233687e-07
-3.233761174459283013e-07
-3.236586722987330370e-07
-3.249790250985035782e-07
-3.233924283015869865e-07
-3.234973802862314682e-07
-3.234287862626431804e-07
-3.233880050844678745e-07
-3.225732550237284745e-07
-3.241939619628485714e-07
-3.252327685498657216e-07
-3.269817023647653290e-07
-3.268769565462062267e-07
-3.263837877752528486e-07
-3.243435673405371293e-07
-3.256032031696848688e-07
-3.230779610834431946e-07
-3.206105685974233021e-07
-3.223790440763664575e-07
-3.225324057967814000e-07
-3.234149942248322095e-07
-3.234409058309501114e-07
-3.237983830542529748e-07
-3.238618640403748593e-07
-3.246842760957897048e-07
-3.246735362739142792e-07
-3.247036216570766986e-07
-3.223158662642718735e-07
-3.231838523985732159e-07
-3.218961779995685920e-07
-3.226760948000433649e-07
-3.254910646202236033e-07
-3.270721780547645870e-07
-3.285954315066370479e-07
-3.286306315841395014e-07
-3.276106841299486181e-07
-3.287868514101442918e-07
-3.282151765114261398e-07
-3.264414226922367499e-07
-3.264098799759020821e-07
-3.263825117526387400e-07
-3.263570415224721881e-07
-3.264837534973389993e-07
-3.250528586721760781e-07
-3.250873155157575765e-07
-3.263005463959744287e-07
-3.276129558241392141e-07
-3.276585112348247528e-07
-3.250801352646594776e-07
-3.266416940487209870e-07
-3.265874076864450085e-07
-3.256570101878549395e-07
-3.256346126334250413e-07
-3.256175296135499663e-07
-3.269360164359575763e-07
-3.243797364886561582e-07
-3.245278382916039570e-07
-3.220247076737425489e-07
-3.220855705098831474e-07
-3.217032187687394706e-07
-3.218039528365956737e-07
-3.220542986281149284e-07
-3.195915832317402106e-07
-3.188494671108900051e-07
-3.164883243591196346e-07
-3.168975855676782121e-07
-3.194559084598384201e-07
-3.170163084449282127e-07
-3.175380792137137609e-07
-3.177608180501784011e-07
-3.179307504666646591e-07
-3.181437053655903340e-07
-3.199652871058209665e-07
-3.200072214309296488e-07
-3.171143109189250567e-07
-3.176952101479701785e-07
-3.179361011468867277e-07
-3.181569887237534072e-07
-3.185239642470842247e-07
-3.186572028655619890e-07
-3.165762723261369298e-07
-3.143309919509715441e-07
-3.146025828538685235e-07
-3.146487401077262430e-07
-3.151467505028908484e-07
-3.169940679606718579e-07
-3.141454197905049292e-07
-3.142440770302184358e-07
-3.162153668516007648e-07
-3.165341815049576481e-07
-3.169968654974336537e-07
-3.180101227331721242e-07
-3.193982467124763684e-07
-3.191162674895679169e-07
-3.188607140158299676e-07
-3.165073816000562937e-07
-3.168101596365202562e-07
-3.171017016639571818e-07
-3.175377088731823040e-07
-3.154970312446082021e-07
-3.158055745550726602e-07
-3.158085631654850342e-07
-3.161147260460006461e-07
-3.180390817438795371e-07
-3.184422740783841923e-07
-3.182122379338643100e-07
-3.197838897116473246e-07
-3.200719865967481426e-07
-3.171743898896733402e-07
-3.169505673020934351e-07
-3.172047393446781343e-07
-3.189896975186304773e-07
-3.166606006102907695e-07
-3.160734983957456322e-07
-3.179249520544548425e-07
-3.192888863947015555e-07
-3.206815743329114527e-07
-3.231525033265952107e-07
-3.231040491688952446e-07
-3.230487007874594460e-07
-3.205435023836953189e-07
-3.197067668798994835e-07
-3.173135777776778160e-07
-3.186891438807672702e-07
-3.212418650835037626e-07
-3.213135180507529036e-07
-3.222994979451905622e-07
-3.218754747458878572e-07
-3.227812048323394758e-07
-3.204721186953331221e-07
-3.205517676346300117e-07
-3.181172470420415390e-07
-3.177905253222490136e-07
-3.175385239683723878e-07
-3.189514008858505384e-07
-3.206803397716102707e-07
-3.220341783890186687e-07
-3.216756937088554032e-07
-3.218074476248202042e-07
-3.231124033054935708e-07
-3.231676201935084855e-07
-3.233371114513358789e-07
-3.245741810705063078e-07
-3.241006476148853186e-07
-3.256575598088317665e-07
-3.247837709233504483e-07
-3.225163687815720300e-07
-3.232653494537944855e-07
-3.233161378718654937e-07
-3.233627484530078522e-07
-3.228983547413736051e-07
-3.204957343278102486e-07
-3.218451318248916712e-07
-3.214754613151480740e-07
-3.211470233318233979e-07
-3.212953032973706163e-07
-3.235961619548154113e-07
-3.233801857217307916e-07
-3.241701362667011752e-07
-3.237122435049214901e-07
-3.221504414025355943e-07
-3.222762230058731759e-07
-3.225047403403986904e-07
-3.200788271937669110e-07
-3.189752837482305278e-07
-3.208047835596929018e-07
-3.221547340235375399e-07
-3.230737079558201888e-07
-3.222492718160450075e-07
-3.193645997489853127e-07
-3.217796530272933855e-07
-3.235188216420026791e-07
-3.243866992549984200e-07
-3.243882984930386898e-07
-3.255797480605526584e-07
-3.273594134528754058e-07
-3.265821690652216792e-07
-3.267026720649452308e-07
-3.282614207361836697e-07
-3.281686053420521553e-07
-3.297202758025229098e-07
-3.295916560441224231e-07
-3.296258577924357715e-07
-3.294931188120048550e-07
-3.293629819547314857e-07
-3.309124862574958536e-07
-3.323525152016389981e-07
-3.322715887601895047e-07
-3.320620039880433760e-07
-3.318138076181643774e-07
-3.316297757657255566e-07
-3.314509875266088010e-07
-3.312289995332135969e-07
-3.326495317495426283e-07
-3.324758470924938203e-07
-3.348291212841818589e-07
-3.344977067049872434e-07
-3.341791722596743144e-07
-3.338674339520057042e-07
-3.331155573563579155e-07
-3.340701778979165257e-07
-3.349780530416287881e-07
-3.330944641477271191e-07
-3.327909216776205443e-07
-3.296505269192056528e-07
-3.296363815157347838e-07
-3.294730636825892216e-07
-3.264998920670572665e-07
-3.264751288694435378e-07
-3.264153301493265428e-07
-3.258540306525030202e-07
-3.275068927029619084e-07
-3.274523169646852092e-07
-3.289808989349298740e-07
-3.288905428328012416e-07
-3.280913169007094030e-07
-3.278573353230299307e-07
-3.296597168564543664e-07
-3.304010137751811169e-07
-3.302648122850814116e-07
-3.277199592359058053e-07
-3.293555267738200803e-07
-3.292794622421233109e-07
-3.291864672593091779e-07
-3.290902356075025080e-07
-3.317217847872901465e-07
-3.315367541688694055e-07
-3.329601756141857982e-07
-3.327117821915030569e-07
-3.341358963155331550e-07
-3.338995301131371133e-07
-3.364559830028894642e-07
-3.373396303393687362e-07
-3.369556182541318083e-07
-3.367339423023015897e-07
-3.339374890842341259e-07
-3.338195717375492666e-07
-3.320128685277270372e-07
-3.312890840738206780e-07
-3.282039980564077204e-07
-3.282974775954604575e-07
-3.283799555243518039e-07
-3.306907353440506197e-07
-3.287901381230046347e-07
-3.286345337787949450e-07
-3.279776196274416092e-07
-3.295483915287185707e-07
-3.289397368654086666e-07
-3.288355979671532715e-07
-3.301518144960220613e-07
-3.299782340087072806e-07
-3.297606959683032260e-07
-3.296065496059784611e-07
-3.311784249821178465e-07
-3.305142772597763391e-07
-3.320369509797031366e-07
-3.347231690623241845e-07
-3.344271650913457243e-07
-3.342532358355541694e-07
-3.339244536061580274e-07
-3.336620993325435225e-07
-3.308712660608545898e-07
-3.306694559963090218e-07
-3.305082654207619943e-07
-3.303567538524610806e-07
-3.303787093363108316e-07
-3.302891479808557398e-07
-3.301223426384940373e-07
-3.317681023967598768e-07
-3.329283782256966369e-07
-3.322131267962440498e-07
-3.315208352152339354e-07
-3.284716032335731144e-07
-3.285575473805697005e-07
-3.296363966393508795e-07
-3.313387871449098621e-07
-3.309999940044209469e-07
-3.307440730165403435e-07
-3.323737828420409707e-07
-3.306331328683914347e-07
-3.299665721110776658e-07
-3.309578016538835056e-07
-3.307270572904895943e-07
-3.304866611863165445e-07
-3.302729593656369048e-07
-3.300513472271004222e-07
-3.298009531425567745e-07
-3.295147366499174399e-07
-3.277709131002116799e-07
-3.277438806371662819e-07
-3.271635748639030580e-07
-3.282449813303393515e-07
-3.280860048598112120e-07
-3.279269956204156918e-07
-3.291202973043832918e-07
-3.301813591667845616e-07
-3.316402330249134842e-07
-3.289881846358732583e-07
-3.287887317547245909e-07
-3.281683857932179508e-07
-3.321851703159335626e-07
-3.332245041901369748e-07
-3.345590046192717033e-07
-3.343130620605809847e-07
-3.330474197096584859e-07
-3.345687361018688193e-07
-3.338762587627999685e-07
-3.336937561106079298e-07
-3.310857243402780518e-07
-3.311372102221041387e-07
-3.305729545854847341e-07
-3.306885174439342812e-07
-3.281186119913656607e-07
-3.276456608068898112e-07
-3.288103244648367012e-07
-3.302477578004678922e-07
-3.301839775395726232e-07
-3.314289044887579078e-07
-3.308642731243374238e-07
-3.308175865502362803e-07
-3.315349444888021659e-07
-3.314481658413370021e-07
-3.330283143778334823e-07
-3.328952559382805403e-07
-3.329079586703786530e-07
-3.303368784593712023e-07
-3.320238608334945061e-07
-3.332505494797208445e-07
-3.343744411039659475e-07
-3.353099414105928690e-07
-3.351430441671542755e-07
-3.343266817115373028e-07
-3.356706491750030544e-07
-3.355417193147660601e-07
-3.370840525287565382e-07
-3.367281146601543041e-07
-3.363809346956002366e-07
-3.378209375498823555e-07
-3.386407942463771502e-07
-3.394229563460678909e-07
-3.389483233293193747e-07
-3.403639013628126146e-07
-3.398665684233971775e-07
-3.387635876154928243e-07
-3.383533136626236139e-07
-3.386930286455524988e-07
-3.398769691854143078e-07
-3.389884918950241652e-07
-3.386021353349955387e-07
-3.382176725275716583e-07
-3.354366412658381498e-07
-3.351591789477723500e-07
-3.319523365149335183e-07
-3.318166322492627128e-07
-3.316836811841064508e-07
-3.291556603399173363e-07
-3.261696862359562088e-07
-3.262386289774458334e-07
-3.263087245890656670e-07
-3.279330486402765900e-07
-3.274972447825689185e-07
-3.275614775681204170e-07
-3.287872604420458833e-07
-3.287758799700516614e-07
-3.289176361609988452e-07
-3.284088558709051841e-07
-3.295565054228427336e-07
-3.322613218594499866e-07
-3.293200488069026460e-07
-3.292619376044137105e-07
-3.287541641739744723e-07
-3.262830086686595480e-07
-3.265114436187137574e-07
-3.277252127674078065e-07
-3.276478353383619027e-07
-3.277668064223478168e-07
-3.288768115711686531e-07
-3.263208339565779488e-07
-3.262910626574007792e-07
-3.274460404902020728e-07
-3.268963205139744975e-07
-3.255596318004811246e-07
-3.271417841131343951e-07
-3.266078252360025259e-07
-3.266014934294159943e-07
-3.277407896065650567e-07
-3.288279124306710001e-07
-3.294947509776335095e-07
-3.292920378301233473e-07
-3.290985411512149194e-07
-3.289111300567519698e-07
-3.283743667054538555e-07
-3.282304217457231086e-07
-3.269509366187938912e-07
-3.268809842135154551e-07
-3.268128478718240701e-07
-3.267621695308992101e-07
-3.266951278047420073e-07
-3.265811464354355819e-07
-3.264903715980644767e-07
-3.276440038794266138e-07
-3.250824918798986527e-07
-3.251987302917311958e-07
-3.250999454436671013e-07
-3.250030790477186175e-07
-3.258477884834759697e-07
-3.257214153976662246e-07
-3.272685446089563950e-07
-3.273169974275619636e-07
-3.272194457880963812e-07
-3.271057707920509571e-07
-3.234279385684501797e-07
-3.209426823512835704e-07
-3.228511418855486658e-07
-3.240790798031866260e-07
-3.236261185468974568e-07
-3.236720038444001033e-07
-3.248822068839688147e-07
-3.260566170060747148e-07
-3.276034570214657096e-07
-3.275373737801812753e-07
-3.274536522509452071e-07
-3.275262578517157126e-07
-3.249530865465852050e-07
-3.249447435669986104e-07
-3.249482370783927589e-07
-3.249401712582300459e-07
-3.249583013695839243e-07
-3.265997649417000664e-07
-3.295121181201775614e-07
-3.286021513171684548e-07
-3.280221880664336322e-07
-3.274829133307651454e-07
-3.274412695579771009e-07
-3.275570564175207683e-07
-3.274524343848826381e-07
-3.274090156238214670e-07
-3.286444716599796200e-07
-3.256436328371843258e-07
-3.255907325399441178e-07
-3.267789210488845167e-07
-3.242636176737321881e-07
-3.238346195958312799e-07
-3.238983829168151104e-07
-3.239460679246843347e-07
-3.240066311869194281e-07
-3.231286989817334180e-07
-3.232129558602549390e-07
-3.232948457688092736e-07
-3.245561737283797549e-07
-3.222168979271609435e-07
-3.235905162848306245e-07
-3.236401675267816238e-07
-3.253279955164669526e-07
-3.229114819395991925e-07
-3.206883794206479347e-07
-3.221628713713667259e-07
-3.222178117672507913e-07
-3.234668474655839098e-07
-3.234588045691675627e-07
-3.209385653946923094e-07
-3.226603633582095438e-07
-3.228596245429940507e-07
-3.240450732644486767e-07
-3.264615811550504835e-07
-3.265044705421920174e-07
-3.263271347162749003e-07
-3.263603705613669409e-07
-3.262462733768609786e-07
-3.261004866546461467e-07
-3.260043898735789800e-07
-3.259140261827645945e-07
-3.258290904686266768e-07
-3.257493056762682815e-07
-3.270148917876619946e-07
-3.280728528448739874e-07
-3.269781073788492458e-07
-3.268468405170174401e-07
-3.263924780185756332e-07
-3.278820454545410689e-07
-3.277472091050709368e-07
-3.271872918565119609e-07
-3.271193309360122613e-07
-3.270368838152813527e-07
-3.269893203143286990e-07
-3.285430455540082886e-07
-3.284235926509936622e-07
-3.283091988260702670e-07
-3.298426493868901551e-07
-3.272749397224420384e-07
-3.284110391330150076e-07
-3.282821749792305674e-07
-3.277025132246018105e-07
-3.276368174844380830e-07
-3.250247596057948798e-07
-3.250321294633195443e-07
-3.252151336461744067e-07
-3.258999088556122896e-07
-3.258782445677168844e-07
-3.230026895669587312e-07
-3.232322089067880832e-07
-3.229675241341004077e-07
-3.248141829786439583e-07
-3.243839876287805690e-07
-3.255779869726157272e-07
-3.256221411061284747e-07
-3.251364832833466150e-07
-3.226954147587674406e-07
-3.230326704862563617e-07
-3.247915856922779807e-07
-3.236509540378880313e-07
-3.209197800633227409e-07
-3.212515910660014382e-07
-3.225604238159831517e-07
-3.226510362922074608e-07
-3.243503349551339488e-07
-3.240742928219161120e-07
-3.241437376631385933e-07
-3.242041053382467451e-07
-3.242177406565816472e-07
-3.250963743157739836e-07
-3.248591060522954418e-07
-3.267364328820392841e-07
-3.267056837804648948e-07
-3.258343988845546728e-07
-3.270057795694425181e-07
-3.287998364277640991e-07
-3.287449840166476300e-07
-3.261109083773464131e-07
-3.237444091873989639e-07
-3.247246414344790510e-07
-3.247378626203864205e-07
-3.248154137244376897e-07
-3.248714418589930089e-07
-3.248808865263278696e-07
-3.250954364788392994e-07
-3.251387886954617574e-07
-3.267756479137625244e-07
-3.264422103660974071e-07
-3.280895721774624064e-07
-3.280423559170467163e-07
-3.292387266735081759e-07
-3.292208963943381477e-07
-3.292005198026407840e-07
-3.291402273214986847e-07
-3.292258035551862228e-07
-3.292136004809682342e-07
-3.293327318028301146e-07
-3.280705374680936881e-07
-3.279517869614057303e-07
-3.250452457161744288e-07
-3.244450208650920182e-07
-3.245538053234634759e-07
-3.246134347641966810e-07
-3.248264871742381641e-07
-3.266978844554439323e-07
-3.242489137521346938e-07
-3.218954719453467639e-07
-3.237026877488128328e-07
-3.253675220372722741e-07
-3.256208323701186967e-07
-3.256810132992441512e-07
-3.269159507054543460e-07
-3.270813465326544456e-07
-3.270890386960154998e-07
-3.266386091876819625e-07
-3.312330123149126117e-07
-3.327753908060060054e-07
-3.326047060458872407e-07
-3.295824336395889687e-07
-3.265810613925855708e-07
-3.277886245724454961e-07
-3.277446682870814764e-07
-3.294450595116404036e-07
-3.301262023930924191e-07
-3.313362938736519640e-07
-3.312019226567416868e-07
-3.327635073306049923e-07
-3.325949723688276581e-07
-3.341387412167170178e-07
-3.338856623622404899e-07
-3.337001101006660598e-07
-3.318789706760518828e-07
-3.317001927544977681e-07
-3.343734909239349129e-07
-3.337002318530766542e-07
-3.335530644985385685e-07
-3.345676260867043854e-07
-3.343264040364521508e-07
-3.340910983784606820e-07
-3.338623871941108642e-07
-3.348527163335550792e-07
-3.345744370314267346e-07
-3.343214862854897905e-07
-3.357416799307298245e-07
-3.349426381114887470e-07
-3.322334444394820955e-07
-3.316193619043486086e-07
-3.315996991235642115e-07
-3.314973824677020033e-07
-3.313280398567430913e-07
-3.312831468295242629e-07
-3.309766578261965319e-07
-3.308756844483203739e-07
-3.307765232517615793e-07
-3.310098004069784860e-07
-3.308396317631540816e-07
-3.302404229185121187e-07
-3.301799306718408780e-07
-3.301136651166511437e-07
-3.284259281374212315e-07
-3.285542347738199393e-07
-3.282079691062333270e-07
-3.297938356207128694e-07
-3.309203512642167911e-07
-3.309444811324335746e-07
-3.340643146180865528e-07
-3.362419926459761495e-07
-3.360527359613459891e-07
-3.373586376229433702e-07
-3.358414268756571084e-07
-3.350539710900736733e-07
-3.359279699633367737e-07
-3.357291554470214870e-07
-3.350931194677544136e-07
-3.347622481035240655e-07
-3.361135662354938754e-07
-3.360904953428022636e-07
-3.356827776422730694e-07
-3.353440081304843313e-07
-3.351821004295756796e-07
-3.348698959166254619e-07
-3.333155782572063946e-07
-3.329781048548553087e-07
-3.345351181375203539e-07
-3.354445320345666934e-07
-3.346317340005214708e-07
-3.351616996368112948e-07
-3.364378520786039732e-07
-3.361270819885393092e-07
-3.370051378694223175e-07
-3.337222712188733458e-07
-3.309969627688611537e-07
-3.312804914695869862e-07
-3.304235785544785925e-07
-3.302955263789763673e-07
-3.277894547326296900e-07
-3.276981482224682353e-07
-3.247950992337369479e-07
-3.242005257031386228e-07
-3.259634062242003656e-07
-3.291066640461256380e-07
-3.290370157228925513e-07
-3.301666782300331490e-07
-3.300334223912856228e-07
-3.299075949288748867e-07
-3.297805155362813290e-07
-3.296636664657032796e-07
-3.311711406140795370e-07
-3.309722614219772571e-07
-3.324716740841229145e-07
-3.323040585828272055e-07
-3.366168300410852749e-07
-3.363146561229697291e-07
-3.372521762150763671e-07
-3.368999483461334254e-07
-3.389717543842077728e-07
-3.396981421572273023e-07
-3.367598617395262332e-07
-3.363579348732149463e-07
-3.359711085750090104e-07
-3.373859671844969715e-07
-3.386321356950301033e-07
-3.382280008586865618e-07
-3.375148645342187281e-07
-3.363193524037751153e-07
-3.345856038509258759e-07
-3.359253953117840289e-07
-3.356139852261514726e-07
-3.352635623531368796e-07
-3.365736315038165651e-07
-3.364253667035648103e-07
-3.377883937395470105e-07
-3.376040701550407511e-07
-3.380445008601638042e-07
-3.378391436095120721e-07
-3.373903172268351759e-07
-3.321710970658752857e-07
-3.308238794607339725e-07
-3.335129141619763196e-07
-3.332072119274650766e-07
-3.346832606492064404e-07
-3.343665467854754232e-07
-3.340772131149650682e-07
-3.313662146649119825e-07
-3.283748736447887068e-07
-3.279077420068503171e-07
-3.274892756178146021e-07
-3.270803613207526635e-07
-3.247008879819982017e-07
-3.264653753003651780e-07
-3.272606078111023508e-07
-3.282913339546912600e-07
-3.282975074458388666e-07
-3.284004493600463262e-07
-3.283929603463921468e-07
-3.283843091675192348e-07
-3.260630240585040964e-07
-3.235728921786039780e-07
-3.237070539952690419e-07
-3.233868245674664468e-07
-3.251106735185403721e-07
-3.247671016526846072e-07
-3.231892498794606504e-07
-3.249461455369528201e-07
-3.237432116534019173e-07
-3.239008248966843311e-07
-3.240085997867433665e-07
-3.252575645506208545e-07
-3.249910263008888304e-07
-3.250911595700201163e-07
-3.259061536165837697e-07
-3.260772367707761042e-07
-3.272537939040371167e-07
-3.271943604712119398e-07
-3.288217621848706994e-07
-3.288619229280836029e-07
-3.304793826397707218e-07
-3.303698863425424231e-07
-3.302776999174012495e-07
-3.277004678734604310e-07
-3.288157302530569935e-07
-3.287303177804009330e-07
-3.297712138961398681e-07
-3.307735231883421810e-07
-3.301270258374583648e-07
-3.301231934868983967e-07
-3.299082036547509232e-07
-3.299147008777935544e-07
-3.272812961743866594e-07
-3.284138529580102091e-07
-3.284289335602077696e-07
-3.258349818016448618e-07
-3.286065689790314055e-07
-3.301208349849105370e-07
-3.308270527224328175e-07
-3.305907629381966771e-07
-3.278800455067025731e-07
-3.277455038988134469e-07
-3.288030455301080665e-07
-3.289719647295358631e-07
-3.263823041117449621e-07
-3.258328296342317930e-07
-3.259229606611767001e-07
-3.258404302248582196e-07
-3.257081681478043322e-07
-3.226946142495788350e-07
-3.223197421111004487e-07
-3.236173697989172610e-07
-3.212157583535813354e-07
-3.210427350021487007e-07
-3.211481674327883164e-07
-3.228872744883412941e-07
-3.241138353352772896e-07
-3.252913725364889342e-07
-3.268864340165077381e-07
-3.245054468994027011e-07
-3.237035308522927708e-07
-3.236745565112198488e-07
-3.238162092058390744e-07
-3.238504601182066829e-07
-3.238688100377007736e-07
-3.235144978948583570e-07
-3.231235893771044085e-07
-3.231682846916527174e-07
-3.244360110929358671e-07
-3.260402144256632872e-07
-3.235736513965748842e-07
-3.236561077781709562e-07
-3.248668233349108846e-07
-3.223626820658820347e-07
-3.219700766733900035e-07
-3.220614544124365881e-07
-3.212498057731568268e-07
-3.225705254021223879e-07
-3.213558199140062949e-07
-3.211513751623326454e-07
-3.187020156068493092e-07
-3.188703134362325224e-07
-3.190380885689040437e-07
-3.207929699171712186e-07
-3.225411480051949692e-07
-3.176192273803745012e-07
-3.152973052821418991e-07
-3.131646039273092785e-07
-3.110195458900423477e-07
-3.096105782464973443e-07
-3.100839098329222518e-07
-3.116616520281363534e-07
-3.115463911925472035e-07
-3.127257874796034870e-07
-3.115779409677241109e-07
-3.119679493199591569e-07
-3.135045598429237411e-07
-3.137858715956553896e-07
-3.168375085552327273e-07
-3.164989186769942605e-07
-3.166969341054990313e-07
-3.154305792934383076e-07
-3.157193664561921995e-07
-3.134817143663652506e-07
-3.138151229541720541e-07
-3.149447835205671520e-07
-3.153117499604324220e-07
-3.155650824918350410e-07
-3.140424017344942964e-07
-3.143199240226820737e-07
-3.161710090935846591e-07
-3.154509166278644657e-07
-3.152635456534207771e-07
-3.157042846005206082e-07
-3.155187176084218208e-07
-3.158239527678961091e-07
-3.156448289169039306e-07
-3.150320994839454187e-07
-3.153443763712332148e-07
-3.168547044966598323e-07
-3.146052139982666389e-07
