-1.032258587490463347e-08
-1.032258974271418153e-08
-1.032262072180466364e-08
-1.032180448866097534e-08
-1.031594888046373576e-08
-1.031596454865606045e-08
-1.031389591039031045e-08
-1.031430637436221418e-08
-1.030842301095042166e-08
-1.030734642645522502e-08
-1.030152538415537633e-08
-1.030443630500136652e-08
-1.030375159749593673e-08
-1.030418253986310701e-08
-1.030426311119984217e-08
-1.030430220725103997e-08
-1.030438225978645927e-08
-1.030442097907462281e-08
-1.030445957790306943e-08
-1.030449947382053224e-08
-1.030452509793136964e-08
-1.030456741497483084e-08
-1.030460566106950085e-08
-1.030503382304950472e-08
-1.030085572288463594e-08
-1.029503455782728999e-08
-1.029397998363119878e-08
-1.029776789525396464e-08
-1.029782400287400011e-08
-1.029198054100860302e-08
-1.029207984858863491e-08
-1.029106761810357663e-08
-1.028532368245038531e-08
-1.028545257864183540e-08
-1.028838716115662436e-08
-1.028833253658183031e-08
-1.028844770951619148e-08
-1.028261055021979274e-08
-1.028256799465871588e-08
-1.028265473323469685e-08
-1.027682672489477907e-08
-1.027692492512296167e-08
-1.027590723900590762e-08
-1.027007974701459442e-08
-1.027288050290909200e-08
-1.027404794852137937e-08
-1.027415833680667758e-08
-1.027599237864973689e-08
-1.027608450797453657e-08
-1.027984738129182754e-08
-1.027784126428840123e-08
-1.028175237763624190e-08
-1.028185126405465929e-08
-1.028168159930954583e-08
-1.027594390252830482e-08
-1.027605751046752460e-08
-1.027790416295269002e-08
-1.028371015617614642e-08
-1.027799568959316270e-08
-1.028197403813033526e-08
-1.028492047866264474e-08
-1.028123848182312572e-08
-1.028417511279098584e-08
-1.028317993902825530e-08
-1.028326215547536674e-08
-1.028334798259734108e-08
-1.028221442952960626e-08
-1.028611046043049596e-08
-1.028286470823533082e-08
-1.027712510116255452e-08
-1.027608091999469395e-08
-1.027013098447804751e-08
-1.027027831194718600e-08
-1.027324612175362036e-08
-1.027334857408818088e-08
-1.027633951263477972e-08
-1.027919234020683654e-08
-1.027926395326434043e-08
-1.027342052056505547e-08
-1.027394582522958520e-08
-1.027402635796148850e-08
-1.027411944954123644e-08
-1.027408401441639673e-08
-1.027404924706690510e-08
-1.026827952580175296e-08
-1.026729897617999877e-08
-1.027030243092672545e-08
-1.027039355692039073e-08
-1.026941882568331315e-08
-1.027211619177983964e-08
-1.026635293591947015e-08
-1.025470194136971361e-08
-1.025483225927209924e-08
-1.025534885344146612e-08
-1.025573334686417437e-08
-1.025587535815946850e-08
-1.025489445407227148e-08
-1.024910682937695611e-08
-1.024814232375900869e-08
-1.024124366220455158e-08
-1.024465533840501585e-08
-1.024370611070907517e-08
-1.024013708421650394e-08
-1.024285717380783241e-08
-1.024101336038321174e-08
-1.023687914324075282e-08
-1.023112643647198936e-08
-1.023021681828915284e-08
-1.023040983872329527e-08
-1.022474982255051371e-08
-1.022195656025027064e-08
-1.022207773396979687e-08
-1.022267430161774064e-08
-1.022572428182752008e-08
-1.022670272532589044e-08
-1.023072114238366871e-08
-1.022787052426721013e-08
-1.022421869377148682e-08
-1.022440423832725080e-08
-1.022447589105324817e-08
-1.022394106108098064e-08
-1.022453049414835706e-08
-1.022929272002242700e-08
-1.022393074204108125e-08
-1.021818435070060472e-08
-1.022162578857409991e-08
-1.021633906973821687e-08
-1.021658535063876783e-08
-1.021678996506497213e-08
-1.021738269208185429e-08
-1.021549911642336610e-08
-1.021569618439074555e-08
-1.021874497952012985e-08
-1.021891921527605832e-08
-1.021604304829470591e-08
-1.021621895946743426e-08
-1.021321951679737706e-08
-1.021514750728985656e-08
-1.021533233968586845e-08
-1.021930547311556650e-08
-1.021950321288563130e-08
-1.021966831980513247e-08
-1.022367331288660658e-08
-1.022945800782953141e-08
-1.022961778856025447e-08
-1.022905708148050487e-08
-1.022930181333486324e-08
-1.022946199663869385e-08
-1.023001204438371594e-08
-1.023021159134234314e-08
-1.023322405770237913e-08
-1.022742253357754429e-08
-1.022758019254658902e-08
-1.022761163216785223e-08
-1.023156830287299507e-08
-1.023551045436458054e-08
-1.023552948873455151e-08
-1.023567788996884824e-08
-1.022990636131004420e-08
-1.022414425465570990e-08
-1.022496628437242882e-08
-1.021920109903494820e-08
-1.021636847404766518e-08
-1.021763089494421159e-08
-1.021767681455228622e-08
-1.021785188999040819e-08
-1.021803048652073859e-08
-1.021820861053357723e-08
-1.021864278659676969e-08
-1.022157848935753572e-08
-1.022349050782865484e-08
-1.022781653661161121e-08
-1.022970442880137314e-08
-1.022873281441797083e-08
-1.022776860593447465e-08
-1.022870259092395393e-08
-1.022222290624530501e-08
-1.022239159566342581e-08
-1.022171431136659359e-08
-1.022571841857173962e-08
-1.022626975323152748e-08
-1.022047033548734122e-08
-1.021573688418941450e-08
-1.022260480964740388e-08
-1.022848651691063583e-08
-1.022750786901697504e-08
-1.022743060943702350e-08
-1.022757944301721071e-08
-1.022772769544008901e-08
-1.023169719030660259e-08
-1.022617921752311414e-08
-1.022444395363065569e-08
-1.022356647948030116e-08
-1.022371861815024919e-08
-1.022307003804418780e-08
-1.021727168244563626e-08
-1.021743820858952338e-08
-1.022047129616610344e-08
-1.022062703746457949e-08
-1.022065494370487035e-08
-1.022081536875767618e-08
-1.022122515970924335e-08
-1.022425001987898122e-08
-1.021738478192912118e-08
-1.021205909314906984e-08
-1.021222990433974474e-08
-1.021227189151536001e-08
-1.021248413456547023e-08
-1.021630601960864421e-08
-1.021647643922646466e-08
-1.021837723594472692e-08
-1.021841079099029037e-08
-1.022240131252740985e-08
-1.022320746011307451e-08
-1.022268882499167404e-08
-1.022362301545377701e-08
-1.022783483176281498e-08
-1.022784658617704408e-08
-1.022687324780567313e-08
-1.022986375350660890e-08
-1.022406150779290910e-08
-1.022460172237535567e-08
-1.021887583214363195e-08
-1.021981501370651224e-08
-1.021399762529005187e-08
-1.021459344659394594e-08
-1.021475580881326439e-08
-1.021908633330633614e-08
-1.021800326495827871e-08
-1.021814938778400040e-08
-1.021233723630452597e-08
-1.020541843895714505e-08
-1.020299700397827004e-08
-1.020207400939559359e-08
-1.020610038385033196e-08
-1.020076197636361680e-08
-1.020760637197694040e-08
-1.020699440328633717e-08
-1.021098404253719500e-08
-1.020521365679979737e-08
-1.019951441381939488e-08
-1.020540343503332797e-08
-1.020597754186087116e-08
-1.020398527559628615e-08
-1.020416923936236809e-08
-1.020325011283519688e-08
-1.020374536609257446e-08
-1.020380848491309756e-08
-1.020683153540466122e-08
-1.020589899440125923e-08
-1.020608171660970905e-08
-1.020021501494539944e-08
-1.019485820207796283e-08
-1.019396422992368250e-08
-1.019795904572485837e-08
-1.020194734211036610e-08
-1.019624059945707310e-08
-1.019054293928394378e-08
-1.018784552054755389e-08
-1.019135780871936044e-08
-1.019157512274220904e-08
-1.019462931037724607e-08
-1.019402139205283947e-08
-1.019538879803151313e-08
-1.019563357363566751e-08
-1.019582336167070769e-08
-1.019342137686639963e-08
-1.019647071870367062e-08
-1.020044171969933494e-08
-1.019470661879034936e-08
-1.018914438148389698e-08
-1.018271208704181218e-08
-1.018659253324301037e-08
-1.017808342780680159e-08
-1.018100558648640371e-08
-1.018507855263381349e-08
-1.018424351998466732e-08
-1.018438734631490934e-08
-1.018462448760230726e-08
-1.018770510764073541e-08
-1.018822069410972380e-08
-1.018350060167396047e-08
-1.018373143264848871e-08
-1.018400269306170293e-08
-1.018209083346373291e-08
-1.018232701912135830e-08
-1.017989962044570304e-08
-1.017458917898982241e-08
-1.017500022455409732e-08
-1.018193552623623416e-08
-1.018241494347276630e-08
-1.018263920729157069e-08
-1.018260738019806692e-08
-1.018210907576935678e-08
-1.017926805978338434e-08
-1.017987696592238355e-08
-1.017345709891887788e-08
-1.017641945839991172e-08
-1.017666007911164466e-08
-1.018067538417457679e-08
-1.017492997313042016e-08
-1.017015951444600031e-08
-1.017040363905073915e-08
-1.016941718269159202e-08
-1.016856253275483134e-08
-1.016276869204124746e-08
-1.015995140981114694e-08
-1.015315655806753662e-08
-1.015369507314750532e-08
-1.014692088723750418e-08
-1.014637307512937739e-08
-1.014071048938099607e-08
-1.014102872561320314e-08
-1.013540851093919455e-08
-1.012863641786287514e-08
-1.013180203281489257e-08
-1.013214415245362429e-08
-1.013555102800528461e-08
-1.013587465414285748e-08
-1.013619923573142268e-08
-1.013936603708149426e-08
-1.014350221642464367e-08
-1.013781933946288764e-08
-1.012615374819933470e-08
-1.012054817351694251e-08
-1.011979138953027272e-08
-1.011904530575423630e-08
-1.012212852210027661e-08
-1.012533576638763411e-08
-1.012568657709055647e-08
-1.012986563711335794e-08
-1.013021083615642828e-08
-1.013055279827231872e-08
-1.012777814245494585e-08
-1.012687334318376750e-08
-1.013006666458232164e-08
-1.012769195598523903e-08
-1.012532185712039275e-08
-1.012837793756660881e-08
-1.012759973697111827e-08
-1.012197135770623416e-08
-1.012231513885843131e-08
-1.012371663751189220e-08
-1.012405276319990301e-08
-1.012342436271775418e-08
-1.012376478548928634e-08
-1.012397502200651038e-08
-1.013095495314162987e-08
-1.013114989392782396e-08
-1.013147749574379993e-08
-1.013180021494914734e-08
-1.013212279926469312e-08
-1.013529384513883453e-08
-1.014130121921327118e-08
-1.013561897778087811e-08
-1.013520455861090811e-08
-1.013838804161440523e-08
-1.014157179752960682e-08
-1.014184117649066483e-08
-1.014250410934861593e-08
-1.013679368060507844e-08
-1.013748213912425814e-08
-1.012963922477566194e-08
-1.013058774767632390e-08
-1.012979239849624393e-08
-1.013014558368146737e-08
-1.013086116090843880e-08
-1.012817877137872249e-08
-1.013132985574617055e-08
-1.012565164071172599e-08
-1.012597002149008897e-08
-1.012914081082195048e-08
-1.012944568781060929e-08
-1.013013942775199573e-08
-1.012436561535041508e-08
-1.012468356328142091e-08
-1.012188592553798672e-08
-1.012218597936783678e-08
-1.012250384524621342e-08
-1.012281634979784623e-08
-1.012316871682339937e-08
-1.012335103715136645e-08
-1.012732567015253744e-08
-1.012767383829469208e-08
-1.012797898772430687e-08
-1.012828361382293995e-08
-1.012858923985724682e-08
-1.012889474863470989e-08
-1.012919847031719909e-08
-1.013235291766983619e-08
-1.013264391018125607e-08
-1.012965083364537115e-08
-1.012999428551403117e-08
-1.013033618058544404e-08
-1.013441778376668714e-08
-1.013759631301649911e-08
-1.013788194012943650e-08
-1.013533123701790153e-08
-1.013560374318254860e-08
-1.013576401741946395e-08
-1.013605158643564298e-08
-1.013563094157105558e-08
-1.013578849716250016e-08
-1.012939290769048551e-08
-1.012977916786755647e-08
-1.012416995179115599e-08
-1.012485976805134790e-08
-1.012801786101222538e-08
-1.012832067771351372e-08
-1.012861796436594750e-08
-1.012891874285987686e-08
-1.013294656516621175e-08
-1.013324238251239102e-08
-1.013775680914705892e-08
-1.013690861670392716e-08
-1.013719581227017016e-08
-1.013839413864608940e-08
-1.013744089791929166e-08
-1.013772654580834583e-08
-1.013844588670070034e-08
-1.013802552219151318e-08
-1.013835207851625430e-08
-1.012970469546990456e-08
-1.013044457221696844e-08
-1.013101358451136486e-08
-1.013416096970612802e-08
-1.013366301357559398e-08
-1.013382780161797155e-08
-1.013794073699559216e-08
-1.013822922894882480e-08
-1.013890705028033811e-08
-1.013958212806307763e-08
-1.014025761804022305e-08
-1.014437340884958810e-08
-1.014451659739916774e-08
-1.014477668781975636e-08
-1.014492110743315799e-08
-1.014519262666073858e-08
-1.014831821707250141e-08
-1.014856644245519003e-08
-1.014920782518607353e-08
-1.013989117579398232e-08
-1.013908954567564890e-08
-1.013338053020550195e-08
-1.013366824714246412e-08
-1.013396862395240252e-08
-1.013426840331708473e-08
-1.013495820518895627e-08
-1.013909796714116549e-08
-1.013341725135513722e-08
-1.013375026131865701e-08
-1.013326016040680381e-08
-1.013354819571689835e-08
-1.013428434186077812e-08
-1.013497031791874863e-08
-1.013420168802558264e-08
-1.013624738717105241e-08
-1.013653369314687179e-08
-1.013682980378787713e-08
-1.013603342688851130e-08
-1.013619572571378789e-08
-1.013539546500348856e-08
-1.013573956485163029e-08
-1.013872407687378409e-08
-1.013308561875632830e-08
-1.013379407548833773e-08
-1.012799644309144654e-08
-1.013142654816000225e-08
-1.013063876676656854e-08
-1.013094660808101630e-08
-1.012593268566647459e-08
-1.012626969719559709e-08
-1.012659527452266044e-08
-1.012691841600673638e-08
-1.012763635468796719e-08
-1.012835900678988730e-08
-1.013190786238186036e-08
-1.013207053868182449e-08
-1.013276811297227915e-08
-1.013305741112326702e-08
-1.013334478219183493e-08
-1.012769211293718341e-08
-1.012840830331025527e-08
-1.012910906988383549e-08
-1.012640420118929443e-08
-1.012673297896845767e-08
-1.012704942114064649e-08
-1.013118772268774950e-08
-1.012558738907358763e-08
-1.012591046115583541e-08
-1.013004553483455090e-08
-1.012434336095020169e-08
-1.012506303330855974e-08
-1.012538422829196061e-08
-1.012574596200072977e-08
-1.012521901468144341e-08
-1.012934308462885945e-08
-1.012854537448504813e-08
-1.012763387550764415e-08
-1.012835550781117796e-08
-1.013152431367266842e-08
-1.012587451885353613e-08
-1.011951327973823173e-08
-1.011984515229374047e-08
-1.011949517778957373e-08
-1.011874050906692636e-08
-1.011908733864683694e-08
-1.011982868218965059e-08
-1.012015987475541085e-08
-1.011441065613795459e-08
-1.011391990436938113e-08
-1.011795575982374250e-08
-1.012398481862144394e-08
-1.012435977728532995e-08
-1.012469150458054798e-08
-1.012392686693972510e-08
-1.012210710137128576e-08
-1.012247990583665955e-08
-1.012695762831027467e-08
-1.012443243999427267e-08
-1.011861649656843924e-08
-1.012280394088528055e-08
-1.012301627545847365e-08
-1.012333681462588553e-08
-1.012784813081113049e-08
-1.012817935370922166e-08
-1.013218426768999955e-08
-1.013039722583173014e-08
-1.013073414673336812e-08
-1.012994655852906166e-08
-1.012426827329137169e-08
-1.012844612257312168e-08
-1.013162633253807351e-08
-1.013195327494046508e-08
-1.013503522985847956e-08
-1.013539864933206981e-08
-1.013952701302712841e-08
-1.014268316242571623e-08
-1.014959484165617518e-08
-1.014767915029612114e-08
-1.014796231570808754e-08
-1.015312298533896595e-08
-1.015340069085233898e-08
-1.015394231563283604e-08
-1.015461041953423792e-08
-1.015377757549859895e-08
-1.016110467370051480e-08
-1.016352710960374958e-08
-1.017047828211967680e-08
-1.017110448853811140e-08
-1.017124751942629702e-08
-1.016555760960650946e-08
-1.016578617622165222e-08
-1.016602744106148083e-08
-1.017012867644950199e-08
-1.016443542717226510e-08
-1.016459628320572627e-08
-1.016194498959477855e-08
-1.016219273819004759e-08
-1.015717622004352871e-08
-1.015141427401652394e-08
-1.015098946044241919e-08
-1.015126871467202082e-08
-1.015539655483148797e-08
-1.015443953343078961e-08
-1.015471227157516732e-08
-1.014906509084890882e-08
-1.015314090594278009e-08
-1.015719883621179180e-08
-1.016106468403932665e-08
-1.016133973005487953e-08
-1.016708495446290486e-08
-1.016734539277340795e-08
-1.016693910624066058e-08
-1.016127753460277646e-08
-1.015838156464376109e-08
-1.016136950916455681e-08
-1.016206987314404721e-08
-1.016232144962385385e-08
-1.016285232781620529e-08
-1.016696742395387057e-08
-1.016721784796199913e-08
-1.017133039052225552e-08
-1.017144947279760629e-08
-1.016574872535609089e-08
-1.016599763611237197e-08
-1.016932298261471195e-08
-1.017244092952162768e-08
-1.017307486165310478e-08
-1.017332358502052848e-08
-1.017718203955811701e-08
-1.017728013298900742e-08
-1.017913082434843028e-08
-1.017721237155599732e-08
-1.018128460259733227e-08
-1.018056645753706815e-08
-1.018120158244470290e-08
-1.018428565092818066e-08
-1.018383815105931985e-08
-1.018125025202404959e-08
-1.018433550564144604e-08
-1.018832903076745666e-08
-1.018857710134127532e-08
-1.019240591391718466e-08
-1.019262328595466647e-08
-1.019567955338791213e-08
-1.018997968022443336e-08
-1.019019085475033386e-08
-1.019039217705030557e-08
-1.019485623458530165e-08
-1.019879411474673252e-08
-1.019903102296540329e-08
-1.019965561062393861e-08
-1.020270205132380886e-08
-1.020288372208667668e-08
-1.020195726842972441e-08
-1.019625142018093536e-08
-1.019970528519532559e-08
-1.020165565915260579e-08
-1.020052321516152252e-08
-1.020102365802901861e-08
-1.019162212911323362e-08
-1.019467674383433137e-08
-1.019487799749518672e-08
-1.019507894874594703e-08
-1.019527988583760700e-08
-1.019833285737324061e-08
-1.020121063521313571e-08
-1.020168736004905303e-08
-1.020187735291502327e-08
-1.020206738226317404e-08
-1.020225291753269413e-08
-1.019650704392090685e-08
-1.019940882626024035e-08
-1.019963800139024983e-08
-1.019983038938392023e-08
-1.019404048897430431e-08
-1.018869065997240602e-08
-1.018878020659639202e-08
-1.018899366067783786e-08
-1.018326135667399496e-08
-1.018348766444724875e-08
-1.018397345525493223e-08
-1.018708700751273070e-08
-1.018025093674169661e-08
-1.018694485262513737e-08
-1.018702766114864621e-08
-1.018164336060293948e-08
-1.018227103663920934e-08
-1.018288478559964971e-08
-1.018314066502071179e-08
-1.017740977006764634e-08
-1.018142355740235873e-08
-1.018164833084534022e-08
-1.018174417996652529e-08
-1.018183549094088366e-08
-1.018096257351920397e-08
-1.018118729672440328e-08
-1.017431610036750029e-08
-1.017443059517538695e-08
-1.018018498389890811e-08
-1.018081889250786668e-08
-1.017510139668449899e-08
-1.017573897514232339e-08
-1.017622947237894046e-08
-1.018208677947995121e-08
-1.018227968029656569e-08
-1.018250555928681097e-08
-1.018273269680739890e-08
-1.018283140864188519e-08
-1.018305876854367769e-08
-1.018328378790725346e-08
-1.018349520271034657e-08
-1.018086274799099210e-08
-1.018109199916890172e-08
-1.018021947300905491e-08
-1.018331277040671664e-08
-1.017688737784894485e-08
-1.017601505753708306e-08
-1.017950672100697039e-08
-1.018148981836665308e-08
-1.018197586415798816e-08
-1.018207668436131945e-08
-1.018271370883952399e-08
-1.018337079700444483e-08
-1.018359288711538612e-08
-1.018665631511275700e-08
-1.019136234216329809e-08
-1.019575790942454157e-08
-1.019595232973461892e-08
-1.019980320804900550e-08
-1.019999227711043961e-08
-1.020022058471184065e-08
-1.019930673001881724e-08
-1.019949916111970328e-08
-1.020239380002360022e-08
-1.020148701782317915e-08
-1.019225119391965361e-08
-1.019535974595524331e-08
-1.019560211611822932e-08
-1.018620691033540086e-08
-1.018051613350037631e-08
-1.017505717363939847e-08
-1.017531276955189581e-08
-1.017560986932003088e-08
-1.017502800519421691e-08
-1.017244925479890335e-08
-1.017312082874811291e-08
-1.017124283725664677e-08
-1.017149205415807753e-08
-1.016578062839798994e-08
-1.016495058156759312e-08
-1.016900874899158436e-08
-1.017210860970199966e-08
-1.017526380769140973e-08
-1.016956844949876162e-08
-1.016983160917359876e-08
-1.017430741027492592e-08
-1.017385920010555695e-08
-1.017451760991558791e-08
-1.017365462621158813e-08
-1.017390166733934501e-08
-1.016856324219223443e-08
-1.016908818558035919e-08
-1.017316508352918877e-08
-1.016748720885690649e-08
-1.016779845414569016e-08
-1.016811097375747117e-08
-1.016767605685995003e-08
-1.017080375934086596e-08
-1.017381917941075913e-08
-1.017450779492800846e-08
-1.017843344964460375e-08
-1.017855008936566203e-08
-1.018164283313068464e-08
-1.017582952353305335e-08
-1.016717670991182013e-08
-1.016151881726172156e-08
-1.016219267947615229e-08
-1.016244450363124482e-08
-1.016561419120592125e-08
-1.016614857309353445e-08
-1.016641152930338637e-08
-1.016069927721328598e-08
-1.016014813302566957e-08
-1.016041450106454284e-08
-1.016426067251452659e-08
-1.015929893120378504e-08
-1.015945432485718875e-08
-1.016052543810987350e-08
-1.015484744659021175e-08
-1.015538989293316027e-08
-1.015457625631474513e-08
-1.015512661812596535e-08
-1.016202987641495807e-08
-1.015623731211672653e-08
-1.015936084496219071e-08
-1.016237202682434204e-08
-1.016153966546211986e-08
-1.016184370111200214e-08
-1.016198804923679744e-08
-1.016265263473821234e-08
-1.016290759119174085e-08
-1.016317505182195146e-08
-1.015674689764872086e-08
-1.015742582647193322e-08
-1.015051560119598784e-08
-1.014556640973000916e-08
-1.014591222633454927e-08
-1.015285736662122993e-08
-1.015315502244407496e-08
-1.014747990882908160e-08
-1.015155874788816453e-08
-1.015189178205366886e-08
-1.015218392543713352e-08
-1.015247612996958416e-08
-1.015562595661477390e-08
-1.015916448560844503e-08
-1.016325001619524021e-08
-1.016732086110178442e-08
-1.016164890649472192e-08
-1.016190736469739279e-08
-1.016137595028523407e-08
-1.015602574431138051e-08
-1.015629648459892300e-08
-1.015591682118486811e-08
-1.015620419358612325e-08
-1.015921410547296006e-08
-1.015882115625522606e-08
-1.015913331487685124e-08
-1.015325692637780290e-08
-1.014755819813655802e-08
-1.015058896183834244e-08
-1.015087642274211467e-08
-1.015006207060351130e-08
-1.014913209124082023e-08
-1.014969997750870790e-08
-1.015326584376340183e-08
-1.015342040018903393e-08
-1.015152594015639597e-08
-1.015180713408604036e-08
-1.015208642210058010e-08
-1.015223913205283247e-08
-1.014590334589765412e-08
-1.014514073673273622e-08
-1.014325141878972621e-08
-1.014393867342814468e-08
-1.014462653478910153e-08
-1.014778002166666633e-08
-1.014092624156559673e-08
-1.013830915637498467e-08
-1.013639326841068895e-08
-1.013673658992964725e-08
-1.013702846442050599e-08
-1.013133321167007438e-08
-1.013164324941846781e-08
-1.013477328784285867e-08
-1.013591707489742814e-08
-1.013609717996315947e-08
-1.013364123761015187e-08
-1.013079793905164170e-08
-1.013110872856507584e-08
-1.013141223665437694e-08
-1.013172106652542313e-08
-1.013478520210227004e-08
-1.012791874038932546e-08
-1.012825329730235006e-08
-1.012638042128857301e-08
-1.012671922413112175e-08
-1.012105337395992311e-08
-1.012142496577171616e-08
-1.012353521553175456e-08
-1.012374150970850521e-08
-1.011815313554475578e-08
-1.011837425003712323e-08
-1.011876306465289167e-08
-1.011844451742058856e-08
-1.011883374204061363e-08
-1.011808154382217714e-08
-1.012117235610792608e-08
-1.012438347617592783e-08
-1.011984072209820067e-08
-1.012587789918643968e-08
-1.012509420065050799e-08
-1.012541607208215137e-08
-1.012573653095159258e-08
-1.012028517040743711e-08
-1.012065704841848109e-08
-1.012097356755742874e-08
-1.011570681974838149e-08
-1.011895012045528497e-08
-1.012214802061300712e-08
-1.011643370129588299e-08
-1.011078278304823261e-08
-1.010431948914174895e-08
-1.010240590815669443e-08
-1.009683321393719505e-08
-1.009802396864767586e-08
-1.010121757341570929e-08
-1.010047263877829615e-08
-1.010083114128302068e-08
-1.010441034336474256e-08
-1.010408599047618319e-08
-1.010443753978090685e-08
-1.010482766192205224e-08
-1.009919202941639047e-08
-1.009356653580172691e-08
-1.008794401337841664e-08
-1.008832943852633890e-08
-1.008271703387552843e-08
-1.008768837173578838e-08
-1.009092392124332466e-08
-1.009416895910673512e-08
-1.008897266774337877e-08
-1.008934670406828259e-08
-1.008376187814031603e-08
-1.008418409263210901e-08
-1.008443742837674025e-08
-1.008863107321526484e-08
-1.008361368743517491e-08
-1.008398467823431507e-08
-1.008326847310751250e-08
-1.008690458335128184e-08
-1.008728045978355198e-08
-1.008765377957774569e-08
-1.009176744402517662e-08
-1.009212297767200122e-08
-1.009626884162797305e-08
-1.009654931001340640e-08
-1.009694945916180345e-08
-1.008746814444302292e-08
-1.009109337025505418e-08
-1.009433799746947200e-08
-1.009474000339224146e-08
-1.008896880757712184e-08
-1.007962328029130914e-08
-1.008039866110511690e-08
-1.008455093260301589e-08
-1.008494995756196314e-08
-1.008532477607420936e-08
-1.008949498621353543e-08
-1.009364337515726290e-08
-1.009778036261026831e-08
-1.010191697999019500e-08
-1.010509195973068854e-08
-1.010544045465472309e-08
-1.010954513163604840e-08
-1.010389769709682054e-08
-1.010707735087064212e-08
-1.010742454053452059e-08
-1.010777121455348860e-08
-1.010700912202043170e-08
-1.010738618677630672e-08
-1.011154717415491323e-08
-1.011197028584392741e-08
-1.011231274366985090e-08
-1.011640786199717237e-08
-1.011957511062040267e-08
-1.011977359972710278e-08
-1.012009935082204551e-08
-1.012419628390486017e-08
-1.011769671189547356e-08
-1.012076740251600093e-08
-1.012109127582010061e-08
-1.011260028563762259e-08
-1.011185089356775118e-08
-1.011219990840093962e-08
-1.011632149935237479e-08
-1.011949968257382405e-08
-1.011273566826618468e-08
-1.011293903370772217e-08
-1.010725578157546300e-08
-1.010232272996945209e-08
-1.010370917921799432e-08
-1.009803263447836292e-08
-1.009242605899715547e-08
-1.009281396156668409e-08
-1.009697547785055478e-08
-1.009735737694082582e-08
-1.009464545393922338e-08
-1.009502830594445852e-08
-1.009827656667494386e-08
-1.009258924029008781e-08
-1.008632331604977776e-08
-1.008561895862480239e-08
-1.008589267984610568e-08
-1.008629235307956017e-08
-1.008669796615270168e-08
-1.008709786688893222e-08
-1.008749030115631120e-08
-1.009152662971353854e-08
-1.009194817834560139e-08
-1.009234133908738578e-08
-1.009272089915580609e-08
-1.009311070251943697e-08
-1.009640168497504227e-08
-1.009718170092712491e-08
-1.009645174798963425e-08
-1.010064613823480612e-08
-1.009880184909266112e-08
-1.009917024702768907e-08
-1.010369132074795943e-08
-1.010405928117534760e-08
-1.010857105743376742e-08
-1.010808947963749073e-08
-1.010831817950106229e-08
-1.010868032504533858e-08
-1.011266915602048905e-08
-1.010416188970855235e-08
-1.010456537241859446e-08
-1.010520122316665859e-08
-1.010560818157951541e-08
-1.009693924672662365e-08
-1.010005361056081836e-08
-1.009448862312507430e-08
-1.009365030237040710e-08
-1.009687044885563227e-08
-1.009725913085011046e-08
-1.009170004811547062e-08
-1.009585750668841943e-08
-1.009069542093566967e-08
-1.008421111260013187e-08
-1.008252720239212513e-08
-1.008657419943860859e-08
-1.009398283707729768e-08
-1.009475882454307208e-08
-1.009554854658701381e-08
-1.009972234298995147e-08
-1.010386165327066925e-08
-1.010422819159580425e-08
-1.010463324219715719e-08
-1.010489838292733547e-08
-1.009914008832110307e-08
-1.009841376072782865e-08
-1.009814534293810732e-08
-1.009852760513616619e-08
-1.010160269372447101e-08
-1.010088510375789346e-08
-1.009531453693926208e-08
-1.009854991185738304e-08
-1.009893897248894266e-08
-1.009917736003689979e-08
-1.009675942246724328e-08
-1.009122756768060152e-08
-1.009052421906426123e-08
-1.009078398102630793e-08
-1.008517019985511962e-08
-1.008272099321486285e-08
-1.008340630797585133e-08
-1.008385859712481690e-08
-1.008316912035556260e-08
-1.007744286508723461e-08
-1.007787090319868876e-08
-1.007834010930305240e-08
-1.007876951924880861e-08
-1.008189225393801014e-08
-1.008513510303928891e-08
-1.008612721692189283e-08
-1.008583938568398700e-08
-1.008625425292602992e-08
-1.008842816365904228e-08
-1.008908766943359026e-08
-1.008347159053761278e-08
-1.008429076231674616e-08
-1.008470354429391253e-08
-1.008511750213102906e-08
-1.007954192376272631e-08
-1.008000901806738100e-08
-1.008368639374801222e-08
-1.008735410998501627e-08
-1.009057456683992327e-08
-1.009512738864746852e-08
-1.009589481432578164e-08
-1.009626603845504630e-08
-1.009662400705352486e-08
-1.009765432854775604e-08
-1.009487969212105679e-08
-1.008930112657626446e-08
-1.008967128682491284e-08
-1.008403421829726210e-08
-1.008482620574182111e-08
-1.008560521076670528e-08
-1.008599087440332991e-08
-1.009004332356028952e-08
-1.009072544039894126e-08
-1.009000224340454114e-08
-1.008928423874252251e-08
-1.008967048761139426e-08
-1.009005609731750890e-08
-1.008060341943070457e-08
-1.008103927588907848e-08
-1.008521614496103166e-08
-1.008561520173321292e-08
-1.008492693947580061e-08
-1.007935382951241202e-08
-1.007866893382990609e-08
-1.008277197386200930e-08
-1.008322985323249909e-08
-1.008142503538075238e-08
-1.008249523912836398e-08
-1.008670114699588792e-08
-1.008711849980345294e-08
-1.009025904397135422e-08
-1.009069986568525216e-08
-1.008536940432718951e-08
-1.008864217921985185e-08
-1.009187696975552806e-08
-1.008255244610300040e-08
-1.007690747231767798e-08
-1.008018351874355090e-08
-1.008060630630167165e-08
-1.008655027116823446e-08
-1.008955406810889007e-08
-1.009276586708219493e-08
-1.009696566624852631e-08
-1.009653351732140476e-08
-1.010015149248922793e-08
-1.010057568403897700e-08
-1.009500994486202165e-08
-1.008940265995187317e-08
-1.008760426881143161e-08
-1.009179876037101831e-08
-1.009114904856072181e-08
-1.009156078678453994e-08
-1.009183135285818726e-08
-1.009399323943821508e-08
-1.009329568220517259e-08
-1.009369317589970977e-08
-1.009410314586427715e-08
-1.009732242205353135e-08
-1.009811302942449037e-08
-1.009890436736217207e-08
-1.010492042419593083e-08
-1.010406003456929719e-08
-1.010445402802096144e-08
-1.010482951769138365e-08
-1.011184485505909204e-08
-1.011594697458391354e-08
-1.012575126833408118e-08
-1.012486370760995169e-08
-1.012524392001929747e-08
-1.013228400600007588e-08
-1.013192360063138345e-08
-1.012934383111226096e-08
-1.012887873644403455e-08
-1.013194322693046735e-08
-1.012628687475632172e-08
-1.011995246484678641e-08
-1.011908028149875591e-08
-1.011858776423260322e-08
-1.011898159484640529e-08
-1.011336038453705459e-08
-1.011374225140452803e-08
-1.011788294120318888e-08
-1.012246590399611040e-08
-1.012203858102239918e-08
-1.012239962476619409e-08
-1.012165836040326431e-08
-1.012214431677887491e-08
-1.012629860707319168e-08
-1.012668232039627040e-08
-1.012703744387848609e-08
-1.012739154611936011e-08
-1.012773420177135375e-08
-1.013078108759214314e-08
-1.013002473048062121e-08
-1.012478506174809533e-08
-1.012554003231580389e-08
-1.012597562538402694e-08
-1.012562074876567764e-08
-1.012635265740323495e-08
-1.012955789060592823e-08
-1.012990070574273465e-08
-1.013296101675023994e-08
-1.012739057944997392e-08
-1.012707450908874215e-08
-1.012729974722786867e-08
-1.012693947987829479e-08
-1.012716945645210361e-08
-1.012751375161278823e-08
-1.011904823525523507e-08
-1.011875124324033506e-08
-1.011912941934886398e-08
-1.011950745626765002e-08
-1.011670338207222204e-08
-1.011706893402658006e-08
-1.011784175243913231e-08
-1.011809121161272340e-08
-1.011886158819028949e-08
-1.011963156794320827e-08
-1.012378447203672197e-08
-1.012197205532314524e-08
-1.012234352281544940e-08
-1.012187643064253345e-08
-1.012118531411110695e-08
-1.012195491750393926e-08
-1.012596960461294909e-08
-1.012677252968096313e-08
-1.012981784001658453e-08
-1.013017142222314726e-08
-1.013052572917592500e-08
-1.013368920895815607e-08
-1.013408054134975046e-08
-1.013824589966231194e-08
-1.013844829240766500e-08
-1.013877911061085094e-08
-1.013916306087179082e-08
-1.013950421703019058e-08
-1.013984321716303466e-08
-1.014018564609017757e-08
-1.013940905974802030e-08
-1.013975829879253222e-08
-1.013478137874264201e-08
-1.013513458796858618e-08
-1.013547407117009380e-08
-1.013958835093199807e-08
-1.013719620382567531e-08
-1.013757994040601395e-08
-1.013193808656887595e-08
-1.013229589226021265e-08
-1.013265452400694977e-08
-1.013585734791244819e-08
-1.013620062654707797e-08
-1.013571167755036415e-08
-1.013386291813981036e-08
-1.013419637707070532e-08
-1.012854859218956472e-08
-1.012893818518255592e-08
-1.013208051365261785e-08
-1.013247012540709435e-08
-1.013280144197619011e-08
-1.013318191646588595e-08
-1.013356294456716750e-08
-1.013378263193556589e-08
-1.013412241123548599e-08
-1.013449280666596719e-08
-1.013864664710402217e-08
-1.014167760532099701e-08
-1.014199965590418507e-08
-1.014164793824612765e-08
-1.013514378867065204e-08
-1.012934976845949397e-08
-1.013242196764851281e-08
-1.013693187752196723e-08
-1.013656413969602212e-08
-1.013729149581131983e-08
-1.013652823328900383e-08
-1.013522892973437488e-08
-1.013544160603907980e-08
-1.013411492866486898e-08
-1.013430666699859229e-08
-1.013752289317977638e-08
-1.014352947005390812e-08
-1.014558212645491132e-08
-1.014617643054570907e-08
-1.014070729839045934e-08
-1.014101576617246012e-08
-1.014135194086096132e-08
-1.014170197413846621e-08
-1.013605332236581500e-08
-1.014019372997366110e-08
-1.013940827125246455e-08
-1.013357587082430789e-08
-1.013681817034194206e-08
-1.013628364484060568e-08
-1.013941441184040928e-08
-1.013971961349584718e-08
-1.013386628697035391e-08
-1.012821877951561662e-08
-1.012855181803838251e-08
-1.012887923274176123e-08
-1.013009406970808243e-08
-1.013459289435845487e-08
-1.013478301646387675e-08
-1.013497081752623670e-08
-1.013568152035284014e-08
-1.013599601363045679e-08
-1.013521172497808915e-08
-1.013934827543919362e-08
-1.013286646743627257e-08
-1.013306974552202173e-08
-1.013623111182551114e-08
-1.013099239023498141e-08
-1.012465570052218169e-08
-1.011793877529915476e-08
-1.012251074990341287e-08
-1.012541960192339287e-08
-1.012575439613571024e-08
-1.012656833683600206e-08
-1.012581445411284827e-08
-1.012493705314386564e-08
-1.012529294471235340e-08
-1.012455288795123368e-08
-1.012555336238331716e-08
-1.011990713941184660e-08
-1.012029407764149341e-08
-1.012066430918066979e-08
-1.012103036953829460e-08
-1.012020126460079107e-08
-1.012326197224389650e-08
-1.012031243948150529e-08
-1.012350959796099090e-08
-1.011788740931230720e-08
-1.011755261570088031e-08
-1.011722403596785531e-08
-1.011805176580331782e-08
-1.011249078145644943e-08
-1.011316027056213335e-08
-1.011231604143861166e-08
-1.010669925854553345e-08
-1.010696431824466383e-08
-1.010154706315770601e-08
-1.010084258608223790e-08
-1.010125003599856695e-08
-1.009566760084313342e-08
-1.009651077800038607e-08
-1.009692882197505203e-08
-1.009733911326662699e-08
-1.009591219246520851e-08
-1.009619160046134980e-08
-1.009666860746199756e-08
-1.010029299169684228e-08
-1.010068300210701972e-08
-1.010023636582228381e-08
-1.009350329748548318e-08
-1.009457395635569128e-08
-1.009876467319033791e-08
-1.009916589875909996e-08
-1.009739965514116758e-08
-1.010063655233347125e-08
-1.010101828402875187e-08
-1.010030687347068623e-08
-1.010069276518086801e-08
-1.010111646917457151e-08
-1.010041389610777015e-08
-1.010364569390372213e-08
-1.010403495241665389e-08
-1.010445808219256608e-08
-1.009908078363903676e-08
-1.009951176013215036e-08
-1.010649431975431549e-08
-1.010955296599295958e-08
-1.010923547014708017e-08
-1.011003891639444515e-08
-1.011351775132898947e-08
-1.011428161408162914e-08
-1.011173487192416621e-08
-1.010941385089712879e-08
-1.011399047715267001e-08
-1.011814680429405551e-08
-1.011878214339499460e-08
-1.012083992315575031e-08
-1.012118431791556835e-08
-1.012428468088294776e-08
-1.012460253681431209e-08
-1.012760893671680948e-08
-1.012197158575793554e-08
-1.012270772898163283e-08
-1.012411108963077738e-08
-1.012821768421390289e-08
-1.012894958141339860e-08
-1.012966672564823045e-08
-1.012700540501803033e-08
-1.013114537995942204e-08
-1.013041436982039489e-08
-1.013074749641823063e-08
-1.013108169131904993e-08
-1.013141531042563379e-08
-1.013443302400191338e-08
-1.013863350665261791e-08
-1.014071029071789690e-08
-1.014088619203397416e-08
-1.013507736657623966e-08
-1.012952359726316613e-08
-1.013274149343066637e-08
-1.013308338052275755e-08
-1.013722093844611508e-08
-1.013658370072078833e-08
-1.013677880066008915e-08
-1.013698211217593910e-08
-1.013718690962398676e-08
-1.014033777069029458e-08
-1.014105218332433801e-08
-1.014408418995391305e-08
-1.014479172658885618e-08
-1.014497059319274336e-08
-1.014527564295882873e-08
-1.013960330026869580e-08
-1.014276063902590817e-08
-1.014591240988201132e-08
-1.014129011716006640e-08
-1.014539312430898409e-08
-1.013958872651319638e-08
-1.014623088509769555e-08
-1.014925519288916242e-08
-1.015623809401968919e-08
-1.015580523044908003e-08
-1.015933268311177970e-08
-1.015999277420091400e-08
-1.016065440771402647e-08
-1.016379466935191767e-08
-1.015807881448367876e-08
-1.015832738694390944e-08
-1.015898230916860010e-08
-1.015911234067422888e-08
-1.015940369492390012e-08
-1.016248494528922644e-08
-1.016202913749278476e-08
-1.016266145791327646e-08
-1.016181100575724282e-08
-1.016210204327389885e-08
-1.016125273828911054e-08
-1.016150869845453627e-08
-1.016552182386212542e-08
-1.016495766575610415e-08
-1.016809218379256891e-08
-1.016873488857203311e-08
-1.016901448939644246e-08
-1.016651139719090861e-08
-1.017054490479913588e-08
-1.017502074190427014e-08
-1.016928957690367596e-08
-1.016354253399582182e-08
-1.015822841083256280e-08
-1.015888060058562750e-08
-1.016198484028780896e-08
-1.015910182859060737e-08
-1.015825681881076360e-08
-1.015254104042515786e-08
-1.015320573195310137e-08
-1.015235229941334398e-08
-1.015341446923412200e-08
-1.015367022973828144e-08
-1.015459048348380624e-08
-1.014882141952172358e-08
-1.015193834732978311e-08
-1.015596183532252739e-08
-1.015667277812972625e-08
-1.015977431309704893e-08
-1.015989363657472267e-08
-1.015904098786736477e-08
-1.015928760621814583e-08
-1.016333080246445161e-08
-1.015656141950097687e-08
-1.015668931308932069e-08
-1.015694328198814019e-08
-1.015650510466893556e-08
-1.016094673855384148e-08
-1.016119299289093795e-08
-1.016148232838329719e-08
-1.016458740834875662e-08
-1.016490555712763257e-08
-1.016215863928310296e-08
-1.016665079731464633e-08
-1.016566452162870384e-08
-1.016577122611029819e-08
-1.016986504649143095e-08
-1.017390640071694449e-08
-1.017125942819620698e-08
-1.017533983939820651e-08
-1.017597012777354528e-08
-1.017607501517640712e-08
-1.017630734672174672e-08
-1.017058027775555072e-08
-1.017069636990623102e-08
-1.017094125708334365e-08
-1.017503586456163205e-08
-1.017418611559727172e-08
-1.017445933190099934e-08
-1.017755885399781622e-08
-1.017818546548359413e-08
-1.017841483119346407e-08
-1.018285583364215809e-08
-1.018680355055216778e-08
-1.018740665810880051e-08
-1.018762143147980252e-08
-1.018836643420872025e-08
-1.018884201492259670e-08
-1.018893208209736406e-08
-1.018914798320038724e-08
-1.018936711290706556e-08
-1.018958208379524863e-08
-1.019153110389366219e-08
-1.019839001203506099e-08
-1.019882035600968951e-08
-1.019817895644310636e-08
-1.020263944260851305e-08
-1.019979946401756655e-08
-1.019932237701238053e-08
-1.020326214139031256e-08
-1.020346451330896179e-08
-1.020742500549974836e-08
-1.020760918681311710e-08
-1.020079252297683561e-08
-1.020385208677787765e-08
-1.019814569790816431e-08
-1.019241430306795756e-08
-1.019261182437583079e-08
-1.019172966132872509e-08
-1.019195326779108866e-08
-1.019205054851776177e-08
-1.019511298453466161e-08
-1.019518666070559854e-08
-1.019539204301202918e-08
-1.019559347493396433e-08
-1.019580644036957565e-08
-1.019601637272938156e-08
-1.019622192630943432e-08
-1.020098881934380844e-08
-1.020106501738325421e-08
-1.020415025750512617e-08
-1.021094562630672785e-08
-1.021488301278850335e-08
-1.021505670142353716e-08
-1.020930409052810531e-08
-1.020342214418981242e-08
-1.020648625030603617e-08
-1.020667190389345442e-08
-1.020974698863050888e-08
-1.020399197670049665e-08
-1.020740467210001186e-08
-1.021143255966607132e-08
-1.021049770775044570e-08
-1.020474398815869001e-08
-1.020421618972524651e-08
-1.020334471386278719e-08
-1.020647343628254304e-08
-1.020621696846973146e-08
-1.020639825815426799e-08
-1.021321505997371544e-08
-1.021342045860908014e-08
-1.021359237759302264e-08
-1.021199568476216118e-08
-1.021220930876537779e-08
-1.021522184762527487e-08
-1.021809518350554857e-08
-1.021826109701775888e-08
-1.021881832745475686e-08
-1.022278021823532005e-08
-1.022293323845903483e-08
-1.022309374181912838e-08
-1.022324648703040600e-08
-1.022339117385339383e-08
-1.022354034398514888e-08
-1.022368054018083939e-08
-1.022174349616152108e-08
-1.022194313228002580e-08
-1.021924807996930868e-08
-1.021980624804613005e-08
-1.021404947445305013e-08
-1.021203223173374135e-08
-1.020417433693469719e-08
-1.020817988934348073e-08
-1.020810579942288118e-08
-1.020830573804925864e-08
-1.021136909778925372e-08
-1.021156212381032454e-08
-1.021065196390339266e-08
-1.020973610474656785e-08
-1.020782653633546725e-08
-1.021128768060076702e-08
-1.021152649675581947e-08
-1.021065029748229940e-08
-1.020384623478054315e-08
-1.020500170478217756e-08
-1.020899679128717221e-08
-1.020326160021705000e-08
-1.020387303911437260e-08
-1.019812650024213597e-08
-1.019838734615654329e-08
-1.019749979805817772e-08
-1.019760678952345988e-08
-1.019673777691670549e-08
-1.019100065838578941e-08
-1.018517810305088073e-08
-1.018542411545278047e-08
-1.018950365382377674e-08
-1.018979722440351267e-08
-1.018397314177283114e-08
-1.018749003240453533e-08
-1.018479059356897941e-08
-1.018680037046376896e-08
-1.018719402571107909e-08
-1.018745128849936095e-08
-1.019039082416152657e-08
-1.018998336091256145e-08
-1.019063933035662278e-08
-1.019089827938811405e-08
-1.019119349947298392e-08
-1.019148669628487845e-08
-1.019391377431050233e-08
-1.019415780980235579e-08
-1.019444181578688795e-08
-1.019754258407723429e-08
-1.019781527199345489e-08
-1.019808828320704549e-08
-1.019722114045532879e-08
-1.019733156037390787e-08
-1.019160744009659598e-08
-1.019183393488900705e-08
-1.019533956050666072e-08
-1.019560144503406780e-08
-1.019584083034341644e-08
-1.019611645138210698e-08
-1.019525049106801946e-08
-1.019536692731458326e-08
-1.019600607858183331e-08
-1.019628157510678318e-08
-1.019065331072401818e-08
-1.019088289923402492e-08
-1.019398648642900437e-08
-1.018830565148938399e-08
-1.018855354777880027e-08
-1.018796701347410816e-08
-1.018819710049717023e-08
-1.018935634465573799e-08
-1.018960193849307752e-08
-1.018874207519086319e-08
-1.018899111287382208e-08
-1.019306838420894110e-08
-1.019250723314804619e-08
-1.019663042809513315e-08
-1.019093642098031919e-08
-1.019440714582958870e-08
-1.019463224929490533e-08
-1.019769131058402799e-08
-1.019817710158744887e-08
-1.019932887868996279e-08
-1.019952789204850839e-08
-1.019388461437113133e-08
-1.019692453820264441e-08
-1.019427390095153212e-08
-1.019815901330208743e-08
-1.019323050216364115e-08
-1.019345500146666912e-08
-1.019653032549924139e-08
-1.019115508963605215e-08
-1.018899156366287560e-08
-1.018325658031256045e-08
-1.018349022296716769e-08
-1.018372349551027534e-08
-1.017844871173085474e-08
-1.016890991140688616e-08
-1.016917771363785779e-08
-1.016352000556515709e-08
-1.016379815435895420e-08
-1.015810721439731526e-08
-1.015239982288956546e-08
-1.014671434627934548e-08
-1.014414548782848870e-08
-1.014490220119530521e-08
-1.013816272320682516e-08
-1.013888804535666353e-08
-1.013963711349912960e-08
-1.014037496133854488e-08
-1.014072863508631072e-08
-1.013423836226717186e-08
-1.013266075376692826e-08
-1.012702477109565076e-08
-1.012725449631294534e-08
-1.012761778471682607e-08
-1.012797026731810084e-08
-1.013214992898789520e-08
-1.013184243215466477e-08
-1.013118414460810904e-08
-1.013084238631872474e-08
-1.013121106780953621e-08
-1.012558991517882623e-08
-1.012087215052199717e-08
-1.012126513461342260e-08
-1.012164010056474168e-08
-1.011603815055013712e-08
-1.012064712034989883e-08
-1.011491563126986516e-08
-1.011448373768396885e-08
-1.011865204336455754e-08
-1.012189919180537367e-08
-1.012016105930648815e-08
-1.012313125642014449e-08
-1.012390409445994236e-08
-1.011870217097962934e-08
-1.011308408792076884e-08
-1.011346980766820598e-08
-1.011276530122118221e-08
-1.011315490358828539e-08
-1.011639305361622332e-08
-1.011945317102989331e-08
-1.011715395180758400e-08
-1.011753090678009279e-08
-1.011190162989352471e-08
-1.010626053467380485e-08
-1.010556479370911926e-08
-1.010374474282004536e-08
-1.010415457902224504e-08
-1.010829161508090437e-08
-1.010869761404611339e-08
-1.010910279964767341e-08
-1.010994191908061378e-08
-1.011602537902809045e-08
-1.011413095195509431e-08
-1.011450574355505901e-08
-1.011382109807119314e-08
-1.011700089883620071e-08
-1.011744067855805947e-08
-1.011271181927128837e-08
-1.011685992918048409e-08
-1.011600157198249424e-08
-1.011624111967948719e-08
-1.011819749011678658e-08
-1.011256900912808618e-08
-1.011184707153644948e-08
-1.011223505489365788e-08
-1.011304817468004920e-08
-1.011343017248659883e-08
-1.011298947160451673e-08
-1.011340546080107662e-08
-1.011377758164451051e-08
-1.011784858950777944e-08
-1.011994220603166246e-08
-1.012319342195039842e-08
-1.012622355186504258e-08
-1.012942962029051266e-08
-1.012977952201269677e-08
-1.013040102362993372e-08
-1.013104415816979312e-08
-1.013424605248232085e-08
-1.013744098707509614e-08
-1.014157430247040704e-08
-1.014189091289822304e-08
-1.014224872805274253e-08
-1.014283099274374928e-08
-1.013641831814288150e-08
-1.013075347067592520e-08
-1.012445255139564861e-08
-1.012480841416284398e-08
-1.012448281928007651e-08
-1.012865445121841465e-08
-1.012904516347578092e-08
-1.013229635581637541e-08
-1.012655243323707311e-08
-1.012729442825642339e-08
-1.012101592744487190e-08
-1.012137646346818137e-08
-1.012498966403128161e-08
-1.012559596406906197e-08
-1.012623685776274698e-08
-1.012749341180328210e-08
-1.012783786411786063e-08
-1.012816069060862282e-08
-1.012849347087884672e-08
-1.012885753497966830e-08
-1.012958734628751120e-08
-1.013031639944824604e-08
-1.013064770064637056e-08
-1.013013661833731627e-08
-1.013034262354375267e-08
-1.013067788925055608e-08
-1.013381763542571840e-08
-1.013329867466610290e-08
-1.013766386025963106e-08
-1.014175526047031785e-08
-1.013309013239768616e-08
-1.013720481810934188e-08
-1.013753055528751013e-08
-1.014071426268453214e-08
-1.014524169593619745e-08
-1.014935499341251667e-08
-1.014964626501740657e-08
-1.014980516584275021e-08
-1.015183560455613171e-08
-1.015873168940665426e-08
-1.015900047946444423e-08
-1.015953556148631072e-08
-1.015788277305403376e-08
-1.015817138978981431e-08
-1.015845569772434214e-08
-1.015914440862178944e-08
-1.015265703332065802e-08
-1.015294868281064277e-08
-1.015324505541590503e-08
-1.015354083879507381e-08
-1.015767441555010164e-08
-1.015795687198348714e-08
-1.015742523219229228e-08
-1.015810582871813891e-08
-1.015998832673726920e-08
-1.016033212423388192e-08
-1.016446466521279208e-08
-1.016365058898005869e-08
-1.015798704465574890e-08
-1.016111038859412689e-08
-1.016138605072648356e-08
-1.015858045833407259e-08
-1.015931582030605643e-08
-1.016000754148255556e-08
-1.016069282907080484e-08
-1.016477456824730699e-08
-1.016505641373621434e-08
-1.016533369157218516e-08
-1.016830279616734072e-08
-1.017139257580086258e-08
-1.017437592949028059e-08
-1.017502848506756943e-08
-1.017527434235785937e-08
-1.017442007121383400e-08
-1.017361331111214728e-08
-1.017374167319934918e-08
-1.017779658306015986e-08
-1.017200372345722376e-08
-1.017265816206041465e-08
-1.017493866832987694e-08
-1.016931171705498030e-08
-1.017607203571946646e-08
-1.017619208420064975e-08
-1.017924739713032266e-08
-1.017948726257984581e-08
-1.017960753595432494e-08
-1.017456588959252012e-08
-1.016602445601525761e-08
-1.016019405792033656e-08
-1.016047763202721045e-08
-1.015263221006118329e-08
-1.015333975515625675e-08
-1.015239421868399547e-08
-1.014680833642381292e-08
-1.015272583513655481e-08
-1.015191548489494752e-08
-1.015506404151624242e-08
-1.014935651164364898e-08
-1.014360533526123014e-08
-1.014818521723865449e-08
-1.014256807823226394e-08
-1.014293293921085285e-08
-1.013728845891497563e-08
-1.013678020576461454e-08
-1.013712040739247050e-08
-1.013834278418231610e-08
-1.014151691013682936e-08
-1.014188098584918390e-08
-1.014220205029083486e-08
-1.013946567324657377e-08
-1.014018851011015119e-08
-1.013967487828826989e-08
-1.014273500659427570e-08
-1.013745681319123459e-08
-1.014089187478544372e-08
-1.013561782934027119e-08
-1.013597005218977881e-08
-1.013628703748302381e-08
-1.013660396464039409e-08
-1.013691887578209455e-08
-1.013723480877662167e-08
-1.013742349096054153e-08
-1.013773937031046370e-08
-1.013079757808241189e-08
-1.013100589827889200e-08
-1.013406325823817240e-08
-1.013724690013490257e-08
-1.013192408182785768e-08
-1.013212749203798984e-08
-1.013622920004608803e-08
-1.012994158401782332e-08
-1.013031049444567254e-08
-1.013445815135114122e-08
-1.013767463558163068e-08
-1.014178790428497356e-08
-1.014870135240781888e-08
-1.014887325654084521e-08
-1.015193176658169012e-08
-1.015248155631910500e-08
-1.015275829822143665e-08
-1.015096250519035552e-08
-1.015407698876307483e-08
-1.015436028496951798e-08
-1.014305491190796590e-08
-1.014621569295816638e-08
-1.014651377122561282e-08
-1.014455948244153248e-08
-1.014474040966920450e-08
-1.014546849180064958e-08
-1.014509100438210683e-08
-1.014429648991990254e-08
-1.014464260660399436e-08
-1.014493881623406922e-08
-1.014415077188146726e-08
-1.014485949639435021e-08
-1.014397971793446999e-08
-1.013868549849082518e-08
-1.014164434750772372e-08
-1.014195577031331489e-08
-1.014214012962386800e-08
-1.014244705268898400e-08
-1.014276795384893083e-08
-1.014688468185471241e-08
-1.015103112898512106e-08
-1.015136879440156830e-08
-1.015246832319179112e-08
-1.015264164081736453e-08
-1.015296997977192382e-08
-1.015707269921086100e-08
-1.015138293584723736e-08
-1.015168729170447870e-08
-1.015480244821101811e-08
-1.015501200021527157e-08
-1.015424619516040135e-08
-1.014950866527744153e-08
-1.014986401959593970e-08
-1.014723884691532505e-08
-1.014159252630225061e-08
-1.014190930892273602e-08
-1.014099931354197007e-08
-1.014136273065738419e-08
-1.014453661753614663e-08
-1.014546178947057726e-08
-1.014616150780628925e-08
-1.014050991560889209e-08
-1.014462343622401737e-08
-1.014775379985979972e-08
-1.014103731253840862e-08
-1.014417075683598970e-08
-1.013849363548085991e-08
-1.014265715618729374e-08
-1.014173437313285653e-08
-1.014191701148491553e-08
-1.014114183565554105e-08
-1.013552438029690969e-08
-1.013502116222072705e-08
-1.013575250425849562e-08
-1.013700055062348347e-08
-1.013732903051313509e-08
-1.013766081929728386e-08
-1.013686699185297804e-08
-1.013652145201741298e-08
-1.012979416118955019e-08
-1.013012659542464173e-08
-1.013035843841652302e-08
-1.013071156449571627e-08
-1.013000357204622351e-08
-1.013419417779785428e-08
-1.013842292816221297e-08
-1.013880710928212821e-08
-1.013913387841510275e-08
-1.013950770341865016e-08
-1.013984711607855580e-08
-1.014022502865278772e-08
-1.014056815355167707e-08
-1.013892653246378548e-08
-1.013965135982612218e-08
-1.013441187459746427e-08
-1.013513850433350550e-08
-1.013550099203589215e-08
-1.013583704608423525e-08
-1.013657362667795758e-08
-1.013959191901287285e-08
-1.013995428216304335e-08
-1.014066873491130157e-08
-1.013827208418356246e-08
-1.014033905396371866e-08
-1.014065223016882336e-08
-1.013496650672332601e-08
-1.013516170073804994e-08
-1.013914701313910845e-08
-1.013348182267693501e-08
-1.013381263877316289e-08
-1.013414117484200672e-08
-1.013447105732764437e-08
-1.014046414475576759e-08
-1.014117638534389605e-08
-1.014817571002055597e-08
-1.014847217573582893e-08
-1.014794145724863960e-08
-1.014822322671836487e-08
-1.014897587064252396e-08
-1.014328210793740430e-08
-1.014360818695466415e-08
-1.014698372114095428e-08
-1.015112188586444305e-08
-1.015423900409184698e-08
-1.015869816564270908e-08
-1.015683493966052761e-08
-1.016085754164885324e-08
-1.016486895914788712e-08
-1.016511942760995911e-08
-1.015944779876109585e-08
-1.015972941966537642e-08
-1.015297935777105665e-08
-1.014820653906280431e-08
-1.015229211115408817e-08
-1.015245630572838991e-08
-1.015262215443487374e-08
-1.015291462574128253e-08
-1.015210446285630071e-08
-1.015240162221163859e-08
-1.015312394130500394e-08
-1.015627536088516351e-08
-1.015655800772706562e-08
-1.014758211164882730e-08
-1.014788834751861955e-08
-1.014736149192590582e-08
-1.014753709693061130e-08
-1.014675039794203550e-08
-1.014112573594364458e-08
-1.014144599473622576e-08
-1.014177242140448386e-08
-1.014213811633483693e-08
-1.014288746994642807e-08
-1.014320892189305610e-08
-1.014392873110606421e-08
-1.014464777035173695e-08
-1.014536326841725245e-08
-1.014942237193083962e-08
-1.014366256364604870e-08
-1.014398098674196596e-08
-1.014429812338838668e-08
-1.014391121257863566e-08
-1.014712055390245881e-08
-1.015024802378331985e-08
-1.015055120763047835e-08
-1.014785375807441583e-08
-1.014224261112430571e-08
-1.014255346731393676e-08
-1.014330133870463153e-08
-1.014401778534985422e-08
-1.014714284518572762e-08
-1.014675480799043673e-08
-1.014705989477118195e-08
-1.014736335861221476e-08
-1.014763783125685542e-08
-1.014684404141225444e-08
-1.014122341640583343e-08
-1.013601535920705755e-08
-1.013633609425854285e-08
-1.013557275907080721e-08
-1.013590502373807690e-08
-1.013714066718739142e-08
-1.013662291862893518e-08
-1.013616465943888612e-08
-1.014199469235527691e-08
-1.014502839967130487e-08
-1.014575194427210993e-08
-1.013448577319866751e-08
-1.012880963050875837e-08
-1.012695173211787779e-08
-1.013110955274139819e-08
-1.013150162649928938e-08
-1.012593392947963632e-08
-1.012629077286703913e-08
-1.012663438680504107e-08
-1.013157324702119336e-08
-1.012688789037973161e-08
-1.012763750088803300e-08
-1.012829730352081014e-08
-1.012833999512744690e-08
-1.013151296935032748e-08
-1.013184127098382929e-08
-1.012601687664541856e-08
-1.012069848454088103e-08
-1.012106617681493280e-08
-1.012019115255877355e-08
-1.012422537384689913e-08
-1.012836006954279832e-08
-1.012874583256360026e-08
-1.012606650878910222e-08
-1.012642158238158686e-08
-1.012368402933353551e-08
-1.012111431509652774e-08
-1.012523670847061801e-08
-1.012558820350955717e-08
-1.011994535870467362e-08
-1.012030531009483643e-08
-1.012075464033478048e-08
-1.012097897011459150e-08
-1.011250120335320072e-08
-1.011600246563089059e-08
-1.011553498476541105e-08
-1.011578049258606510e-08
-1.011505686235871760e-08
-1.011542295207523063e-08
-1.011583914453008480e-08
-1.011607674082913610e-08
-1.011069828334512050e-08
-1.010824497773617467e-08
-1.010863154032251679e-08
-1.010910601179707000e-08
-1.011234339738855286e-08
-1.010668026990203726e-08
-1.010110778194971321e-08
-1.010151674610171023e-08
-1.010196121578497772e-08
-1.009630657889432951e-08
-1.009711797438572756e-08
-1.009740315277103651e-08
-1.009836472701657671e-08
-1.009916036650569657e-08
-1.009995150495955546e-08
-1.009923837711767611e-08
-1.009964845681467525e-08
-1.010006752405988596e-08
-1.010331529741718227e-08
-1.010371669895130343e-08
-1.010699882237047140e-08
-1.010739051581456621e-08
-1.010776380961557698e-08
-1.010231321302659975e-08
-1.009676205815416493e-08
-1.009594192312312717e-08
-1.009919895882397701e-08
-1.009629718919184171e-08
-1.009940927882729785e-08
-1.009985624220187963e-08
-1.010069413784717150e-08
-1.010139601288760738e-08
-1.010177516493104220e-08
-1.010633290975890800e-08
-1.010072465713793804e-08
-1.009516570751159930e-08
-1.009583053921740918e-08
-1.009623429838362303e-08
-1.009663537032148317e-08
-1.009703700867367320e-08
-1.009743870498820704e-08
-1.010163829086388169e-08
-1.010483248909843255e-08
-1.010806423893977635e-08
-1.010888203525380756e-08
-1.010925453418540747e-08
-1.011344921302635448e-08
-1.011061562841758338e-08
-1.011142284920650910e-08
-1.011464939224787902e-08
-1.011186188211787102e-08
-1.011261731914322062e-08
-1.011296610235082422e-08
-1.011331525048842835e-08
-1.010769230578513885e-08
-1.010529688205816681e-08
-1.010272237141858916e-08
-1.010308897135141818e-08
-1.010346509497043308e-08
-1.009785233854248037e-08
-1.009809470554081068e-08
-1.009738088838922971e-08
-1.009653752977792881e-08
-1.009692411496302228e-08
-1.009608960163338920e-08
-1.009634463855722154e-08
-1.009661414762914281e-08
-1.010075133080600833e-08
-1.010044680646980931e-08
-1.009481988021548011e-08
-1.009522245835247212e-08
-1.009494007810185193e-08
-1.009578829840259369e-08
-1.009535619642680454e-08
-1.009615494661413184e-08
-1.009591223368797602e-08
-1.009661953447338614e-08
-1.009411668518068716e-08
-1.009328703730249086e-08
-1.008777780948681802e-08
-1.008818940970808108e-08
-1.008267591168220986e-08
-1.008314892620610041e-08
-1.008356364640551994e-08
-1.008778045764966975e-08
-1.009145756881844192e-08
-1.009506424805639542e-08
-1.009585304187553809e-08
-1.009664553646073059e-08
-1.009703601359767889e-08
-1.009781693752324526e-08
-1.009528966628990529e-08
-1.009572579021293646e-08
-1.009610182737794209e-08
-1.009334843542191366e-08
-1.009373240955167786e-08
-1.009412186777196476e-08
-1.009829032122785207e-08
-1.009867879089613801e-08
-1.009797672035698900e-08
-1.009237588001535712e-08
-1.009275037621675873e-08
-1.009205803761591157e-08
-1.009140679999540068e-08
-1.009559151720522144e-08
-1.010203814267559012e-08
-1.010229866273327438e-08
-1.010271324358639055e-08
-1.010314434978731373e-08
-1.009155366576865433e-08
-1.009200394648240856e-08
-1.009608797132935895e-08
-1.009652391523032385e-08
-1.009679008753143210e-08
-1.010136219003540869e-08
-1.009571104616521674e-08
-1.009598436784756060e-08
-1.008730892084075147e-08
-1.008181594199141162e-08
-1.008224596509622687e-08
-1.008267866907348889e-08
-1.007626970871747149e-08
-1.007601945792717202e-08
-1.007687584096357538e-08
-1.007736070333167904e-08
-1.008200805506029623e-08
-1.008513915440775713e-08
-1.008433455777908386e-08
-1.008477905558768000e-08
-1.007916520703437885e-08
-1.008242493884907051e-08
-1.008273532776040306e-08
-1.008357586688931994e-08
-1.008278897238564456e-08
-1.007708742598839480e-08
-1.007741474423101298e-08
-1.008070216864907602e-08
-1.008114769179932165e-08
-1.007545525872489721e-08
-1.006990513575844683e-08
-1.007036443265893242e-08
-1.006973297616137383e-08
-1.006910017361078734e-08
-1.006786709964552354e-08
-1.006873731578166112e-08
-1.006850347782066190e-08
-1.006899595872265784e-08
-1.007226830659390032e-08
-1.006674193872818321e-08
-1.007368202179404288e-08
-1.007413774358860892e-08
-1.007826153506418116e-08
-1.007048437994015123e-08
-1.007120951353766298e-08
-1.007165926010924611e-08
-1.007116257331686590e-08
-1.007052247959542427e-08
-1.006879464616600852e-08
-1.006328280532246850e-08
-1.006377210440877850e-08
-1.006472054989130075e-08
-1.006602955637219173e-08
-1.006733661514356755e-08
-1.006180463044198192e-08
-1.006231310354384184e-08
-1.006589606804811785e-08
-1.006636689582776230e-08
-1.006683653443934972e-08
-1.006621286797331764e-08
-1.006976890129686133e-08
-1.007061481549002497e-08
-1.006890412635598427e-08
-1.006937470009234250e-08
-1.006666012120826166e-08
-1.006602877227053006e-08
-1.006689915048798216e-08
-1.007021271341788215e-08
-1.007347370520829547e-08
-1.007391451871133396e-08
-1.007435468453940075e-08
-1.007507127145467249e-08
-1.007591360968713460e-08
-1.007330250901668466e-08
-1.007402442491225070e-08
-1.007507151548126801e-08
-1.007926384952915989e-08
-1.008630167440832590e-08
-1.008939541780398622e-08
-1.008980823509367326e-08
-1.009022630944560258e-08
-1.008761893560348809e-08
-1.008842886356526173e-08
-1.009151806035229245e-08
-1.009192418994619633e-08
-1.009259455922890248e-08
-1.009191885790725778e-08
-1.009111907382900043e-08
-1.009141883953609197e-08
-1.009224897243500210e-08
-1.009310131850505003e-08
-1.009350649693994039e-08
-1.008895855754461286e-08
-1.008938153116178401e-08
-1.008984315377686216e-08
-1.008806527852855359e-08
-1.008890549701822717e-08
-1.009311782578419836e-08
-1.010015863117125951e-08
-1.010098655007483381e-08
-1.010137710695881906e-08
-1.010095042526212535e-08
-1.009537281655553866e-08
-1.009960169219045039e-08
-1.010379471981714785e-08
-1.010445222160224776e-08
-1.010379892351785764e-08
-1.010418623136604245e-08
-1.010457479685726485e-08
-1.010180552379319281e-08
-1.010220813999773145e-08
-1.010248041201995108e-08
-1.009730858868400391e-08
-1.010052911174061386e-08
-1.009383854568257206e-08
-1.009706721013584533e-08
-1.009747559333293295e-08
-1.010073006612787266e-08
-1.010387454946858565e-08
-1.010472993523038172e-08
-1.010512040585883308e-08
-1.010554882753748753e-08
-1.010036925800254943e-08
-1.010399940617316503e-08
-1.010817630252839355e-08
-1.011234844755691302e-08
-1.011276037978029687e-08
-1.011300345552668938e-08
-1.011340398236556221e-08
-1.011754641478246135e-08
-1.010898810918581017e-08
-1.011305358793675844e-08
-1.010752198777874071e-08
-1.010778432857697356e-08
-1.010259814735479186e-08
-1.010285579090062108e-08
-1.010216054895197618e-08
-1.010639434802711181e-08
-1.010950528899867851e-08
-1.010388398516164715e-08
-1.010811477615335119e-08
-1.010125681607077403e-08
-1.010167456209209318e-08
-1.010313561239242099e-08
-1.010019869153334479e-08
-1.009456600306202678e-08
-1.009779972323516212e-08
-1.009820916124875486e-08
-1.009269148096772790e-08
-1.009689637500559736e-08
-1.009407281180637963e-08
-1.009730004104737448e-08
-1.009664378046385670e-08
-1.009596030809047370e-08
-1.009037035218454872e-08
-1.009123800697132990e-08
-1.009153266888281390e-08
-1.008597271549235472e-08
-1.008042571894710957e-08
-1.007808384096036884e-08
-1.008229007848834302e-08
-1.008272799464809446e-08
-1.007997333317454634e-08
-1.008324106419240920e-08
-1.007806736305948295e-08
-1.008133942822254065e-08
-1.008176424756532358e-08
-1.008109627613531192e-08
-1.007876041067580657e-08
-1.007961159269189588e-08
-1.008043982347696024e-08
-1.008368095551718339e-08
-1.007808315795397374e-08
-1.008226570693939108e-08
-1.007940755618218296e-08
-1.008258709373693988e-08
-1.008584579408472781e-08
-1.008629167073488971e-08
-1.008670216983127281e-08
-1.008091474892664005e-08
-1.008216765457940113e-08
-1.008243853182678294e-08
-1.008284961713470234e-08
-1.008257944885756015e-08
-1.008299207276636790e-08
-1.008726506723583062e-08
-1.008157354458902228e-08
-1.008239606877272196e-08
-1.008279589738875076e-08
-1.008321024320907386e-08
-1.008406795732164740e-08
-1.007850067225549382e-08
-1.007894751675609701e-08
-1.007827362043614936e-08
-1.007869885752823486e-08
-1.008181479645448162e-08
-1.008868864415896276e-08
-1.008908510107588491e-08
-1.008337687546181557e-08
-1.008664380137322424e-08
-1.009025499058339071e-08
-1.009386496232435425e-08
-1.008813714632591414e-08
-1.008893452167970821e-08
-1.008931170291644559e-08
-1.009252604147950375e-08
-1.009290521440441996e-08
-1.009596817900618219e-08
-1.009916036008201377e-08
-1.009355233697144511e-08
-1.009432802173349190e-08
-1.009361206283140153e-08
-1.009330685812060164e-08
-1.008746860101183057e-08
-1.008176492827540905e-08
-1.008594056635744552e-08
-1.008678022426096815e-08
-1.008157547845034782e-08
-1.008574606577524027e-08
-1.008645715392898327e-08
-1.008671600092440252e-08
-1.008711719921778880e-08
-1.008751767381952435e-08
-1.008724391478113315e-08
-1.008803534976989945e-08
-1.008233237984979653e-08
-1.007623529321521077e-08
-1.007556526828491504e-08
-1.007885580067585369e-08
-1.008103592561192641e-08
-1.008565727498294152e-08
-1.008873977287939302e-08
-1.008952968188462579e-08
-1.008991404698326197e-08
-1.009069888422841110e-08
-1.009112630656509898e-08
-1.008548426577044685e-08
-1.008587250873434651e-08
-1.008667673143402706e-08
-1.008706927129415617e-08
-1.009124569206255656e-08
-1.009541525746392819e-08
-1.009404362188029860e-08
-1.009430305087233218e-08
-1.009460361197816234e-08
-1.008529526376469861e-08
-1.008951897821841729e-08
-1.008995434445611397e-08
-1.009022059304679475e-08
-1.008173412671041653e-08
-1.008216022507643555e-08
-1.008258647695162195e-08
-1.008327422151366881e-08
-1.008430686225092922e-08
-1.008154408010933455e-08
-1.007906583626490492e-08
-1.007937256143907004e-08
-1.007858345954451368e-08
-1.007942299957714491e-08
-1.008016059072922754e-08
-1.008059161632925659e-08
-1.007500736628796124e-08
-1.007544960476323049e-08
-1.007273530813296743e-08
-1.007317855382717951e-08
-1.007256488247158344e-08
-1.007234148827330245e-08
-1.007266318914804427e-08
-1.007595376639166712e-08
-1.007638865387726288e-08
-1.007939819640285622e-08
-1.007982258202346571e-08
-1.008402142761749737e-08
-1.007841720159401505e-08
-1.008302129887284254e-08
-1.008667821890418678e-08
-1.008748417693980273e-08
-1.008830439526335883e-08
-1.008871700664526067e-08
-1.009197719969881327e-08
-1.009128305718468490e-08
-1.009815046231737409e-08
-1.010235244602958509e-08
-1.010553205300041919e-08
-1.010480982293315309e-08
-1.010518641310496456e-08
-1.009845894013986520e-08
-1.009596522047257163e-08
-1.009608922517676745e-08
-1.009054247727957426e-08
-1.009081948206088892e-08
-1.009502572047649408e-08
-1.009721206618529741e-08
-1.009765409561565762e-08
-1.010224007409826899e-08
-1.010263308416513434e-08
-1.010192553781792284e-08
-1.010236873393579779e-08
-1.010276276086594959e-08
-1.010302969144470327e-08
-1.010064469894295399e-08
-1.009492887606933656e-08
-1.009532669291017904e-08
-1.009462043362036738e-08
-1.008889048065589339e-08
-1.008918648990519379e-08
-1.009337425793133277e-08
-1.009419533790537983e-08
-1.009248459858269147e-08
-1.009288478120909299e-08
-1.009326693789645804e-08
-1.009635420598002643e-08
-1.009675146609864900e-08
-1.009633363749845828e-08
-1.009997820515701363e-08
-1.010321277909083077e-08
-1.010360935095437723e-08
-1.010722435098356274e-08
-1.010746392622666270e-08
-1.011063978258872294e-08
-1.011179383420268444e-08
-1.011482184821763609e-08
-1.011449723196236817e-08
-1.011213393843806182e-08
-1.011139046376633009e-08
-1.011202048251916373e-08
-1.010948408828335739e-08
-1.010386748518444560e-08
-1.010109837378891173e-08
-1.010525185205152889e-08
-1.010452599930348210e-08
-1.010489686163199529e-08
-1.010527161468251779e-08
-1.010846191358064659e-08
-1.011170650109459378e-08
-1.011192944791559882e-08
-1.011609930720465672e-08
-1.011648985082193219e-08
-1.011614402622200655e-08
-1.012068107029081835e-08
-1.012129429814759646e-08
-1.011565519101666667e-08
-1.010697724071785658e-08
-1.011023192416910445e-08
-1.011438365917012872e-08
-1.011473841272140013e-08
-1.010979418380052941e-08
-1.010418130237237276e-08
-1.009860605622548466e-08
-1.009897923968685024e-08
-1.010014903053947575e-08
-1.010232363215600672e-08
-1.009978865134892221e-08
-1.010015776596347833e-08
-1.010092488453437925e-08
-1.010385571977115785e-08
-1.010421267043553985e-08
-1.010629026545958909e-08
-1.010584456594343039e-08
-1.010700238647786499e-08
-1.010137996742195740e-08
-1.010161361614404528e-08
-1.010087959174799849e-08
-1.010164693717322872e-08
-1.009493364865369400e-08
-1.008929814898432821e-08
-1.008079591259270204e-08
-1.008126342272247176e-08
-1.008170524011873704e-08
-1.008498886489675312e-08
-1.008811100043977029e-08
-1.009118732235196134e-08
-1.008474742540997878e-08
-1.008514220448303236e-08
-1.008554642786325413e-08
-1.008484021219949889e-08
-1.008525190624525155e-08
-1.008496968274435986e-08
-1.008536785708802425e-08
-1.008578232977523655e-08
-1.008619419209806519e-08
-1.008635396499955188e-08
-1.008445651961664061e-08
-1.008486802189744935e-08
-1.008809432702227109e-08
-1.008850229286280316e-08
-1.007918563458905534e-08
-1.007899134597012678e-08
-1.007942510745058317e-08
-1.007875990614564591e-08
-1.007959462954164855e-08
-1.007892230802553345e-08
-1.007940040115221532e-08
-1.007874624904311231e-08
-1.007210293356706255e-08
-1.007619619257844294e-08
-1.007949361070452674e-08
-1.007994285570450294e-08
-1.007971137717023754e-08
-1.008018160312242310e-08
-1.008347175174961507e-08
-1.008268254805007614e-08
-1.008313504640392913e-08
-1.007741932611205326e-08
-1.008052448335470413e-08
-1.007819907435689801e-08
-1.008142729133635011e-08
-1.008190499402950799e-08
-1.007023644322126508e-08
-1.007168862619934030e-08
-1.007104030561197139e-08
-1.007150353104539833e-08
-1.007480000693924628e-08
-1.007904066296196256e-08
-1.007951989356009858e-08
-1.007998644080090265e-08
-1.008028764065951438e-08
-1.007962980515487150e-08
-1.008011243134111508e-08
-1.008335006230468709e-08
-1.008663492353151066e-08
-1.008709964140414332e-08
-1.008750964654252311e-08
-1.008793440667961216e-08
-1.009120890434288475e-08
-1.008579853135689872e-08
-1.009001651908151320e-08
-1.008932789321592670e-08
-1.008753681210804678e-08
-1.008782846266525169e-08
-1.009113167616826626e-08
-1.009570745667758764e-08
-1.008447366961225292e-08
-1.008493671842130759e-08
-1.007921370562347895e-08
-1.007963674742709518e-08
-1.008010115163034313e-08
-1.007441424218214260e-08
-1.007489826276225439e-08
-1.006713427455254107e-08
-1.006648650987736883e-08
-1.006975534003224112e-08
-1.007277782595079879e-08
-1.007309752890598524e-08
-1.007397292083409490e-08
-1.007441061944816261e-08
-1.006886095456643755e-08
-1.006932927535278859e-08
-1.007542754949200922e-08
-1.007866940485951499e-08
-1.007936649840920743e-08
-1.007382144556045207e-08
-1.007315677021355102e-08
-1.007360120402816279e-08
-1.007442571654598274e-08
-1.006886904685291309e-08
-1.006042286306794528e-08
-1.006091752542099406e-08
-1.006138907398179304e-08
-1.005471483939375019e-08
-1.005520476706438660e-08
-1.005459350629796210e-08
-1.005891588673067858e-08
-1.006219305888801982e-08
-1.005665400547622438e-08
-1.005158901445272891e-08
-1.005212304605481332e-08
-1.005544805888271318e-08
-1.005580442524936365e-08
-1.005130496299371924e-08
-1.004884195421245161e-08
-1.004932911603150494e-08
-1.005022861753916787e-08
-1.005111078375642838e-08
-1.004643494721206544e-08
-1.004690843123812956e-08
-1.005396423876717969e-08
-1.005443187224586924e-08
-1.005760770936132920e-08
-1.005847139306976620e-08
-1.005933053492677368e-08
-1.005439164493949944e-08
-1.005484038241727366e-08
-1.005530023840785976e-08
-1.005400387070666401e-08
-1.004844381343448441e-08
-1.004900081495842296e-08
-1.004669886321838558e-08
-1.003827552778286142e-08
-1.003882145723773102e-08
-1.003919051142864591e-08
-1.003967187125647679e-08
-1.004283093611251354e-08
-1.004710172845855495e-08
-1.004759746102665003e-08
-1.004847770051202823e-08
-1.004895914745290135e-08
-1.004944349961325198e-08
-1.005278677708184505e-08
-1.005351408766885384e-08
-1.005396846215404691e-08
-1.005446760977393177e-08
-1.005271897636778128e-08
-1.005317626943163877e-08
-1.005364816490158568e-08
-1.005414455162224592e-08
-1.005743928710460968e-08
-1.005115135931272979e-08
-1.004882755645343977e-08
-1.004928561444180048e-08
-1.004906620808414609e-08
-1.004954080691292195e-08
-1.004891570031388935e-08
-1.004981471523332622e-08
-1.005032977573669647e-08
-1.005013396051582091e-08
-1.005064627873595077e-08
-1.005115898061034666e-08
-1.005202901257525852e-08
-1.005249631307894210e-08
-1.005226579032493322e-08
-1.005687718330622557e-08
-1.005060991320070229e-08
-1.005193059949302993e-08
-1.005525651929373674e-08
-1.005571337876392330e-08
-1.005494451521665925e-08
-1.005809864709382895e-08
-1.005855319486272280e-08
-1.006182613048360919e-08
-1.006509710808733887e-08
-1.006443549379230548e-08
-1.006908107106610568e-08
-1.007235051878548514e-08
-1.007658324816269968e-08
-1.007102284516925810e-08
-1.007317292779914732e-08
-1.007737642290513645e-08
-1.007818805159090873e-08
-1.008425021259109167e-08
-1.008732792263204527e-08
-1.008171184404097483e-08
-1.008590507688856341e-08
-1.008377617455079183e-08
-1.008795040264183436e-08
-1.009211271881873762e-08
-1.009235309564461485e-08
-1.009313203252602101e-08
-1.009729359677516555e-08
-1.009765897613884132e-08
-1.009228730871862518e-08
-1.008704581983487885e-08
-1.008741548417864682e-08
-1.009106414790619471e-08
-1.009143541463454622e-08
-1.009465813923090230e-08
-1.010163312038222386e-08
-1.009492422318160041e-08
-1.008925580213271881e-08
-1.008962890788867643e-08
-1.008890968137208241e-08
-1.008929759739309807e-08
-1.008967170937892874e-08
-1.009008843988904936e-08
-1.008825519715645351e-08
-1.008798457561265830e-08
-1.008232625267736476e-08
-1.008277664460798261e-08
-1.007720962129023978e-08
-1.007793035473577389e-08
-1.007834638535673484e-08
-1.007863077945715500e-08
-1.008187584597462631e-08
-1.008608018320628394e-08
-1.008646278975776073e-08
-1.008685477218054913e-08
-1.008723897065783706e-08
-1.008763120916896685e-08
-1.008828712472367869e-08
-1.008188719616371267e-08
-1.008551642391214027e-08
-1.008876026312294485e-08
-1.008901005889579903e-08
-1.009223808221109887e-08
-1.009260306845821092e-08
-1.009295516294232053e-08
-1.008733205726260151e-08
-1.009186047534070585e-08
-1.008621568840158056e-08
-1.008647004642787701e-08
-1.008724738097147669e-08
-1.008763301262301889e-08
-1.009368566938700670e-08
-1.009115344986843786e-08
-1.008523681954724735e-08
-1.008937930467850412e-08
-1.008752384425474459e-08
-1.008834225231113252e-08
-1.009157821661538656e-08
-1.009461765761498843e-08
-1.009498362580503589e-08
-1.009532555921401690e-08
-1.008971207561321560e-08
-1.009288293864638000e-08
-1.009101696311829251e-08
-1.009420097202736605e-08
-1.009832111176340194e-08
-1.009269266698668352e-08
-1.009085684435496616e-08
-1.009783366815935033e-08
-1.009816744490596712e-08
-1.010160177336614137e-08
-1.010083649665299042e-08
-1.009518473160640880e-08
-1.008884374716788995e-08
-1.008606105034039365e-08
-1.008428230873806980e-08
-1.008465457306840188e-08
-1.008503768395311740e-08
-1.008431905491084999e-08
-1.008474300538255998e-08
-1.008540928725002540e-08
-1.008582463029785613e-08
-1.008024661383993019e-08
-1.007467115745064022e-08
-1.007507928211952791e-08
-1.007549232966425748e-08
-1.007970620226534222e-08
-1.008386663370850662e-08
-1.008712756989363390e-08
-1.008741996504357179e-08
-1.009062194499276499e-08
-1.008800653128144074e-08
-1.008840447705551757e-08
-1.009162955637515428e-08
-1.009094370808124960e-08
-1.009135696049702749e-08
-1.008576705299188529e-08
-1.008602256228236472e-08
-1.008913039689652299e-08
-1.008341820184166403e-08
-1.008368633607426180e-08
-1.008415476637454649e-08
-1.008332811126811443e-08
-1.008373464941064386e-08
-1.008413187064335033e-08
-1.008737521472096453e-08
-1.008653067967300810e-08
-1.008976300683856045e-08
-1.009014539753190949e-08
-1.009051415194516217e-08
-1.009011515597533685e-08
-1.009052650611552868e-08
-1.009090931734033776e-08
-1.009402239852097438e-08
-1.009329918702787325e-08
-1.009366586633271704e-08
-1.009503185081794080e-08
-1.009861900799960840e-08
-1.009938036981252046e-08
-1.010299786530529609e-08
-1.010657912607320500e-08
-1.011066666928669119e-08
-1.010896641753742734e-08
-1.010967596058542795e-08
-1.011281665682808934e-08
-1.010716549058642383e-08
-1.010147466664570174e-08
-1.010071426043664167e-08
-1.010522341968561503e-08
-1.009995950022693843e-08
-1.010394495035117176e-08
-1.010428080662443708e-08
-1.010500474794627351e-08
-1.010450422667411069e-08
-1.010526317328363093e-08
-1.010846355737629869e-08
-1.010755357430457748e-08
-1.010814304504860309e-08
-1.010243618879729293e-08
-1.009685898952765430e-08
-1.009717723052290630e-08
-1.009751881558319530e-08
-1.009786524311905644e-08
-1.009262835152742831e-08
-1.009588826964915746e-08
-1.009625470819349529e-08
-1.009342767668371295e-08
-1.009368213006272843e-08
-1.008810508963789142e-08
-1.009172582192270052e-08
-1.009205729623988877e-08
-1.009129802279957082e-08
-1.009489351636837192e-08
-1.008910926845355687e-08
-1.009265650602965149e-08
-1.008699667919500324e-08
-1.008171001142317972e-08
-1.008204876600950872e-08
-1.008284050347530882e-08
-1.007714779969065328e-08
-1.006554941548197811e-08
-1.006866753158447283e-08
-1.006286911494978921e-08
-1.005712142574844930e-08
-1.005643918518581915e-08
-1.006069049292142888e-08
-1.006188238738762972e-08
-1.006106188058998667e-08
-1.006148654083766146e-08
-1.006078950830675678e-08
-1.006009604622504590e-08
-1.006050641973402774e-08
-1.005473856417710302e-08
-1.005293566313318224e-08
-1.005618430937257842e-08
-1.005329796195961282e-08
-1.005358483602914882e-08
-1.005404614280533942e-08
-1.005811385157001745e-08
-1.005891179453880068e-08
-1.005617908357119383e-08
-1.005699396496432516e-08
-1.006007861466149412e-08
-1.006089378127847492e-08
-1.006133083822142981e-08
-1.006551769776858010e-08
-1.006972901059044448e-08
-1.007010734840838918e-08
-1.006443301963907335e-08
-1.006483624931263214e-08
-1.006182574561485178e-08
-1.006382718692201759e-08
-1.006704570277413027e-08
-1.006744244949026286e-08
-1.006784038955809874e-08
-1.006928345283146825e-08
-1.006995239031771020e-08
-1.007033656151325142e-08
-1.007449999707556612e-08
-1.007596529307453708e-08
-1.007637229945489948e-08
-1.008053628425296813e-08
-1.008467532970037289e-08
-1.008503609743880454e-08
-1.008578744293557088e-08
-1.008995724657482884e-08
-1.009069350477142004e-08
-1.009061364727264085e-08
-1.009135225060795107e-08
-1.009169782562102274e-08
-1.009476435486877240e-08
-1.009539390715013290e-08
-1.009463707759760861e-08
-1.009498857757792292e-08
-1.009560692173463412e-08
-1.009599218303828339e-08
-1.010005699364235872e-08
-1.010038707231987195e-08
-1.010358151905387342e-08
-1.010281332523762584e-08
-1.010597330391292765e-08
-1.010033290635548311e-08
-1.010432180900921351e-08
-1.009575051327340474e-08
-1.010272844727640344e-08
-1.010346810932215332e-08
-1.010379054008602620e-08
-1.010412576906876824e-08
-1.011096564488011611e-08
-1.011455675935401321e-08
-1.010886553500880960e-08
-1.011488494952092227e-08
-1.011516870722164153e-08
-1.011437343188955335e-08
-1.011870482810484735e-08
-1.011899559679344733e-08
-1.011859940963892971e-08
-1.011929049578953763e-08
-1.011957859020318249e-08
-1.011034041037759143e-08
-1.010956489255689267e-08
-1.010992702376648794e-08
-1.011024275223655046e-08
-1.010986913398974026e-08
-1.011017508384363775e-08
-1.010927676894196894e-08
-1.011338881726856077e-08
-1.011262256821981162e-08
-1.011294641844268038e-08
-1.011327017253064152e-08
-1.010759292713637254e-08
-1.010750390278066451e-08
-1.010701999188219723e-08
-1.010405945714927962e-08
-1.010440955393239980e-08
-1.010759488264571120e-08
-1.010196012020660516e-08
-1.010231047654596022e-08
-1.010374226626399087e-08
-1.010409259932365123e-08
-1.010447589164629325e-08
-1.010481945913970521e-08
-1.010516195656738525e-08
-1.010550449010164793e-08
-1.010966688130409082e-08
-1.011043701217818597e-08
-1.010407294748310441e-08
-1.010727004835437215e-08
-1.010802069698924147e-08
-1.010835441483887811e-08
-1.011193810421242383e-08
-1.011224494336944526e-08
-1.011187275371366851e-08
-1.011598241594301501e-08
-1.011629650759659640e-08
-1.011946952395938100e-08
-1.011977260756350222e-08
-1.012007117983988148e-08
-1.012327557643118340e-08
-1.012355937639099182e-08
-1.012074601669467052e-08
-1.012143813859077554e-08
-1.012171622975608225e-08
-1.012200590418687539e-08
-1.012309687739263952e-08
-1.012377965701157687e-08
-1.011804624416720112e-08
-1.011838132998676045e-08
-1.011870169540112761e-08
-1.011899211535169324e-08
-1.011928414106920711e-08
-1.012377707212661925e-08
-1.012785771039419845e-08
-1.013193006133331510e-08
-1.012328219991425414e-08
-1.012247388163784451e-08
-1.012175579700348478e-08
-1.012084921868072932e-08
-1.012115944392347710e-08
-1.012036659290405265e-08
-1.012067901736783190e-08
-1.012139363021118849e-08
-1.012210203449903056e-08
-1.012522633389511759e-08
-1.012556271971812999e-08
-1.012971592012941124e-08
-1.013376288036078555e-08
-1.013092707545141995e-08
-1.013125059412292179e-08
-1.013158002083735076e-08
