2.775435783361325237e-01
3.333937224396604782e-01
3.583475305578637804e-01
3.679314849773260288e-01
3.714080385879969803e-01
3.726473948635939393e-01
3.730880826392995453e-01
3.732452131148290553e-01
3.733014991175063746e-01
3.733217684436763717e-01
3.733291081608621775e-01
3.733317809012359212e-01
3.733327596800708470e-01
3.733331201485237116e-01
3.733332536562490866e-01
3.733333033844133397e-01
3.733333220119495199e-01
3.733333290291724338e-01
3.733333316876428776e-01
3.733333327005158853e-01
3.733333330886077772e-01
3.733333332381521541e-01
3.733333332961032980e-01
3.733333333186877323e-01
3.733333333275392074e-01
3.733333333310279722e-01
3.733333333324108660e-01
3.733333333329621473e-01
3.733333333331830817e-01
3.733333333332721771e-01
3.733333333333083148e-01
3.733333333333230808e-01
3.733333333333291315e-01
3.733333333333316295e-01
3.733333333333326287e-01
3.733333333333330173e-01
3.733333333333331838e-01
3.733333333333332948e-01
3.733333333333333504e-01
3.733333333333333504e-01
3.733333333333333504e-01
3.733333333333333504e-01
3.733333333333333504e-01
3.733333333333333504e-01
3.733333333333333504e-01
3.733333333333333504e-01
3.733333333333333504e-01
3.733333333333333504e-01
3.733333333333333504e-01
3.733333333333333504e-01
3.733333333333333504e-01
3.733333333333333504e-01
3.733333333333333504e-01
3.733333333333333504e-01
3.733333333333333504e-01
3.733333333333333504e-01
3.733333333333333504e-01
3.733333333333333504e-01
3.733333333333333504e-01
3.733333333333333504e-01
3.733333333333333504e-01
3.733333333333333504e-01
3.733333333333333504e-01
3.733333333333333504e-01
3.733333333333333504e-01
3.733333333333333504e-01
3.733333333333333504e-01
3.733333333333333504e-01
3.733333333333333504e-01
3.733333333333333504e-01
3.733333333333333504e-01
3.733333333333333504e-01
3.733333333333333504e-01
3.733333333333333504e-01
3.733333333333333504e-01
3.733333333333333504e-01
3.733333333333333504e-01
3.733333333333333504e-01
3.733333333333333504e-01
3.733333333333333504e-01
3.733333333333333504e-01
3.733333333333333504e-01
3.733333333333333504e-01
3.733333333333333504e-01
3.733333333333333504e-01
3.733333333333333504e-01
3.733333333333333504e-01
3.733333333333333504e-01
3.733333333333333504e-01
3.733333333333333504e-01
3.733333333333333504e-01
3.733333333333333504e-01
3.733333333333333504e-01
3.733333333333333504e-01
3.733333333333333504e-01
3.733333333333333504e-01
3.733333333333333504e-01
3.733333333333333504e-01
3.733333333333333504e-01
3.733333333333333504e-01
3.733333333333333504e-01
3.733333333333333504e-01
3.733333333333333504e-01
3.733333333333333504e-01
3.733333333333333504e-01
3.733333333333333504e-01
3.733333333333333504e-01
3.733333333333333504e-01
3.733333333333333504e-01
3.733333333333333504e-01
3.733333333333333504e-01
3.733333333333333504e-01
3.733333333333333504e-01
3.733333333333333504e-01
3.733333333333333504e-01
3.733333333333333504e-01
3.733333333333333504e-01
3.733333333333333504e-01
3.733333333333333504e-01
3.733333333333333504e-01
3.733333333333333504e-01
3.733333333333333504e-01
3.733333333333333504e-01
3.733333333333333504e-01
3.733333333333333504e-01
3.733333333333333504e-01
3.733333333333333504e-01
3.733333333333333504e-01
3.733333333333333504e-01
3.733333333333333504e-01
3.733333333333333504e-01
3.733333333333333504e-01
3.733333333333333504e-01
3.733333333333333504e-01
3.733333333333333504e-01
3.733333333333333504e-01
3.733333333333333504e-01
3.733333333333333504e-01
3.733333333333333504e-01
3.733333333333333504e-01
3.733333333333333504e-01
3.733333333333333504e-01
3.733333333333333504e-01
3.733333333333333504e-01
3.733333333333333504e-01
3.733333333333333504e-01
3.733333333333333504e-01
3.733333333333333504e-01
3.733333333333333504e-01
3.733333333333333504e-01
3.733333333333333504e-01
3.733333333333333504e-01
3.733333333333333504e-01
3.733333333333333504e-01
3.733333333333333504e-01
3.733333333333333504e-01
3.733333333333333504e-01
3.733333333333333504e-01
3.733333333333333504e-01
3.733333333333333504e-01
3.733333333333333504e-01
3.733333333333333504e-01
3.733333333333333504e-01
3.733333333333333504e-01
3.733333333333333504e-01
3.733333333333333504e-01
3.733333333333333504e-01
3.733333333333333504e-01
3.733333333333333504e-01
3.733333333333333504e-01
3.733333333333333504e-01
3.733333333333333504e-01
3.733333333333333504e-01
3.733333333333333504e-01
3.733333333333333504e-01
3.733333333333333504e-01
3.733333333333333504e-01
3.733333333333333504e-01
3.733333333333333504e-01
3.733333333333333504e-01
3.733333333333333504e-01
3.733333333333333504e-01
3.733333333333333504e-01
3.733333333333333504e-01
3.733333333333333504e-01
3.733333333333333504e-01
3.733333333333333504e-01
3.733333333333333504e-01
3.733333333333333504e-01
3.733333333333333504e-01
3.733333333333333504e-01
3.733333333333333504e-01
3.733333333333333504e-01
3.733333333333333504e-01
3.733333333333333504e-01
3.733333333333333504e-01
3.733333333333333504e-01
3.733333333333333504e-01
3.733333333333333504e-01
3.733333333333333504e-01
3.733333333333333504e-01
3.733333333333333504e-01
3.733333333333333504e-01
3.733333333333333504e-01
3.733333333333333504e-01
3.733333333333333504e-01
3.733333333333333504e-01
3.733333333333333504e-01
3.733333333333333504e-01
3.733333333333333504e-01
3.733333333333333504e-01
3.733333333333333504e-01
3.733333333333333504e-01
3.733333333333333504e-01
3.733333333333333504e-01
3.733333333333333504e-01
3.733333333333333504e-01
3.733333333333333504e-01
3.733333333333333504e-01
3.733333333333333504e-01
3.733333333333333504e-01
3.733333333333333504e-01
3.733333333333333504e-01
3.733333333333333504e-01
3.733333333333333504e-01
3.733333333333333504e-01
3.733333333333333504e-01
3.733333333333333504e-01
3.733333333333333504e-01
3.733333333333333504e-01
3.733333333333333504e-01
3.733333333333333504e-01
3.733333333333333504e-01
3.733333333333333504e-01
3.733333333333333504e-01
3.733333333333333504e-01
3.733333333333333504e-01
3.733333333333333504e-01
3.733333333333333504e-01
3.733333333333333504e-01
3.733333333333333504e-01
3.733333333333333504e-01
3.733333333333333504e-01
3.733333333333333504e-01
3.733333333333333504e-01
3.733333333333333504e-01
3.733333333333333504e-01
3.733333333333333504e-01
3.733333333333333504e-01
3.733333333333333504e-01
3.733333333333333504e-01
3.733333333333333504e-01
3.733333333333333504e-01
3.733333333333333504e-01
3.733333333333333504e-01
3.733333333333333504e-01
3.733333333333333504e-01
3.733333333333333504e-01
3.733333333333333504e-01
3.733333333333333504e-01
3.733333333333333504e-01
3.733333333333333504e-01
3.733333333333333504e-01
3.733333333333333504e-01
3.733333333333333504e-01
3.733333333333333504e-01
3.733333333333333504e-01
3.733333333333333504e-01
3.733333333333333504e-01
3.733333333333333504e-01
3.733333333333333504e-01
3.733333333333333504e-01
3.733333333333333504e-01
3.733333333333333504e-01
3.733333333333333504e-01
3.733333333333333504e-01
3.733333333333333504e-01
3.733333333333333504e-01
3.733333333333333504e-01
3.733333333333333504e-01
3.733333333333333504e-01
3.733333333333333504e-01
3.733333333333333504e-01
3.733333333333333504e-01
3.733333333333333504e-01
3.733333333333333504e-01
3.733333333333333504e-01
3.733333333333333504e-01
3.733333333333333504e-01
3.733333333333333504e-01
3.733333333333333504e-01
3.733333333333333504e-01
3.733333333333333504e-01
3.733333333333333504e-01
3.733333333333333504e-01
3.733333333333333504e-01
3.733333333333333504e-01
3.733333333333333504e-01
3.733333333333333504e-01
3.733333333333333504e-01
3.733333333333333504e-01
3.733333333333333504e-01
3.733333333333333504e-01
3.733333333333333504e-01
3.733333333333333504e-01
3.733333333333333504e-01
3.733333333333333504e-01
3.733333333333333504e-01
3.733333333333333504e-01
3.733333333333333504e-01
3.733333333333333504e-01
3.733333333333333504e-01
3.733333333333333504e-01
3.733333333333333504e-01
3.733333333333333504e-01
3.733333333333333504e-01
3.733333333333333504e-01
3.733333333333333504e-01
3.733333333333333504e-01
3.733333333333333504e-01
3.733333333333333504e-01
3.733333333333333504e-01
3.733333333333333504e-01
3.733333333333333504e-01
3.733333333333333504e-01
3.733333333333333504e-01
3.733333333333333504e-01
3.733333333333333504e-01
3.733333333333333504e-01
3.733333333333333504e-01
3.733333333333333504e-01
3.733333333333333504e-01
3.733333333333333504e-01
3.733333333333333504e-01
3.733333333333333504e-01
3.733333333333333504e-01
3.733333333333332948e-01
3.733333333333331838e-01
3.733333333333330173e-01
3.733333333333326287e-01
3.733333333333316295e-01
3.733333333333291315e-01
3.733333333333230808e-01
3.733333333333083148e-01
3.733333333332721771e-01
3.733333333331830817e-01
3.733333333329621473e-01
3.733333333324108660e-01
3.733333333310279722e-01
3.733333333275392074e-01
3.733333333186877323e-01
3.733333332961032980e-01
3.733333332381521541e-01
3.733333330886077772e-01
3.733333327005158853e-01
3.733333316876428776e-01
3.733333290291724338e-01
3.733333220119495199e-01
3.733333033844133397e-01
3.733332536562490866e-01
3.733331201485237116e-01
3.733327596800708470e-01
3.733317809012359212e-01
3.733291081608621775e-01
3.733217684436763717e-01
3.733014991175063746e-01
3.732452131148289443e-01
3.730880826392994343e-01
3.726473948635937172e-01
3.714080385879963697e-01
3.679314849773245855e-01
3.583475305578598391e-01
3.333937224396498755e-01
2.775435783361111519e-01
1.866666666666397245e-01
9.538519888352911535e-02
3.913522108266780791e-02
1.426642322702481938e-02
4.938089990596501201e-03
1.671198040368630138e-03
5.590999412578534196e-04
1.856169605094496388e-04
6.123293183002205162e-05
2.008098133337405275e-05
6.547598263840254088e-06
2.122745201855107694e-06
6.842890394547068768e-07
2.193357955049006932e-07
6.990502967154079890e-08
2.215320484409971725e-08
6.980620226158056065e-09
2.187161205892728901e-09
6.813918270069914469e-10
2.110777187342250254e-10
6.501554539872490689e-11
1.991229763581839122e-11
6.063939884427746640e-12
1.836190542474758697e-12
5.528533583303294843e-13
1.655127691961136923e-13
4.926998212560790289e-14
1.458352973443838684e-14
4.292123850320980515e-15
1.256062314710239477e-15
3.654933447959132411e-16
1.057492042159680208e-16
3.042314374259318556e-17
8.702828350021439963e-18
2.475404027387783754e-18
7.001016730677421492e-19
1.968817607905028790e-19
5.505277322646324527e-20
1.530672445034781337e-20
4.231698078550410014e-21
1.163259026846940412e-21
3.179563737969654110e-22
8.641477157461676120e-23
2.335273677888322157e-23
6.275046219937429335e-24
1.676584399768899027e-24
4.454133807043869247e-25
1.176604338050178936e-25
3.090487404280228603e-26
8.071474099279922774e-27
2.096081109589379151e-27
5.412434547807982940e-28
1.389653667503000973e-28
3.547724158125243670e-29
9.005803352358383871e-30
2.273130770538800333e-30
5.705001055588918853e-31
1.423693113318207220e-31
3.532696974489535561e-32
8.716170869399125842e-33
2.138328535009483091e-33
5.216178856405635141e-34
1.265201984099365079e-34
3.051382148547599753e-35
7.317499222362399593e-36
1.744850071955355477e-36
4.136974970972615676e-37
9.752972912489401058e-38
2.286233002353986045e-38
5.328847699844100785e-39
1.235024217206438193e-39
2.846079230768112352e-40
6.521505207850739317e-41
1.485860548397281745e-41
3.366182090406913906e-42
7.582745940872640327e-43
1.698418659060582627e-43
3.782616795007216989e-44
8.376629126577215141e-45
1.844486902014758591e-45
4.038417456675910836e-46
8.791767456936524772e-47
1.903139053357319044e-47
4.096323029458486205e-48
8.766923558582211925e-49
1.865647495785894534e-49
3.947674225764491493e-50
8.305817221222800626e-51
1.737611892405751342e-51
3.614535859967529922e-52
7.476212588535818592e-53
1.537588398817577509e-53
3.144328353361234332e-54
6.393593742451116924e-55
1.292681487667067412e-55
2.598767150949923968e-56
5.194844530250960319e-57
1.032540482022534532e-57
2.040661484726884844e-58
4.010183028470740739e-59
7.835861814045113483e-60
1.522434754002890339e-60
2.941168846783800914e-61
5.649767447017671341e-62
1.079121967933967019e-62
2.049461867974385975e-63
3.870245353281356730e-64
7.267189757211131564e-65
1.356825040240595398e-65
2.518897795572192849e-66
4.649717737426793662e-67
8.534380074143442821e-68
1.557566928421723790e-68
2.826511791192673877e-69
5.100165071776205688e-70
9.150546046967522872e-71
1.632447171961848078e-71
2.895746951874993088e-72
5.107535887376283192e-73
8.957598505179220425e-74
1.562072207899501222e-74
2.708569385340544043e-75
4.669906358381027090e-76
8.005818238717548644e-77
1.364685654994993076e-77
2.313070522471530737e-78
3.898292914842682100e-79
6.532650292592784619e-80
1.088513196355582946e-80
1.803463403378748677e-81
2.971052432349175219e-82
4.866790430753873583e-83
7.926917197234644651e-84
1.283794009543968487e-84
2.067358123587604279e-85
3.310285349979288902e-86
5.270411146949574447e-87
8.343589079005324094e-88
1.313380805245243316e-88
2.055690693417035618e-89
3.199294515705356396e-90
4.950852871918541191e-91
7.617898221073484981e-92
1.165519807629806239e-92
1.773101095782605638e-93
2.682110613614393659e-94
4.034123766751080558e-95
6.033246903212033558e-96
8.971856652135666964e-97
1.326608880962512250e-97
1.950441017947578284e-98
2.851360242826479801e-99
4.144772568753947957e-100
5.990715110370594477e-101
8.609659502586863047e-102
1.230332884926096777e-102
1.748190014066539377e-103
2.469926245916233438e-104
3.469833869432830556e-105
4.846885113617485879e-106
6.732031143839165250e-107
9.297343016759007169e-108
1.276735513373795643e-108
1.743300964238701778e-109
2.366863154289299676e-110
3.195238455414986086e-111
4.289066174027767576e-112
5.724684624623344634e-113
7.597482921982899261e-114
1.002575865370096781e-114
1.315509855338507908e-115
1.716328101187590761e-116
2.226567508616358693e-117
2.872108011168516389e-118
3.683791287184671124e-119
4.698060566579300643e-120
5.957602913617609176e-121
7.511969952103606311e-122
9.418147285862955014e-123
1.174103710718226908e-123
1.455381299640178555e-124
1.793810108236582068e-125
2.198393799928961714e-126
2.678945392676262022e-127
3.246022894137554923e-128
3.910827343533740711e-129
4.685058891633444592e-130
5.580727445166695635e-131
6.609915658331179153e-132
7.784493676641496344e-133
9.115787010298985190e-134
1.061420119364653199e-134
1.228880940554946529e-135
1.414691188664205181e-136
1.619357867173767415e-137
1.843118971569905863e-138
2.085898876899651534e-139
2.347266918733982224e-140
2.626401107272748153e-141
2.922058958819878853e-142
3.232557383886691422e-143
3.555763427648046854e-144
3.889097412204482074e-145
4.229549682376783037e-146
4.573711715180702980e-147
4.917821831554387602e-148
5.257825167388779248e-149
5.589446944810530539e-150
5.908277463674827808e-151
6.209866639672374693e-152
6.489825382480013818e-153
6.743930666935094815e-154
6.968230830810991163e-155
7.159147457554057489e-156
7.313570187364896983e-157
7.428940952683910265e-158
7.503324452698564261e-159
7.535462154527098302e-160
7.524807715629355239e-161
7.471542434311012539e-162
7.376570117757705732e-163
7.241491570596451879e-164
7.068559710208104145e-165
6.860617067376739306e-166
6.621018094708040129e-167
6.353539248709595569e-168
6.062280209603801241e-169
5.751559839841223968e-170
5.425810551169129620e-171
5.089474653975198286e-172
4.746906013150741377e-173
4.402279951879687681e-174
4.059513854411029948e-175
3.722200351689535193e-176
3.393554362345005115e-177
3.076374639081599889e-178
2.773019868137163948e-179
2.485398814902798854e-180
2.214973524895044209e-181
1.962774193032056123e-182
1.729424016351583389e-183
1.515172150346813418e-184
1.319932795442426360e-185
1.143328441043898165e-186
9.847353790765539833e-188
8.433297528309756785e-189
7.181326142419085388e-190
6.080527066091778787e-191
5.119259537702074554e-192
4.285509055835853966e-193
3.567196499533646696e-194
2.952439425978721008e-195
2.429765191012898250e-196
1.988277339616830167e-197
1.617778154583054439e-198
1.308851326365956705e-199
1.052909429591972051e-200
8.422112916623128940e-202
6.698544569918403191e-203
5.297478342901678090e-204
4.165693142910758492e-205
3.257127113800879371e-206
2.532278613850684404e-207
1.957571409738233213e-208
1.504710968717037123e-209
1.150053137247133517e-210
8.740012911293161813e-212
6.604433753812928092e-213
4.962362078686391877e-214
3.707410344649780083e-215
2.754115899144857592e-216
2.034338012997511421e-217
1.494147123691448784e-218
1.091171360987876295e-219
7.923588293187665884e-221
5.721108594678390897e-222
4.107407842619256859e-223
2.932140735961851776e-224
2.081283025065566060e-225
1.468949344024612617e-226
1.030888854025810450e-227
7.193598844174070081e-229
4.991257017068128851e-230
3.443523086960266921e-231
2.362247571917918216e-232
1.611302832108483799e-233
1.092844262536982382e-234
7.370021072727586882e-236
4.942065870676484969e-237
3.295168873587537492e-238
2.184621334199964355e-239
1.440137672914583960e-240
9.439765355303875404e-242
6.152444913611370243e-243
3.987159558090252191e-244
2.569264665863556839e-245
1.646203117640145696e-246
1.048787113158362217e-247
6.643862133731392897e-249
4.184882110614219078e-250
2.621049311438191933e-251
1.632286925625298514e-252
1.010757934568100830e-253
6.223392089554885017e-255
3.810101231254396949e-256
2.319397649959878754e-257
1.403922899347869223e-258
8.449687546825005277e-260
5.056702327821092748e-261
3.009008916972987797e-262
1.780364424641665714e-263
1.047426813529535123e-264
6.127281231527237186e-266
3.564029481511410090e-267
2.061313789197082340e-268
1.185430988733799355e-269
6.778565401828027675e-271
3.854150347143107671e-272
2.178958006824361814e-273
1.224893742267314574e-274
6.846637244667641304e-276
3.805270791221716586e-277
2.102921996585992740e-278
1.155553632004620889e-279
6.313735687781279959e-281
3.430141485853950097e-282
1.852964155058856007e-283
9.952939154276769228e-285
5.315755864615043075e-286
2.822981628576176383e-287
1.490666266777340051e-288
7.826762263520842027e-290
4.086139677114304268e-291
2.121160937651119927e-292
1.094872078089700481e-293
5.619303471502447711e-295
2.867681670061919452e-296
1.455153274088106149e-297
7.342025493949274466e-299
3.683429674222131384e-300
1.837461396911701664e-301
9.114092081155755444e-303
4.495085400882816330e-304
2.204407242971892448e-305
1.074917314313997480e-306
5.211798714053701341e-308
2.512635881267928938e-309
0.000000000000000000e+00
0.000000000000000000e+00
0.000000000000000000e+00
0.000000000000000000e+00
0.000000000000000000e+00
0.000000000000000000e+00
0.000000000000000000e+00
0.000000000000000000e+00
0.000000000000000000e+00
0.000000000000000000e+00
0.000000000000000000e+00
0.000000000000000000e+00
0.000000000000000000e+00
0.000000000000000000e+00
0.000000000000000000e+00
0.000000000000000000e+00
0.000000000000000000e+00
0.000000000000000000e+00
0.000000000000000000e+00
0.000000000000000000e+00
0.000000000000000000e+00
0.000000000000000000e+00
0.000000000000000000e+00
0.000000000000000000e+00
0.000000000000000000e+00
0.000000000000000000e+00
0.000000000000000000e+00
0.000000000000000000e+00
0.000000000000000000e+00
0.000000000000000000e+00
0.000000000000000000e+00
0.000000000000000000e+00
0.000000000000000000e+00
0.000000000000000000e+00
0.000000000000000000e+00
0.000000000000000000e+00
0.000000000000000000e+00
0.000000000000000000e+00
0.000000000000000000e+00
0.000000000000000000e+00
0.000000000000000000e+00
0.000000000000000000e+00
0.000000000000000000e+00
0.000000000000000000e+00
0.000000000000000000e+00
0.000000000000000000e+00
0.000000000000000000e+00
0.000000000000000000e+00
0.000000000000000000e+00
0.000000000000000000e+00
0.000000000000000000e+00
0.000000000000000000e+00
0.000000000000000000e+00
0.000000000000000000e+00
0.000000000000000000e+00
0.000000000000000000e+00
0.000000000000000000e+00
0.000000000000000000e+00
0.000000000000000000e+00
0.000000000000000000e+00
0.000000000000000000e+00
0.000000000000000000e+00
0.000000000000000000e+00
0.000000000000000000e+00
0.000000000000000000e+00
0.000000000000000000e+00
0.000000000000000000e+00
0.000000000000000000e+00
0.000000000000000000e+00
0.000000000000000000e+00
0.000000000000000000e+00
0.000000000000000000e+00
0.000000000000000000e+00
0.000000000000000000e+00
0.000000000000000000e+00
0.000000000000000000e+00
0.000000000000000000e+00
0.000000000000000000e+00
0.000000000000000000e+00
0.000000000000000000e+00
0.000000000000000000e+00
0.000000000000000000e+00
0.000000000000000000e+00
0.000000000000000000e+00
0.000000000000000000e+00
0.000000000000000000e+00
0.000000000000000000e+00
0.000000000000000000e+00
0.000000000000000000e+00
0.000000000000000000e+00
0.000000000000000000e+00
0.000000000000000000e+00
0.000000000000000000e+00
0.000000000000000000e+00
0.000000000000000000e+00
0.000000000000000000e+00
0.000000000000000000e+00
0.000000000000000000e+00
0.000000000000000000e+00
0.000000000000000000e+00
0.000000000000000000e+00
0.000000000000000000e+00
0.000000000000000000e+00
0.000000000000000000e+00
0.000000000000000000e+00
0.000000000000000000e+00
0.000000000000000000e+00
0.000000000000000000e+00
0.000000000000000000e+00
0.000000000000000000e+00
0.000000000000000000e+00
0.000000000000000000e+00
0.000000000000000000e+00
0.000000000000000000e+00
0.000000000000000000e+00
0.000000000000000000e+00
0.000000000000000000e+00
0.000000000000000000e+00
0.000000000000000000e+00
0.000000000000000000e+00
0.000000000000000000e+00
0.000000000000000000e+00
0.000000000000000000e+00
0.000000000000000000e+00
0.000000000000000000e+00
0.000000000000000000e+00
0.000000000000000000e+00
0.000000000000000000e+00
0.000000000000000000e+00
0.000000000000000000e+00
0.000000000000000000e+00
0.000000000000000000e+00
0.000000000000000000e+00
0.000000000000000000e+00
0.000000000000000000e+00
0.000000000000000000e+00
0.000000000000000000e+00
0.000000000000000000e+00
0.000000000000000000e+00
0.000000000000000000e+00
0.000000000000000000e+00
0.000000000000000000e+00
0.000000000000000000e+00
0.000000000000000000e+00
0.000000000000000000e+00
0.000000000000000000e+00
0.000000000000000000e+00
0.000000000000000000e+00
0.000000000000000000e+00
0.000000000000000000e+00
0.000000000000000000e+00
0.000000000000000000e+00
0.000000000000000000e+00
0.000000000000000000e+00
0.000000000000000000e+00
0.000000000000000000e+00
0.000000000000000000e+00
0.000000000000000000e+00
0.000000000000000000e+00
0.000000000000000000e+00
0.000000000000000000e+00
0.000000000000000000e+00
0.000000000000000000e+00
0.000000000000000000e+00
0.000000000000000000e+00
0.000000000000000000e+00
0.000000000000000000e+00
0.000000000000000000e+00
0.000000000000000000e+00
0.000000000000000000e+00
0.000000000000000000e+00
0.000000000000000000e+00
0.000000000000000000e+00
0.000000000000000000e+00
0.000000000000000000e+00
0.000000000000000000e+00
0.000000000000000000e+00
0.000000000000000000e+00
0.000000000000000000e+00
0.000000000000000000e+00
0.000000000000000000e+00
0.000000000000000000e+00
0.000000000000000000e+00
0.000000000000000000e+00
0.000000000000000000e+00
0.000000000000000000e+00
0.000000000000000000e+00
0.000000000000000000e+00
0.000000000000000000e+00
0.000000000000000000e+00
0.000000000000000000e+00
0.000000000000000000e+00
0.000000000000000000e+00
0.000000000000000000e+00
0.000000000000000000e+00
0.000000000000000000e+00
0.000000000000000000e+00
0.000000000000000000e+00
0.000000000000000000e+00
0.000000000000000000e+00
0.000000000000000000e+00
0.000000000000000000e+00
0.000000000000000000e+00
0.000000000000000000e+00
0.000000000000000000e+00
0.000000000000000000e+00
0.000000000000000000e+00
0.000000000000000000e+00
0.000000000000000000e+00
0.000000000000000000e+00
0.000000000000000000e+00
0.000000000000000000e+00
0.000000000000000000e+00
0.000000000000000000e+00
0.000000000000000000e+00
0.000000000000000000e+00
0.000000000000000000e+00
0.000000000000000000e+00
0.000000000000000000e+00
0.000000000000000000e+00
0.000000000000000000e+00
0.000000000000000000e+00
0.000000000000000000e+00
0.000000000000000000e+00
0.000000000000000000e+00
0.000000000000000000e+00
0.000000000000000000e+00
0.000000000000000000e+00
0.000000000000000000e+00
0.000000000000000000e+00
0.000000000000000000e+00
0.000000000000000000e+00
0.000000000000000000e+00
0.000000000000000000e+00
0.000000000000000000e+00
0.000000000000000000e+00
0.000000000000000000e+00
0.000000000000000000e+00
0.000000000000000000e+00
0.000000000000000000e+00
0.000000000000000000e+00
0.000000000000000000e+00
0.000000000000000000e+00
0.000000000000000000e+00
0.000000000000000000e+00
0.000000000000000000e+00
0.000000000000000000e+00
0.000000000000000000e+00
0.000000000000000000e+00
0.000000000000000000e+00
0.000000000000000000e+00
0.000000000000000000e+00
0.000000000000000000e+00
0.000000000000000000e+00
0.000000000000000000e+00
0.000000000000000000e+00
0.000000000000000000e+00
0.000000000000000000e+00
0.000000000000000000e+00
0.000000000000000000e+00
0.000000000000000000e+00
0.000000000000000000e+00
0.000000000000000000e+00
0.000000000000000000e+00
0.000000000000000000e+00
0.000000000000000000e+00
0.000000000000000000e+00
0.000000000000000000e+00
0.000000000000000000e+00
0.000000000000000000e+00
0.000000000000000000e+00
0.000000000000000000e+00
0.000000000000000000e+00
0.000000000000000000e+00
0.000000000000000000e+00
0.000000000000000000e+00
0.000000000000000000e+00
0.000000000000000000e+00
0.000000000000000000e+00
0.000000000000000000e+00
0.000000000000000000e+00
0.000000000000000000e+00
0.000000000000000000e+00
0.000000000000000000e+00
0.000000000000000000e+00
0.000000000000000000e+00
0.000000000000000000e+00
0.000000000000000000e+00
0.000000000000000000e+00
0.000000000000000000e+00
0.000000000000000000e+00
0.000000000000000000e+00
0.000000000000000000e+00
0.000000000000000000e+00
0.000000000000000000e+00
0.000000000000000000e+00
0.000000000000000000e+00
0.000000000000000000e+00
0.000000000000000000e+00
0.000000000000000000e+00
0.000000000000000000e+00
0.000000000000000000e+00
0.000000000000000000e+00
0.000000000000000000e+00
0.000000000000000000e+00
0.000000000000000000e+00
0.000000000000000000e+00
0.000000000000000000e+00
0.000000000000000000e+00
0.000000000000000000e+00
0.000000000000000000e+00
0.000000000000000000e+00
0.000000000000000000e+00
0.000000000000000000e+00
0.000000000000000000e+00
0.000000000000000000e+00
0.000000000000000000e+00
0.000000000000000000e+00
0.000000000000000000e+00
0.000000000000000000e+00
0.000000000000000000e+00
0.000000000000000000e+00
0.000000000000000000e+00
0.000000000000000000e+00
0.000000000000000000e+00
0.000000000000000000e+00
0.000000000000000000e+00
0.000000000000000000e+00
0.000000000000000000e+00
0.000000000000000000e+00
0.000000000000000000e+00
0.000000000000000000e+00
0.000000000000000000e+00
0.000000000000000000e+00
0.000000000000000000e+00
0.000000000000000000e+00
0.000000000000000000e+00
0.000000000000000000e+00
0.000000000000000000e+00
0.000000000000000000e+00
0.000000000000000000e+00
0.000000000000000000e+00
0.000000000000000000e+00
0.000000000000000000e+00
0.000000000000000000e+00
0.000000000000000000e+00
0.000000000000000000e+00
0.000000000000000000e+00
0.000000000000000000e+00
0.000000000000000000e+00
0.000000000000000000e+00
0.000000000000000000e+00
0.000000000000000000e+00
0.000000000000000000e+00
0.000000000000000000e+00
0.000000000000000000e+00
0.000000000000000000e+00
0.000000000000000000e+00
0.000000000000000000e+00
0.000000000000000000e+00
0.000000000000000000e+00
0.000000000000000000e+00
0.000000000000000000e+00
0.000000000000000000e+00
0.000000000000000000e+00
0.000000000000000000e+00
0.000000000000000000e+00
0.000000000000000000e+00
0.000000000000000000e+00
0.000000000000000000e+00
0.000000000000000000e+00
0.000000000000000000e+00
0.000000000000000000e+00
0.000000000000000000e+00
0.000000000000000000e+00
0.000000000000000000e+00
0.000000000000000000e+00
0.000000000000000000e+00
0.000000000000000000e+00
0.000000000000000000e+00
0.000000000000000000e+00
0.000000000000000000e+00
0.000000000000000000e+00
0.000000000000000000e+00
0.000000000000000000e+00
0.000000000000000000e+00
0.000000000000000000e+00
0.000000000000000000e+00
0.000000000000000000e+00
0.000000000000000000e+00
0.000000000000000000e+00
0.000000000000000000e+00
0.000000000000000000e+00
0.000000000000000000e+00
0.000000000000000000e+00
0.000000000000000000e+00
0.000000000000000000e+00
0.000000000000000000e+00
0.000000000000000000e+00
0.000000000000000000e+00
0.000000000000000000e+00
0.000000000000000000e+00
0.000000000000000000e+00
0.000000000000000000e+00
0.000000000000000000e+00
0.000000000000000000e+00
0.000000000000000000e+00
0.000000000000000000e+00
0.000000000000000000e+00
0.000000000000000000e+00
0.000000000000000000e+00
0.000000000000000000e+00
0.000000000000000000e+00
0.000000000000000000e+00
0.000000000000000000e+00
0.000000000000000000e+00
0.000000000000000000e+00
0.000000000000000000e+00
0.000000000000000000e+00
0.000000000000000000e+00
0.000000000000000000e+00
0.000000000000000000e+00
0.000000000000000000e+00
0.000000000000000000e+00
0.000000000000000000e+00
0.000000000000000000e+00
0.000000000000000000e+00
0.000000000000000000e+00
0.000000000000000000e+00
0.000000000000000000e+00
0.000000000000000000e+00
0.000000000000000000e+00
0.000000000000000000e+00
0.000000000000000000e+00
0.000000000000000000e+00
0.000000000000000000e+00
0.000000000000000000e+00
0.000000000000000000e+00
0.000000000000000000e+00
0.000000000000000000e+00
0.000000000000000000e+00
0.000000000000000000e+00
0.000000000000000000e+00
0.000000000000000000e+00
0.000000000000000000e+00
0.000000000000000000e+00
0.000000000000000000e+00
0.000000000000000000e+00
0.000000000000000000e+00
0.000000000000000000e+00
0.000000000000000000e+00
0.000000000000000000e+00
0.000000000000000000e+00
0.000000000000000000e+00
0.000000000000000000e+00
0.000000000000000000e+00
0.000000000000000000e+00
0.000000000000000000e+00
0.000000000000000000e+00
0.000000000000000000e+00
0.000000000000000000e+00
0.000000000000000000e+00
0.000000000000000000e+00
0.000000000000000000e+00
0.000000000000000000e+00
0.000000000000000000e+00
0.000000000000000000e+00
0.000000000000000000e+00
0.000000000000000000e+00
0.000000000000000000e+00
0.000000000000000000e+00
0.000000000000000000e+00
0.000000000000000000e+00
0.000000000000000000e+00
0.000000000000000000e+00
0.000000000000000000e+00
0.000000000000000000e+00
0.000000000000000000e+00
0.000000000000000000e+00
0.000000000000000000e+00
0.000000000000000000e+00
0.000000000000000000e+00
0.000000000000000000e+00
0.000000000000000000e+00
0.000000000000000000e+00
0.000000000000000000e+00
0.000000000000000000e+00
0.000000000000000000e+00
0.000000000000000000e+00
0.000000000000000000e+00
0.000000000000000000e+00
0.000000000000000000e+00
0.000000000000000000e+00
0.000000000000000000e+00
0.000000000000000000e+00
0.000000000000000000e+00
0.000000000000000000e+00
0.000000000000000000e+00
0.000000000000000000e+00
0.000000000000000000e+00
0.000000000000000000e+00
0.000000000000000000e+00
0.000000000000000000e+00
0.000000000000000000e+00
0.000000000000000000e+00
0.000000000000000000e+00
0.000000000000000000e+00
0.000000000000000000e+00
0.000000000000000000e+00
0.000000000000000000e+00
0.000000000000000000e+00
0.000000000000000000e+00
0.000000000000000000e+00
0.000000000000000000e+00
0.000000000000000000e+00
0.000000000000000000e+00
0.000000000000000000e+00
0.000000000000000000e+00
0.000000000000000000e+00
0.000000000000000000e+00
0.000000000000000000e+00
0.000000000000000000e+00
0.000000000000000000e+00
0.000000000000000000e+00
0.000000000000000000e+00
0.000000000000000000e+00
0.000000000000000000e+00
0.000000000000000000e+00
0.000000000000000000e+00
0.000000000000000000e+00
0.000000000000000000e+00
0.000000000000000000e+00
0.000000000000000000e+00
0.000000000000000000e+00
0.000000000000000000e+00
0.000000000000000000e+00
0.000000000000000000e+00
0.000000000000000000e+00
0.000000000000000000e+00
0.000000000000000000e+00
0.000000000000000000e+00
0.000000000000000000e+00
0.000000000000000000e+00
0.000000000000000000e+00
0.000000000000000000e+00
0.000000000000000000e+00
0.000000000000000000e+00
0.000000000000000000e+00
0.000000000000000000e+00
0.000000000000000000e+00
0.000000000000000000e+00
0.000000000000000000e+00
0.000000000000000000e+00
0.000000000000000000e+00
0.000000000000000000e+00
0.000000000000000000e+00
0.000000000000000000e+00
0.000000000000000000e+00
0.000000000000000000e+00
0.000000000000000000e+00
0.000000000000000000e+00
0.000000000000000000e+00
0.000000000000000000e+00
0.000000000000000000e+00
0.000000000000000000e+00
0.000000000000000000e+00
0.000000000000000000e+00
0.000000000000000000e+00
0.000000000000000000e+00
0.000000000000000000e+00
0.000000000000000000e+00
0.000000000000000000e+00
0.000000000000000000e+00
0.000000000000000000e+00
0.000000000000000000e+00
0.000000000000000000e+00
0.000000000000000000e+00
0.000000000000000000e+00
0.000000000000000000e+00
0.000000000000000000e+00
0.000000000000000000e+00
0.000000000000000000e+00
0.000000000000000000e+00
0.000000000000000000e+00
0.000000000000000000e+00
0.000000000000000000e+00
0.000000000000000000e+00
0.000000000000000000e+00
0.000000000000000000e+00
0.000000000000000000e+00
0.000000000000000000e+00
0.000000000000000000e+00
0.000000000000000000e+00
0.000000000000000000e+00
0.000000000000000000e+00
0.000000000000000000e+00
0.000000000000000000e+00
0.000000000000000000e+00
0.000000000000000000e+00
0.000000000000000000e+00
0.000000000000000000e+00
0.000000000000000000e+00
0.000000000000000000e+00
0.000000000000000000e+00
0.000000000000000000e+00
0.000000000000000000e+00
0.000000000000000000e+00
0.000000000000000000e+00
0.000000000000000000e+00
0.000000000000000000e+00
0.000000000000000000e+00
0.000000000000000000e+00
0.000000000000000000e+00
0.000000000000000000e+00
0.000000000000000000e+00
0.000000000000000000e+00
0.000000000000000000e+00
0.000000000000000000e+00
0.000000000000000000e+00
0.000000000000000000e+00
0.000000000000000000e+00
0.000000000000000000e+00
0.000000000000000000e+00
0.000000000000000000e+00
0.000000000000000000e+00
0.000000000000000000e+00
0.000000000000000000e+00
0.000000000000000000e+00
0.000000000000000000e+00
0.000000000000000000e+00
0.000000000000000000e+00
0.000000000000000000e+00
0.000000000000000000e+00
0.000000000000000000e+00
0.000000000000000000e+00
0.000000000000000000e+00
0.000000000000000000e+00
0.000000000000000000e+00
0.000000000000000000e+00
0.000000000000000000e+00
0.000000000000000000e+00
0.000000000000000000e+00
0.000000000000000000e+00
0.000000000000000000e+00
0.000000000000000000e+00
0.000000000000000000e+00
0.000000000000000000e+00
0.000000000000000000e+00
0.000000000000000000e+00
0.000000000000000000e+00
0.000000000000000000e+00
0.000000000000000000e+00
0.000000000000000000e+00
0.000000000000000000e+00
0.000000000000000000e+00
0.000000000000000000e+00
0.000000000000000000e+00
0.000000000000000000e+00
0.000000000000000000e+00
0.000000000000000000e+00
0.000000000000000000e+00
0.000000000000000000e+00
0.000000000000000000e+00
0.000000000000000000e+00
0.000000000000000000e+00
0.000000000000000000e+00
0.000000000000000000e+00
0.000000000000000000e+00
0.000000000000000000e+00
0.000000000000000000e+00
0.000000000000000000e+00
0.000000000000000000e+00
0.000000000000000000e+00
0.000000000000000000e+00
0.000000000000000000e+00
0.000000000000000000e+00
0.000000000000000000e+00
0.000000000000000000e+00
0.000000000000000000e+00
0.000000000000000000e+00
0.000000000000000000e+00
0.000000000000000000e+00
0.000000000000000000e+00
0.000000000000000000e+00
0.000000000000000000e+00
0.000000000000000000e+00
0.000000000000000000e+00
0.000000000000000000e+00
0.000000000000000000e+00
0.000000000000000000e+00
0.000000000000000000e+00
0.000000000000000000e+00
0.000000000000000000e+00
0.000000000000000000e+00
0.000000000000000000e+00
0.000000000000000000e+00
0.000000000000000000e+00
0.000000000000000000e+00
0.000000000000000000e+00
0.000000000000000000e+00
0.000000000000000000e+00
0.000000000000000000e+00
0.000000000000000000e+00
0.000000000000000000e+00
0.000000000000000000e+00
0.000000000000000000e+00
0.000000000000000000e+00
0.000000000000000000e+00
0.000000000000000000e+00
0.000000000000000000e+00
0.000000000000000000e+00
0.000000000000000000e+00
0.000000000000000000e+00
0.000000000000000000e+00
0.000000000000000000e+00
0.000000000000000000e+00
0.000000000000000000e+00
0.000000000000000000e+00
0.000000000000000000e+00
0.000000000000000000e+00
0.000000000000000000e+00
0.000000000000000000e+00
0.000000000000000000e+00
0.000000000000000000e+00
0.000000000000000000e+00
0.000000000000000000e+00
0.000000000000000000e+00
0.000000000000000000e+00
0.000000000000000000e+00
0.000000000000000000e+00
0.000000000000000000e+00
0.000000000000000000e+00
0.000000000000000000e+00
0.000000000000000000e+00
0.000000000000000000e+00
0.000000000000000000e+00
0.000000000000000000e+00
0.000000000000000000e+00
0.000000000000000000e+00
0.000000000000000000e+00
0.000000000000000000e+00
0.000000000000000000e+00
0.000000000000000000e+00
0.000000000000000000e+00
0.000000000000000000e+00
0.000000000000000000e+00
0.000000000000000000e+00
0.000000000000000000e+00
0.000000000000000000e+00
0.000000000000000000e+00
0.000000000000000000e+00
0.000000000000000000e+00
0.000000000000000000e+00
0.000000000000000000e+00
0.000000000000000000e+00
0.000000000000000000e+00
0.000000000000000000e+00
0.000000000000000000e+00
0.000000000000000000e+00
0.000000000000000000e+00
0.000000000000000000e+00
0.000000000000000000e+00
0.000000000000000000e+00
0.000000000000000000e+00
0.000000000000000000e+00
0.000000000000000000e+00
0.000000000000000000e+00
0.000000000000000000e+00
0.000000000000000000e+00
0.000000000000000000e+00
0.000000000000000000e+00
0.000000000000000000e+00
0.000000000000000000e+00
0.000000000000000000e+00
0.000000000000000000e+00
0.000000000000000000e+00
0.000000000000000000e+00
0.000000000000000000e+00
0.000000000000000000e+00
0.000000000000000000e+00
0.000000000000000000e+00
0.000000000000000000e+00
0.000000000000000000e+00
0.000000000000000000e+00
0.000000000000000000e+00
0.000000000000000000e+00
0.000000000000000000e+00
0.000000000000000000e+00
0.000000000000000000e+00
0.000000000000000000e+00
0.000000000000000000e+00
0.000000000000000000e+00
0.000000000000000000e+00
0.000000000000000000e+00
0.000000000000000000e+00
0.000000000000000000e+00
0.000000000000000000e+00
0.000000000000000000e+00
0.000000000000000000e+00
0.000000000000000000e+00
0.000000000000000000e+00
0.000000000000000000e+00
0.000000000000000000e+00
0.000000000000000000e+00
0.000000000000000000e+00
0.000000000000000000e+00
0.000000000000000000e+00
0.000000000000000000e+00
0.000000000000000000e+00
0.000000000000000000e+00
0.000000000000000000e+00
0.000000000000000000e+00
0.000000000000000000e+00
0.000000000000000000e+00
0.000000000000000000e+00
0.000000000000000000e+00
0.000000000000000000e+00
0.000000000000000000e+00
0.000000000000000000e+00
0.000000000000000000e+00
0.000000000000000000e+00
0.000000000000000000e+00
0.000000000000000000e+00
0.000000000000000000e+00
0.000000000000000000e+00
0.000000000000000000e+00
0.000000000000000000e+00
0.000000000000000000e+00
0.000000000000000000e+00
0.000000000000000000e+00
0.000000000000000000e+00
0.000000000000000000e+00
0.000000000000000000e+00
0.000000000000000000e+00
0.000000000000000000e+00
0.000000000000000000e+00
0.000000000000000000e+00
0.000000000000000000e+00
0.000000000000000000e+00
0.000000000000000000e+00
0.000000000000000000e+00
0.000000000000000000e+00
0.000000000000000000e+00
0.000000000000000000e+00
0.000000000000000000e+00
0.000000000000000000e+00
0.000000000000000000e+00
0.000000000000000000e+00
0.000000000000000000e+00
0.000000000000000000e+00
0.000000000000000000e+00
0.000000000000000000e+00
0.000000000000000000e+00
0.000000000000000000e+00
0.000000000000000000e+00
0.000000000000000000e+00
0.000000000000000000e+00
0.000000000000000000e+00
0.000000000000000000e+00
0.000000000000000000e+00
0.000000000000000000e+00
0.000000000000000000e+00
0.000000000000000000e+00
0.000000000000000000e+00
0.000000000000000000e+00
0.000000000000000000e+00
0.000000000000000000e+00
0.000000000000000000e+00
0.000000000000000000e+00
0.000000000000000000e+00
0.000000000000000000e+00
0.000000000000000000e+00
0.000000000000000000e+00
0.000000000000000000e+00
0.000000000000000000e+00
0.000000000000000000e+00
0.000000000000000000e+00
0.000000000000000000e+00
0.000000000000000000e+00
0.000000000000000000e+00
0.000000000000000000e+00
0.000000000000000000e+00
0.000000000000000000e+00
0.000000000000000000e+00
0.000000000000000000e+00
0.000000000000000000e+00
0.000000000000000000e+00
0.000000000000000000e+00
0.000000000000000000e+00
0.000000000000000000e+00
0.000000000000000000e+00
0.000000000000000000e+00
0.000000000000000000e+00
0.000000000000000000e+00
0.000000000000000000e+00
0.000000000000000000e+00
0.000000000000000000e+00
0.000000000000000000e+00
0.000000000000000000e+00
0.000000000000000000e+00
0.000000000000000000e+00
0.000000000000000000e+00
0.000000000000000000e+00
0.000000000000000000e+00
0.000000000000000000e+00
0.000000000000000000e+00
0.000000000000000000e+00
0.000000000000000000e+00
0.000000000000000000e+00
0.000000000000000000e+00
0.000000000000000000e+00
0.000000000000000000e+00
0.000000000000000000e+00
0.000000000000000000e+00
0.000000000000000000e+00
0.000000000000000000e+00
0.000000000000000000e+00
0.000000000000000000e+00
0.000000000000000000e+00
0.000000000000000000e+00
0.000000000000000000e+00
0.000000000000000000e+00
0.000000000000000000e+00
0.000000000000000000e+00
0.000000000000000000e+00
0.000000000000000000e+00
0.000000000000000000e+00
0.000000000000000000e+00
0.000000000000000000e+00
0.000000000000000000e+00
0.000000000000000000e+00
0.000000000000000000e+00
2.512635880728330202e-309
5.211798712933259270e-308
1.074917314082909776e-306
2.204407242498486176e-305
4.495085399917987559e-304
9.114092079198464293e-303
1.837461396517307610e-301
3.683429673431935960e-300
7.342025492375046424e-299
1.455153273776267324e-297
2.867681669447375890e-296
5.619303470299511072e-295
1.094872077855318571e-293
2.121160937197037980e-292
4.086139676240038928e-291
7.826762261848019396e-290
1.490666266458738070e-288
2.822981627972816788e-287
5.315755863480108654e-286
9.952939152152910601e-285
1.852964154663240870e-283
3.430141485121991794e-282
6.313735686434708547e-281
1.155553631758431314e-279
2.102921996137966853e-278
3.805270790411006936e-277
6.846637243211306753e-276
1.224893742006630568e-274
2.178958006360879571e-273
3.854150346324175085e-272
6.778565400387713269e-271
1.185430988482053058e-269
2.061313788759561559e-268
3.564029480754527667e-267
6.127281230228094826e-266
1.047426813307572459e-264
1.780364424264384673e-263
3.009008916336026089e-262
5.056702326751815645e-261
8.449687545038255655e-260
1.403922899050998914e-258
2.319397649469688475e-257
3.810101230450022022e-256
6.223392088241732109e-255
1.010757934355058004e-253
1.632286925281438206e-252
2.621049310886335311e-251
4.184882109733101201e-250
6.643862132334050182e-249
1.048787112938018848e-247
1.646203117294289986e-246
2.569264665324063363e-245
3.987159557253936737e-244
6.152444912320880295e-243
9.439765353326009375e-242
1.440137672613003284e-240
2.184621333742977247e-239
3.295168872898616524e-238
4.942065869643808620e-237
7.370021071187574209e-236
1.092844262308874072e-234
1.611302831772341325e-233
2.362247571425654282e-232
3.443523086243069346e-231
4.991257016028578269e-230
7.193598842678282145e-229
1.030888853811571613e-227
1.468949343719670265e-226
2.081283024633507607e-225
2.932140735353829096e-224
4.107407841767991899e-223
5.721108593493334909e-222
7.923588291547745044e-221
1.091171360762287954e-219
1.494147123382549656e-218
2.034338012577511887e-217
2.754115898576881925e-216
3.707410343885630019e-215
4.962362077663860644e-214
6.604433752453912236e-213
8.740012909495198912e-212
1.150053137010744859e-210
1.504710968408006567e-209
1.957571409336864205e-208
2.532278613331336579e-207
3.257127113133427376e-206
4.165693142058306969e-205
5.297478341818524804e-204
6.698544568549922703e-203
8.422112914903966899e-202
1.052909429377286581e-200
1.308851326099382917e-199
1.617778154253837549e-198
1.988277339212329865e-197
2.429765190518995137e-196
2.952439425379076045e-195
3.567196498809954368e-194
4.285509054967652884e-193
5.119259536665837467e-192
6.080527064861653750e-191
7.181326140967077385e-190
8.433297526607485873e-189
9.847353788780080978e-188
1.143328440813636097e-186
1.319932795176596799e-185
1.515172150042180271e-184
1.729424016003972153e-183
1.962774192638099663e-182
2.214973524450971381e-181
2.485398814404933213e-180
2.773019867582313575e-179
3.076374638466575993e-178
3.393554361667535694e-177
3.722200350947303681e-176
4.059513853602688977e-175
4.402279951003594622e-174
4.746906012207415765e-173
5.089474652963794213e-172
5.425810550092739074e-171
5.751559838701516764e-170
6.062280208404245977e-169
6.353539247452768701e-168
6.621018093400184149e-167
6.860617066023115032e-166
7.068559708814657632e-165
7.241491569170561290e-164
7.376570116307733836e-163
7.471542432842797249e-162
7.524807714152811561e-161
7.535462153050604216e-160
7.503324451230500700e-159
7.428940951231666635e-158
7.313570185936870999e-157
7.159147456157403952e-156
6.968230829453562604e-155
6.743930665623278628e-154
6.489825381219468146e-153
6.209866638467265928e-152
5.908277462529925938e-151
5.589446943728048114e-150
5.257825166372312540e-149
4.917821830605050119e-148
4.573711714298832337e-147
4.229549681562233533e-146
3.889097411456382566e-145
3.555763426964875088e-144
3.232557383266352672e-143
2.922058958259790240e-142
2.626401106769927214e-141
2.347266918285401253e-140
2.085898876501494726e-139
1.843118971218614733e-138
1.619357866865584719e-137
1.414691188395374982e-136
1.228880940321704887e-135
1.061420119163376639e-134
9.115787008573473060e-134
7.784493675170192068e-133
6.609915657083004222e-132
5.580727444114451813e-131
4.685058890751675944e-130
3.910827342798577721e-129
3.246022893527916585e-128
2.678945392174041329e-127
2.198393799517579384e-126
1.793810107901418832e-125
1.455381299368745290e-124
1.174103710499519565e-123
9.418147284109652498e-123
7.511969950707297374e-122
5.957602912512930658e-121
4.698060565708972084e-120
3.683791286503704655e-119
2.872108010638246789e-118
2.226567508205905978e-117
1.716328100871684995e-116
1.315509855096825225e-115
1.002575865186133649e-114
7.597482920590993111e-114
5.724684623576173668e-113
4.289066173244421358e-112
3.195238454832413204e-111
2.366863153858433348e-110
1.743300963921795461e-109
1.276735513142139199e-108
9.297343015074437250e-108
6.732031142621693753e-107
4.846885112742317864e-106
3.469833868807588586e-105
2.469926245471940572e-104
1.748190013752420993e-103
1.230332884705482613e-102
8.609659501045244209e-102
5.990715109299959906e-101
4.144772568014507943e-100
2.851360242318760678e-99
1.950441017600833219e-98
1.326608880727160693e-97
8.971856650546279499e-97
6.033246902145115231e-96
4.034123766038948084e-95
2.682110613141766504e-94
1.773101095470814400e-93
1.165519807425219614e-92
7.617898219738677930e-92
4.950852871052742761e-91
3.199294515146868159e-90
2.055690693058824458e-89
1.313380805016792897e-88
8.343589077556878904e-88
5.270411146036580229e-87
3.310285349406787234e-86
2.067358123230826480e-85
1.283794009322816885e-84
7.926917195871826038e-84
4.866790429918682272e-83
2.971052431840240716e-82
1.803463403070485804e-81
1.088513196169865527e-80
6.532650291480813076e-80
3.898292914180342799e-79
2.313070522079449016e-78
1.364685654764212373e-77
8.005818237366648963e-77
4.669906357594621613e-76
2.708569384885425915e-75
1.562072207637471485e-74
8.957598503680446699e-74
5.107535886523294820e-73
2.895746951392374376e-72
1.632447171690333317e-71
9.150546045449208937e-71
5.100165070931840879e-70
2.826511790725610239e-69
1.557566928164965059e-68
8.534380072739497141e-68
4.649717736663610350e-67
2.518897795159611282e-66
1.356825040018933668e-65
7.267189756026590806e-65
3.870245352651721343e-64
2.049461867641783105e-63
1.079121967759237250e-62
5.649767446104635738e-62
2.941168846309828293e-61
1.522434753758067811e-60
7.835861812788146095e-60
4.010183027828711663e-59
2.040661484400988287e-58
1.032540481858047035e-57
5.194844529425321231e-57
2.598767150537925434e-56
1.292681487462644875e-55
6.393593741442316448e-55
3.144328352866319012e-54
1.537588398576195818e-53
7.476212587364803665e-53
3.614535859402816639e-52
1.737611892134968314e-51
8.305817219931523294e-51
3.947674225152498829e-50
1.865647495497333346e-49
8.766923557229711873e-49
4.096323028828164037e-48
1.903139053065311588e-47
8.791767455591186656e-47
4.038417456059492391e-46
1.844486901733978320e-45
8.376629125304925891e-45
3.782616794434412329e-44
1.698418658804089452e-43
7.582745939730414136e-43
3.366182089901284376e-42
1.485860548174683727e-41
6.521505206876342109e-41
2.846079230344125393e-40
1.235024217022980237e-39
5.328847699054642045e-39
2.286233002016259777e-38
9.752972911052554072e-38
4.136974970364962619e-37
1.744850071699760324e-36
7.317499221293714670e-36
3.051382148103261707e-35
1.265201983915667671e-34
5.216178855650435850e-34
2.138328534700776629e-33
8.716170868144628444e-33
3.532696973982638832e-32
1.423693113114532867e-31
5.705001054775189214e-31
2.273130770215510618e-30
9.005803351081653834e-30
3.547724157623753702e-29
1.389653667307187786e-28
5.412434547047598484e-28
2.096081109295871829e-27
8.071474098153142849e-27
3.090487403850245052e-26
1.176604337886969811e-25
4.454133806428020410e-25
1.676584399537825857e-24
6.275046219075387165e-24
2.335273677568506290e-23
8.641477156282401380e-23
3.179563737537149301e-22
1.163259026689227250e-21
4.231698077978575834e-21
1.530672444828647249e-20
5.505277321907358448e-20
1.968817607641680500e-19
7.001016729744250656e-19
2.475404027058926209e-18
8.702828348869287040e-18
3.042314373857935035e-17
1.057492042020672440e-16
3.654933447480403789e-16
1.256062314546298601e-15
4.292123849762695764e-15
1.458352973254852223e-14
4.926998211924616252e-14
1.655127691748203296e-13
5.528533582594617546e-13
1.836190542240240877e-12
6.063939883656210888e-12
1.991229763329422373e-11
6.501554539051489374e-11
2.110777187076741046e-10
6.813918269215979734e-10
2.187161205619647630e-09
6.980620225289902715e-09
2.215320484135586320e-08
6.990502966291514476e-08
2.193357954779437638e-07
6.842890393709561765e-07
2.122745201596247226e-06
6.547598263045158660e-06
2.008098133094541617e-05
6.123293182264713226e-05
1.856169604871962266e-04
5.590999411911633851e-04
1.671198040170732233e-03
4.938089990019268495e-03
1.426642322540609166e-02
3.913522107855357118e-02
9.538519887522389773e-02
1.866666666557678378e-01
2.775435783278705770e-01
3.333937224355403295e-01
3.583475305562094926e-01
3.679314849767165718e-01
3.714080385877786550e-01
3.726473948635162237e-01
3.730880826392717897e-01
3.732452131148190633e-01
3.733014991175028219e-01
3.733217684436750949e-01
3.733291081608616779e-01
3.733317809012357547e-01
3.733327596800708470e-01
3.733331201485237116e-01
3.733332536562490866e-01
3.733333033844133397e-01
3.733333220119495199e-01
3.733333290291724338e-01
3.733333316876428776e-01
3.733333327005158853e-01
3.733333330886077772e-01
3.733333332381521541e-01
3.733333332961032980e-01
3.733333333186877323e-01
3.733333333275392074e-01
3.733333333310279722e-01
3.733333333324108660e-01
3.733333333329621473e-01
3.733333333331830817e-01
3.733333333332721771e-01
3.733333333333083148e-01
3.733333333333230808e-01
3.733333333333291315e-01
3.733333333333316295e-01
3.733333333333326287e-01
3.733333333333330173e-01
3.733333333333331838e-01
3.733333333333332948e-01
3.733333333333333504e-01
3.733333333333333504e-01
3.733333333333333504e-01
3.733333333333333504e-01
3.733333333333333504e-01
3.733333333333333504e-01
3.733333333333333504e-01
3.733333333333333504e-01
3.733333333333333504e-01
3.733333333333333504e-01
3.733333333333333504e-01
3.733333333333333504e-01
3.733333333333333504e-01
3.733333333333333504e-01
3.733333333333333504e-01
3.733333333333333504e-01
3.733333333333333504e-01
3.733333333333333504e-01
3.733333333333333504e-01
3.733333333333333504e-01
3.733333333333333504e-01
3.733333333333333504e-01
3.733333333333333504e-01
3.733333333333333504e-01
3.733333333333333504e-01
3.733333333333333504e-01
3.733333333333333504e-01
3.733333333333333504e-01
3.733333333333333504e-01
3.733333333333333504e-01
3.733333333333333504e-01
3.733333333333333504e-01
3.733333333333333504e-01
3.733333333333333504e-01
3.733333333333333504e-01
3.733333333333333504e-01
3.733333333333333504e-01
3.733333333333333504e-01
3.733333333333333504e-01
3.733333333333333504e-01
3.733333333333333504e-01
3.733333333333333504e-01
3.733333333333333504e-01
3.733333333333333504e-01
3.733333333333333504e-01
3.733333333333333504e-01
3.733333333333333504e-01
3.733333333333333504e-01
3.733333333333333504e-01
3.733333333333333504e-01
3.733333333333333504e-01
3.733333333333333504e-01
3.733333333333333504e-01
3.733333333333333504e-01
3.733333333333333504e-01
3.733333333333333504e-01
3.733333333333333504e-01
3.733333333333333504e-01
3.733333333333333504e-01
3.733333333333333504e-01
3.733333333333333504e-01
3.733333333333333504e-01
3.733333333333333504e-01
3.733333333333333504e-01
3.733333333333333504e-01
3.733333333333333504e-01
3.733333333333333504e-01
3.733333333333333504e-01
3.733333333333333504e-01
3.733333333333333504e-01
3.733333333333333504e-01
3.733333333333333504e-01
3.733333333333333504e-01
3.733333333333333504e-01
3.733333333333333504e-01
3.733333333333333504e-01
3.733333333333333504e-01
3.733333333333333504e-01
3.733333333333333504e-01
3.733333333333333504e-01
3.733333333333333504e-01
3.733333333333333504e-01
3.733333333333333504e-01
3.733333333333333504e-01
3.733333333333333504e-01
3.733333333333333504e-01
3.733333333333333504e-01
3.733333333333333504e-01
3.733333333333333504e-01
3.733333333333333504e-01
3.733333333333333504e-01
3.733333333333333504e-01
3.733333333333333504e-01
3.733333333333333504e-01
3.733333333333333504e-01
3.733333333333333504e-01
3.733333333333333504e-01
3.733333333333333504e-01
3.733333333333333504e-01
3.733333333333333504e-01
3.733333333333333504e-01
3.733333333333333504e-01
3.733333333333333504e-01
3.733333333333333504e-01
3.733333333333333504e-01
3.733333333333333504e-01
3.733333333333333504e-01
3.733333333333333504e-01
3.733333333333333504e-01
3.733333333333333504e-01
3.733333333333333504e-01
3.733333333333333504e-01
3.733333333333333504e-01
3.733333333333333504e-01
3.733333333333333504e-01
3.733333333333333504e-01
3.733333333333333504e-01
3.733333333333333504e-01
3.733333333333333504e-01
3.733333333333333504e-01
3.733333333333333504e-01
3.733333333333333504e-01
3.733333333333333504e-01
3.733333333333333504e-01
3.733333333333333504e-01
3.733333333333333504e-01
3.733333333333333504e-01
3.733333333333333504e-01
3.733333333333333504e-01
3.733333333333333504e-01
3.733333333333333504e-01
3.733333333333333504e-01
3.733333333333333504e-01
3.733333333333333504e-01
3.733333333333333504e-01
3.733333333333333504e-01
3.733333333333333504e-01
3.733333333333333504e-01
3.733333333333333504e-01
3.733333333333333504e-01
3.733333333333333504e-01
3.733333333333333504e-01
3.733333333333333504e-01
3.733333333333333504e-01
3.733333333333333504e-01
3.733333333333333504e-01
3.733333333333333504e-01
3.733333333333333504e-01
3.733333333333333504e-01
3.733333333333333504e-01
3.733333333333333504e-01
3.733333333333333504e-01
3.733333333333333504e-01
3.733333333333333504e-01
3.733333333333333504e-01
3.733333333333333504e-01
3.733333333333333504e-01
3.733333333333333504e-01
3.733333333333333504e-01
3.733333333333333504e-01
3.733333333333333504e-01
3.733333333333333504e-01
3.733333333333333504e-01
3.733333333333333504e-01
3.733333333333333504e-01
3.733333333333333504e-01
3.733333333333333504e-01
3.733333333333333504e-01
3.733333333333333504e-01
3.733333333333333504e-01
3.733333333333333504e-01
3.733333333333333504e-01
3.733333333333333504e-01
3.733333333333333504e-01
3.733333333333333504e-01
3.733333333333333504e-01
3.733333333333333504e-01
3.733333333333333504e-01
3.733333333333333504e-01
3.733333333333333504e-01
3.733333333333333504e-01
3.733333333333333504e-01
3.733333333333333504e-01
3.733333333333333504e-01
3.733333333333333504e-01
3.733333333333333504e-01
3.733333333333333504e-01
3.733333333333333504e-01
3.733333333333333504e-01
3.733333333333333504e-01
3.733333333333333504e-01
3.733333333333333504e-01
3.733333333333333504e-01
3.733333333333333504e-01
3.733333333333333504e-01
3.733333333333333504e-01
3.733333333333333504e-01
3.733333333333333504e-01
3.733333333333333504e-01
3.733333333333333504e-01
3.733333333333333504e-01
3.733333333333333504e-01
3.733333333333333504e-01
3.733333333333333504e-01
3.733333333333333504e-01
3.733333333333333504e-01
3.733333333333333504e-01
3.733333333333333504e-01
3.733333333333333504e-01
3.733333333333333504e-01
3.733333333333333504e-01
3.733333333333333504e-01
3.733333333333333504e-01
3.733333333333333504e-01
3.733333333333333504e-01
3.733333333333333504e-01
3.733333333333333504e-01
3.733333333333333504e-01
3.733333333333333504e-01
3.733333333333333504e-01
3.733333333333333504e-01
3.733333333333333504e-01
3.733333333333333504e-01
3.733333333333333504e-01
3.733333333333333504e-01
3.733333333333333504e-01
3.733333333333333504e-01
3.733333333333333504e-01
3.733333333333333504e-01
3.733333333333333504e-01
3.733333333333333504e-01
3.733333333333333504e-01
3.733333333333333504e-01
3.733333333333333504e-01
3.733333333333333504e-01
3.733333333333333504e-01
3.733333333333333504e-01
3.733333333333333504e-01
3.733333333333333504e-01
3.733333333333333504e-01
3.733333333333333504e-01
3.733333333333333504e-01
3.733333333333333504e-01
3.733333333333333504e-01
3.733333333333333504e-01
3.733333333333333504e-01
3.733333333333333504e-01
3.733333333333333504e-01
3.733333333333333504e-01
3.733333333333333504e-01
3.733333333333333504e-01
3.733333333333333504e-01
3.733333333333333504e-01
3.733333333333333504e-01
3.733333333333333504e-01
3.733333333333333504e-01
3.733333333333333504e-01
3.733333333333333504e-01
3.733333333333333504e-01
3.733333333333333504e-01
3.733333333333333504e-01
3.733333333333333504e-01
3.733333333333333504e-01
3.733333333333333504e-01
3.733333333333333504e-01
3.733333333333333504e-01
3.733333333333333504e-01
3.733333333333333504e-01
3.733333333333333504e-01
3.733333333333333504e-01
3.733333333333333504e-01
3.733333333333333504e-01
3.733333333333333504e-01
3.733333333333333504e-01
3.733333333333333504e-01
3.733333333333333504e-01
3.733333333333333504e-01
3.733333333333333504e-01
3.733333333333333504e-01
3.733333333333333504e-01
3.733333333333333504e-01
3.733333333333333504e-01
3.733333333333333504e-01
3.733333333333333504e-01
3.733333333333333504e-01
3.733333333333333504e-01
3.733333333333333504e-01
3.733333333333333504e-01
3.733333333333333504e-01
3.733333333333333504e-01
3.733333333333333504e-01
3.733333333333333504e-01
3.733333333333333504e-01
3.733333333333333504e-01
3.733333333333333504e-01
3.733333333333333504e-01
3.733333333333333504e-01
3.733333333333333504e-01
3.733333333333332948e-01
3.733333333333331838e-01
3.733333333333330173e-01
3.733333333333326287e-01
3.733333333333316295e-01
3.733333333333291315e-01
3.733333333333230808e-01
3.733333333333083148e-01
3.733333333332721771e-01
3.733333333331830817e-01
3.733333333329621473e-01
3.733333333324108660e-01
3.733333333310279722e-01
3.733333333275392074e-01
3.733333333186877323e-01
3.733333332961032980e-01
3.733333332381521541e-01
3.733333330886077772e-01
3.733333327005158853e-01
3.733333316876428776e-01
3.733333290291724338e-01
3.733333220119495199e-01
3.733333033844133397e-01
3.733332536562490866e-01
3.733331201485237671e-01
3.733327596800709025e-01
3.733317809012361432e-01
3.733291081608628437e-01
3.733217684436780925e-01
3.733014991175112041e-01
3.732452131148424335e-01
3.730880826393371819e-01
3.726473948636999101e-01
3.714080385882952973e-01
3.679314849781602503e-01
3.583475305601316885e-01
3.333937224453182857e-01
2.775435783474991536e-01
1.866666666816543807e-01
9.538519889502430904e-02
3.913522108837280689e-02
1.426642322927239130e-02
4.938089991399433575e-03
1.671198040644438594e-03
5.590999413509468129e-04
1.856169605405722585e-04
6.123293184035082559e-05
2.008098133678223212e-05
6.547598264957961496e-06
2.122745202219549125e-06
6.842890395728718905e-07
2.193357955429956294e-07
6.990502968375042150e-08
2.215320484799108256e-08
6.980620227391095326e-09
2.187161206281293272e-09
6.813918271287256531e-10
2.110777187721466553e-10
6.501554541047031582e-11
1.991229763943560680e-11
6.063939885535360060e-12
1.836190542812021801e-12
5.528533584324270181e-13
1.655127692268488996e-13
4.926998213480636815e-14
1.458352973717592666e-14
4.292123851130960016e-15
1.256062314948533058e-15
3.654933448656267529e-16
1.057492042362458753e-16
3.042314374845742346e-17
8.702828351707805793e-18
2.475404027869980760e-18
7.001016732048399538e-19
1.968817608292574043e-19
5.505277323735625688e-20
1.530672445339213986e-20
4.231698079396373989e-21
1.163259027080695457e-21
3.179563738611836078e-22
8.641477159216036787e-23
2.335273678364760303e-23
6.275046221224207001e-24
1.676584400114407306e-24
4.454133807966423846e-25
1.176604338295101679e-25
3.090487404926774603e-26
8.071474100976774411e-27
2.096081110032223904e-27
5.412434548957021673e-28
1.389653667799500034e-28
3.547724158885872961e-29
9.005803354298690388e-30
2.273130771030938806e-30
5.705001056829821192e-31
1.423693113629434514e-31
3.532696975265417005e-32
8.716170871322490091e-33
2.138328535483619063e-33
5.216178857567788304e-34
1.265201984382579995e-34
3.051382149233945417e-35
7.317499224015805252e-36
1.744850072351468896e-36
4.136974971916194330e-37
9.752972914723878294e-38
2.286233002880313189e-38
5.328847701076565709e-39
1.235024217493393025e-39
2.846079231432425460e-40
6.521505209379710935e-41
1.485860548747205275e-41
3.366182091203389129e-42
7.582745942674881309e-43
1.698418659466067133e-43
3.782616795914319540e-44
8.376629128594925788e-45
1.844486902461091604e-45
4.038417457657269455e-46
8.791767459082718281e-47
1.903139053823930453e-47
4.096323030467362171e-48
8.766923560750871978e-49
1.865647496249279000e-49
3.947674226749435875e-50
8.305817223303954891e-51
1.737611892843063483e-51
3.614535860881171196e-52
7.476212590433856472e-53
1.537588399209596552e-53
3.144328354166343607e-54
6.393593744095110260e-55
1.292681488000888902e-55
2.598767151623909636e-56
5.194844531603843683e-57
1.032540482292581674e-57
2.040661485262796748e-58
4.010183029528325553e-59
7.835861816120535401e-60
1.522434754407726562e-60
2.941168847569241099e-61
5.649767448532545985e-62
1.079121968224569989e-62
2.049461868528569181e-63
3.870245354331956755e-64
7.267189759192113450e-65
1.356825040612036881e-65
2.518897796264481067e-66
4.649717738709998562e-67
8.534380076507935926e-68
1.557566928854981564e-68
2.826511791982119266e-69
5.100165073206336171e-70
9.150546049543815927e-71
1.632447172423219241e-71
2.895746952696615164e-72
5.107535888831416412e-73
8.957598507741416901e-74
1.562072208348041753e-74
2.708569386121297068e-75
4.669906359732583976e-76
8.005818241043906673e-77
1.364685655392983447e-77
2.313070523148667311e-78
3.898292915988203360e-79
6.532650294520030024e-80
1.088513196677919921e-80
1.803463403914799683e-81
2.971052433235651222e-82
4.866790432211378186e-83
7.926917199618056823e-84
1.283794009931503619e-84
2.067358124213903935e-85
3.310285350985987191e-86
5.270411148558363133e-87
8.343589081561921233e-88
1.313380805649138114e-88
2.055690694051661508e-89
3.199294516696851217e-90
4.950852873458350273e-91
7.617898223451454042e-92
1.165519807995054205e-92
1.773101096340271916e-93
2.682110614461082054e-94
4.034123768028929567e-95
6.033246905130498114e-96
8.971856654998756168e-97
1.326608881387479460e-97
1.950441018574602113e-98
2.851360243746289615e-99
4.144772570095707047e-100
5.990715112317250432e-101
8.609659505394810171e-102
1.230332885328825318e-102
1.748190014640716994e-103
2.469926246730547815e-104
3.469833870580652471e-105
4.846885115226760812e-106
6.732031146082194691e-107
9.297343019867338532e-108
1.276735513802236294e-108
1.743300964825692072e-109
2.366863155088941510e-110
3.195238456498398939e-111
4.289066175487185728e-112
5.724684626578086236e-113
7.597482924585761050e-114
1.002575865714771266e-114
1.315509855792410919e-115
1.716328101781840627e-116
2.226567509390054928e-117
2.872108012169956043e-118
3.683791288473524302e-119
4.698060568228358350e-120
5.957602915715887582e-121
7.511969954757876781e-122
9.418147289201993375e-123
1.174103711136086527e-123
1.455381300159881218e-124
1.793810108879173684e-125
2.198393800719235209e-126
2.678945393642481547e-127
3.246022895311808628e-128
3.910827344953378433e-129
4.685058893340254867e-130
5.580727447206468945e-131
6.609915660754639426e-132
7.784493679505779653e-133
9.115787013662961849e-134
1.061420119757673817e-134
1.228880941011510893e-135
1.414691189191572545e-136
1.619357867779363441e-137
1.843118972261382355e-138
2.085898877684582602e-139
2.347266919620468950e-140
2.626401108267789862e-141
2.922058959930422146e-142
3.232557385119283742e-143
3.555763429008325703e-144
3.889097413697143883e-145
4.229549684005161871e-146
4.573711716947563908e-147
4.917821833460330990e-148
5.257825169432769152e-149
5.589446946990112634e-150
5.908277465986460278e-151
6.209866642109770450e-152
6.489825385034672003e-153
6.743930669598980638e-154
6.968230833571397224e-155
7.159147460398641073e-156
7.313570190279983183e-157
7.428940955654272160e-158
7.503324455708903854e-159
7.535462157558898055e-160
7.524807718666278452e-161
7.471542437335782933e-162
7.376570120754510259e-163
7.241491573546201506e-164
7.068559713096652410e-165
6.860617070188891666e-166
6.621018097430638059e-167
6.353539251329788473e-168
6.062280212112150094e-169
5.751559842227873486e-170
5.425810553427393430e-171
5.089474656099551280e-172
4.746906015138852266e-173
4.402279953728966199e-174
4.059513856121628782e-175
3.722200353262862936e-176
3.393554363783083667e-177
3.076374640389289785e-178
2.773019869319688585e-179
2.485398815965637601e-180
2.214973525845010019e-181
1.962774193876312416e-182
1.729424017097630412e-183
1.515172151002502308e-184
1.319932796015201464e-185
1.143328441541727128e-186
9.847353795066155129e-188
8.433297532002399981e-189
7.181326145572515497e-190
6.080527068770127283e-191
5.119259539963406048e-192
4.285509057734495588e-193
3.567196501118509171e-194
2.952439427294147098e-195
2.429765192098767533e-196
1.988277340507883963e-197
1.617778155310366216e-198
1.308851326956019604e-199
1.052909430068086475e-200
8.422112920441573068e-202
6.698544572964167173e-203
5.297478345317317000e-204
4.165693144815752617e-205
3.257127115294454340e-206
2.532278615015186549e-207
1.957571410641118963e-208
1.504710969412932804e-209
1.150053137780576747e-210
8.740012915358079294e-212
6.604433756894363770e-213
4.962362081007326788e-214
3.707410346389032472e-215
2.754115900440336859e-216
2.034338013957197097e-217
1.494147124398256670e-218
1.091171361505544471e-219
7.923588296956194936e-221
5.721108597407531116e-222
4.107407844583982732e-223
2.932140737368237214e-224
2.081283026066681770e-225
1.468949344733027213e-226
1.030888854524490103e-227
7.193598847663696144e-229
4.991257019495637666e-230
3.443523088639338216e-231
2.362247573073247884e-232
1.611302832898739071e-233
1.092844263074329204e-234
7.370021076360610873e-236
4.942065873119961863e-237
3.295168875220869412e-238
2.184621335286054494e-239
1.440137673632189544e-240
9.439765360021562131e-242
6.152444916693854800e-243
3.987159560093329255e-244
2.569264667157814690e-245
1.646203118471473452e-246
1.048787113689546346e-247
6.643862137105405195e-249
4.184882112744699513e-250
2.621049312776414652e-251
1.632286926460918203e-252
1.010757935086918997e-253
6.223392092757110103e-255
3.810101233220503096e-256
2.319397651159645619e-257
1.403922900075999025e-258
8.449687551217914019e-260
5.056702330457494289e-261
3.009008918545551286e-262
1.780364425574545743e-263
1.047426814079916455e-264
6.127281234755241003e-266
3.564029483393486228e-267
2.061313790288657823e-268
1.185430989363165601e-269
6.778565405436135395e-271
3.854150349200298232e-272
2.178958007990374113e-273
1.224893742924455534e-274
6.846637248350122695e-276
3.805270793273581648e-277
2.102921997722792107e-278
1.155553632630999050e-279
6.313735691212310013e-281
3.430141487722257732e-282
1.852964156070855180e-283
9.952939159726161198e-285
5.315755867533359343e-286
2.822981630129826409e-287
1.490666267599604357e-288
7.826762267850608763e-290
4.086139679379867350e-291
2.121160938830093112e-292
1.094872078699740358e-293
5.619303474642989965e-295
2.867681671668208202e-296
1.455153274905008322e-297
7.342025498082667627e-299
3.683429676301262197e-300
1.837461397950955320e-301
9.114092086323047029e-303
4.495085403437976298e-304
2.204407244227960171e-305
1.074917314928072225e-306
5.211798717038188866e-308
2.512635882711050223e-309
0.000000000000000000e+00
0.000000000000000000e+00
0.000000000000000000e+00
0.000000000000000000e+00
0.000000000000000000e+00
0.000000000000000000e+00
0.000000000000000000e+00
0.000000000000000000e+00
0.000000000000000000e+00
0.000000000000000000e+00
0.000000000000000000e+00
0.000000000000000000e+00
0.000000000000000000e+00
0.000000000000000000e+00
0.000000000000000000e+00
0.000000000000000000e+00
0.000000000000000000e+00
0.000000000000000000e+00
0.000000000000000000e+00
0.000000000000000000e+00
0.000000000000000000e+00
0.000000000000000000e+00
0.000000000000000000e+00
0.000000000000000000e+00
0.000000000000000000e+00
0.000000000000000000e+00
0.000000000000000000e+00
0.000000000000000000e+00
0.000000000000000000e+00
0.000000000000000000e+00
0.000000000000000000e+00
0.000000000000000000e+00
0.000000000000000000e+00
0.000000000000000000e+00
0.000000000000000000e+00
0.000000000000000000e+00
0.000000000000000000e+00
0.000000000000000000e+00
0.000000000000000000e+00
0.000000000000000000e+00
0.000000000000000000e+00
0.000000000000000000e+00
0.000000000000000000e+00
0.000000000000000000e+00
0.000000000000000000e+00
0.000000000000000000e+00
0.000000000000000000e+00
0.000000000000000000e+00
0.000000000000000000e+00
0.000000000000000000e+00
0.000000000000000000e+00
0.000000000000000000e+00
0.000000000000000000e+00
0.000000000000000000e+00
0.000000000000000000e+00
0.000000000000000000e+00
0.000000000000000000e+00
0.000000000000000000e+00
0.000000000000000000e+00
0.000000000000000000e+00
0.000000000000000000e+00
0.000000000000000000e+00
0.000000000000000000e+00
0.000000000000000000e+00
0.000000000000000000e+00
0.000000000000000000e+00
0.000000000000000000e+00
0.000000000000000000e+00
0.000000000000000000e+00
0.000000000000000000e+00
0.000000000000000000e+00
0.000000000000000000e+00
0.000000000000000000e+00
0.000000000000000000e+00
0.000000000000000000e+00
0.000000000000000000e+00
0.000000000000000000e+00
0.000000000000000000e+00
0.000000000000000000e+00
0.000000000000000000e+00
0.000000000000000000e+00
0.000000000000000000e+00
0.000000000000000000e+00
0.000000000000000000e+00
0.000000000000000000e+00
0.000000000000000000e+00
0.000000000000000000e+00
0.000000000000000000e+00
0.000000000000000000e+00
0.000000000000000000e+00
0.000000000000000000e+00
0.000000000000000000e+00
0.000000000000000000e+00
0.000000000000000000e+00
0.000000000000000000e+00
0.000000000000000000e+00
0.000000000000000000e+00
0.000000000000000000e+00
0.000000000000000000e+00
0.000000000000000000e+00
0.000000000000000000e+00
0.000000000000000000e+00
0.000000000000000000e+00
0.000000000000000000e+00
0.000000000000000000e+00
0.000000000000000000e+00
0.000000000000000000e+00
0.000000000000000000e+00
0.000000000000000000e+00
0.000000000000000000e+00
0.000000000000000000e+00
0.000000000000000000e+00
0.000000000000000000e+00
0.000000000000000000e+00
0.000000000000000000e+00
0.000000000000000000e+00
0.000000000000000000e+00
0.000000000000000000e+00
0.000000000000000000e+00
0.000000000000000000e+00
0.000000000000000000e+00
0.000000000000000000e+00
0.000000000000000000e+00
0.000000000000000000e+00
0.000000000000000000e+00
0.000000000000000000e+00
0.000000000000000000e+00
0.000000000000000000e+00
0.000000000000000000e+00
0.000000000000000000e+00
0.000000000000000000e+00
0.000000000000000000e+00
0.000000000000000000e+00
0.000000000000000000e+00
0.000000000000000000e+00
0.000000000000000000e+00
0.000000000000000000e+00
0.000000000000000000e+00
0.000000000000000000e+00
0.000000000000000000e+00
0.000000000000000000e+00
0.000000000000000000e+00
0.000000000000000000e+00
0.000000000000000000e+00
0.000000000000000000e+00
0.000000000000000000e+00
0.000000000000000000e+00
0.000000000000000000e+00
0.000000000000000000e+00
0.000000000000000000e+00
0.000000000000000000e+00
0.000000000000000000e+00
0.000000000000000000e+00
0.000000000000000000e+00
0.000000000000000000e+00
0.000000000000000000e+00
0.000000000000000000e+00
0.000000000000000000e+00
0.000000000000000000e+00
0.000000000000000000e+00
0.000000000000000000e+00
0.000000000000000000e+00
0.000000000000000000e+00
0.000000000000000000e+00
0.000000000000000000e+00
0.000000000000000000e+00
0.000000000000000000e+00
0.000000000000000000e+00
0.000000000000000000e+00
0.000000000000000000e+00
0.000000000000000000e+00
0.000000000000000000e+00
0.000000000000000000e+00
0.000000000000000000e+00
0.000000000000000000e+00
0.000000000000000000e+00
0.000000000000000000e+00
0.000000000000000000e+00
0.000000000000000000e+00
0.000000000000000000e+00
0.000000000000000000e+00
0.000000000000000000e+00
0.000000000000000000e+00
0.000000000000000000e+00
0.000000000000000000e+00
0.000000000000000000e+00
0.000000000000000000e+00
0.000000000000000000e+00
0.000000000000000000e+00
0.000000000000000000e+00
0.000000000000000000e+00
0.000000000000000000e+00
0.000000000000000000e+00
0.000000000000000000e+00
0.000000000000000000e+00
0.000000000000000000e+00
0.000000000000000000e+00
0.000000000000000000e+00
0.000000000000000000e+00
0.000000000000000000e+00
0.000000000000000000e+00
0.000000000000000000e+00
0.000000000000000000e+00
0.000000000000000000e+00
0.000000000000000000e+00
0.000000000000000000e+00
0.000000000000000000e+00
0.000000000000000000e+00
0.000000000000000000e+00
0.000000000000000000e+00
0.000000000000000000e+00
0.000000000000000000e+00
0.000000000000000000e+00
0.000000000000000000e+00
0.000000000000000000e+00
0.000000000000000000e+00
0.000000000000000000e+00
0.000000000000000000e+00
0.000000000000000000e+00
0.000000000000000000e+00
0.000000000000000000e+00
0.000000000000000000e+00
0.000000000000000000e+00
0.000000000000000000e+00
0.000000000000000000e+00
0.000000000000000000e+00
0.000000000000000000e+00
0.000000000000000000e+00
0.000000000000000000e+00
0.000000000000000000e+00
0.000000000000000000e+00
0.000000000000000000e+00
0.000000000000000000e+00
0.000000000000000000e+00
0.000000000000000000e+00
0.000000000000000000e+00
0.000000000000000000e+00
0.000000000000000000e+00
0.000000000000000000e+00
0.000000000000000000e+00
0.000000000000000000e+00
0.000000000000000000e+00
0.000000000000000000e+00
0.000000000000000000e+00
0.000000000000000000e+00
0.000000000000000000e+00
0.000000000000000000e+00
0.000000000000000000e+00
0.000000000000000000e+00
0.000000000000000000e+00
0.000000000000000000e+00
0.000000000000000000e+00
0.000000000000000000e+00
0.000000000000000000e+00
0.000000000000000000e+00
0.000000000000000000e+00
0.000000000000000000e+00
0.000000000000000000e+00
0.000000000000000000e+00
0.000000000000000000e+00
0.000000000000000000e+00
0.000000000000000000e+00
0.000000000000000000e+00
0.000000000000000000e+00
0.000000000000000000e+00
0.000000000000000000e+00
0.000000000000000000e+00
0.000000000000000000e+00
0.000000000000000000e+00
0.000000000000000000e+00
0.000000000000000000e+00
0.000000000000000000e+00
0.000000000000000000e+00
0.000000000000000000e+00
0.000000000000000000e+00
0.000000000000000000e+00
0.000000000000000000e+00
0.000000000000000000e+00
0.000000000000000000e+00
