3.575387125036035840e+00
3.576015664554171636e+00
3.576652540001080016e+00
3.577168469776650372e+00
3.577563648909354743e+00
3.577896539860194292e+00
3.578219472155675263e+00
3.578559177978779537e+00
3.579092320805821625e+00
3.579547496898322745e+00
3.579945774352253363e+00
3.580317576597314755e+00
3.580678817489798771e+00
3.581036350933888723e+00
3.581393234025655570e+00
3.581778858326230441e+00
3.582160277675427551e+00
3.582497873712031211e+00
3.582860431084323949e+00
3.583257547757601635e+00
3.583641968714192938e+00
3.584044584531496103e+00
3.584649078103848918e+00
3.584948900370917180e+00
3.585331411808137414e+00
3.585744112501027647e+00
3.586165059546376987e+00
3.586551849670955860e+00
3.586910612675419330e+00
3.587280338938855007e+00
3.587653437983026272e+00
3.588030262176538976e+00
3.588408220873565035e+00
3.588787515397416694e+00
3.589203358895377338e+00
3.589626311363403932e+00
3.590045733488131940e+00
3.590432821874372848e+00
3.590865247271023186e+00
3.591206770313900343e+00
3.591632861104783636e+00
3.591995648332973357e+00
3.592372841073129930e+00
3.592767196996214274e+00
3.593168817994271347e+00
3.593618270794982195e+00
3.594120051148875561e+00
3.594450873729555074e+00
3.594954765133194563e+00
3.595306883469782999e+00
3.595702602338691545e+00
3.596101560316491863e+00
3.596499510206787154e+00
3.596896505448061276e+00
3.597293219817783605e+00
3.597784459326291095e+00
3.598149503936244109e+00
3.598547223144974883e+00
3.598949472172453312e+00
3.599354045700753346e+00
3.599760507642562057e+00
3.600169133387914222e+00
3.600580018340470367e+00
3.600993117711313474e+00
3.601407699715136523e+00
3.601823824311345845e+00
3.602240920790933831e+00
3.602705581884543928e+00
3.603093558793731166e+00
3.603501757865717359e+00
3.603972835984002643e+00
3.604439675613161143e+00
3.604836056129304467e+00
3.605288924493720515e+00
3.605696795970692925e+00
3.606119527461661534e+00
3.606554879278417225e+00
3.607038958122806616e+00
3.607320606196748436e+00
3.607784808469492344e+00
3.608172603390920941e+00
3.608660085014253394e+00
3.608967863020196898e+00
3.609395590085625383e+00
3.609782134143155297e+00
3.610224193053511055e+00
3.610605519318936807e+00
3.611057529355582218e+00
3.611397702302281854e+00
3.611769717180539629e+00
3.612164400973544520e+00
3.612560511590826806e+00
3.612955200735462391e+00
3.613401980119456347e+00
3.613685803719121736e+00
3.614107790909649065e+00
3.614444751098194075e+00
3.614852905145597095e+00
3.615250078165413328e+00
3.615654146362222487e+00
3.615955252559547972e+00
3.616396256951055044e+00
3.616784752250086221e+00
3.617154948349550203e+00
3.617516332129139034e+00
3.617879503826586074e+00
3.618259885306888801e+00
3.618365501347533986e+00
3.618760474070360722e+00
3.619170343445091031e+00
3.619657608551545724e+00
3.619976793659593017e+00
3.620380027832060588e+00
3.620802673925556547e+00
3.621254493706629773e+00
3.621588197119425256e+00
3.622054926742554137e+00
3.622449270899944729e+00
3.622873350458708508e+00
3.623304348050645718e+00
3.623713303065327018e+00
3.624069180776785970e+00
3.624463414910527259e+00
3.624906490325148223e+00
3.625287776904227321e+00
3.625733668328798398e+00
3.626125923256288353e+00
3.626514065550418220e+00
3.626912530285273828e+00
3.627387099690102978e+00
3.627796942015917736e+00
3.628229709272820624e+00
3.628530865256977211e+00
3.628958801892234742e+00
3.629401659192246665e+00
3.629815552951412894e+00
3.630250029032638270e+00
3.630697079987666775e+00
3.631101951473690637e+00
3.631549498408081611e+00
3.631989806077420280e+00
3.632366760343312517e+00
3.632788386726441221e+00
3.633237050417414959e+00
3.633624580127953418e+00
3.634069797086933562e+00
3.634513086967860129e+00
3.634837826230536528e+00
3.635273842196109495e+00
3.635721177635707679e+00
3.636091447646010444e+00
3.636492556651106156e+00
3.636961674855845761e+00
3.637343401348522409e+00
3.637750546888481651e+00
3.638231861532864375e+00
3.638628039011628346e+00
3.639037947656250882e+00
3.639491067027454729e+00
3.639886699926760283e+00
3.640330923689097720e+00
3.640791937976377568e+00
3.641213856282423222e+00
3.641665341190399641e+00
3.642077770468906905e+00
3.642499685947541810e+00
3.642863064341325341e+00
3.643323025833955064e+00
3.643723241314746009e+00
3.644149051870136269e+00
3.644594997077218679e+00
3.645027644706692715e+00
3.645457165712097325e+00
3.645907093870227822e+00
3.646290749151299249e+00
3.646820504033372767e+00
3.647212363085613696e+00
3.647636100522865910e+00
3.648115012522640921e+00
3.648572528661732761e+00
3.648958859406582267e+00
3.649381587715802677e+00
3.649830513447030800e+00
3.650257574166932528e+00
3.650683200419642560e+00
3.651154555531570978e+00
3.651563138206998183e+00
3.652036380939235993e+00
3.652428843117692114e+00
3.652872990663218911e+00
3.653323664101436830e+00
3.653745197486270690e+00
3.654152928755566521e+00
3.654598698078455943e+00
3.655036269880789224e+00
3.655505241685294671e+00
3.655967525119314665e+00
3.656382744206902569e+00
3.656798960920259134e+00
3.657243112747944558e+00
3.657647091187865573e+00
3.658056074003588343e+00
3.658473152126082706e+00
3.658948549005558881e+00
3.659440225861331442e+00
3.659808982755184736e+00
3.660246261330655670e+00
3.660649664806836068e+00
3.661059644739645069e+00
3.661536312434235718e+00
3.661964835428368925e+00
3.662438251063102612e+00
3.662860188800521222e+00
3.663308250023899149e+00
3.663707917631995326e+00
3.664108959985854952e+00
3.664611500658251586e+00
3.665001502846774617e+00
3.665435745268402989e+00
3.665893583864607397e+00
3.666292742173760111e+00
3.666704134945428795e+00
3.667097387098368966e+00
3.667542415043995696e+00
3.668014060180334379e+00
3.668428455883912864e+00
3.668850497564500213e+00
3.669300148720429533e+00
3.669665344114206640e+00
3.670145601462762031e+00
3.670553815192478808e+00
3.671036218523998418e+00
3.671427328929176781e+00
3.671811732452143762e+00
3.672245374000481899e+00
3.672710149850788586e+00
3.673142887902174802e+00
3.673601220283193580e+00
3.674067749517205161e+00
3.674501102275447906e+00
3.674982636766909838e+00
3.675368280035208990e+00
3.675852127327979613e+00
3.676286361898927879e+00
3.676758961118260505e+00
3.677215685845953264e+00
3.677691054145138416e+00
3.678137197203057429e+00
3.678541169334863969e+00
3.679012147887334550e+00
3.679396583008816890e+00
3.679868720884746480e+00
3.680297977108306640e+00
3.680749554173176286e+00
3.681124880709700786e+00
3.681602460587834802e+00
3.682041884211512794e+00
3.682471202134973698e+00
3.682841401538619053e+00
3.683315449194034752e+00
3.683736852171686227e+00
3.684207683918529597e+00
3.684607093925673205e+00
3.685052982469405158e+00
3.685533728705471468e+00
3.685961639133408241e+00
3.686376549622005339e+00
3.686864857684439389e+00
3.687342495623562311e+00
3.687674575521637799e+00
3.688095495812401481e+00
3.688581638037010002e+00
3.689048684150244561e+00
3.689451177597145470e+00
3.689883468730164040e+00
3.690306009412306132e+00
3.690716309700388553e+00
3.691180155023509268e+00
3.691588572898456988e+00
3.691983500691755626e+00
3.692415254436366645e+00
3.692871572917832967e+00
3.693304944252185251e+00
3.693729742511981939e+00
3.694175963985031341e+00
3.694535479799935906e+00
3.695008625113620049e+00
3.695462470775907615e+00
3.695954621171064769e+00
3.696370650179730433e+00
3.696843473690018200e+00
3.697276387155330468e+00
3.697670760346250418e+00
3.698129588672982582e+00
3.698559090546366779e+00
3.698994071047749355e+00
3.699439645906668073e+00
3.699908936031397921e+00
3.700288780429476176e+00
3.700679499056065858e+00
3.701180430025702517e+00
3.701628649031138529e+00
3.702039011699805648e+00
3.702519626510085704e+00
3.702951403904806149e+00
3.703377038578264724e+00
3.703813876826412610e+00
3.704243613597740570e+00
3.704700864335007449e+00
3.705153855102144789e+00
3.705528774920018975e+00
3.705974428836148693e+00
3.706420551201584423e+00
3.706862652443453143e+00
3.707293369003326511e+00
3.707690657289297143e+00
3.708163152266938045e+00
3.708700842668736453e+00
3.709066831510350770e+00
3.709507388766049907e+00
3.709987715818306775e+00
3.710450227738110840e+00
3.710813126037646015e+00
3.711248427740099221e+00
3.711677973877590464e+00
3.712074599139892683e+00
3.712528990156544140e+00
3.712990474515089456e+00
3.713412838799697635e+00
3.713832364346675963e+00
3.714308245702300226e+00
3.714730612277399757e+00
3.715174600647153991e+00
3.715620115120357170e+00
3.715987485280235259e+00
3.716482154104074453e+00
3.716956486654429792e+00
3.717365407112658282e+00
3.717792762829602360e+00
3.718319604147328761e+00
3.718774081001238407e+00
3.719183010029981862e+00
3.719617261041397338e+00
3.720011934409053644e+00
3.720503233422996825e+00
3.720948701019071603e+00
3.721373222938720637e+00
3.721817315091838108e+00
3.722221704218817262e+00
3.722666862055774128e+00
3.723093423322830553e+00
3.723563890962407363e+00
3.723976073123728803e+00
3.724443000834456896e+00
3.724889769248538318e+00
3.725332875825196233e+00
3.725754236692723875e+00
3.726208358088037631e+00
3.726676994118031327e+00
3.727101375918577819e+00
3.727535464722488978e+00
3.728002577295558506e+00
3.728373535697704799e+00
3.728842790669761875e+00
3.729232419919809249e+00
3.729736390321977790e+00
3.730153639438499980e+00
3.730565387368514951e+00
3.730985211577169558e+00
3.731375749984916279e+00
3.731770002647226470e+00
3.732212092784362500e+00
3.732562929510594874e+00
3.732842613513527308e+00
3.733086757021078839e+00
3.733224098595221641e+00
3.733266576312608276e+00
3.733291780133085158e+00
3.733337865255765831e+00
3.733339345883212701e+00
3.733341828954348518e+00
3.733381091463005674e+00
3.733396218949880829e+00
3.733404521573985058e+00
3.733433744049327263e+00
3.733450270546109007e+00
3.733482003657007553e+00
3.733550476912905758e+00
3.733551882126164845e+00
3.733559101116286083e+00
3.733539175036280522e+00
3.733567916081181437e+00
3.733597631222644431e+00
3.733603529910417329e+00
3.733596923821608904e+00
3.733622609100301304e+00
3.733643521786405906e+00
3.733639625395922312e+00
3.733644127679326186e+00
3.733678329326268752e+00
3.733723623504842770e+00
3.733737917204894785e+00
3.733777990787801038e+00
3.733813397118394661e+00
3.733847133814561570e+00
3.733845409139891824e+00
3.733850710435978382e+00
3.733876236875822929e+00
3.733916294345608122e+00
3.733913501161504112e+00
3.733956223843073019e+00
3.733948622267125206e+00
3.733939281381946529e+00
3.733960832786975548e+00
3.733959139605464550e+00
3.733967628697163477e+00
3.733997974241708651e+00
3.734024159300723955e+00
3.734036545935759843e+00
3.734057522763489789e+00
3.734079617415712704e+00
3.734089081453473735e+00
3.734120933049118740e+00
3.734135904032476638e+00
3.734146519359032190e+00
3.734157602860758818e+00
3.734168929643963519e+00
3.734211410505426265e+00
3.734221504548031589e+00
3.734224777807062523e+00
3.734221385394472570e+00
3.734239732042504034e+00
3.734255482368478152e+00
3.734262311363490738e+00
3.734270917637240395e+00
3.734280472480220769e+00
3.734298995701593071e+00
3.734301501994123029e+00
3.734326379945510421e+00
3.734317192326330304e+00
3.734336619336030783e+00
3.734342199635070081e+00
3.734366384085154866e+00
3.734376739363274300e+00
3.734397019790547390e+00
3.734413756513058846e+00
3.734424002551395727e+00
3.734445705828464579e+00
3.734465397528162089e+00
3.734479921089004062e+00
3.734504092295446220e+00
3.734524044845561885e+00
3.734541485131626981e+00
3.734567976982915649e+00
3.734558560933742832e+00
3.734561737040514640e+00
3.734551711686834974e+00
3.734578190095189321e+00
3.734577714474123233e+00
3.734593783470540274e+00
3.734565460047526653e+00
3.734582167678365927e+00
3.734585936779316384e+00
3.734586467554521505e+00
3.734610903561437656e+00
3.734622227578688225e+00
3.734609818634728740e+00
3.734621199141660242e+00
3.734623266233044525e+00
3.734651412278167104e+00
3.734649015616132495e+00
3.734653408004635633e+00
3.734677691509622033e+00
3.734674920160453215e+00
3.734675610383789035e+00
3.734684670964525832e+00
3.734695629628466129e+00
3.734710001083389130e+00
3.734725758646139759e+00
3.734739317623335886e+00
3.734754711150780171e+00
3.734781250326131286e+00
3.734792370164060848e+00
3.734798833028654563e+00
3.734796195441214994e+00
3.734810178896034838e+00
3.734833361564404264e+00
3.734833800335198628e+00
3.734821927717399070e+00
3.734828445277079467e+00
3.734854463605191910e+00
3.734866780854117163e+00
3.734871787850502667e+00
3.734883797749183554e+00
3.734885796847776884e+00
3.734885263848448211e+00
3.734907143536795537e+00
3.734910151762469877e+00
3.734928153977285614e+00
3.734948911899974799e+00
3.734954407832378198e+00
3.734956624606132980e+00
3.734967404166110949e+00
3.734976633677742797e+00
3.734994684435128942e+00
3.734993976755038858e+00
3.735004235139553597e+00
3.735000389047255620e+00
3.735000102083340323e+00
3.735015188898555660e+00
3.735013174282756143e+00
3.735030973190770265e+00
3.735047682905740629e+00
3.735079589863103067e+00
3.735075222602497025e+00
3.735083146717534497e+00
3.735099688181555688e+00
3.735084607969649362e+00
3.735101303272825746e+00
3.735112951733063458e+00
3.735119286612821554e+00
3.735122523282807361e+00
3.735127028176558284e+00
3.735127208898066264e+00
3.735147722492137223e+00
3.735162518778873064e+00
3.735174040453622446e+00
3.735181893223237459e+00
3.735181251384497081e+00
3.735196097887422351e+00
3.735195894740293898e+00
3.735197218304119993e+00
3.735201273139824529e+00
3.735191171219180095e+00
3.735198640392839220e+00
3.735220425470955785e+00
3.735227079195261091e+00
3.735227989846519048e+00
3.735230391675906425e+00
3.735239460469536699e+00
3.735239222997145170e+00
3.735228964034662091e+00
3.735237777195394848e+00
3.735240381179920632e+00
3.735231314513072665e+00
3.735227423448922668e+00
3.735233619468124822e+00
3.735234031954200784e+00
3.735231100909958801e+00
3.735235245610317278e+00
3.735245853171155872e+00
3.735247830227932386e+00
3.735255692273138362e+00
3.735259344981697982e+00
3.735270262250142359e+00
3.735281024200860944e+00
3.735280160329969235e+00
3.735293759022926707e+00
3.735291956569966043e+00
3.735309265332000361e+00
3.735304189441331246e+00
3.735312369876650607e+00
3.735311980541657029e+00
3.735315203766621739e+00
3.735322850020231122e+00
3.735332326628353350e+00
3.735335641790587413e+00
3.735353667219060370e+00
3.735358872829807719e+00
3.735367568307530917e+00
3.735365817534594068e+00
3.735367924804615214e+00
3.735375036526966230e+00
3.735388462639090079e+00
3.735391907048737803e+00
3.735399573266216411e+00
3.735411328446004653e+00
3.735404976882832351e+00
3.735405646191984452e+00
3.735409197524833580e+00
3.735416144601993782e+00
3.735416236176347660e+00
3.735415872667313675e+00
3.735415040815869503e+00
3.735413502899838978e+00
3.735420122809941290e+00
3.735427499847936872e+00
3.735422556187832477e+00
3.735426089095287061e+00
3.735435859457958419e+00
3.735443616314455983e+00
3.735446862722375805e+00
3.735441257725448772e+00
3.735451588295588543e+00
3.735462524729296074e+00
3.735469377383243028e+00
3.735477482376856173e+00
3.735473551259499647e+00
3.735478432630760182e+00
3.735482159244526201e+00
3.735485103334083679e+00
3.735488442019661015e+00
3.735494879634096321e+00
3.735501392082492433e+00
3.735499699205319324e+00
3.735509674662039536e+00
3.735510635338174179e+00
3.735517378310333925e+00
3.735525201317714483e+00
3.735529578645504944e+00
3.735540440210819213e+00
3.735542980457685402e+00
3.735549021689034799e+00
3.735549119926533823e+00
3.735560405162197561e+00
3.735562876638741425e+00
3.735569563629173029e+00
3.735568384751211113e+00
3.735575361208811174e+00
3.735576121177397901e+00
3.735581682846536467e+00
3.735589498467380754e+00
3.735597027540537685e+00
3.735603618654947944e+00
3.735612786192781254e+00
3.735620116043343319e+00
3.735628589267859123e+00
3.735635122463881519e+00
3.735639664017761596e+00
3.735640354555312292e+00
3.735649560486627774e+00
3.735656242808965910e+00
3.735655062128568016e+00
3.735651375070017988e+00
3.735659345574413148e+00
3.735667248777815086e+00
3.735672953370565263e+00
3.735672703719843835e+00
3.735685386236175187e+00
3.735686733826116601e+00
3.735694718221667987e+00
3.735691447859061487e+00
3.735695824024397815e+00
3.735706386418994551e+00
3.735704211789523832e+00
3.735714059017603450e+00
3.735722221829212764e+00
3.735721525177677194e+00
3.735729183349978388e+00
3.735734113210338325e+00
3.735731662437871581e+00
3.735730501194770348e+00
3.735734950032473911e+00
3.735742216816229533e+00
3.735746578370988225e+00
3.735749783458523154e+00
3.735753045680134221e+00
3.735759206875596927e+00
3.735766762146485842e+00
3.735762368347387508e+00
3.735772074117505781e+00
3.735772266613228254e+00
3.735777614384901746e+00
3.735778440445024717e+00
3.735781576146880223e+00
3.735791607788671254e+00
3.735804406986851678e+00
3.735809654838223359e+00
3.735814922735146926e+00
3.735819158557662334e+00
3.735820241493425176e+00
3.735820581616769331e+00
3.735831827440253328e+00
3.735835838628449590e+00
3.735836240734082381e+00
3.735835623105005610e+00
3.735838425594010026e+00
3.735841824638390651e+00
3.735847593991695081e+00
3.735858951985794985e+00
3.735860025490391756e+00
3.735863682707222466e+00
3.735868531406012050e+00
3.735869979141016817e+00
3.735872598796074140e+00
3.735876913581350323e+00
3.735878017824643571e+00
3.735880208681990666e+00
3.735883279353091169e+00
3.735892644242062577e+00
3.735892390004166064e+00
3.735900069819225511e+00
3.735905188978016156e+00
3.735907481934551910e+00
3.735912520808258197e+00
3.735914937973796146e+00
3.735923303782533456e+00
3.735928980651653131e+00
3.735934919413950173e+00
3.735942664692074366e+00
3.735943400240517853e+00
3.735948709820368308e+00
3.735952791239612214e+00
3.735952309211262978e+00
3.735953128863012562e+00
3.735960228052623844e+00
3.735963234283196321e+00
3.735965346954831290e+00
3.735969638544809790e+00
3.735971996418396390e+00
3.735971825573205951e+00
3.735978353961582510e+00
3.735974927874095020e+00
3.735979345866731638e+00
3.735980499744713246e+00
3.735986553930651599e+00
3.735993672345416794e+00
3.736001251458010763e+00
3.736007534810438901e+00
3.736010803793810897e+00
3.736012438704631844e+00
3.736012150760411377e+00
3.736019879148429368e+00
3.736029171484371414e+00
3.736034785489211085e+00
3.736040170099049540e+00
3.736050927769543506e+00
3.736055906082242473e+00
3.736055952512424394e+00
3.736065429073568644e+00
3.736072113021689400e+00
3.736072046030312954e+00
3.736072813741406318e+00
3.736073359905951907e+00
3.736075829496952050e+00
3.736078296446967428e+00
3.736080304447933820e+00
3.736086332169156421e+00
3.736091609666893909e+00
3.736098332911006015e+00
3.736095937050767368e+00
3.736099146995248699e+00
3.736103890422657337e+00
3.736104103660271125e+00
3.736110871257774857e+00
3.736116345101314185e+00
3.736115547503262579e+00
3.736120575503505403e+00
3.736120503788305847e+00
3.736127483933000981e+00
3.736130960811343105e+00
3.736130800707530231e+00
3.736136748948090780e+00
3.736140555568001176e+00
3.736146673667592122e+00
3.736150358455868403e+00
3.736154160207735941e+00
3.736158803100532833e+00
3.736165257910261772e+00
3.736172394377614836e+00
3.736178277189115882e+00
3.736181562578342774e+00
3.736190515189604433e+00
3.736190630037261151e+00
3.736192502020189377e+00
3.736200676020217770e+00
3.736202677366385227e+00
3.736204090238521403e+00
3.736209818095949320e+00
3.736212976305948175e+00
3.736214723896378764e+00
3.736217820494656561e+00
3.736222412155051575e+00
3.736233166415545259e+00
3.736238710327342005e+00
3.736247086150972230e+00
3.736249964762079045e+00
3.736255205077623209e+00
3.736258774532165372e+00
3.736262117703896379e+00
3.736264240301493178e+00
3.736270083514404039e+00
3.736272797146959146e+00
3.736284104541993667e+00
3.736289615485617777e+00
3.736297165978354595e+00
3.736301016488095428e+00
3.736306136118568766e+00
3.736308297083258623e+00
3.736309691415631740e+00
3.736320816794771904e+00
3.736326787219324874e+00
3.736331471909783097e+00
3.736336584629136759e+00
3.736339047865292695e+00
3.736342622339879682e+00
3.736348619857225550e+00
3.736356285656029730e+00
3.736359387700609158e+00
3.736361395820710030e+00
3.736365814798005669e+00
3.736368347400947254e+00
3.736369974248473724e+00
3.736375513541498883e+00
3.736383473726435422e+00
3.736388443274496041e+00
3.736390517154072111e+00
3.736392055623078967e+00
3.736395755037896560e+00
3.736397675570643173e+00
3.736400803467901710e+00
3.736402659198139187e+00
3.736407187196853830e+00
3.736414050133451958e+00
3.736414974609521877e+00
3.736418475047609267e+00
3.736425312811026078e+00
3.736425398873616910e+00
3.736429522818086824e+00
3.736435971889525920e+00
3.736443544761931523e+00
3.736450076087632244e+00
3.736458586269411075e+00
3.736463336134629554e+00
3.736462506254942362e+00
3.736462894861735329e+00
3.736468343842549888e+00
3.736475493815673676e+00
3.736476539757991766e+00
3.736480752175401321e+00
3.736487983426728832e+00
3.736492699545380436e+00
3.736496718113625271e+00
3.736498298063190671e+00
3.736501047097589456e+00
3.736502728892166392e+00
3.736508169491670195e+00
3.736512540785329239e+00
3.736516432145095212e+00
3.736519519298044489e+00
3.736523055192657150e+00
3.736526161724706974e+00
3.736528696733404153e+00
3.736532608080726625e+00
3.736535428880227716e+00
3.736542681013169442e+00
3.736546700460667392e+00
3.736552450521698265e+00
3.736555905704086022e+00
3.736564762646541027e+00
3.736569686221309361e+00
3.736575168845220674e+00
3.736576265910142247e+00
3.736578500827206106e+00
3.736586656616008639e+00
3.736593010516266133e+00
3.736594886066526566e+00
3.736598345880490779e+00
3.736599993428704192e+00
3.736604737444564783e+00
3.736613688350103324e+00
3.736617471122306799e+00
3.736621236384076283e+00
3.736626874231029127e+00
3.736634889550727756e+00
3.736634382360279893e+00
3.736641090722925274e+00
3.736649943017446240e+00
3.736654540464213969e+00
3.736656717106991099e+00
3.736663122611516119e+00
3.736666924633571085e+00
3.736673753252400587e+00
3.736676062126768727e+00
3.736677554534256984e+00
3.736683055728605041e+00
3.736686153076198114e+00
3.736691315946929048e+00
3.736694877944703119e+00
3.736695485464461619e+00
3.736699027058175027e+00
3.736701928471039214e+00
3.736706179120687477e+00
3.736709514263527598e+00
3.736714115924481661e+00
3.736715859960996866e+00
3.736722491109842892e+00
3.736722188337030293e+00
3.736727963079341297e+00
3.736729424978082470e+00
3.736731672192988629e+00
3.736740080988914858e+00
3.736743081012862788e+00
3.736747801809116698e+00
3.736753849611598177e+00
3.736759765996072069e+00
3.736763009580802208e+00
3.736767064996261212e+00
3.736772536299779457e+00
3.736775865806415631e+00
3.736778900348864507e+00
3.736781596983329123e+00
3.736783862076200169e+00
3.736787171041751510e+00
3.736788614301633782e+00
3.736790071266979485e+00
3.736792532582485560e+00
3.736797027349749278e+00
3.736803003341909957e+00
3.736808435497172010e+00
3.736813794190210203e+00
3.736819757134818065e+00
3.736825577122416142e+00
3.736829293478093561e+00
3.736833724504718290e+00
3.736840271774655164e+00
3.736840886569818831e+00
3.736842825137315582e+00
3.736845431397825656e+00
3.736848531805617490e+00
3.736854065332183783e+00
3.736855498315591717e+00
3.736859953228490738e+00
3.736865558322799430e+00
3.736869355420300742e+00
3.736872618926782241e+00
3.736873640962378840e+00
3.736876527005496662e+00
3.736878608731982965e+00
3.736883291556880593e+00
3.736885899815758805e+00
3.736887188891556466e+00
3.736889366286348491e+00
3.736890823839253972e+00
3.736896460596046854e+00
3.736901268544639443e+00
3.736902263991323192e+00
3.736907549932234396e+00
3.736909724388903342e+00
3.736911871428580945e+00
3.736913894663780322e+00
3.736917651986561228e+00
3.736924394216725176e+00
3.736928098551564048e+00
3.736932319311028206e+00
3.736933560924764031e+00
3.736935166397904240e+00
3.736936965758610008e+00
3.736937962823807968e+00
3.736941110991393256e+00
3.736941574113169295e+00
3.736947662948367110e+00
3.736949424651246687e+00
3.736950824056441522e+00
3.736952049457786806e+00
3.736955032857820935e+00
3.736956388878488688e+00
3.736959958118337699e+00
3.736961621329325300e+00
3.736964832242040568e+00
3.736969310821582013e+00
3.736970579181469798e+00
3.736974099233695945e+00
3.736976906187737590e+00
3.736979151376512487e+00
3.736982900628447624e+00
3.736983090436464927e+00
3.736986261173254942e+00
3.736988373022540610e+00
3.736990504244807276e+00
3.736993932543383412e+00
3.736998760452371560e+00
3.737002409568630057e+00
3.737007475126965517e+00
3.737010508496628969e+00
3.737015255481338283e+00
3.737019953878226719e+00
3.737024421658049267e+00
3.737028427792647989e+00
3.737031690252843319e+00
3.737036693674126830e+00
3.737037311080003477e+00
3.737038357342972184e+00
3.737040861421638382e+00
3.737045046980515650e+00
3.737048592474503828e+00
3.737053614576022476e+00
3.737057916463082385e+00
3.737060881221183184e+00
3.737064054225203158e+00
3.737068539368029185e+00
3.737074066759031865e+00
3.737078525184167166e+00
3.737082247873852126e+00
3.737085791852976957e+00
3.737091296531816376e+00
3.737094134527132017e+00
3.737096123081894206e+00
3.737096984854483050e+00
3.737103654682623510e+00
3.737106477003369065e+00
3.737109680579831839e+00
3.737114353607641437e+00
3.737116569920740705e+00
3.737117059585191026e+00
3.737119830676962184e+00
3.737121668960477372e+00
3.737122192778212781e+00
3.737126517409795845e+00
3.737128817296521799e+00
3.737133579597568200e+00
3.737135415676786199e+00
3.737137329326695845e+00
3.737140346552094261e+00
3.737145561537210892e+00
3.737147110545997908e+00
3.737149524325066086e+00
3.737153596333030681e+00
3.737155484990112519e+00
3.737158357055617497e+00
3.737160154606597562e+00
3.737163927372011862e+00
3.737166535939499656e+00
3.737171804215174920e+00
3.737173309959666234e+00
3.737174944720619507e+00
3.737176637336383056e+00
3.737181832359000477e+00
3.737182383532596575e+00
3.737184656461393750e+00
3.737188315330463695e+00
3.737191830734778009e+00
3.737195339780229109e+00
3.737197882143568961e+00
3.737200435524981046e+00
3.737205567800875983e+00
3.737207608695116701e+00
3.737209425004134999e+00
3.737211050930326905e+00
3.737212021429269448e+00
3.737213298782515736e+00
3.737216026981951877e+00
3.737216896778501329e+00
3.737218169889836350e+00
3.737219892724750192e+00
3.737220974726988665e+00
3.737222838268908554e+00
3.737223164533054476e+00
3.737226344356323171e+00
3.737226755018143276e+00
3.737229189800989282e+00
3.737229355509748441e+00
3.737232177385152010e+00
3.737234597742675746e+00
3.737235862783401696e+00
3.737238270748842517e+00
3.737241834711418687e+00
3.737243273160138379e+00
3.737244851565489689e+00
3.737247080857156067e+00
3.737250744971740257e+00
3.737252801940305513e+00
3.737255255557679234e+00
3.737257671548291693e+00
3.737257701168671620e+00
3.737259179061819481e+00
3.737259705117409680e+00
3.737261899141718580e+00
3.737263305560877047e+00
3.737265889974501487e+00
3.737266450143891916e+00
3.737267942401838017e+00
3.737271387332908201e+00
3.737273145169774047e+00
3.737274875997899315e+00
3.737277437361620880e+00
3.737280386882696703e+00
3.737283395175358347e+00
3.737287791968057604e+00
3.737289196827940252e+00
3.737291185268164728e+00
3.737290892284905741e+00
3.737292252688319216e+00
3.737294610999737365e+00
3.737296044065566036e+00
3.737297651419175804e+00
3.737300380032194891e+00
3.737301032510493837e+00
3.737303371099937710e+00
3.737303579067734027e+00
3.737307610982152806e+00
3.737307684325131163e+00
3.737309546997820142e+00
3.737310672692701896e+00
3.737310949703145813e+00
3.737313539057547374e+00
3.737317889173771057e+00
3.737320601439930723e+00
3.737323679888389982e+00
3.737323680025045558e+00
3.737324301743421007e+00
3.737325878552742342e+00
3.737327621946653355e+00
3.737329824219199903e+00
3.737335121677063832e+00
3.737336848795776323e+00
3.737338159249225189e+00
3.737342839614227863e+00
3.737344456700497197e+00
3.737347171606394625e+00
3.737349238717592392e+00
3.737349923891122749e+00
3.737353449431243479e+00
3.737353735942781086e+00
3.737357598523685098e+00
3.737359845319308871e+00
3.737360346764702079e+00
3.737362561052706589e+00
3.737366144761793407e+00
3.737366257488407673e+00
3.737368767591245700e+00
3.737370075654024681e+00
3.737370925881454919e+00
3.737372353130903324e+00
3.737373431720597328e+00
3.737375723726832799e+00
3.737377006482295982e+00
3.737379247088824297e+00
3.737380228731450593e+00
3.737381331131773621e+00
3.737384761097601871e+00
3.737387059709477377e+00
3.737390165262119091e+00
3.737391724357214340e+00
3.737393835883751958e+00
3.737395811514843125e+00
3.737397483485827454e+00
3.737399243786455383e+00
3.737400980495482194e+00
3.737402962487692548e+00
3.737405147022626828e+00
3.737406426268478299e+00
3.737407041145072828e+00
3.737409156974564439e+00
3.737409865250325591e+00
3.737411154346493625e+00
3.737412935969698591e+00
3.737415959870673099e+00
3.737418203692381979e+00
3.737418231811795000e+00
3.737419372148477859e+00
3.737420574444926924e+00
3.737423480261195419e+00
3.737426053329257147e+00
3.737426013056949881e+00
3.737427381346329014e+00
3.737427899826162303e+00
3.737428753210006782e+00
3.737431159652083501e+00
3.737432106613505223e+00
3.737433736848659649e+00
3.737436894614182048e+00
3.737438477322729380e+00
3.737440729363952663e+00
3.737442344273931294e+00
3.737443543452469541e+00
3.737445264497227360e+00
3.737447436149275326e+00
3.737447810031223394e+00
3.737449723181435424e+00
3.737450241473125434e+00
3.737452138970341675e+00
3.737452574503682623e+00
3.737455629323006345e+00
3.737455729802112270e+00
3.737458745838859286e+00
3.737460797429422943e+00
3.737461697158460883e+00
3.737463000938968882e+00
3.737463107039687760e+00
3.737464137163339917e+00
3.737465849040708221e+00
3.737468252497184285e+00
3.737468182531620275e+00
3.737470701850782895e+00
3.737471286003472670e+00
3.737472746665119860e+00
3.737473565413453436e+00
3.737474826596432376e+00
3.737476514574316067e+00
3.737478847322572406e+00
3.737480586652452530e+00
3.737482329250810142e+00
3.737483685291011604e+00
3.737486489598797146e+00
3.737488137413249589e+00
3.737489875807924022e+00
3.737490037019203459e+00
3.737490430926967644e+00
3.737492915270806293e+00
3.737494440642311400e+00
3.737497145778165386e+00
3.737498537655875808e+00
3.737498916708970942e+00
3.737500307450088322e+00
3.737500740089875428e+00
3.737502497660854406e+00
3.737502823036112698e+00
3.737505049073140739e+00
3.737506279673748377e+00
3.737508245356637726e+00
3.737509444027763639e+00
3.737511440313163291e+00
3.737511733223149335e+00
3.737512976674415732e+00
3.737514538998937486e+00
3.737514492048930048e+00
3.737516951113980745e+00
3.737520668026976800e+00
3.737521557278505657e+00
3.737521736597536393e+00
3.737525169729503993e+00
3.737525323078082717e+00
3.737526702152047076e+00
3.737528344089394494e+00
3.737529630984749662e+00
3.737531600374607521e+00
3.737533631414780455e+00
3.737533885627574826e+00
3.737534091158098537e+00
3.737536088516889343e+00
3.737537733748334201e+00
3.737537995023141324e+00
3.737539659414047311e+00
3.737541107198664392e+00
3.737543420386439941e+00
3.737545831732997925e+00
3.737545735754365772e+00
3.737546139758696206e+00
3.737546213828272013e+00
3.737547256288028308e+00
3.737548498143705711e+00
3.737550769900343184e+00
3.737551539713829030e+00
3.737552319261562506e+00
3.737555395010553116e+00
3.737557618894989719e+00
3.737558197280136163e+00
3.737559391968621192e+00
3.737563229700867851e+00
3.737564281698088742e+00
3.737565979270294214e+00
3.737568042809015001e+00
3.737569806907337089e+00
3.737572033681860972e+00
3.737575090859901028e+00
3.737577364856867757e+00
3.737578004835798051e+00
3.737577602175563563e+00
3.737578524132876723e+00
3.737579148088923553e+00
3.737581968331263216e+00
3.737583202112594094e+00
3.737584657365827567e+00
3.737585742873606787e+00
3.737586508526010043e+00
3.737588485546742945e+00
3.737589533945364195e+00
3.737591273340781672e+00
3.737592466450293749e+00
3.737593430636804381e+00
3.737594440805961149e+00
3.737596953235443387e+00
3.737598879015110676e+00
3.737600420351351094e+00
3.737601325181844292e+00
3.737602552764501151e+00
3.737604029128517524e+00
3.737604696577762731e+00
3.737606210072050850e+00
3.737606964446993807e+00
3.737609070657196497e+00
3.737608446876526713e+00
3.737609713329523853e+00
3.737611899498171741e+00
3.737613817857186049e+00
3.737614952733240958e+00
3.737616855894443813e+00
3.737619207342106176e+00
3.737620541425014764e+00
3.737620486659651853e+00
3.737621104649808679e+00
3.737621290458645440e+00
3.737621957177831522e+00
3.737622555173058636e+00
3.737622981042211912e+00
3.737626318225965694e+00
3.737628026444279605e+00
3.737628228433901079e+00
3.737628603749479250e+00
3.737630599843621226e+00
3.737630566933996867e+00
3.737631939246229162e+00
3.737634986856944508e+00
3.737635766843519392e+00
3.737636234413639347e+00
3.737638428235273036e+00
3.737639730595787135e+00
3.737642396319059923e+00
3.737643564464911972e+00
3.737646707269668855e+00
3.737646795098629404e+00
3.737646747739120201e+00
3.737649579839021019e+00
3.737650246821917488e+00
3.737651076025826136e+00
3.737652621281687182e+00
3.737654006492978631e+00
3.737655089399260167e+00
3.737657075378987059e+00
3.737658174029213409e+00
3.737661352043279539e+00
3.737661041615578217e+00
3.737661569154351326e+00
3.737661351994583381e+00
3.737663749356017640e+00
3.737664757654285630e+00
3.737665950138010285e+00
3.737667491247222973e+00
3.737669858019998070e+00
3.737669983988978650e+00
3.737671562101560152e+00
3.737672895118092864e+00
3.737675208535057969e+00
3.737676054247947466e+00
3.737676339616490484e+00
3.737678275883639323e+00
3.737679119582092202e+00
3.737681348929698721e+00
3.737680775493191998e+00
3.737681110313594068e+00
3.737681526784573993e+00
3.737682800348701040e+00
3.737683301558103022e+00
3.737684005376227248e+00
3.737685675983286160e+00
3.737687713717293025e+00
3.737688412745093114e+00
3.737688593008261506e+00
3.737690180996223521e+00
3.737691706331152552e+00
3.737694586089586490e+00
3.737697698017607095e+00
3.737698081596019239e+00
3.737702533009950034e+00
3.737701165995878316e+00
3.737700471240517075e+00
3.737701176307413498e+00
3.737701084029390053e+00
3.737703275999677555e+00
3.737703686124042246e+00
3.737704424932160929e+00
3.737704221538919569e+00
3.737705316303876035e+00
3.737707311992349180e+00
3.737708024352835778e+00
3.737709810694762602e+00
3.737710465948409500e+00
3.737712748682489039e+00
3.737713289011181494e+00
3.737714866894939370e+00
3.737716201820451278e+00
3.737717089611890309e+00
3.737717258482981642e+00
3.737718371574799026e+00
3.737718786661844206e+00
3.737719928200633479e+00
3.737719728973488031e+00
3.737720738863697711e+00
3.737721448929776979e+00
3.737721692586495781e+00
3.737722518574156272e+00
3.737724257573635800e+00
3.737723942350390072e+00
3.737724945121092546e+00
3.737725822851070134e+00
3.737726377988985771e+00
3.737727123395010675e+00
3.737727874472376755e+00
3.737728584038459978e+00
3.737729525648055606e+00
3.737730527137548719e+00
3.737731332441782683e+00
3.737732048613499281e+00
3.737734267839343705e+00
3.737734959015722058e+00
3.737736384634090303e+00
3.737736170630822752e+00
3.737737524778439901e+00
3.737738703810457253e+00
3.737739661068910202e+00
3.737740327310282940e+00
3.737742648552895730e+00
3.737745440059414115e+00
3.737744607094545923e+00
3.737744701774202927e+00
3.737746375720431669e+00
3.737747884322674796e+00
3.737747889689652769e+00
3.737748658450438466e+00
3.737749137384537956e+00
3.737751072057975854e+00
3.737752441892082889e+00
3.737753303984483022e+00
3.737755123823261805e+00
3.737755832871958006e+00
3.737756511866777931e+00
3.737757310944429534e+00
3.737757134953506366e+00
3.737757915639434270e+00
3.737758208871170940e+00
3.737759798805896594e+00
3.737760765670519625e+00
3.737760441958527746e+00
3.737761071756170228e+00
3.737763121238540709e+00
3.737763323377749636e+00
3.737763560454474998e+00
3.737764237494267228e+00
3.737766268292106009e+00
3.737766588641130650e+00
3.737766985714332080e+00
3.737767383026729728e+00
3.737768113858714436e+00
3.737769529646746136e+00
3.737770754367411463e+00
3.737771478310015105e+00
3.737774090062130572e+00
3.737773651295081212e+00
3.737775030422908706e+00
3.737776654239199914e+00
3.737777980414169754e+00
3.737779135674971887e+00
3.737779953206758154e+00
3.737781588541649214e+00
3.737783350437553054e+00
3.737785631045779766e+00
3.737786505557892269e+00
3.737786939235606898e+00
3.737787413072724885e+00
3.737788292925485756e+00
3.737789023942950539e+00
3.737789654917186954e+00
3.737790430963182864e+00
3.737791198612121946e+00
3.737790643606188734e+00
3.737791114838058260e+00
3.737791912405402872e+00
3.737794067447079538e+00
3.737795562374662595e+00
3.737798036789312217e+00
3.737800764314753277e+00
3.737800474801332928e+00
3.737802092933871556e+00
3.737801266991036986e+00
3.737801298929411153e+00
3.737801861153844829e+00
3.737801922268399135e+00
3.737803911249582445e+00
3.737804827045060563e+00
3.737807929719439759e+00
3.737810932950306864e+00
3.737809637358886050e+00
3.737809791652406233e+00
3.737809946090295821e+00
3.737810730470543685e+00
3.737811488074809674e+00
3.737812566992073648e+00
3.737814659286575303e+00
3.737814630368798241e+00
3.737815622948059247e+00
3.737815836973993555e+00
3.737816068794615365e+00
3.737816289576160855e+00
3.737817600458328116e+00
3.737818140000011446e+00
3.737819901421038704e+00
3.737820734393775712e+00
3.737821768540621648e+00
3.737823368135939628e+00
3.737824414657318073e+00
3.737824291277775934e+00
3.737824230365122791e+00
3.737826374702363008e+00
3.737826723029336495e+00
3.737827623886165185e+00
3.737828427319023650e+00
3.737829226107238334e+00
3.737830231867996122e+00
3.737831461853611259e+00
3.737831599880910627e+00
3.737832322501239979e+00
3.737834076600286881e+00
3.737834700254831333e+00
3.737835329078597724e+00
3.737835272343122739e+00
3.737836839869851602e+00
3.737837948540015276e+00
3.737838664553964296e+00
3.737840595410425237e+00
3.737841441089793992e+00
3.737842019744224142e+00
3.737842920489288012e+00
3.737843487590808866e+00
3.737844867100839075e+00
3.737846573713788256e+00
3.737846859178617809e+00
3.737847382869865953e+00
3.737848619807376149e+00
3.737848437521450240e+00
3.737850154142098980e+00
3.737850970564357223e+00
3.737854030608308342e+00
3.737855411128585992e+00
3.737855352178412360e+00
3.737855709138071525e+00
3.737856373479702121e+00
3.737858224364907667e+00
3.737859810672940153e+00
3.737860192827096917e+00
3.737860453913310010e+00
3.737860765549516184e+00
3.737861293866896695e+00
3.737862316483770986e+00
3.737863026929993282e+00
3.737864876860455432e+00
3.737865145440429693e+00
3.737865889908776218e+00
3.737865815972575056e+00
3.737865899795792313e+00
3.737866962081680011e+00
3.737866905566938236e+00
3.737867551367057839e+00
3.737868259653648995e+00
3.737869809117106978e+00
3.737869424632609849e+00
3.737870734493680569e+00
3.737871174519293849e+00
3.737871716583670345e+00
3.737872338276074569e+00
3.737873008565337773e+00
3.737873469699146689e+00
3.737875645909199296e+00
3.737874979018640520e+00
3.737875937210736854e+00
3.737876532986473155e+00
3.737876257513104150e+00
3.737876924217593544e+00
3.737876696511280628e+00
3.737878013593208593e+00
3.737879630404719489e+00
3.737880122494204649e+00
3.737881197935454036e+00
3.737884154270974868e+00
3.737884150557367224e+00
3.737884758117032025e+00
3.737884905534212709e+00
3.737885598786767183e+00
3.737886924333689187e+00
3.737887461053347238e+00
3.737887958542961631e+00
3.737889414911256480e+00
3.737891186096057972e+00
3.737891877130715024e+00
3.737892941286035775e+00
3.737892358277941973e+00
3.737892730325149238e+00
3.737893201369016261e+00
3.737893484652633269e+00
3.737894391934605043e+00
3.737894493467708301e+00
3.737895117647583643e+00
3.737895580693317399e+00
3.737896751297346221e+00
3.737897438599876665e+00
3.737899309845910789e+00
3.737899157493718150e+00
3.737900614774488872e+00
3.737900500598176912e+00
3.737900704057874446e+00
3.737901470431113982e+00
3.737902053644819311e+00
3.737902995649179161e+00
3.737903140320046891e+00
3.737904073823945517e+00
3.737906026514943747e+00
3.737905854978547993e+00
3.737906837227222390e+00
3.737907544880088473e+00
3.737909252559560080e+00
3.737910698800626985e+00
3.737911192677273675e+00
3.737911387720619594e+00
3.737912122288494121e+00
3.737912687568601289e+00
3.737913418420138356e+00
3.737913581564000332e+00
3.737914741685839815e+00
3.737915092908786541e+00
3.737915833227794415e+00
3.737917958632925419e+00
3.737918707874961832e+00
3.737918626102511244e+00
3.737919261729482745e+00
3.737920254743377413e+00
3.737920496793896596e+00
3.737921782779641600e+00
3.737924019474463844e+00
3.737924913643029701e+00
3.737924974540442147e+00
3.737925119739781366e+00
3.737925578037791130e+00
3.737926563565344473e+00
3.737926143135118284e+00
3.737926843079180994e+00
3.737928681796277353e+00
3.737929273752837123e+00
3.737929180193618528e+00
3.737929897892014353e+00
3.737931138782087270e+00
3.737931938896323025e+00
3.737932233912188984e+00
3.737933031420516805e+00
3.737933884060188117e+00
3.737934497947343004e+00
3.737934810794966367e+00
3.737935475971020605e+00
3.737935531662315736e+00
3.737935981549419306e+00
3.737937583028888788e+00
3.737937983663800257e+00
3.737938535615944247e+00
3.737939746751751446e+00
3.737941521420085511e+00
3.737942307375395234e+00
3.737942908693169919e+00
3.737943289428904858e+00
3.737944642253833827e+00
3.737945590365026494e+00
3.737947154170369046e+00
3.737947290876437290e+00
3.737947939927652286e+00
3.737948839454876993e+00
3.737949637168535233e+00
3.737950242726054029e+00
3.737950526605466006e+00
3.737950955805058761e+00
3.737952346256758762e+00
3.737954018045507976e+00
3.737954774583814643e+00
3.737955451271870011e+00
3.737956663889417719e+00
3.737956104926870360e+00
3.737956129241693848e+00
3.737956353101779428e+00
3.737956769611116226e+00
3.737957469066332195e+00
3.737957673766441058e+00
3.737959199837812996e+00
3.737959403903470257e+00
3.737960202163150836e+00
3.737960723916895045e+00
3.737960950169361141e+00
3.737961805381452063e+00
3.737961534460422897e+00
3.737962785258137632e+00
3.737962556454600627e+00
3.737964853287489841e+00
3.737964603707829792e+00
3.737964649027397002e+00
3.737964622779430091e+00
3.737965175275378193e+00
3.737966198289339292e+00
3.737967078458487080e+00
3.737968630292990202e+00
3.737969116883430587e+00
3.737969711239886639e+00
3.737969970918446183e+00
3.737970148131266601e+00
3.737970031767884560e+00
3.737971523257904050e+00
3.737973379427244058e+00
3.737973077108999842e+00
3.737974915950000199e+00
3.737975753587967187e+00
3.737977559394570548e+00
3.737977820698188847e+00
3.737977589112392973e+00
3.737978098306350638e+00
3.737980049653565118e+00
3.737981392177424311e+00
3.737981397722772048e+00
3.737981527407443494e+00
3.737981766850818843e+00
3.737982421149528278e+00
3.737984249006291115e+00
3.737984182300323255e+00
3.737984597211879922e+00
3.737985689155814306e+00
3.737985835874010565e+00
3.737985980537783526e+00
3.737986235644823463e+00
3.737986148164726075e+00
3.737986396161878222e+00
3.737987121671134894e+00
3.737988559679189304e+00
3.737990217281174310e+00
3.737990544840021023e+00
3.737992739418069643e+00
3.737992259331640366e+00
3.737992668035272192e+00
3.737994378565569153e+00
3.737993978232577508e+00
3.737993893089264663e+00
3.737994926142457874e+00
3.737994885246231469e+00
3.737995032581052257e+00
3.737995670817285010e+00
3.737995970204508911e+00
3.737996669685223594e+00
3.737997336089438516e+00
3.737997327774563949e+00
3.737997892580996684e+00
3.737998251529637272e+00
3.737998918214455291e+00
3.737999035817533233e+00
3.737999076487459327e+00
3.737999971827027146e+00
3.738000507318057331e+00
3.738000931527137194e+00
3.738001128711897270e+00
3.738001830707145867e+00
3.738002864006290338e+00
3.738003228612416962e+00
3.738004013971396144e+00
3.738004348392991893e+00
3.738005887609408440e+00
3.738008537261449327e+00
3.738009026061831275e+00
3.738008917273617726e+00
3.738008985868205958e+00
3.738010181051804270e+00
3.738009961283961680e+00
3.738010074025654550e+00
3.738010941566677126e+00
3.738012198344561998e+00
3.738012806563292489e+00
3.738013608727733583e+00
3.738013465205574093e+00
3.738013938024824068e+00
3.738014012146425813e+00
3.738014822578604068e+00
3.738014857517184542e+00
3.738014982144558296e+00
3.738015297354545297e+00
3.738016043496627638e+00
3.738017374552796479e+00
3.738017670005116866e+00
3.738018471366267192e+00
3.738018761947691004e+00
3.738019185539986466e+00
3.738019645822947545e+00
3.738019984118612360e+00
3.738019981164768524e+00
3.738020818541072821e+00
3.738020727079214733e+00
3.738022163877808168e+00
3.738022012208735756e+00
3.738022709670266952e+00
3.738023424003872552e+00
3.738024625858345829e+00
3.738024575803017502e+00
3.738025336436715751e+00
3.738025435267407826e+00
3.738027427566133820e+00
3.738028856007009182e+00
3.738028593175021896e+00
3.738030196852859977e+00
3.738029780373727018e+00
3.738030343882379203e+00
3.738030281815726052e+00
3.738030347999840686e+00
3.738030683995229975e+00
3.738031478339240543e+00
3.738031750097741579e+00
3.738032376050972605e+00
3.738033041709526216e+00
3.738032956316799105e+00
3.738034147025901532e+00
3.738034408444324441e+00
3.738034271139555997e+00
3.738034636443640757e+00
3.738035836471694129e+00
3.738036481131618682e+00
3.738036498461798196e+00
3.738036931842797284e+00
3.738037184651572975e+00
3.738037679429464077e+00
3.738037850441346954e+00
3.738039375291971833e+00
3.738039449924849045e+00
3.738039609830172694e+00
3.738040261198670056e+00
3.738040711484138967e+00
3.738040809588497382e+00
3.738041618546373179e+00
3.738042418164720715e+00
3.738042768197403998e+00
3.738043197295902065e+00
3.738044561232959140e+00
3.738044233401571326e+00
3.738044286556257312e+00
3.738045626263944321e+00
3.738046082820483562e+00
3.738046005925794724e+00
3.738046195873773847e+00
3.738046480578437691e+00
3.738049022332739835e+00
3.738048754017416098e+00
3.738048789751694301e+00
3.738049534368661941e+00
3.738049477333456938e+00
3.738050398539718433e+00
3.738051563744965389e+00
3.738051625169168890e+00
3.738052192245526761e+00
3.738052454163205862e+00
3.738052676216863546e+00
3.738052987442640251e+00
3.738053740526653623e+00
3.738053799429257307e+00
3.738054056822667448e+00
3.738054584013226211e+00
3.738055071643540117e+00
3.738055818201972080e+00
3.738056123062357461e+00
3.738057452533057212e+00
3.738057425597533623e+00
3.738058319385924477e+00
3.738058957405889782e+00
3.738058945781331133e+00
3.738059344796035965e+00
3.738060844160599139e+00
3.738061257637017132e+00
3.738061652165239668e+00
3.738062446209834633e+00
3.738062330346624496e+00
3.738062688389991894e+00
3.738062832289803517e+00
3.738063889370390136e+00
3.738064049773161202e+00
3.738064451300251445e+00
3.738065128924588976e+00
3.738066280631313631e+00
3.738066807716036166e+00
3.738067909723617799e+00
3.738069014775690757e+00
3.738068738353300002e+00
3.738069045826823089e+00
3.738069098920160371e+00
3.738069218579809672e+00
3.738069109511162669e+00
3.738069499624354641e+00
3.738069958805359416e+00
3.738071759143126283e+00
3.738073059253738339e+00
3.738073062577373484e+00
3.738073143798289699e+00
3.738073657753750112e+00
3.738073279358099299e+00
3.738073785921344871e+00
3.738073835754003316e+00
3.738074956494905177e+00
3.738075044223656995e+00
3.738076991744468280e+00
3.738077622168118452e+00
3.738077573859595937e+00
3.738077902261438545e+00
3.738078239386569468e+00
3.738078561331069416e+00
3.738078611792086114e+00
3.738079338518679684e+00
3.738079861730842612e+00
3.738079865311680017e+00
3.738079976417454819e+00
3.738080580545895870e+00
3.738081706804055937e+00
3.738081360372811801e+00
3.738081824198671743e+00
3.738082384514920253e+00
3.738083187403825836e+00
3.738083501824593036e+00
3.738083729510687014e+00
3.738084375091987877e+00
3.738084907174370919e+00
3.738085061637931528e+00
3.738085667680528523e+00
3.738086177094152251e+00
3.738086638874110523e+00
3.738087464741484567e+00
3.738088033471256288e+00
3.738088245570929669e+00
3.738088275395414328e+00
3.738088385838480132e+00
3.738089429337548175e+00
3.738089947869185359e+00
3.738090029588999386e+00
3.738090825303113540e+00
3.738090693549696475e+00
3.738091417464603161e+00
3.738091713276341821e+00
3.738092253623904959e+00
3.738092058526178096e+00
3.738092387120825144e+00
3.738092872586669113e+00
3.738092757527898158e+00
3.738092625165331473e+00
3.738093268063865882e+00
3.738094440165181886e+00
3.738095146656270629e+00
3.738094891664125452e+00
3.738095149299432762e+00
3.738095681081054167e+00
3.738096251229929834e+00
3.738096314542685761e+00
3.738096979776186934e+00
3.738097372792782647e+00
3.738097745861899135e+00
3.738098701482214903e+00
3.738099247698567495e+00
3.738099614526041226e+00
3.738099758907901915e+00
3.738100123799978469e+00
3.738100654719861637e+00
3.738100400022442482e+00
3.738101433703585830e+00
3.738101430834244621e+00
3.738101551369559239e+00
3.738101861058797049e+00
3.738102080142549521e+00
3.738103498059027974e+00
3.738103577295849078e+00
3.738103449371506848e+00
3.738103690887141894e+00
3.738104546012881446e+00
3.738105369248980292e+00
3.738105600844413345e+00
3.738105674572008486e+00
3.738105970793243138e+00
3.738106299577295566e+00
3.738106697287011393e+00
3.738106836386279497e+00
3.738106943764483159e+00
3.738107558469095704e+00
3.738107938454262147e+00
3.738108786929482896e+00
3.738108989565438023e+00
3.738109171777233453e+00
3.738109106123875591e+00
3.738109945790900390e+00
3.738109939391089487e+00
3.738110267612482218e+00
3.738110516863726307e+00
3.738111216958720728e+00
3.738112091291490469e+00
3.738112040314247597e+00
3.738112390338393265e+00
3.738112348557192988e+00
3.738112723231537426e+00
3.738113157825998289e+00
3.738114787689540197e+00
3.738114320129766632e+00
3.738115102170374904e+00
3.738115486447766145e+00
3.738115300880617387e+00
3.738115850803950035e+00
3.738116265301552499e+00
3.738116528507774206e+00
3.738117449715693486e+00
3.738117661287315041e+00
3.738118718904681170e+00
3.738118392414932156e+00
3.738119362442428262e+00
3.738120655265791736e+00
3.738122176973828203e+00
3.738128278882971500e+00
3.738143664918860409e+00
3.738188022908436547e+00
3.738294130375555469e+00
3.738502000457501140e+00
3.738810832340464962e+00
3.739184894903300194e+00
3.739579933306297566e+00
3.740034718194168217e+00
3.740422996654439558e+00
3.740818540571172690e+00
3.741212843573664237e+00
3.741631297899346897e+00
3.742053800474897773e+00
3.742479310794850633e+00
3.742902834079566254e+00
3.743286432987964041e+00
3.743668711237341462e+00
3.744064214083332232e+00
3.744467226793372294e+00
3.744861079019768724e+00
3.745293012472733274e+00
3.745688064758771585e+00
3.746118714038802366e+00
3.746577256382668697e+00
3.747029365147799052e+00
3.747474925499021836e+00
3.747916385059540278e+00
3.748244195616505792e+00
3.748632670080647600e+00
3.749037741754888131e+00
3.749431009391232195e+00
3.749830582390714984e+00
3.750210710191997698e+00
3.750642446014296194e+00
3.751075541638834387e+00
3.751452542253018940e+00
3.751855638907941604e+00
3.752253600775540043e+00
3.752646243475747934e+00
3.753047611605859313e+00
3.753450793609733438e+00
3.753860561372478699e+00
3.754280315247974453e+00
3.754671324567777191e+00
3.755098874934522435e+00
3.755525956445883828e+00
3.755939073343025569e+00
3.756266801789708953e+00
3.756690476868997042e+00
3.757042333308510784e+00
3.757444825267498345e+00
3.757836319710290418e+00
3.758241776990352445e+00
3.758632120564843859e+00
3.759030050202586182e+00
3.759424932175184253e+00
3.759833444496158528e+00
3.760236121864630743e+00
3.760664525843429029e+00
3.761029412092943502e+00
3.761445401675122202e+00
3.761839394626118160e+00
3.762169462796993269e+00
3.762545298148548767e+00
3.762960328609591176e+00
3.763359845748539101e+00
3.763752008324939613e+00
3.764175511759976445e+00
3.764533480232414853e+00
3.764928778143735499e+00
3.765330868120639884e+00
3.765739105321001645e+00
3.766155688413741043e+00
3.766520770051248856e+00
3.766951459726356699e+00
3.767335675350753643e+00
3.767648675556857452e+00
3.768038266778584333e+00
3.768462597384805601e+00
3.768854195250797456e+00
3.769271485349896533e+00
3.769682059385706996e+00
3.770109421564708629e+00
3.770519185115348559e+00
3.770891987489240815e+00
3.771307641926831433e+00
3.771734348884251631e+00
3.772135132041309902e+00
3.772527537601860104e+00
3.772946555273464675e+00
3.773340598840416948e+00
3.773759773990449151e+00
3.774184610834236953e+00
3.774574796182421199e+00
3.774993054766032863e+00
3.775402405458939459e+00
3.775810600984551346e+00
3.776242184089040776e+00
3.776664864107195374e+00
3.777101424806758700e+00
3.777539415048008831e+00
3.777957590870501647e+00
3.778368006449301042e+00
3.778788251708766754e+00
3.779210031172344220e+00
3.779617834253168329e+00
3.780020365015095862e+00
3.780450200778225245e+00
3.780855230096955566e+00
3.781248634534139175e+00
3.781655458875376574e+00
3.782106959666232893e+00
3.782538425563878093e+00
3.782949907632355835e+00
3.783369296698378736e+00
3.783809756264339796e+00
3.784212629346313417e+00
3.784641111109970701e+00
3.785058377426224752e+00
3.785460387817592753e+00
3.785891058441634538e+00
3.786290410138566820e+00
3.786678411534929900e+00
3.787117857129829179e+00
3.787529527922769201e+00
3.787965224038223777e+00
3.788386717026331230e+00
3.788780671566206237e+00
3.789217301137786098e+00
3.789629214474985019e+00
3.790067851199288462e+00
3.790469707297030588e+00
3.790911304529303916e+00
3.791350150952434550e+00
3.791730631887687775e+00
3.792156102408152929e+00
3.792549945564789304e+00
3.792966119944515047e+00
3.793385834256748357e+00
3.793795432472270690e+00
3.794220594730840279e+00
3.794678253653114730e+00
3.795132009221962033e+00
3.795544059226855005e+00
3.795971986155986411e+00
3.796392017063941804e+00
3.796778828673754269e+00
3.797221719040106525e+00
3.797664237524390085e+00
3.798052596918661816e+00
3.798500328623586331e+00
3.798940063993087257e+00
3.799391798868874126e+00
3.799812924156330762e+00
3.800251446536989430e+00
3.800667591897694653e+00
3.801106057739232824e+00
3.801520386484602554e+00
3.801937421634666858e+00
3.802357222902305711e+00
3.802804838653333963e+00
3.803234410951159994e+00
3.803630324995086465e+00
3.804055623394510199e+00
3.804487806828757535e+00
3.804956991738325911e+00
3.805416760448404823e+00
3.805811189878608669e+00
3.806220803363444372e+00
3.806661871837262900e+00
3.807084847726483368e+00
3.807554057946389126e+00
3.808007688037022387e+00
3.808425512990807338e+00
3.808863173799365676e+00
3.809284716121895453e+00
3.809696604597136993e+00
3.810123235558179555e+00
3.810551389772506958e+00
3.810977846270113378e+00
3.811418609249623390e+00
3.811851886063092998e+00
3.812294451960161368e+00
3.812724517445931660e+00
3.813174294415929033e+00
3.813570404613386255e+00
3.814028144210070081e+00
3.814477278156823026e+00
3.814910887732704037e+00
3.815340121602435630e+00
3.815787065695189550e+00
3.816214003324987836e+00
3.816640962751851607e+00
3.817082427649336474e+00
3.817491608622125554e+00
3.817945834953489381e+00
3.818354621903052415e+00
3.818803292870150301e+00
3.819265459661504103e+00
3.819670550404538290e+00
3.820131507831434625e+00
3.820589211917888584e+00
3.821035171016044174e+00
3.821469986736512503e+00
3.821918659126582352e+00
3.822379886404944749e+00
3.822763977561936866e+00
3.823209871286450845e+00
3.823656390643038083e+00
3.824105921060636071e+00
3.824510488055119506e+00
3.824928846270932326e+00
3.825379812282230674e+00
3.825803557886324757e+00
3.826232873275187352e+00
3.826631558804577615e+00
3.827095503414881694e+00
3.827550425992698901e+00
3.827986625209307991e+00
3.828370806844868302e+00
3.828840816294374783e+00
3.829236880926802478e+00
3.829696263626014119e+00
3.830135468255650988e+00
3.830568525445762873e+00
3.831012947010481895e+00
3.831450310461053554e+00
3.831832906058691091e+00
3.832308780872295095e+00
3.832710845400371102e+00
3.833162333272845057e+00
3.833611850989788739e+00
3.834046384921696582e+00
3.834436088485541294e+00
3.834895477076208703e+00
3.835336317200300993e+00
3.835736292061284747e+00
3.836147709487740531e+00
3.836566428993443356e+00
3.836993721785921352e+00
3.837428112267376790e+00
3.837818124544514653e+00
3.838275529702916522e+00
3.838676750852293207e+00
3.839144582797755945e+00
3.839579989209592981e+00
3.839987957743439484e+00
3.840370480810674003e+00
3.840811130823680308e+00
3.841204376324878655e+00
3.841664096680043716e+00
3.842073718245543112e+00
3.842498322966074298e+00
3.842896341657775050e+00
3.843333785434309480e+00
3.843736211751734633e+00
3.844175918332867425e+00
3.844590086889546843e+00
3.844996770809076203e+00
3.845410125853071293e+00
3.845834100417800272e+00
3.846269798098791437e+00
3.846660950873306284e+00
3.847131255100355585e+00
3.847564954383741576e+00
3.847978879684853748e+00
3.848366943271455565e+00
3.848803023901321563e+00
3.849201633116269505e+00
3.849591061397588998e+00
3.850037114987451048e+00
3.850542691983640520e+00
3.851036630743621902e+00
3.851444736277803038e+00
3.851830897940930587e+00
3.852286638818030351e+00
3.852718884486041606e+00
3.853132409395506386e+00
3.853535580672865724e+00
3.853995729902485401e+00
3.854391668002376647e+00
3.854789648412460856e+00
3.855192191398539858e+00
3.855648110078331303e+00
3.856109151574760752e+00
3.856553433124432662e+00
3.856977649515232809e+00
3.857407472807781179e+00
3.857872646265352312e+00
3.858279103666522047e+00
3.858664528966677665e+00
3.859101281285220786e+00
3.859573274817296173e+00
3.859987710523988369e+00
3.860450757081886231e+00
3.860913922027115586e+00
3.861324134296236554e+00
3.861701498935358412e+00
3.862039514567432441e+00
3.862445441975511429e+00
3.862846421686606302e+00
3.863251555764830147e+00
3.863683542827581086e+00
3.864095650756942835e+00
3.864500175657103576e+00
3.864901237685025137e+00
3.865313961028890688e+00
3.865716782312163424e+00
3.866245505297202012e+00
3.866645826718176693e+00
3.867111463685773742e+00
3.867510782828356142e+00
3.867882422402661113e+00
3.868268409072223246e+00
3.868686545214410799e+00
3.869078296794134619e+00
3.869482410710245013e+00
3.869884683234236178e+00
3.870298325108433080e+00
3.870697727237430552e+00
3.871143431655531764e+00
3.871586339302419244e+00
3.872026816535930394e+00
3.872444333039326114e+00
3.872863898873302624e+00
3.873472355739647988e+00
3.873907326126393436e+00
3.874351669329140879e+00
3.874770968884248656e+00
3.875140362697303331e+00
3.875551879266069477e+00
3.876159561682007482e+00
3.876576678789542374e+00
3.877241719824362498e+00
3.877610476462460376e+00
3.878047191912696423e+00
3.878486580815582840e+00
3.878813454459311139e+00
3.879465513967386592e+00
3.879882026736727330e+00
3.880671203167806560e+00
3.881084108818176226e+00
3.881461300514504220e+00
3.881808101434919056e+00
3.882151257194699667e+00
3.882490553632766073e+00
3.882846040036944668e+00
3.883244905350552667e+00
3.883640795560475478e+00
3.884013418809231677e+00
3.884438704246448104e+00
3.884869278990930486e+00
3.885474453304514242e+00
3.886002356706381722e+00
3.886477323588711563e+00
3.886954317990495955e+00
3.887504790551577827e+00
3.887960050839156523e+00
3.888395964822032536e+00
3.888835715849794372e+00
3.889240801636354217e+00
3.889617273103076034e+00
3.890032885134064422e+00
3.890465392273169343e+00
3.891161795466758999e+00
3.891672219918924647e+00
3.892416017225178493e+00
3.892931197094982032e+00
3.893406303980051053e+00
3.893867057033078893e+00
3.894250634381512644e+00
3.894626998806976825e+00
3.895038347677065804e+00
3.895466316027389020e+00
3.895863039479177559e+00
3.896240171620785731e+00
3.896853068179142010e+00
3.897083642323719399e+00
3.897258916871829015e+00
3.897439907439188111e+00
3.897325385279763132e+00
3.897226823344960955e+00
3.897162121627878228e+00
3.897147043966410873e+00
3.897074572103334855e+00
3.897028788223255269e+00
3.897009994096656715e+00
3.897040354025667952e+00
3.897066381749519692e+00
3.897068859000721641e+00
3.897091833187583454e+00
3.897105706132893310e+00
3.897126380849069704e+00
3.897134713731204236e+00
3.897131557077002206e+00
3.897126081387050966e+00
3.897139418075054706e+00
3.897121028951554322e+00
3.897111463905916118e+00
3.897130172728338504e+00
3.897119606863934216e+00
3.897122347636051476e+00
3.897128943424857273e+00
3.897147424528538906e+00
3.897152449629579962e+00
3.897145387229123958e+00
3.897156435899428395e+00
3.897171948666035668e+00
3.897171184446946324e+00
3.897188518331824003e+00
3.897202571254990033e+00
3.897210225716701615e+00
3.897213099249432933e+00
3.897224118012612593e+00
3.897226668476819533e+00
3.897232401353453835e+00
3.897232285287113296e+00
3.897247355464006802e+00
3.897261897165778866e+00
3.897279597465454604e+00
3.897288757574612017e+00
3.897311844785807722e+00
3.897310110634242264e+00
3.897319345779466815e+00
3.897314287680437417e+00
3.897310265556975573e+00
3.897301867961071142e+00
3.897315199916683959e+00
3.897309177783061518e+00
3.897321404376584475e+00
3.897317622482977306e+00
3.897316153653258564e+00
3.897321998483371353e+00
3.897327323987027192e+00
3.897333826587904504e+00
3.897355456244185667e+00
3.897355054247039430e+00
3.897367462224821555e+00
3.897356373288016318e+00
3.897364568575868660e+00
3.897386006360870070e+00
3.897387807802294546e+00
3.897393605155574203e+00
3.897408837535051962e+00
3.897392541860301485e+00
3.897396782435413876e+00
3.897399896273963549e+00
3.897402319327419207e+00
3.897416821014608068e+00
3.897413223123017634e+00
3.897416254855486706e+00
3.897427622184344909e+00
3.897431480969675732e+00
3.897421774666510519e+00
3.897426487956769048e+00
3.897441185688669929e+00
3.897439573536618962e+00
3.897444573640307386e+00
3.897465000738566943e+00
3.897466902792234400e+00
3.897479471535582718e+00
3.897469935124652007e+00
3.897478946072136186e+00
3.897482891649781678e+00
3.897499634347836750e+00
3.897514877500568797e+00
3.897529712785866352e+00
3.897546951930682457e+00
3.897564215345596494e+00
3.897575734358016408e+00
3.897585055900781636e+00
3.897586217910840922e+00
3.897584523736478790e+00
3.897587093889172127e+00
3.897592124200583541e+00
3.897595610003400157e+00
3.897609206909293800e+00
3.897603841399770896e+00
3.897603393439110775e+00
3.897615880856170278e+00
3.897630315586197103e+00
3.897635348112749476e+00
3.897643344076002769e+00
3.897651790498422475e+00
3.897652404382927038e+00
3.897662015706867766e+00
3.897663402274179845e+00
3.897683443647436796e+00
3.897684111902484538e+00
3.897688555854056602e+00
3.897699021315785828e+00
3.897712366254439953e+00
3.897717961831750788e+00
3.897716744850071358e+00
3.897720489437988878e+00
3.897729750936657744e+00
3.897735194578370255e+00
3.897733634683427262e+00
3.897739677984157769e+00
3.897746998567859222e+00
3.897745247423550552e+00
3.897751272972221681e+00
3.897748377909691087e+00
3.897751786489122683e+00
3.897759477024795416e+00
3.897758280379846507e+00
3.897766696854292334e+00
3.897771082052286840e+00
3.897779240585917293e+00
3.897778322493696379e+00
3.897788161725287637e+00
3.897792398627832000e+00
3.897797667907568542e+00
3.897798157625044890e+00
3.897808445863464755e+00
3.897819777040286038e+00
3.897817184611798602e+00
3.897825427809266774e+00
3.897823083094012375e+00
3.897830392947609912e+00
3.897833575366111081e+00
3.897848746157846822e+00
3.897850974059870577e+00
3.897863106276759915e+00
3.897866084089605554e+00
3.897873182894215471e+00
3.897888851947358457e+00
3.897901624422555500e+00
3.897896749840715547e+00
3.897908025287473155e+00
3.897925704140982717e+00
3.897927677751914288e+00
3.897931966157379691e+00
3.897938840536189886e+00
3.897937867445068871e+00
3.897935919047211595e+00
3.897940076223084027e+00
3.897951629170480992e+00
3.897946973856420971e+00
3.897950334354972846e+00
3.897953932641717856e+00
3.897951341961013672e+00
3.897951393487130378e+00
3.897956598254316063e+00
3.897955419855690273e+00
3.897957251198543194e+00
3.897959126447537948e+00
3.897968731196360004e+00
3.897985096190912380e+00
3.897989557309236464e+00
3.897988410094889389e+00
3.897996341748182658e+00
3.898006733349494546e+00
3.898008251948774205e+00
3.898012428459378675e+00
3.898012914448117705e+00
3.898026090104434793e+00
3.898033682935776234e+00
3.898036875807394885e+00
3.898050481321579497e+00
3.898056250007071455e+00
3.898060146864257725e+00
3.898064029914239725e+00
3.898073488110116891e+00
3.898079917357830659e+00
3.898083067098174315e+00
3.898092023160544706e+00
3.898094909295601429e+00
3.898099679670595119e+00
3.898107356346380392e+00
3.898120020734555435e+00
3.898127573805995727e+00
3.898128930302815931e+00
3.898126844719836281e+00
3.898127759284656157e+00
3.898138648668107109e+00
3.898136804108662812e+00
3.898139253855728903e+00
3.898141515287172343e+00
3.898148864152890969e+00
3.898154626470361261e+00
3.898163036298966766e+00
3.898175254484650409e+00
3.898173946575742566e+00
3.898180676032831027e+00
3.898181395536363336e+00
3.898182327543948666e+00
3.898190638202474023e+00
3.898204931530952155e+00
3.898217344139892404e+00
3.898224614362456819e+00
3.898234344437630838e+00
3.898238281305449249e+00
3.898240914239180288e+00
3.898246242781614690e+00
3.898253270238768220e+00
3.898257963458575226e+00
3.898257833276770778e+00
3.898261404370065630e+00
3.898267718908837498e+00
3.898279072069787965e+00
3.898289949102527796e+00
3.898298267478085943e+00
3.898307345463364104e+00
3.898312288672669101e+00
3.898313677859119419e+00
3.898318995742786175e+00
3.898327091261710287e+00
3.898329583920929764e+00
3.898335907236399667e+00
3.898332849353948415e+00
3.898338664826499489e+00
3.898342454819638370e+00
3.898347788819770177e+00
3.898352408416582371e+00
3.898358533563376582e+00
3.898368451444298000e+00
3.898372457381181988e+00
3.898385832351142888e+00
3.898393549940188496e+00
3.898401809633415205e+00
3.898413738590972510e+00
3.898421366181691106e+00
3.898433342629937570e+00
3.898440651251013911e+00
3.898444389046612280e+00
3.898455050000461330e+00
3.898457685057212796e+00
3.898460291965582858e+00
3.898467064155450856e+00
3.898471014448889882e+00
3.898473690491466304e+00
3.898484519771147738e+00
3.898491547371430777e+00
3.898495836492395394e+00
3.898501260713475691e+00
3.898513514619008635e+00
3.898510648529767586e+00
3.898519406092006534e+00
3.898522685594512094e+00
3.898527729734106551e+00
3.898538657742893321e+00
3.898552204579101232e+00
3.898563689501220786e+00
3.898572415070707287e+00
3.898581883217554278e+00
3.898586047689426515e+00
3.898587791715419915e+00
3.898596735902148502e+00
3.898606837455196761e+00
3.898613347700216281e+00
3.898626425638387349e+00
3.898629196552691134e+00
3.898640612154220975e+00
3.898648491932017901e+00
3.898658189399925700e+00
3.898669146592355528e+00
3.898678179044531955e+00
3.898683743390502165e+00
3.898688393834314869e+00
3.898697235514612558e+00
3.898712361936003568e+00
3.898716608069193512e+00
3.898722006110443949e+00
3.898721058075151014e+00
3.898731425606176693e+00
3.898745094842417824e+00
3.898755400603700849e+00
3.898763275269770734e+00
3.898772340165283179e+00
3.898778754346349462e+00
3.898784806666173441e+00
3.898788662621480494e+00
3.898793085195893404e+00
3.898803848551915419e+00
3.898815817306815035e+00
3.898821068574599202e+00
3.898824632819374081e+00
3.898838995138236729e+00
3.898846617566621653e+00
3.898849699075237929e+00
3.898855656718527740e+00
3.898859004333394385e+00
3.898865592063803120e+00
3.898871511908424736e+00
3.898881481555377615e+00
3.898887424120966561e+00
3.898896043403520473e+00
3.898896307691233964e+00
3.898897862111627699e+00
3.898907850305018741e+00
3.898914381062840828e+00
3.898920773225960090e+00
3.898925676817805108e+00
3.898934236658773589e+00
3.898936694400728875e+00
3.898941664231212911e+00
3.898952301814742505e+00
3.898959144614114525e+00
3.898973552297087419e+00
3.898979618522491197e+00
3.898988933211205321e+00
3.898998887773065469e+00
3.899007758666038104e+00
3.899015478731396200e+00
3.899022506106445629e+00
3.899026521657547484e+00
3.899031112700730439e+00
3.899041458853824693e+00
3.899045286554046363e+00
3.899053168220095511e+00
3.899058702054593706e+00
3.899073898251988801e+00
3.899079035032630092e+00
3.899079206670245767e+00
3.899087562100876259e+00
3.899096595288337852e+00
3.899106680023604277e+00
3.899119826091304475e+00
3.899122949940182714e+00
3.899127026682812858e+00
3.899134109692875771e+00
3.899145259709346334e+00
3.899151355871625757e+00
3.899158574988952797e+00
3.899161783784667268e+00
3.899170008230351758e+00
3.899179185190841501e+00
3.899189788372757981e+00
3.899198505406346715e+00
3.899204933256852357e+00
3.899218572864806109e+00
3.899233394424596266e+00
3.899245800608372559e+00
3.899253328919224160e+00
3.899260011350528021e+00
3.899264237989345183e+00
3.899274832783038214e+00
3.899283469363560073e+00
3.899293856897905197e+00
3.899295521804924114e+00
3.899308143868876808e+00
3.899315614026098942e+00
3.899320495482711202e+00
3.899327445805433889e+00
3.899332347618556405e+00
3.899342462434020717e+00
3.899348830027422608e+00
3.899355975204266134e+00
3.899366832119499637e+00
3.899371241636347296e+00
3.899381873532397957e+00
3.899386080892474293e+00
3.899392802864323659e+00
3.899403762857850619e+00
3.899412998321743373e+00
3.899417163145055820e+00
3.899424838222079970e+00
3.899435516946180957e+00
3.899450857933114190e+00
3.899458059645417141e+00
3.899466743219456522e+00
3.899469394083439067e+00
3.899483589949046092e+00
3.899495828840723544e+00
3.899499736609773670e+00
3.899510365021374714e+00
3.899522576828284404e+00
3.899533987715544825e+00
3.899544644983961028e+00
3.899555236352952203e+00
3.899562573407243882e+00
3.899568635716946119e+00
3.899576343111187615e+00
3.899589013195104759e+00
3.899598321700316728e+00
3.899611149531329701e+00
3.899619799535099851e+00
3.899623081717850326e+00
3.899631635287118314e+00
3.899640456937044863e+00
3.899646575365000256e+00
3.899651691941850462e+00
3.899656238216231863e+00
3.899665093842973551e+00
3.899667458079252746e+00
3.899678231861075872e+00
3.899685517949247338e+00
3.899695079295969702e+00
3.899704718500146328e+00
3.899710178420296103e+00
3.899718032416394475e+00
3.899725153974733960e+00
3.899733586650885542e+00
3.899743901065827245e+00
3.899754726781288205e+00
3.899764497751308845e+00
3.899776051250738895e+00
3.899789750408624300e+00
3.899801474581576333e+00
3.899813519131149597e+00
3.899825923456361476e+00
3.899836042712848894e+00
3.899847410520401514e+00
3.899849776910071952e+00
3.899860681166566589e+00
3.899870992121392099e+00
3.899877090473327090e+00
3.899885841917358764e+00
3.899891801892483745e+00
3.899899331962150661e+00
3.899903701212344309e+00
3.899911659680034948e+00
3.899916686478718919e+00
3.899922595739402365e+00
3.899933103530394796e+00
3.899941893842835849e+00
3.899951423112057558e+00
3.899957966073502647e+00
3.899964744494487157e+00
3.899976796007613267e+00
3.899987895825027806e+00
3.899992027350788870e+00
3.899994989345558771e+00
3.900007016251783920e+00
3.900013910528989047e+00
3.900020300167740039e+00
3.900024558649460182e+00
3.900031298274378777e+00
3.900036429949522709e+00
3.900043138090023565e+00
3.900050573866063797e+00
3.900058619053839326e+00
3.900065739144180643e+00
3.900067631103471655e+00
3.900073081474201953e+00
3.900077833511435887e+00
3.900086017891715162e+00
3.900089237648370677e+00
3.900094340249553593e+00
3.900095874651738903e+00
3.900098871150516899e+00
3.900101616368628399e+00
3.900109220383040309e+00
3.900116494959816382e+00
3.900124150066732742e+00
3.900132502853848937e+00
3.900140762499008318e+00
3.900148546774936165e+00
3.900157753145898631e+00
3.900163539210880881e+00
3.900169945750956657e+00
3.900176346452033815e+00
3.900186935206693573e+00
3.900194162070329984e+00
3.900205566786087541e+00
3.900211712148870635e+00
3.900223157554219888e+00
3.900230769751824145e+00
3.900236107702616195e+00
3.900243184807607566e+00
3.900251535357087018e+00
3.900263210920371648e+00
3.900271187967614850e+00
3.900275461728955673e+00
3.900282903934983114e+00
3.900294268029610656e+00
3.900297175099945779e+00
3.900304206910135907e+00
3.900314232432371409e+00
3.900319259234913183e+00
3.900331143110689069e+00
3.900338325119996341e+00
3.900343498809058396e+00
3.900350907942156109e+00
3.900360580186408299e+00
3.900363029702190065e+00
3.900367668698182744e+00
3.900378242622978942e+00
3.900384840128401365e+00
3.900390293919754114e+00
3.900394768612919894e+00
3.900401204418503465e+00
3.900407894565944833e+00
3.900420651895657453e+00
3.900423144020078059e+00
3.900430635635644183e+00
3.900436817636459885e+00
3.900449900731818076e+00
3.900452626499952835e+00
3.900461192060355131e+00
3.900463798498120305e+00
3.900469924698021895e+00
3.900479744955136052e+00
3.900485605342947526e+00
3.900492224374548567e+00
3.900501154462132192e+00
3.900507612140080127e+00
3.900513104226762007e+00
3.900520661148619173e+00
3.900523399334405728e+00
3.900526009891861712e+00
3.900528659431867773e+00
3.900536365097008851e+00
3.900542040923589138e+00
3.900553898339780723e+00
3.900553787537201611e+00
3.900559267946150044e+00
3.900562666811409063e+00
3.900566010575363673e+00
3.900569656729409473e+00
3.900576067768607658e+00
3.900585746746364268e+00
3.900589588889873394e+00
3.900594680482039944e+00
3.900600866349713591e+00
3.900606946717212864e+00
3.900616131591213787e+00
3.900621409907307768e+00
3.900630224823594006e+00
3.900637513628967046e+00
3.900646290390874515e+00
3.900650209793098622e+00
3.900658234949836434e+00
3.900668363330030086e+00
3.900671327517572617e+00
3.900679267966447483e+00
3.900689341742437755e+00
3.900696157310846512e+00
3.900703706240947533e+00
3.900715865803770832e+00
3.900724277676408391e+00
3.900729307406414659e+00
3.900736707344704790e+00
3.900741841181914804e+00
3.900748324911771370e+00
3.900753221214729560e+00
3.900756581948436441e+00
3.900762718106533633e+00
3.900771352434423189e+00
3.900779270683568445e+00
3.900787577026902486e+00
3.900799287540093196e+00
3.900802458872384637e+00
3.900805394709228491e+00
3.900809599930584515e+00
3.900818325605003967e+00
3.900825882603916384e+00
3.900830451454520009e+00
3.900837862718105509e+00
3.900844340773721441e+00
3.900851404509418252e+00
3.900857145064764442e+00
3.900868283409137494e+00
3.900884323468140291e+00
3.900889888606985600e+00
3.900900648715758479e+00
3.900907548581409312e+00
3.900917392172341902e+00
3.900923336927797802e+00
3.900930435807103080e+00
3.900931282767946762e+00
3.900939479319024628e+00
3.900943089505002348e+00
3.900948776350975589e+00
3.900953259097190262e+00
3.900955774114279073e+00
3.900964311618262848e+00
3.900970827635938054e+00
3.900974682619648526e+00
3.900979680104097014e+00
3.900986454174693918e+00
3.900991771983341572e+00
3.900996433910330907e+00
3.900999742476089605e+00
3.901008278118933248e+00
3.901017101202931325e+00
3.901025454731551267e+00
3.901030925713136810e+00
3.901039207103052409e+00
3.901043245405019455e+00
3.901045990078712666e+00
3.901056382359415320e+00
3.901062734364393769e+00
3.901070939305450569e+00
3.901076994056828617e+00
3.901080621592851294e+00
3.901089367411845643e+00
3.901096832318340812e+00
3.901100199851444295e+00
3.901106091413727661e+00
3.901115815986431201e+00
3.901123704097816169e+00
3.901133824896155566e+00
3.901139420349385212e+00
3.901138536393103262e+00
3.901146382732158635e+00
3.901148511815093478e+00
3.901155095110877102e+00
3.901160703195619472e+00
3.901170169000547805e+00
3.901178237879739719e+00
3.901181717004750027e+00
3.901191306397706171e+00
