2.573470659910666480e+00
2.575102787663086090e+00
2.577229464997845554e+00
2.579273484794615712e+00
2.580620507341214509e+00
2.581331167854805653e+00
2.581757481158145406e+00
2.582110920828872835e+00
2.582474682315615055e+00
2.582879235860829681e+00
2.583336016656539780e+00
2.583847983296585049e+00
2.584413299447935408e+00
2.585027463320499930e+00
2.586209094736230174e+00
2.586741258406448196e+00
2.587332605182016021e+00
2.588001058015718669e+00
2.588862549586536943e+00
2.589553259198166923e+00
2.590361550430154924e+00
2.591272525996586307e+00
2.591996893581079320e+00
2.592807595784825558e+00
2.593670124527590826e+00
2.594145834525011907e+00
2.594788280040343675e+00
2.595551996899654768e+00
2.596101572884470077e+00
2.596775273274420925e+00
2.597448406303317636e+00
2.598045027401175933e+00
2.598745232701100250e+00
2.599358027317135278e+00
2.600027946989345917e+00
2.600773294826369320e+00
2.601355918679665979e+00
2.602031751143030203e+00
2.602749768559685428e+00
2.603552799369940551e+00
2.604330076500502855e+00
2.605283495996022491e+00
2.606091809286995797e+00
2.606911193337885457e+00
2.607907574588120170e+00
2.608699375556216449e+00
2.609530227308211714e+00
2.610418252656109939e+00
2.611085936416071895e+00
2.612054586318927285e+00
2.612793889690494975e+00
2.613284080310553925e+00
2.614225253836657270e+00
2.614964457676808074e+00
2.615504882650317331e+00
2.616400706567442835e+00
2.617124911130665588e+00
2.618063387165460387e+00
2.618548316328659364e+00
2.619319169363417910e+00
2.620115133071297286e+00
2.620693956155165871e+00
2.621484257228066994e+00
2.622251840219933960e+00
2.623162900475351389e+00
2.623874607699546058e+00
2.624753998709256297e+00
2.625692429970201136e+00
2.626670448313142447e+00
2.627676047875544540e+00
2.628699750429739801e+00
2.629776260158540602e+00
2.630849764121542478e+00
2.631922367419445852e+00
2.632995369489745219e+00
2.634069649688411285e+00
2.635145835131691872e+00
2.635928718219568090e+00
2.637579229607143638e+00
2.638505311608505544e+00
2.639043539725744125e+00
2.639754360063069960e+00
2.640844612766424682e+00
2.641631037107372570e+00
2.641931297223450770e+00
2.642473422486466994e+00
2.643113949083406578e+00
2.643874255819269159e+00
2.644489303978851513e+00
2.645209761138975324e+00
2.645911653299776400e+00
2.646563910244976281e+00
2.647271401581988037e+00
2.648232455105248295e+00
2.648797482510517831e+00
2.649440375826681571e+00
2.650400232451412652e+00
2.651282269613302489e+00
2.651847405458427787e+00
2.652705749552083159e+00
2.653053219809968777e+00
2.653835998705433408e+00
2.654713669065913884e+00
2.655582598769633318e+00
2.656183923455522233e+00
2.657037875099233837e+00
2.657760786590019020e+00
2.658594265280729285e+00
2.659396802536456050e+00
2.660258822559750769e+00
2.661090459938407093e+00
2.661897912819013445e+00
2.662684222692706548e+00
2.663455871709464073e+00
2.664219106179384511e+00
2.664979010829727546e+00
2.665739430589479930e+00
2.666503146482902764e+00
2.667272098032168248e+00
2.668047582855899602e+00
2.668830413722883321e+00
2.669621034472332788e+00
2.670432766775069577e+00
2.671259639693292165e+00
2.672441625079541083e+00
2.673226174345460393e+00
2.674025690827499968e+00
2.674867439725729046e+00
2.675714220156971912e+00
2.676570466440220120e+00
2.677468504696923546e+00
2.678300190539829817e+00
2.679133249147669815e+00
2.679207581216251022e+00
2.679673978750883645e+00
2.680278302440380678e+00
2.681273634399097272e+00
2.681834684327785823e+00
2.682761280453467290e+00
2.683563739140044646e+00
2.684500211494697197e+00
2.685362834783913577e+00
2.686123243256211435e+00
2.686912882333738484e+00
2.687683678212450911e+00
2.688437238698225595e+00
2.689193612919548837e+00
2.689950823518117762e+00
2.690708115035627124e+00
2.691465291144791383e+00
2.692432746843042679e+00
2.693434702701051897e+00
2.694318577402144310e+00
2.695123150642541709e+00
2.696164473107083737e+00
2.696745858961986819e+00
2.697645550518372737e+00
2.698462613134763988e+00
2.699274679329124460e+00
2.699850797468063224e+00
2.700548305879225897e+00
2.701319930712648532e+00
2.702208513097163589e+00
2.703232147067609059e+00
2.704100001973368972e+00
2.704964755094672046e+00
2.705893932664845014e+00
2.706585201132318375e+00
2.707546575375507025e+00
2.708438821186892387e+00
2.708964234758607148e+00
2.709447955894917381e+00
2.710363112049013701e+00
2.711252149538462053e+00
2.711790395553921318e+00
2.712682863234155750e+00
2.713464597725673944e+00
2.714284047716048143e+00
2.715182493428798249e+00
2.715947256003285126e+00
2.717027747956793249e+00
2.717861743728685830e+00
2.718567240338039870e+00
2.719275228014041978e+00
2.720281920574819434e+00
2.721081404629353440e+00
2.721993953171435887e+00
2.722900920166220207e+00
2.723848666723414080e+00
2.724723458348162985e+00
2.725298267494256521e+00
2.726067493132070751e+00
2.727016673011469550e+00
2.727942201917020526e+00
2.728919989458946649e+00
2.729941318958239105e+00
2.730998434712714751e+00
2.732084715136878117e+00
2.733194644108009275e+00
2.734323704557978463e+00
2.735468245060295622e+00
2.736625344109074653e+00
2.737792683832014351e+00
2.738968437185715032e+00
2.740102220245258291e+00
2.741130866549496226e+00
2.742344006461720163e+00
2.743325839704388702e+00
2.744157488970994319e+00
2.745053324370561487e+00
2.745843852038317490e+00
2.746707386316594945e+00
2.747395690973550852e+00
2.748405207042418752e+00
2.749214368886026438e+00
2.749812048915755369e+00
2.750661426375573981e+00
2.751449237668595504e+00
2.752349296417593294e+00
2.753311974794362182e+00
2.754207540631404161e+00
2.755011559508237173e+00
2.755778738548289919e+00
2.756651631675290037e+00
2.757729697357585330e+00
2.758690654921387875e+00
2.759296104603661259e+00
2.760160755497016005e+00
2.761252139470087741e+00
2.762344993862619447e+00
2.763258341755124192e+00
2.764333699772408615e+00
2.765401059074482859e+00
2.766213132275438635e+00
2.766983949008412047e+00
2.767803544361231438e+00
2.768517332595723968e+00
2.769524278406542361e+00
2.769715981247539816e+00
2.770657145128846199e+00
2.771434653264161163e+00
2.772158954650421059e+00
2.773132583870527856e+00
2.773980388763169103e+00
2.774632431648891728e+00
2.775533650413556153e+00
2.776155894303214744e+00
2.776852843677370064e+00
2.777602539442294738e+00
2.778385832602818351e+00
2.779261986115923122e+00
2.780114715449492735e+00
2.780896995284173556e+00
2.781709234756305271e+00
2.782619505252806658e+00
2.783299431068555485e+00
2.784223294181173980e+00
2.784998104040092404e+00
2.785740045541865939e+00
2.786789671134845214e+00
2.787855759111091292e+00
2.788908707739256698e+00
2.789921303939774777e+00
2.790590593427227706e+00
2.791271033241228938e+00
2.791986604014867979e+00
2.792858377848603801e+00
2.793829789324945079e+00
2.794411874674640028e+00
2.795467497463544948e+00
2.796474158106402097e+00
2.797274529149975653e+00
2.798301021672306099e+00
2.799418092590903129e+00
2.800245395398620385e+00
2.801104324735310236e+00
2.802211280849877806e+00
2.802776829168039718e+00
2.803776919869618300e+00
2.804733040845051040e+00
2.805804727847870161e+00
2.806731032576942120e+00
2.807624201389178786e+00
2.808662225544313440e+00
2.808964727934845307e+00
2.809756376458913518e+00
2.810864385393306186e+00
2.811716884487514001e+00
2.812346985941204469e+00
2.813248863820536183e+00
2.814180907710533752e+00
2.815124211453660763e+00
2.816130645750796191e+00
2.817133455902500749e+00
2.818029283341299429e+00
2.818986863674235455e+00
2.819863623474575753e+00
2.820784348581020229e+00
2.821748742257798703e+00
2.822620605185678588e+00
2.823687528468142638e+00
2.824635160999958927e+00
2.825783255315178266e+00
2.826768401905803252e+00
2.827703173930115721e+00
2.828404881398349779e+00
2.829181257111240910e+00
2.830164299305484299e+00
2.831170744255263383e+00
2.832118903798354737e+00
2.833109716385662225e+00
2.834236953011285198e+00
2.835300113704604108e+00
2.835960545453963366e+00
2.836959146389072206e+00
2.837823056017160006e+00
2.838445685861141765e+00
2.839454108614528849e+00
2.840276009863412554e+00
2.841071312195023513e+00
2.841984353792584628e+00
2.842758416996058468e+00
2.843974578178141144e+00
2.845059430843503101e+00
2.845691315925860110e+00
2.846654186768281303e+00
2.847702960659223237e+00
2.848551658311885948e+00
2.849407558261734419e+00
2.850311430440829685e+00
2.851157755057818211e+00
2.852039116167524480e+00
2.853031343810944254e+00
2.853979858697234029e+00
2.854961239064104817e+00
2.856070552337371726e+00
2.857083642348982266e+00
2.857965714094677256e+00
2.858831011711589376e+00
2.859700150950085895e+00
2.860600513423767755e+00
2.861398448027994590e+00
2.862254718653008290e+00
2.863206341814851008e+00
2.864127164922606550e+00
2.865008964113595624e+00
2.866097988349686876e+00
2.867028378138726463e+00
2.867887110839612230e+00
2.868787442418295974e+00
2.869732601360595048e+00
2.870640185927510135e+00
2.871521944010172689e+00
2.872526699820850737e+00
2.873495621386527255e+00
2.874398596049029031e+00
2.875351125692185761e+00
2.876349790759895164e+00
2.877269817757730941e+00
2.878187577456790436e+00
2.879067058534735324e+00
2.880054755692786461e+00
2.881032834137641441e+00
2.882011159705467840e+00
2.882777245952504508e+00
2.883730444765902678e+00
2.884631983890851181e+00
2.885725789609418612e+00
2.886784149153294621e+00
2.887778937298848714e+00
2.888739936028782651e+00
2.889809565394855451e+00
2.890541748857963888e+00
2.891455420906148710e+00
2.892401141545073440e+00
2.893515619373459469e+00
2.894458539622599691e+00
2.895429129707620231e+00
2.896277905297656829e+00
2.897217454547664328e+00
2.898099686590149382e+00
2.899146145781392292e+00
2.900126298832073513e+00
2.901162952240924575e+00
2.902041054985129875e+00
2.903158172943664628e+00
2.904197432921389765e+00
2.905244351888798260e+00
2.906152136701130484e+00
2.907281931017351440e+00
2.908323251100902063e+00
2.909301154092831077e+00
2.910210772267244117e+00
2.911211582115929453e+00
2.912189622528439603e+00
2.913152958469630960e+00
2.914062249696955931e+00
2.915095848433244541e+00
2.915927419758433281e+00
2.917015331224972030e+00
2.917910115194443321e+00
2.918813456340388690e+00
2.919955193586743825e+00
2.920978654372496930e+00
2.921923983431369276e+00
2.922924425065370979e+00
2.924015185304136732e+00
2.925066162471975595e+00
2.926008179390892305e+00
2.927022982560185227e+00
2.928128141268817597e+00
2.929210359632262950e+00
2.930139767778857873e+00
2.931086822950318638e+00
2.932109390473573107e+00
2.933001631688975763e+00
2.934052353171458183e+00
2.934901306622553552e+00
2.935527661066359872e+00
2.936418050537079605e+00
2.937596248742064819e+00
2.938257869335408667e+00
2.939254580305024511e+00
2.939911721138364076e+00
2.940667129724556350e+00
2.941608890449753932e+00
2.942428659056837148e+00
2.943167180229838475e+00
2.944057318637763654e+00
2.945034473948443754e+00
2.945933195900361845e+00
2.946875351477242777e+00
2.947900182462754426e+00
2.948877442284635109e+00
2.949845189311309124e+00
2.950695011131632128e+00
2.951703263351081130e+00
2.952814151341292881e+00
2.953719626397430353e+00
2.954528841510944304e+00
2.955538734350635632e+00
2.956596503432180167e+00
2.957512566705551293e+00
2.958464917111257364e+00
2.959500709476986291e+00
2.960450578233758012e+00
2.961369848546640426e+00
2.962346626898914703e+00
2.963219790592364067e+00
2.964179280697400554e+00
2.965245339354017684e+00
2.966332083234176409e+00
2.967481643500122779e+00
2.968364664458117197e+00
2.969252092719983693e+00
2.970158652953605039e+00
2.971134416823498992e+00
2.972013573493011318e+00
2.973029139603243109e+00
2.974092768224963379e+00
2.975003511036017123e+00
2.975739997376853019e+00
2.976650284841622529e+00
2.977724027182226507e+00
2.978551395848922922e+00
2.979531912022256090e+00
2.980631880289002389e+00
2.981415563410469094e+00
2.982164567032456137e+00
2.983353061115256111e+00
2.984295378392916476e+00
2.985290574932519370e+00
2.986039570095347262e+00
2.986936104527348590e+00
2.987850901042211405e+00
2.988797681258002381e+00
2.989682622821958180e+00
2.990504847406477040e+00
2.991600043022891953e+00
2.992392586574778246e+00
2.993405589128808941e+00
2.994483726991167494e+00
2.995353011754115169e+00
2.996354550865535593e+00
2.997195487959855242e+00
2.998230944055636282e+00
2.999216732450257439e+00
3.000144228866944207e+00
3.000819556882021288e+00
3.001717437375880149e+00
3.002754431502212551e+00
3.003582632563317478e+00
3.004627006945660650e+00
3.005591119354285468e+00
3.006541309041809829e+00
3.007660838987099350e+00
3.008594048770683038e+00
3.009526829349959964e+00
3.010129647218646731e+00
3.010822147796479165e+00
3.011206768041969184e+00
3.011618897169373366e+00
3.011985438111277613e+00
3.012295513803816327e+00
3.012512035168143143e+00
3.012742255571667194e+00
3.012755581841691122e+00
3.012856447637986879e+00
3.013001918668712253e+00
3.013085068286174728e+00
3.013166161104772645e+00
3.013231122348445812e+00
3.013432671685225550e+00
3.013451881304831215e+00
3.013504053128614135e+00
3.013525762220541360e+00
3.013626397677593438e+00
3.013599417735381536e+00
3.013400955152055971e+00
3.013407817898212215e+00
3.013300778508589239e+00
3.013146874295852484e+00
3.013084616092545520e+00
3.013070065102372741e+00
3.013097285518314461e+00
3.013144268404546189e+00
3.013161424868285643e+00
3.013151786172892699e+00
3.013159519609306169e+00
3.012767269965831218e+00
3.012611595337567838e+00
3.012556732362666523e+00
3.012239662495284964e+00
3.012297244695405052e+00
3.012254074714226348e+00
3.011897466120388778e+00
3.011865354759221791e+00
3.011486880256059706e+00
3.011432621697146317e+00
3.011221989911477159e+00
3.011198595823615154e+00
3.010986458114608411e+00
3.011006963404629921e+00
3.010810412809736381e+00
3.010504118501043713e+00
3.010357842102435733e+00
3.010080063447009735e+00
3.009790746635171210e+00
3.009641010816417772e+00
3.009577784433757675e+00
3.009437447504802243e+00
3.009245362961866288e+00
3.009088133322117997e+00
3.008956154670027416e+00
3.008850653969632027e+00
3.008673528678302844e+00
3.008455879967565139e+00
3.008354264701744718e+00
3.008252983114009904e+00
3.008185821605918076e+00
3.007908324558688395e+00
3.007706501571227431e+00
3.007482568650885479e+00
3.007345688325026689e+00
3.007115576314323135e+00
3.006901778089106081e+00
3.006872386638334227e+00
3.006595245417670981e+00
3.006484494401928664e+00
3.006051413902347313e+00
3.005808757640747508e+00
3.005511048120599771e+00
3.005399603895557714e+00
3.005276455511391553e+00
3.005129289778539547e+00
3.004998504950207927e+00
3.004835283799536239e+00
3.004886285543632241e+00
3.004755496921288405e+00
3.004469991888378821e+00
3.004343483779651436e+00
3.004109691533468851e+00
3.004002753958984862e+00
3.003931701696922474e+00
3.003596292208510210e+00
3.003527105262489005e+00
3.003391664576026354e+00
3.003345349510269102e+00
3.003001990613593186e+00
3.002667676824713805e+00
3.002628887923652012e+00
3.002607502017985208e+00
3.002454464284060265e+00
3.002234900912129412e+00
3.001948409002044738e+00
3.001617933500861035e+00
3.001522953879024236e+00
3.001317427900179524e+00
3.001230802636323247e+00
3.001101305313009782e+00
3.000893123018931075e+00
3.000612870031222901e+00
3.000502434188933698e+00
3.000369969314027330e+00
3.000194877727059950e+00
3.000044678038335189e+00
2.999935576104596269e+00
2.999818070509220558e+00
2.999657869338124616e+00
2.999533876770930529e+00
2.999446635921773741e+00
2.999209692172810193e+00
2.999065953645930982e+00
2.998874918107659493e+00
2.998770214735865469e+00
2.998602583897560070e+00
2.998482522262789995e+00
2.998353883766785799e+00
2.998236243579738503e+00
2.998132848340099077e+00
2.998097339098030556e+00
2.997952561280088801e+00
2.997835556634928622e+00
2.997790658036891820e+00
2.997796558952460888e+00
2.997699078680536644e+00
2.997638175487175705e+00
2.997393489445793868e+00
2.997218135599184929e+00
2.997063918033768815e+00
2.997006415530662604e+00
2.996908204081374372e+00
2.996878736686232614e+00
2.996809669820256872e+00
2.996671565903380241e+00
2.996513776774421878e+00
2.996478301444347458e+00
2.996340290033858267e+00
2.996316412793720740e+00
2.996085930795921115e+00
2.995936696808972233e+00
2.995747385473078062e+00
2.995590241850496049e+00
2.995530063780209140e+00
2.995443561526029086e+00
2.995333463483411673e+00
2.995172774597164356e+00
2.995044244304427394e+00
2.994873812364633459e+00
2.994800950246519822e+00
2.994599080969162497e+00
2.994528986386774783e+00
2.994426870913273753e+00
2.994240685229745846e+00
2.994220250248534221e+00
2.994033020535592282e+00
2.993923724529384600e+00
2.993774648355545409e+00
2.993669684634312045e+00
2.993554077532554647e+00
2.993492138513772716e+00
2.993383654274757610e+00
2.993253551030427673e+00
2.993151151415766265e+00
2.993074930710692527e+00
2.992957508583255599e+00
2.992873479847506513e+00
2.992786481629293061e+00
2.992701419614783198e+00
2.992480818346783700e+00
2.992337927571768752e+00
2.992181377189408575e+00
2.992070001208994690e+00
2.991989281655710098e+00
2.991847317294819675e+00
2.991708438812537452e+00
2.991578715905894192e+00
2.991496856742324351e+00
2.991386801743977308e+00
2.991315258368077323e+00
2.991242865571816623e+00
2.991123274088594464e+00
2.991021423362581810e+00
2.990882807896337425e+00
2.990722735418590350e+00
2.990640207498904690e+00
2.990555322023900953e+00
2.990490778719075315e+00
2.990408170946448507e+00
2.990371048315692004e+00
2.990304904350472359e+00
2.990303724483912351e+00
2.990177435996391964e+00
2.990008716776237474e+00
2.989790870417872171e+00
2.989686908772923868e+00
2.989511790166484939e+00
2.989447206029540727e+00
2.989407844261137814e+00
2.989291976978286858e+00
2.989177392765958619e+00
2.989093990037846371e+00
2.988959216288332499e+00
2.988895110145357581e+00
2.988830267002441587e+00
2.988805683990527484e+00
2.988732372481910371e+00
2.988515284674853945e+00
2.988301616843628938e+00
2.988194838478176685e+00
2.988161820694805293e+00
2.988019059303719693e+00
2.987857378886703330e+00
2.987764948519695540e+00
2.987753731150313730e+00
2.987605040221873232e+00
2.987525291891716783e+00
2.987408947658327207e+00
2.987352627153256890e+00
2.987244297636355572e+00
2.987203557688566935e+00
2.987140119119533477e+00
2.987092027315900289e+00
2.987087545861118798e+00
2.986962547309857552e+00
2.986812597156752958e+00
2.986649500549462655e+00
2.986538175582721166e+00
2.986487500015623908e+00
2.986364503943498949e+00
2.986268343502341605e+00
2.986180932254742793e+00
2.986087046444222182e+00
2.985999576288122626e+00
2.985934983069249871e+00
2.985890051595489147e+00
2.985833482916390835e+00
2.985730185520804270e+00
2.985667866808481286e+00
2.985552218716720496e+00
2.985455811244544844e+00
2.985405077390594020e+00
2.985310882826998746e+00
2.985251976877840718e+00
2.985160006097347551e+00
2.985105031999840453e+00
2.984985853055021288e+00
2.984899659231956548e+00
2.984843330915641246e+00
2.984776706687492176e+00
2.984707218159323716e+00
2.984602040210134533e+00
2.984531324220307980e+00
2.984438094276317344e+00
2.984365764235193286e+00
2.984319352512377677e+00
2.984249479384181836e+00
2.984190870491111980e+00
2.984120938202607487e+00
2.984021647034851732e+00
2.983985360231336426e+00
2.983879395685881786e+00
2.983805684414662984e+00
2.983727271166759287e+00
2.983684242095941297e+00
2.983653194301120415e+00
2.983566797275996052e+00
2.983521640114520146e+00
2.983413413944964621e+00
2.983327788746032994e+00
2.983275683649534660e+00
2.983185137425536926e+00
2.983130399521523923e+00
2.983077378804246838e+00
2.983046491101958964e+00
2.982974179691288086e+00
2.982880945444854603e+00
2.982800709137853445e+00
2.982743106840014313e+00
2.982622579875632063e+00
2.982538266022891182e+00
2.982432690121507246e+00
2.982338134373447858e+00
2.982299302373454530e+00
2.982253509243803613e+00
2.982177828495534477e+00
2.982067724161487465e+00
2.982010233781057895e+00
2.981872472484976555e+00
2.981844149950191980e+00
2.981758425988063621e+00
2.981684979875107722e+00
2.981629060716578294e+00
2.981543381574249807e+00
2.981431548227155837e+00
2.981425641357692502e+00
2.981322775085149868e+00
2.981277433814926603e+00
2.981247792125699014e+00
2.981202839833123175e+00
2.981156458992144209e+00
2.981080246819491908e+00
2.981062069509194057e+00
2.981019010397637725e+00
2.980930998853065894e+00
2.980774115653945344e+00
2.980749884525599303e+00
2.980695430795919254e+00
2.980661453748774115e+00
2.980535063676753360e+00
2.980505087980735102e+00
2.980456521430452366e+00
2.980335384515643504e+00
2.980232865053281888e+00
2.980203090800982668e+00
2.980197777599482123e+00
2.980196891004360360e+00
2.980047606794208104e+00
2.980001538614821310e+00
2.979886711406677602e+00
2.979859863665875519e+00
2.979839082380797421e+00
2.979781025516657689e+00
2.979739029283833052e+00
2.979581249918706654e+00
2.979553536810143122e+00
2.979414452576475636e+00
2.979286179437603543e+00
2.979162176899383230e+00
2.979031720799168781e+00
2.978924513720599521e+00
2.978811984852872463e+00
2.978738338397989960e+00
2.978683526950256510e+00
2.978639070247027121e+00
2.978576915646271139e+00
2.978490708075887117e+00
2.978441193692217936e+00
2.978408964303195905e+00
2.978369834773304969e+00
2.978305836650969596e+00
2.978259672079127007e+00
2.978216837113850879e+00
2.978139499768463594e+00
2.978109256507349478e+00
2.978054078790957071e+00
2.977982963677313855e+00
2.977953646538360921e+00
2.977884826472694257e+00
2.977802678141135750e+00
2.977748760503806214e+00
2.977664016309041095e+00
2.977617198399711729e+00
2.977573441773721186e+00
2.977493792846194420e+00
2.977464057147423571e+00
2.977421260958324822e+00
2.977369406267898810e+00
2.977304558875420781e+00
2.977264279919386691e+00
2.977229390053330871e+00
2.977183202281093788e+00
2.977133729367461346e+00
2.977033953690879198e+00
2.976985219149099304e+00
2.976919183908561362e+00
2.976862922389328148e+00
2.976805929663338901e+00
2.976749140246806036e+00
2.976686774746335917e+00
2.976627753092633277e+00
2.976570562254330365e+00
2.976500000727340112e+00
2.976467320691631446e+00
2.976406730136632373e+00
2.976366580581140564e+00
2.976308376794988497e+00
2.976262632707565192e+00
2.976215747207300755e+00
2.976150447317117198e+00
2.976103793855719104e+00
2.976073554218352069e+00
2.976059524544274026e+00
2.976022330886362255e+00
2.975956449687398475e+00
2.975918571586942729e+00
2.975897655179562395e+00
2.975878746736547509e+00
2.975856470511273333e+00
2.975775350157375154e+00
2.975757817547822093e+00
2.975679988319418712e+00
2.975653714815279294e+00
2.975621719231362317e+00
2.975603915281330725e+00
2.975592631672118404e+00
2.975560225023598182e+00
2.975531415142667946e+00
2.975514319248814044e+00
2.975400038001228875e+00
2.975303921458894330e+00
2.975221561658756286e+00
2.975201785109275576e+00
2.975102942997718269e+00
2.975032889705627070e+00
2.974946210490132970e+00
2.974904087643892581e+00
2.974823856288948409e+00
2.974771201091819695e+00
2.974745253409406320e+00
2.974668763674035876e+00
2.974612321581131091e+00
2.974538358135710325e+00
2.974494156436676029e+00
2.974418538897221964e+00
2.974349968164978986e+00
2.974278068610038073e+00
2.974224186039219120e+00
2.974198708243559253e+00
2.974180282627392646e+00
2.974116233893702166e+00
2.974053762817475910e+00
2.973988481008825957e+00
2.973961212380116681e+00
2.973919342020250767e+00
2.973868333537865283e+00
2.973791743977587387e+00
2.973755410265130017e+00
2.973721721041532984e+00
2.973635521632700396e+00
2.973567034956213551e+00
2.973500618131629025e+00
2.973450909719710378e+00
2.973427011266341680e+00
2.973356029178290783e+00
2.973318394809278065e+00
2.973292444977266413e+00
2.973211018329724009e+00
2.973150678066120989e+00
2.973123435532802450e+00
2.973092312908792945e+00
2.973038418374336800e+00
2.972960805858536837e+00
2.972910606043288606e+00
2.972896523275709413e+00
2.972852401725191829e+00
2.972788787366799745e+00
2.972767350468697778e+00
2.972735185693286208e+00
2.972661693731722288e+00
2.972608303224742787e+00
2.972562827790372175e+00
2.972506724657113963e+00
2.972448622761064918e+00
2.972405771914573336e+00
2.972313256925825709e+00
2.972256523051674648e+00
2.972205745896733475e+00
2.972169985264727199e+00
2.972122723651936305e+00
2.972082623328479389e+00
2.972019264694407248e+00
2.971978662782013725e+00
2.971945858174173338e+00
2.971916598586129332e+00
2.971867562704392451e+00
2.971828923204904882e+00
2.971782697206803103e+00
2.971743857846295356e+00
2.971711853699826378e+00
2.971670885744656765e+00
2.971626173520427461e+00
2.971590932196791712e+00
2.971563680989920631e+00
2.971530337263837751e+00
2.971499652977486416e+00
2.971442877520943604e+00
2.971413730093321437e+00
2.971367485885275439e+00
2.971347155584880273e+00
2.971313306651118147e+00
2.971271244950262957e+00
2.971241560773450807e+00
2.971206079463036609e+00
2.971176525128343293e+00
2.971122177273371356e+00
2.971093029001051988e+00
2.971056809512098162e+00
2.970978803935891310e+00
2.970934713813169203e+00
2.970886929753070227e+00
2.970840320119105371e+00
2.970811697361624315e+00
2.970776385157251287e+00
2.970747826460034435e+00
2.970714829987613381e+00
2.970652019817595413e+00
2.970608896880265082e+00
2.970569977222230929e+00
2.970553173300303662e+00
2.970532623893727742e+00
2.970500938651388534e+00
2.970472575352372857e+00
2.970420413959494965e+00
2.970355647700332113e+00
2.970294732435662777e+00
2.970258923650372918e+00
2.970189824254592104e+00
2.970163666632851474e+00
2.970135438746756673e+00
2.970111827478804756e+00
2.970090065501761245e+00
2.970048752514294232e+00
2.970012590289093257e+00
2.969959212101167534e+00
2.969920323871040324e+00
2.969877806919021257e+00
2.969840552382651211e+00
2.969809270706012860e+00
2.969756066651701332e+00
2.969715513391133044e+00
2.969667359436590992e+00
2.969626819438862864e+00
2.969580123292220541e+00
2.969535146536474102e+00
2.969500382494799418e+00
2.969460570151641665e+00
2.969435448870852312e+00
2.969386187076141770e+00
2.969363432881405807e+00
2.969321505698380825e+00
2.969297659936755984e+00
2.969278737896112297e+00
2.969228175640405976e+00
2.969164449922236049e+00
2.969117192009686601e+00
2.969060048934585083e+00
2.968996485174901334e+00
2.968964645133470359e+00
2.968918331048407300e+00
2.968902258579636300e+00
2.968858582091714826e+00
2.968801493469462205e+00
2.968775983179267719e+00
2.968750724510377914e+00
2.968736605434547648e+00
2.968670432397683800e+00
2.968657900538767436e+00
2.968620015148339508e+00
2.968584824066150762e+00
2.968564730952989450e+00
2.968496096214156221e+00
2.968470349565331290e+00
2.968450956173573907e+00
2.968384936708273081e+00
2.968367576474310710e+00
2.968326532439473198e+00
2.968324967542356418e+00
2.968258687606057045e+00
2.968240282858237045e+00
2.968161280339483454e+00
2.968145625110043984e+00
2.968081972965054938e+00
2.968027826617176679e+00
2.967986118141393348e+00
2.967976328978759071e+00
2.967922674417396767e+00
2.967875556625029443e+00
2.967856402427798912e+00
2.967837340414355651e+00
2.967811914128734685e+00
2.967783161607428166e+00
2.967752708439399090e+00
2.967687819095321533e+00
2.967673109899151562e+00
2.967620572433567361e+00
2.967554916695605449e+00
2.967497097562360686e+00
2.967464578575586653e+00
2.967410227009831480e+00
2.967367219658547661e+00
2.967338896348351351e+00
2.967320855098268151e+00
2.967281021381741990e+00
2.967252636452643255e+00
2.967224149322105209e+00
2.967192575203092098e+00
2.967163720283727990e+00
2.967140050244006400e+00
2.967086282603061509e+00
2.967061098989362655e+00
2.967029126508671677e+00
2.967012402753945288e+00
2.966986221946333213e+00
2.966938875615061644e+00
2.966894995539564484e+00
2.966860757292935968e+00
2.966834865355429063e+00
2.966833926143729983e+00
2.966802119724326836e+00
2.966777023577011452e+00
2.966750697294735062e+00
2.966725541642164288e+00
2.966705086138971215e+00
2.966673255861179470e+00
2.966636152961543704e+00
2.966605003569847909e+00
2.966578711346395281e+00
2.966541446856638231e+00
2.966508758963493086e+00
2.966483938154956146e+00
2.966455400364359729e+00
2.966430251390905770e+00
2.966405474108398277e+00
2.966378352086367798e+00
2.966349869223966262e+00
2.966329380194369758e+00
2.966312627774855937e+00
2.966285925988979777e+00
2.966253723631186112e+00
2.966219654219187429e+00
2.966169855130065702e+00
2.966138146136679588e+00
2.966108220011657082e+00
2.966084172173692579e+00
2.966043503824458583e+00
2.966025947323741363e+00
2.965990402918471158e+00
2.965954337861703483e+00
2.965935079480520820e+00
2.965913588185286276e+00
2.965893977140256155e+00
2.965875336630260595e+00
2.965860228844420465e+00
2.965851195773830273e+00
2.965811527230691080e+00
2.965772532771501435e+00
2.965729886850011709e+00
2.965704764813454464e+00
2.965694416738034800e+00
2.965645857204794122e+00
2.965612184979045551e+00
2.965582227415735517e+00
2.965530263352624818e+00
2.965509381134655786e+00
2.965466605967605584e+00
2.965440419472256561e+00
2.965430021945990369e+00
2.965412216471534634e+00
2.965365830350188858e+00
2.965352314827204516e+00
2.965337577792513724e+00
2.965319651975458104e+00
2.965305426516085419e+00
2.965278066016588276e+00
2.965260313502057432e+00
2.965219589162009672e+00
2.965213814982886831e+00
2.965214958365939513e+00
2.965211619591905379e+00
2.965205508416358882e+00
2.965205625804418155e+00
2.965193058847796159e+00
2.965127248470187826e+00
2.965073384837032755e+00
2.965026756373545958e+00
2.964996203050435764e+00
2.964993138121622351e+00
2.964987599030403320e+00
2.964946893010218520e+00
2.964904697894120478e+00
2.964861408908405771e+00
2.964846152694316395e+00
2.964832275367892844e+00
2.964822656315430738e+00
2.964772404775743109e+00
2.964732843880538038e+00
2.964694298952059714e+00
2.964664395511030115e+00
2.964652133383622434e+00
2.964651295626197225e+00
2.964634863781626883e+00
2.964572369313957179e+00
2.964560911482104100e+00
2.964543854642441190e+00
2.964500481520992992e+00
2.964486872302103837e+00
2.964447102821463176e+00
2.964401734695343293e+00
2.964359178065911760e+00
2.964310575325254327e+00
2.964307698765784593e+00
2.964271017891908944e+00
2.964244940852469590e+00
2.964233132599153553e+00
2.964198016290827464e+00
2.964186816596090956e+00
2.964163712154824104e+00
2.964152475276999876e+00
2.964143241627240410e+00
2.964098629903269888e+00
2.964065791036651465e+00
2.964063114003355537e+00
2.964018479484038515e+00
2.964005686720176502e+00
2.963985165428599355e+00
2.963978108661750266e+00
2.963937498400744719e+00
2.963904817263363078e+00
2.963883280958097277e+00
2.963852351354534953e+00
2.963822844865425576e+00
2.963791351184872358e+00
2.963761509238008074e+00
2.963742655107630242e+00
2.963705906478493191e+00
2.963680932540371238e+00
2.963660254064049315e+00
2.963644205506624996e+00
2.963622385852012986e+00
2.963588699497735846e+00
2.963579620997311093e+00
2.963556691279599420e+00
2.963530129288650894e+00
2.963516895816238783e+00
2.963504906801800232e+00
2.963493607303790078e+00
2.963465123457475148e+00
2.963444029892560838e+00
2.963416641564982079e+00
2.963395743948167738e+00
2.963364033571403322e+00
2.963328828213508626e+00
2.963312218674570619e+00
2.963304437194179020e+00
2.963265461916901433e+00
2.963248254402245596e+00
2.963214003232470972e+00
2.963185592377832300e+00
2.963170256382107404e+00
2.963155195314709278e+00
2.963134246127535842e+00
2.963101302731915077e+00
2.963073503241976603e+00
2.963059903535328665e+00
2.963042040449999970e+00
2.963020937855606718e+00
2.962997432601955250e+00
2.962978421707701759e+00
2.962953893908541581e+00
2.962940193685968282e+00
2.962928927579598248e+00
2.962899486932469184e+00
2.962885656362429287e+00
2.962866557381047539e+00
2.962843958338710504e+00
2.962827920558278816e+00
2.962808364033801212e+00
2.962791019791925162e+00
2.962770517585128882e+00
2.962739536442467791e+00
2.962725396165058811e+00
2.962700582394745652e+00
2.962684143202223730e+00
2.962662943646296565e+00
2.962645478844609492e+00
2.962633255066335902e+00
2.962619180772193772e+00
2.962588098877147580e+00
2.962571775481642078e+00
2.962555773326527753e+00
2.962528610685203567e+00
2.962512244506584125e+00
2.962482356722039079e+00
2.962473333382794394e+00
2.962454835792250663e+00
2.962428158313085369e+00
2.962408135758795247e+00
2.962395604000661375e+00
2.962381618677447648e+00
2.962351897979206949e+00
2.962333990122465455e+00
2.962319473620913968e+00
2.962285260384351471e+00
2.962277782302443541e+00
2.962246020586281059e+00
2.962222300196312386e+00
2.962212930349624518e+00
2.962178156286153108e+00
2.962150138354668005e+00
2.962135185790329750e+00
2.962131322222234076e+00
2.962094741666644104e+00
2.962075319164654719e+00
2.962063712917444303e+00
2.962038404205517672e+00
2.962022359221901269e+00
2.962005694788995225e+00
2.962002044153150493e+00
2.961968930851635040e+00
2.961949821331922639e+00
2.961927116336813715e+00
2.961911385414623954e+00
2.961906768385544453e+00
2.961886295567666139e+00
2.961867827117233176e+00
2.961842270963273904e+00
2.961823184906576145e+00
2.961821591040717738e+00
2.961791329784840610e+00
2.961782052157845513e+00
2.961757804288795093e+00
2.961727344291213093e+00
2.961705969259619486e+00
2.961679702865128050e+00
2.961670843858995816e+00
2.961646334547287207e+00
2.961614604401501261e+00
2.961603186619499173e+00
2.961591848678819971e+00
2.961554906603257820e+00
2.961550015229642785e+00
2.961521442020754957e+00
2.961505044904510608e+00
2.961500352298263916e+00
2.961492027754753842e+00
2.961473627343312653e+00
2.961446217760685951e+00
2.961429305125434119e+00
2.961418657368728891e+00
2.961408789597484326e+00
2.961400319981465579e+00
2.961371813669364528e+00
2.961361524668301826e+00
2.961354763251820454e+00
2.961336687493333564e+00
2.961334201187279191e+00
2.961285237065918174e+00
2.961269147973007776e+00
2.961260243836049355e+00
2.961229418200674868e+00
2.961207202316052722e+00
2.961169716866101975e+00
2.961163520552481110e+00
2.961128289004261394e+00
2.961122534239514437e+00
2.961085301882973475e+00
2.961032536999184117e+00
2.961003414561534708e+00
2.961003343159800849e+00
2.960976267062126244e+00
2.960976659959809076e+00
2.960967564801144647e+00
2.960958115469988883e+00
2.960914131291982443e+00
2.960879346525139066e+00
2.960838966372158598e+00
2.960808408761987920e+00
2.960782817430283487e+00
2.960756922864688612e+00
2.960741997940334880e+00
2.960729367670432044e+00
2.960693104813151511e+00
2.960673132028765142e+00
2.960658066792485332e+00
2.960635550306732533e+00
2.960612429185795147e+00
2.960603453916235583e+00
2.960582993789897976e+00
2.960565954985659776e+00
2.960554892521476411e+00
2.960542417171457608e+00
2.960507547050558408e+00
2.960497958135658525e+00
2.960466988788017950e+00
2.960442393990424303e+00
2.960430017584696927e+00
2.960421930540209523e+00
2.960385673022962294e+00
2.960389877043835938e+00
2.960344789680947830e+00
2.960320258776174995e+00
2.960295554887746761e+00
2.960256425697572524e+00
2.960246986532398594e+00
2.960235492899303100e+00
2.960212394597463437e+00
2.960211719985266665e+00
2.960200761693523752e+00
2.960165537804120284e+00
2.960143448089490370e+00
2.960139639210251694e+00
2.960130240293316728e+00
2.960121589819031396e+00
2.960113282737273366e+00
2.960082039235063522e+00
2.960053185397527820e+00
2.960025427268977438e+00
2.960001563883309039e+00
2.959976508925850069e+00
2.959964803672754829e+00
2.959957787271277230e+00
2.959935331978091888e+00
2.959929274295169055e+00
2.959892346337789970e+00
2.959882494614084703e+00
2.959873750030437289e+00
2.959862709280153492e+00
2.959850551592623003e+00
2.959816275313676304e+00
2.959801355144613844e+00
2.959779214272857839e+00
2.959752300750952081e+00
2.959739776993140836e+00
2.959727522810500666e+00
2.959708689666341819e+00
2.959688345795222109e+00
2.959667447332370305e+00
2.959648512478622706e+00
2.959619602489773182e+00
2.959604213408128626e+00
2.959578681364030128e+00
2.959568890118845719e+00
2.959548873801416402e+00
2.959532309845156473e+00
2.959513133566823218e+00
2.959483640507935220e+00
2.959470447074098676e+00
2.959462323050288113e+00
2.959449608230435569e+00
2.959438087723079480e+00
2.959416684061825453e+00
2.959407585747876102e+00
2.959391963141501769e+00
2.959375982735150235e+00
2.959357630816763063e+00
2.959330133956094233e+00
2.959310530119600546e+00
2.959301034431904842e+00
2.959279018541167705e+00
2.959264607413457870e+00
2.959251382634469518e+00
2.959237735221369903e+00
2.959214546890823083e+00
2.959198404916292713e+00
2.959182170475841644e+00
2.959162364223881792e+00
2.959153499457363168e+00
2.959132022315312138e+00
2.959113005654699702e+00
2.959099371736252593e+00
2.959078177754520755e+00
2.959062630966219132e+00
2.959043208350348841e+00
2.959024422278571542e+00
2.959007130629309756e+00
2.958994536449044865e+00
2.958976499521814851e+00
2.958961751197763057e+00
2.958947503201788898e+00
2.958940121511224319e+00
2.958916278033405955e+00
2.958890522148824420e+00
2.958877811184953188e+00
2.958865335753169568e+00
2.958858495229137020e+00
2.958835493371148040e+00
2.958817249840770547e+00
2.958790482102367836e+00
2.958783010848260897e+00
2.958769302553076574e+00
2.958768804898953331e+00
2.958754315749785757e+00
2.958745661223367573e+00
2.958731866731032500e+00
2.958705201778272453e+00
2.958695325111735386e+00
2.958663102776292408e+00
2.958651175401491695e+00
2.958630470789574751e+00
2.958605800392772434e+00
2.958586238702003879e+00
2.958563671366428061e+00
2.958539317121695156e+00
2.958516565177102819e+00
2.958498791561767316e+00
2.958487645186635984e+00
2.958472220229715344e+00
2.958453491792072843e+00
2.958438790494997139e+00
2.958424564999790896e+00
2.958406670739852196e+00
2.958388949082392028e+00
2.958366146449856515e+00
2.958357730257731522e+00
2.958347335453267224e+00
2.958332648590541680e+00
2.958320141592666541e+00
2.958317131821929014e+00
2.958291555662875272e+00
2.958282406928577579e+00
2.958261614681900298e+00
2.958252429343418921e+00
2.958243637956748717e+00
2.958216154815870969e+00
2.958205403268671763e+00
2.958198743866021108e+00
2.958188570789859639e+00
2.958175250548062518e+00
2.958138936794259877e+00
2.958114101433204635e+00
2.958112785577230675e+00
2.958103099809946901e+00
2.958102509309883832e+00
2.958080395980566824e+00
2.958046139619160630e+00
2.958039779985043527e+00
2.958005103495580990e+00
2.957979470947348144e+00
2.957952264809901255e+00
2.957949892854514484e+00
2.957944754444672864e+00
2.957916252367964294e+00
2.957897391369371576e+00
2.957882151815682814e+00
2.957876859505975453e+00
2.957850806871984872e+00
2.957818722009796009e+00
2.957797826290238241e+00
2.957788840988087475e+00
2.957781640444436810e+00
2.957757327337443787e+00
2.957746902492405461e+00
2.957740817878363071e+00
2.957735540083808790e+00
2.957712588390164932e+00
2.957682074832950647e+00
2.957673699454790306e+00
2.957658635113439072e+00
2.957632740216468381e+00
2.957619503773022629e+00
2.957591407452724752e+00
2.957589192788399490e+00
2.957555600553234854e+00
2.957553542249544698e+00
2.957539230681782705e+00
2.957536131040893412e+00
2.957531464989227477e+00
2.957529998329944121e+00
2.957500504025794008e+00
2.957495979306592915e+00
2.957487061518750071e+00
2.957457701452180121e+00
2.957432933962627075e+00
2.957421977494803400e+00
2.957390110601174182e+00
2.957382672767991050e+00
2.957375747283297773e+00
2.957363603946067343e+00
2.957357724052231518e+00
2.957326369503976871e+00
2.957309018965509129e+00
2.957289741783409642e+00
2.957265447559640936e+00
2.957261443884231955e+00
2.957240176184583902e+00
2.957213576861466464e+00
2.957193785003655151e+00
2.957172324223974247e+00
2.957152399038108115e+00
2.957135646946691843e+00
2.957126469408870140e+00
2.957115147152703294e+00
2.957107050205928012e+00
2.957091707132791569e+00
2.957087529278972227e+00
2.957064528098097167e+00
2.957058656678133168e+00
2.957034202259737565e+00
2.957018318956992964e+00
2.957004463581353271e+00
2.956985364994456411e+00
2.956970538281421312e+00
2.956953656649008888e+00
2.956941616630906378e+00
2.956926323971970749e+00
2.956908873186135711e+00
2.956897513084177032e+00
2.956872873656289258e+00
2.956859902126980799e+00
2.956855325886864172e+00
2.956850907019048513e+00
2.956844453332863942e+00
2.956824177122797437e+00
2.956809637600640084e+00
2.956800146372055682e+00
2.956779470894723261e+00
2.956769401978683653e+00
2.956757066224979802e+00
2.956735763154348717e+00
2.956726613190868491e+00
2.956721360836227941e+00
2.956714896444024188e+00
2.956706838690679184e+00
2.956700642008418090e+00
2.956668977342562954e+00
2.956658670131956157e+00
2.956634414746311723e+00
2.956612291362242129e+00
2.956588257339963999e+00
2.956578019966086490e+00
2.956557036477559741e+00
2.956533168498602038e+00
2.956512350695405633e+00
2.956498800540205085e+00
2.956482873383091903e+00
2.956473952868847732e+00
2.956463441039627327e+00
2.956461053899845481e+00
2.956437844340502608e+00
2.956421291675279672e+00
2.956403395169031612e+00
2.956396985925789700e+00
2.956388645761727219e+00
2.956382483316882581e+00
2.956362128811787837e+00
2.956352123987491254e+00
2.956341071832474743e+00
2.956327041237189590e+00
2.956313002931382439e+00
2.956304363578511563e+00
2.956291334727971343e+00
2.956282624981704021e+00
2.956268207936447290e+00
2.956253417460743549e+00
2.956238403867214259e+00
2.956228388280386810e+00
2.956219457207799106e+00
2.956205236575152107e+00
2.956195886550506913e+00
2.956186398574091267e+00
2.956172601143187695e+00
2.956161357176751991e+00
2.956153253565724892e+00
2.956139062934820316e+00
2.956129633200057949e+00
2.956119579426637056e+00
2.956102488077308355e+00
2.956090414237689590e+00
2.956079673952856979e+00
2.956070860268996014e+00
2.956059563932651901e+00
2.956046457716810849e+00
2.956036582687195935e+00
2.956024806200524768e+00
2.956012158475006757e+00
2.955994935740135610e+00
2.955987062361979056e+00
2.955973014774544438e+00
2.955963947011460036e+00
2.955956696936595574e+00
2.955948304745845245e+00
2.955939044117051662e+00
2.955937336937155546e+00
2.955929093589629630e+00
2.955918825315764664e+00
2.955900352954810906e+00
2.955900183017948546e+00
2.955899263210859829e+00
2.955875424126526152e+00
2.955861746327786754e+00
2.955851581960733387e+00
2.955832703895767022e+00
2.955819970507965078e+00
2.955805347425981111e+00
2.955795527947716828e+00
2.955779236275385635e+00
2.955768169792312605e+00
2.955764815393834510e+00
2.955748414134235169e+00
2.955737766095011931e+00
2.955716970177617586e+00
2.955711053264593602e+00
2.955703415035253467e+00
2.955680786719430131e+00
2.955670270384094689e+00
2.955648928192720959e+00
2.955634416548125198e+00
2.955615495334464438e+00
2.955599580731908649e+00
2.955591170666974410e+00
2.955582467425725390e+00
2.955575551342158214e+00
2.955559158224268845e+00
2.955541812812580105e+00
2.955529207891462562e+00
2.955511915309379845e+00
2.955492006206295041e+00
2.955473160601102656e+00
2.955468991095075548e+00
2.955454092047169912e+00
2.955438110955564301e+00
2.955425890943615741e+00
2.955420325419877869e+00
2.955404061834896901e+00
2.955391109591350318e+00
2.955377475735103232e+00
2.955361941829651951e+00
2.955354153625721292e+00
2.955339809427254050e+00
2.955331496520642975e+00
2.955315802098668510e+00
2.955304455270528319e+00
2.955290735858546292e+00
2.955279253511986504e+00
2.955262695090239422e+00
2.955250424819269472e+00
2.955239214547189963e+00
2.955231019780864887e+00
2.955213976646579255e+00
2.955192883539435211e+00
2.955185007447575174e+00
2.955161345653198435e+00
2.955147324214223659e+00
2.955134241353330360e+00
2.955119230768922467e+00
2.955105910972095629e+00
2.955087289711873400e+00
2.955073207116165168e+00
2.955064316452055362e+00
2.955050452268001226e+00
2.955043339857417184e+00
2.955038676339681203e+00
2.955023397109088901e+00
2.955012914751671271e+00
2.955005938921127395e+00
2.954996265416666379e+00
2.954984581976580760e+00
2.954973582060909543e+00
2.954960128277393405e+00
2.954942522046165365e+00
2.954929409113070893e+00
2.954918792944538186e+00
2.954905481948900903e+00
2.954896834719957344e+00
2.954886677406944884e+00
2.954876750866659130e+00
2.954856442820249729e+00
2.954847712674552263e+00
2.954832504880181787e+00
2.954825925212363646e+00
2.954816111140419643e+00
2.954805144863762223e+00
2.954799034520593892e+00
2.954791348060662681e+00
2.954777191308869178e+00
2.954772390185004483e+00
2.954753381041550941e+00
2.954748775365369173e+00
2.954735138190651700e+00
2.954714184372638108e+00
2.954693921368243270e+00
2.954685320762646228e+00
2.954669346105262662e+00
2.954664039839181910e+00
2.954652636867773907e+00
2.954645110769585248e+00
2.954628128191136405e+00
2.954617566308207710e+00
2.954597815341611255e+00
2.954593910474059282e+00
2.954577924758065244e+00
2.954571658051950767e+00
2.954564741451325638e+00
2.954563723250733798e+00
2.954548504826236766e+00
2.954539558691930523e+00
2.954522848463164486e+00
2.954501284927845361e+00
2.954485548626750724e+00
2.954472165256224692e+00
2.954467046183525625e+00
2.954458359873661344e+00
2.954435946484460729e+00
2.954423716837170311e+00
2.954406703168334314e+00
2.954393181422092063e+00
2.954386733396945797e+00
2.954381295285955389e+00
2.954374724357655246e+00
2.954371399129533504e+00
2.954349242406669074e+00
2.954334216239460353e+00
2.954328382996268765e+00
2.954311958965057272e+00
2.954304188544659482e+00
2.954286061061701663e+00
2.954279475724407078e+00
2.954274825239413094e+00
2.954264981709450844e+00
2.954245668758847199e+00
2.954227633599944447e+00
2.954222307170386141e+00
2.954207013201406440e+00
2.954191007241456113e+00
2.954168020384289051e+00
2.954155778084916584e+00
2.954140508938882803e+00
2.954133867696141724e+00
2.954117193528254415e+00
2.954112204781063067e+00
2.954093590800877411e+00
2.954082404062852163e+00
2.954069993175781228e+00
2.954061842374723579e+00
2.954053935173020395e+00
2.954048621674522757e+00
2.954031308928921629e+00
2.954022847133248142e+00
2.954009528556403641e+00
2.954006013187223889e+00
2.953996457951344912e+00
2.953973967228415543e+00
2.953963733112756174e+00
2.953946918740320893e+00
2.953926442460078849e+00
2.953914756911008244e+00
2.953910866376986188e+00
2.953898389567917615e+00
2.953884940381176882e+00
2.953867631437752994e+00
2.953861496778287687e+00
2.953847606557650440e+00
2.953832085683310016e+00
2.953824150455822473e+00
2.953816295616193077e+00
2.953801081170797094e+00
2.953785237198240488e+00
2.953770954627418899e+00
2.953754011188475470e+00
2.953740401235647628e+00
2.953737284697532051e+00
2.953724958693931590e+00
2.953707483829937530e+00
2.953694577647462349e+00
2.953683729463556507e+00
2.953674897183669490e+00
2.953661206423005225e+00
2.953649934722156534e+00
2.953640682475476176e+00
2.953627210998527541e+00
2.953617419212667183e+00
2.953606397401491002e+00
2.953599504499724748e+00
2.953587986605555216e+00
2.953583607519803422e+00
2.953576564576004149e+00
2.953571654336476726e+00
2.953562425506639055e+00
2.953555038844213332e+00
2.953544668663407702e+00
2.953530949722628751e+00
2.953519787020167264e+00
2.953509088643226477e+00
2.953496423330174814e+00
2.953483782647399636e+00
2.953474442932160215e+00
2.953468631400596678e+00
2.953455662953709648e+00
2.953445655104056655e+00
2.953428482964126189e+00
2.953421095220290837e+00
2.953409236378262470e+00
2.953398100844122354e+00
2.953392538740467810e+00
2.953387943098599422e+00
2.953371974822282198e+00
2.953364725066736529e+00
2.953348962604036565e+00
2.953341361194271375e+00
2.953329359877419513e+00
2.953319818497344151e+00
2.953305093430415695e+00
2.953288514065016468e+00
2.953276641324864116e+00
2.953268760396341008e+00
2.953259173308612873e+00
2.953250199699855472e+00
2.953233537285673282e+00
2.953222068306842196e+00
2.953216106036141930e+00
2.953207691724596629e+00
2.953194294072138071e+00
2.953185199141286077e+00
2.953177467565484271e+00
2.953163966308031352e+00
2.953157814159006023e+00
2.953148511414968258e+00
2.953142301052009699e+00
2.953122308799644546e+00
2.953119228631824633e+00
2.953101922906764099e+00
2.953090173745236413e+00
2.953078564087599833e+00
2.953062482225730978e+00
2.953053911129008835e+00
2.953046822192401333e+00
2.953030104727996541e+00
2.953019453132462058e+00
2.953005638861744941e+00
2.953000590070149034e+00
2.952996463991616860e+00
2.952983638457418181e+00
2.952974411117180509e+00
2.952968309650005452e+00
2.952958681726214785e+00
2.952947678661022035e+00
2.952931734151541754e+00
2.952927056294037289e+00
2.952919241585763910e+00
2.952906531693869852e+00
2.952896680720752620e+00
2.952887356302164257e+00
2.952878847589982314e+00
2.952868822886367095e+00
2.952860660840265439e+00
2.952855955872966565e+00
2.952839370059982205e+00
2.952824805856455903e+00
2.952808905583754306e+00
2.952803104259701605e+00
2.952787816104630370e+00
2.952784385873286954e+00
2.952777175407241383e+00
2.952761615811619222e+00
2.952748839743136067e+00
2.952736777063606599e+00
2.952728642239166756e+00
2.952715608686789839e+00
2.952713590215374939e+00
2.952701217141419310e+00
2.952690939062289743e+00
2.952675651671520907e+00
2.952665943530357051e+00
2.952663101868099993e+00
2.952655165821773231e+00
2.952641187755086882e+00
2.952634844337212350e+00
2.952626591372323528e+00
2.952622002349796659e+00
2.952606077155075948e+00
2.952600289685086032e+00
2.952593378998563445e+00
2.952579593590812124e+00
2.952572666849601291e+00
2.952555706268719327e+00
2.952543420995118684e+00
2.952535091174940618e+00
2.952522867752739977e+00
2.952517581137233282e+00
2.952517625843023019e+00
2.952509794539375232e+00
2.952494557974502332e+00
2.952470450397049806e+00
2.952457310061622930e+00
2.952434374166144515e+00
2.952415421977420351e+00
2.952410135588071416e+00
2.952405733094532803e+00
2.952402530283492421e+00
2.952400104042548712e+00
2.952384026641924564e+00
2.952367404500461312e+00
2.952351148220119903e+00
2.952333850261893655e+00
2.952318475186313851e+00
2.952315056457070597e+00
2.952305519405089562e+00
2.952302057366652743e+00
2.952291021694740891e+00
2.952284465226101329e+00
2.952267564260650179e+00
2.952260799036580785e+00
2.952241784487624976e+00
2.952234592261682611e+00
2.952218931549796199e+00
2.952205343578556462e+00
2.952202146303778196e+00
2.952197251289372826e+00
2.952195678401456913e+00
2.952186576851942412e+00
2.952174508893593341e+00
2.952165764699981487e+00
2.952148217545545794e+00
2.952143848970465889e+00
2.952128069229273954e+00
2.952123314559384148e+00
2.952107375635959929e+00
2.952100064966012294e+00
2.952100797729188653e+00
2.952085225379402544e+00
2.952080352551621711e+00
2.952078356745902799e+00
2.952064116368362523e+00
2.952049099997283932e+00
2.952046142259560302e+00
2.952026393994394926e+00
2.952013516551035721e+00
2.952010337580735833e+00
2.951993065075322775e+00
2.951988768281371911e+00
2.951981059763527870e+00
2.951963017927498267e+00
2.951949105001213436e+00
2.951933148340465163e+00
2.951916603097779479e+00
2.951905724437729805e+00
2.951892195776899985e+00
2.951877913895294192e+00
2.951868433128504332e+00
2.951855917051545930e+00
2.951842275963106665e+00
2.951834714468491327e+00
2.951826414115698238e+00
2.951815258148092092e+00
2.951803755251642070e+00
2.951797504282268836e+00
2.951788171126444205e+00
2.951777398853575818e+00
2.951767424608108481e+00
2.951757749141182163e+00
2.951753897888635070e+00
2.951750566040702406e+00
2.951737559916789877e+00
2.951719629903486908e+00
2.951708008531031879e+00
2.951696522167618575e+00
2.951688073297983550e+00
2.951675139923502833e+00
2.951660399680426927e+00
2.951648107661845266e+00
2.951636154702550918e+00
2.951625058531062606e+00
2.951618510407244766e+00
2.951610248188079044e+00
2.951597033898571976e+00
2.951585262421651645e+00
2.951575491033885168e+00
2.951565889868819070e+00
2.951556412931367390e+00
2.951549533809997072e+00
2.951541643119558245e+00
2.951528846041169718e+00
2.951518510316117894e+00
2.951506504550973187e+00
2.951496071163873136e+00
2.951488169436108144e+00
2.951480936626684759e+00
2.951475110340745278e+00
2.951466815554297352e+00
2.951452485343518006e+00
2.951445139472191226e+00
2.951437647144135479e+00
2.951434588103124756e+00
2.951421976171203720e+00
2.951414645660307645e+00
2.951411151227565810e+00
2.951399505427561465e+00
2.951393200595322952e+00
2.951386244162863992e+00
2.951379720308941135e+00
2.951374768681656935e+00
2.951370791253667303e+00
2.951355262931922852e+00
2.951350165726163155e+00
2.951346239045494091e+00
2.951336284189729042e+00
2.951330654527841268e+00
2.951325695117789749e+00
2.951311856326860994e+00
2.951295180309132071e+00
2.951279390864183227e+00
2.951264743170260996e+00
2.951254663253759070e+00
2.951242992040234991e+00
2.951238954976915796e+00
2.951229541812040669e+00
2.951221220604129947e+00
2.951209263761468637e+00
2.951204028669056179e+00
2.951192255830704880e+00
2.951182514250724420e+00
2.951170046879231013e+00
2.951160986965328803e+00
2.951154239684798064e+00
2.951146274638507094e+00
2.951139232123859646e+00
2.951129177781510737e+00
2.951121483880186691e+00
2.951115179683296397e+00
2.951103398155892954e+00
2.951097516674059840e+00
2.951091867461681506e+00
2.951082190965309326e+00
2.951078562889402512e+00
2.951067753128581828e+00
2.951057520910183030e+00
2.951049129845430663e+00
2.951038603950784989e+00
2.951029681785731107e+00
2.951018847416023938e+00
2.951010876690579376e+00
2.951002700578048366e+00
2.950996813866982205e+00
2.950987591779058228e+00
2.950981308691721594e+00
2.950972295148717617e+00
2.950962767092496719e+00
2.950957150823046771e+00
2.950950162863382076e+00
2.950938131539005305e+00
2.950928585526551018e+00
2.950916682024325333e+00
2.950908975942647672e+00
2.950898475614916361e+00
2.950890382875889895e+00
2.950882658693636529e+00
2.950874123083947698e+00
2.950865441795155419e+00
2.950857499310667986e+00
2.950850792496453323e+00
2.950843424963749406e+00
2.950831803772947737e+00
2.950826165885546359e+00
2.950817048381491503e+00
2.950811121292196582e+00
2.950808015857226074e+00
2.950795892698990563e+00
2.950787325415305862e+00
2.950779436375638110e+00
2.950776595588617379e+00
2.950772617625962990e+00
2.950760135254871575e+00
2.950752593431052340e+00
2.950746735986229385e+00
2.950740265719110855e+00
2.950733938670754508e+00
2.950726021567002366e+00
2.950716976471442266e+00
2.950710862694415848e+00
2.950698767171395343e+00
2.950690326709909161e+00
2.950685989004151910e+00
2.950674901534853678e+00
2.950671149278799810e+00
2.950662907792801271e+00
2.950655784225341360e+00
2.950647742466494083e+00
2.950633416510402007e+00
2.950621744425530490e+00
2.950617417274399301e+00
2.950605450447902012e+00
2.950601885053231843e+00
2.950594979825098552e+00
2.950585360299871507e+00
2.950576561940593923e+00
2.950569647304967624e+00
2.950563563215459872e+00
2.950556891631435530e+00
2.950548460207509827e+00
2.950538358857432542e+00
2.950532252434643787e+00
2.950532891252221734e+00
2.950524263379337597e+00
2.950512432142912811e+00
2.950501242848615924e+00
2.950494372820568145e+00
2.950485294132685787e+00
2.950476737392755400e+00
2.950468634168249338e+00
2.950457279950357226e+00
2.950450260817480075e+00
2.950442047105191978e+00
2.950430240036728602e+00
2.950419269591527005e+00
2.950412611754042569e+00
2.950406749908887516e+00
2.950392432596759651e+00
2.950381946031391589e+00
2.950370109085696413e+00
2.950357443990203610e+00
2.950346528080689090e+00
2.950334530142149969e+00
2.950331554576160364e+00
2.950324412120291839e+00
2.950312963502772945e+00
2.950307431278174963e+00
2.950295153255347635e+00
2.950285157362850796e+00
2.950274850901131618e+00
2.950266956594629342e+00
2.950259870105654603e+00
2.950251251464774072e+00
2.950245991946205404e+00
2.950239509576542130e+00
2.950230865440375716e+00
2.950224351405088985e+00
2.950216763706158041e+00
2.950205372246054836e+00
2.950197804170984650e+00
2.950183886955385582e+00
2.950171688792439628e+00
2.950161965172739986e+00
2.950157027685647027e+00
2.950150273550292024e+00
2.950139359128179706e+00
2.950132554474846014e+00
2.950124360427784254e+00
2.950116905117129651e+00
2.950103533124058597e+00
2.950097984455445577e+00
2.950088767843514592e+00
2.950080292588387998e+00
2.950066979301775305e+00
2.950060663991876275e+00
2.950056804200549720e+00
2.950050012007435996e+00
2.950043532261053425e+00
2.950040012851249394e+00
2.950034790427997322e+00
2.950023366219604704e+00
2.950019536871095305e+00
2.950004126209908151e+00
2.949992641414717731e+00
2.949982016444762767e+00
2.949972983169105945e+00
2.949971172401168573e+00
2.949966175788229616e+00
2.949958365530008120e+00
2.949948310979082944e+00
2.949938761847367807e+00
2.949926236149082115e+00
2.949919517986436368e+00
2.949910740415091936e+00
2.949907682571474954e+00
2.949896556341828457e+00
2.949884114014955205e+00
2.949876749185287306e+00
2.949870828506063081e+00
2.949861509647129232e+00
2.949852124461379788e+00
2.949843338951999794e+00
2.949835935013397137e+00
2.949827152261617513e+00
2.949814043556629795e+00
2.949800252224085373e+00
2.949790219721070805e+00
2.949782454886611838e+00
2.949777509946846177e+00
2.949769968016299870e+00
2.949764144756417128e+00
2.949755711485051446e+00
2.949747650918980835e+00
2.949743442805913496e+00
2.949736293554178879e+00
2.949728322657346524e+00
2.949722271018389463e+00
2.949719138915968486e+00
2.949711355751025721e+00
2.949695631011994834e+00
2.949681813259913632e+00
2.949676252401195242e+00
2.949668625190500215e+00
2.949660825841191603e+00
2.949650560596633664e+00
2.949637072690695305e+00
2.949626903360602626e+00
2.949623819396385294e+00
2.949614378620618371e+00
2.949602124357263655e+00
2.949592624345188874e+00
2.949588574068683577e+00
2.949582962163174393e+00
2.949573929726258648e+00
2.949560932036888516e+00
2.949553035695848813e+00
2.949544291216818603e+00
2.949533231881010575e+00
2.949523236053826825e+00
2.949517594087776917e+00
2.949508893614405380e+00
2.949498476028675764e+00
2.949488955066263074e+00
2.949480533091280776e+00
2.949468333032786216e+00
2.949460557468070565e+00
2.949451459402497200e+00
2.949443346504546426e+00
2.949433215462015756e+00
2.949426520702986387e+00
2.949421602444976642e+00
2.949410857287912524e+00
2.949407060424941829e+00
2.949395991502170133e+00
2.949391021806193613e+00
2.949378995096379352e+00
2.949367427149296894e+00
2.949356424115209929e+00
2.949354060807060751e+00
2.949343472111675801e+00
2.949339227174656131e+00
2.949335198058276930e+00
2.949323715194418050e+00
2.949309809555755280e+00
2.949304722224891151e+00
2.949295559927243460e+00
2.949290454569902131e+00
2.949286701527291665e+00
2.949277701887699443e+00
2.949268579666656009e+00
2.949258908887298691e+00
2.949251585225453276e+00
2.949242783803617485e+00
2.949237820250954822e+00
2.949234317579943365e+00
2.949230559038199306e+00
2.949228183563481487e+00
2.949221871361373815e+00
2.949211536004761491e+00
2.949199502170059883e+00
2.949196416778346652e+00
2.949183484944396305e+00
2.949173453606046991e+00
2.949165179796234160e+00
2.949153829962298357e+00
2.949144276913474805e+00
2.949139759443398567e+00
2.949128809149564656e+00
2.949124376720732243e+00
2.949113255868985206e+00
2.949106023031069057e+00
2.949100815446970003e+00
2.949089126548685158e+00
2.949083898498546574e+00
2.949074328988865901e+00
2.949072404868367414e+00
2.949067923797385582e+00
2.949060578614381090e+00
2.949060508258513735e+00
2.949046873862085416e+00
2.949034133161985149e+00
2.949029354993895069e+00
2.949024583109515874e+00
2.949021824858260921e+00
2.949012561462434068e+00
2.949004739467179892e+00
2.949001353109255152e+00
2.948987953380924232e+00
2.948976092906461677e+00
2.948966747108820119e+00
2.948960421161284540e+00
2.948950414867411496e+00
2.948941551103216430e+00
2.948933746937772327e+00
2.948925923687625961e+00
2.948916369444967156e+00
2.948908988683521581e+00
2.948901584140154242e+00
2.948896677678059852e+00
2.948895083817686391e+00
2.948885094291421538e+00
2.948878448450603429e+00
2.948875178954041942e+00
2.948864609493015543e+00
2.948856765019105541e+00
2.948850959598448895e+00
2.948847987181888453e+00
2.948844622396653570e+00
2.948835809816132247e+00
2.948827749928151221e+00
2.948819896531969853e+00
2.948810365374220588e+00
2.948801382791742753e+00
2.948793549565289052e+00
2.948785872777468953e+00
2.948784168203154366e+00
2.948776891229740738e+00
2.948769535698212874e+00
2.948764216255172155e+00
2.948759216588335175e+00
2.948753485461436341e+00
2.948746887116917570e+00
2.948742658396654281e+00
2.948737566450264413e+00
2.948730487776836995e+00
2.948722522989462469e+00
2.948715575186132920e+00
2.948709595566155528e+00
2.948704652025838424e+00
2.948697314783617518e+00
2.948690795780618323e+00
2.948683349497692063e+00
2.948678572077858107e+00
2.948673961026702539e+00
2.948667185709630267e+00
2.948659989357595546e+00
2.948655651941663347e+00
2.948649540294550953e+00
2.948643687446431905e+00
2.948638084136873339e+00
2.948633428158097036e+00
2.948629051267249945e+00
2.948621401688558574e+00
2.948613901880629662e+00
2.948608426164948337e+00
2.948604779141039689e+00
2.948600547683528195e+00
2.948596880294084510e+00
2.948593690777142839e+00
2.948589346409900447e+00
2.948574906690279107e+00
2.948570484086600718e+00
2.948562964834887890e+00
2.948557573069781945e+00
2.948553919828539094e+00
2.948545970782085135e+00
2.948534826745892623e+00
2.948526100028195707e+00
2.948520043550312941e+00
2.948512745700292648e+00
2.948508232648443528e+00
2.948501548308508191e+00
2.948496336867070688e+00
2.948487176516200403e+00
2.948479833406522310e+00
2.948471389925598984e+00
2.948467434376914831e+00
2.948457337344460250e+00
2.948451561833592027e+00
2.948443604673091301e+00
2.948438234389990864e+00
2.948430209878056374e+00
2.948423503458033057e+00
2.948415950307119893e+00
2.948409928481453335e+00
2.948407046342892635e+00
2.948404456155830022e+00
2.948391544611761450e+00
2.948385859705858980e+00
2.948376806063548017e+00
2.948371216522380767e+00
2.948367082326068811e+00
2.948361556865091160e+00
2.948351771830286072e+00
2.948343687564336069e+00
2.948337191397818913e+00
2.948329678861075998e+00
2.948321773520956146e+00
2.948313901048594143e+00
2.948314101858863889e+00
2.948306906361579216e+00
2.948304653897748651e+00
2.948299647312794924e+00
2.948290643791893206e+00
2.948282329812110802e+00
2.948275333125551345e+00
2.948270913447943009e+00
2.948265498422206754e+00
2.948260266478749170e+00
2.948256974437800437e+00
2.948250207956928826e+00
2.948240664090530760e+00
2.948232986973709835e+00
2.948227300049454769e+00
2.948221864897308642e+00
2.948214201324274697e+00
2.948209677424604713e+00
2.948206217315388233e+00
2.948202463488246217e+00
2.948196243197701349e+00
2.948193307853344436e+00
2.948189972793078262e+00
2.948179391056448218e+00
2.948169436340609462e+00
2.948166206379691179e+00
2.948159906124443896e+00
2.948155750310713419e+00
2.948152396607500059e+00
2.948149976354693003e+00
2.948144716361862372e+00
2.948142490292152029e+00
2.948136619723829899e+00
2.948129149123815296e+00
2.948117903800709705e+00
2.948109553337196154e+00
2.948100237862273154e+00
2.948091320353894318e+00
2.948080743454120078e+00
2.948075206583289365e+00
2.948072963600159024e+00
2.948070115773204769e+00
2.948061608565667679e+00
2.948057051792546623e+00
2.948050273674421184e+00
2.948043578853212221e+00
2.948035061190052986e+00
2.948029606611675568e+00
2.948025180409648005e+00
2.948021061606909132e+00
2.948012035417199250e+00
2.948002732981570340e+00
2.947995714567756220e+00
2.947993045498363163e+00
2.947988497566755406e+00
2.947985356565091752e+00
2.947975526881713382e+00
2.947971563168858111e+00
2.947967694028426511e+00
2.947960309470186502e+00
2.947957140813964205e+00
2.947950471826350505e+00
2.947940958478767026e+00
2.947935860187576029e+00
2.947926207449572011e+00
2.947919660396447483e+00
2.947914509149926143e+00
2.947909743070781907e+00
2.947906676939468174e+00
2.947897270167475714e+00
2.947894165158004842e+00
2.947890586287950754e+00
2.947888017490884582e+00
2.947885167430783326e+00
2.947879131226573968e+00
2.947875012965328168e+00
2.947871038898924212e+00
2.947859803966092151e+00
2.947851111505961796e+00
2.947842178102310751e+00
2.947833974813067748e+00
2.947830105400706557e+00
2.947822632902740825e+00
2.947812110285586318e+00
2.947803158386303135e+00
2.947795455519427232e+00
2.947784318481451837e+00
2.947776894460422792e+00
2.947773479867024093e+00
2.947765311414183742e+00
2.947756875928249531e+00
2.947747968506192695e+00
2.947737126440141520e+00
2.947726572162119307e+00
2.947723869461353452e+00
2.947714055742651329e+00
2.947706378272771044e+00
2.947703485913921728e+00
2.947694916415036115e+00
2.947691476413385470e+00
2.947685601696028002e+00
2.947676046412016859e+00
2.947666220910154511e+00
2.947661990544256039e+00
2.947653612802121348e+00
2.947647786641304890e+00
2.947638865296875466e+00
2.947631218497610117e+00
2.947631209468176916e+00
2.947622729411540465e+00
2.947615364132860627e+00
2.947607477289312605e+00
2.947604067781484982e+00
2.947597286638607539e+00
2.947590897301360702e+00
2.947583739337086950e+00
2.947579963088027721e+00
2.947574899482017674e+00
2.947569846857319931e+00
2.947560874419926868e+00
2.947554905753378307e+00
2.947546956587487443e+00
2.947538256742649132e+00
2.947529116151180961e+00
2.947518940079520089e+00
2.947513179249000359e+00
2.947505845533655577e+00
2.947499878397000117e+00
2.947493490130914662e+00
2.947483935797935217e+00
2.947478452897471790e+00
2.947475195686513061e+00
2.947466218564366969e+00
2.947461729742520298e+00
2.947454093911198836e+00
2.947449178180153950e+00
2.947441261318029859e+00
2.947436409086970244e+00
2.947434249643990700e+00
2.947425520189789871e+00
2.947423735703396552e+00
2.947418941297493600e+00
2.947415376069664639e+00
2.947411657010472918e+00
2.947407916084927137e+00
2.947402907950336548e+00
2.947390686577738617e+00
2.947382923666803212e+00
2.947380840888750964e+00
2.947372270635097546e+00
2.947362241535862015e+00
2.947354731619194368e+00
2.947350864600258191e+00
2.947347838570137046e+00
2.947342318543115791e+00
2.947333600306732304e+00
2.947322954427988861e+00
2.947319305751606500e+00
2.947309172825126833e+00
2.947306892255636690e+00
2.947299555118297665e+00
2.947292396146984128e+00
2.947292611459813472e+00
2.947285192561226896e+00
2.947275114525524042e+00
2.947268232090654472e+00
2.947262609856387439e+00
2.947259054396548006e+00
2.947250402463808427e+00
2.947245575179837651e+00
2.947241894754910163e+00
2.947239875314292323e+00
2.947230655585382220e+00
2.947223785802229656e+00
2.947217611118116309e+00
2.947217140234290600e+00
2.947206749522339742e+00
2.947202447856390073e+00
2.947194169936847352e+00
2.947191186332505097e+00
2.947180872690489561e+00
2.947173166601034566e+00
2.947167203783368716e+00
2.947158015655948926e+00
2.947152627902164923e+00
2.947148363246277825e+00
2.947142365107495721e+00
2.947139356477499028e+00
2.947132740271991125e+00
2.947122011953864362e+00
2.947112715181715803e+00
2.947107178559160268e+00
2.947103913246790885e+00
2.947100809685958556e+00
2.947095429140928591e+00
2.947088198233934531e+00
2.947081239001401620e+00
2.947078504840828561e+00
2.947072980478835813e+00
2.947066816925628441e+00
2.947061370737305452e+00
2.947055265167371818e+00
2.947052008832557135e+00
2.947047742374024004e+00
2.947042512462186625e+00
2.947032582419370605e+00
2.947027578292756633e+00
2.947024496028024743e+00
2.947022372225474918e+00
2.947018916460468319e+00
2.947016473132715308e+00
2.947012931008871739e+00
2.947003868179535413e+00
2.946994979532993053e+00
2.946989521883881746e+00
2.946986729234053026e+00
2.946981896968586145e+00
2.946978577733825766e+00
2.946973181851786805e+00
2.946971238154227013e+00
2.946969567621458452e+00
2.946959536457234297e+00
2.946955664016935206e+00
2.946953008994077194e+00
2.946943414839340303e+00
2.946940025892268888e+00
2.946932008428621685e+00
2.946920705727970713e+00
2.946917052024939032e+00
2.946907694186136961e+00
2.946905646782464139e+00
2.946899714618116839e+00
2.946895114857987608e+00
2.946892534128543684e+00
2.946888343149205003e+00
2.946882900934269855e+00
2.946873657507064426e+00
2.946872332221568858e+00
2.946869538706549996e+00
2.946860776757363798e+00
2.946857179396057180e+00
2.946851822761050954e+00
2.946849019222878230e+00
2.946844483739271325e+00
2.946833868703210957e+00
2.946826972194855454e+00
2.946817093232628082e+00
2.946812257259702861e+00
2.946809351326122872e+00
2.946802204021016891e+00
2.946794821919161755e+00
2.946785059801803719e+00
2.946781351115531411e+00
2.946777014316593668e+00
2.946774042330709609e+00
2.946768054149746519e+00
2.946759152258156433e+00
2.946758136432997777e+00
2.946749490376584735e+00
2.946742340390460235e+00
2.946740342764074594e+00
2.946730159285149586e+00
2.946726103637447913e+00
2.946718365820787167e+00
2.946710980443374872e+00
2.946703549466163974e+00
2.946698770851381877e+00
2.946695990362584450e+00
2.946693620406723113e+00
2.946686785913790629e+00
2.946685282538906492e+00
2.946677696384126133e+00
2.946673723900061770e+00
2.946669101838542915e+00
2.946664056356717687e+00
2.946659008876137964e+00
2.946648914390928464e+00
2.946638934716346636e+00
2.946636391138166111e+00
2.946627718589857281e+00
2.946621922468182664e+00
2.946615896096911325e+00
2.946612111122860256e+00
2.946606101589416049e+00
2.946602168441204039e+00
2.946598129240793007e+00
2.946592207851040701e+00
2.946589838980133713e+00
2.946585247666276608e+00
2.946576652476146752e+00
2.946569040436376685e+00
2.946562304402093435e+00
2.946556603296768717e+00
2.946551816614615849e+00
2.946545164632773606e+00
2.946541438392358714e+00
2.946534922459848271e+00
2.946528478725666922e+00
2.946524805017925353e+00
2.946518153326878497e+00
2.946512904644023489e+00
2.946509030001394969e+00
2.946504040955964410e+00
2.946497242717349252e+00
2.946491682145396140e+00
2.946487466600750338e+00
2.946483050222423739e+00
2.946477256790263954e+00
2.946474141185071893e+00
2.946467679461648448e+00
2.946464067634904538e+00
2.946459399936480761e+00
2.946454235656792431e+00
2.946448049239176914e+00
2.946442909067763960e+00
2.946435846983613605e+00
2.946432484765889370e+00
2.946430332236062100e+00
2.946426258754550442e+00
2.946418047193482881e+00
2.946414371505156282e+00
2.946409787706259387e+00
2.946405022951290587e+00
2.946401368995866132e+00
2.946396023582831258e+00
2.946390271616206480e+00
2.946384504526149861e+00
2.946378157690641597e+00
2.946372694852395835e+00
2.946368703926038446e+00
2.946364074010270784e+00
2.946358782213728045e+00
2.946351763873988894e+00
2.946346121896415760e+00
2.946338358869337259e+00
2.946335015226122955e+00
2.946327925406941439e+00
2.946322029791254238e+00
2.946316478447437603e+00
2.946312513807255229e+00
2.946305953692688551e+00
2.946302391073342797e+00
2.946298703672534991e+00
2.946292462971618509e+00
2.946288834068248708e+00
2.946283590541695752e+00
2.946281154714504247e+00
2.946274937343692724e+00
2.946271167766574273e+00
2.946268277281756998e+00
2.946261531224971808e+00
2.946256239985009184e+00
2.946251392022622539e+00
2.946246199802188048e+00
2.946239109336425077e+00
2.946233618419651368e+00
2.946224677939447645e+00
2.946220897961729257e+00
2.946217681956347700e+00
2.946209920400759241e+00
2.946204015775377716e+00
2.946202314410025558e+00
2.946195804979224064e+00
2.946193952970908470e+00
2.946186475581322295e+00
2.946182877022282653e+00
2.946180238549754193e+00
2.946178049639464724e+00
2.946170661980718197e+00
2.946166027954099320e+00
2.946158432113010761e+00
2.946155880930537485e+00
2.946154635000038713e+00
2.946146531462236595e+00
2.946141848309658862e+00
2.946139207233303914e+00
2.946131350092529466e+00
2.946124204736297436e+00
2.946120863580879767e+00
2.946118797724721183e+00
2.946110613444372195e+00
2.946102935946034229e+00
2.946097360276403343e+00
2.946091931258294938e+00
2.946085749874607362e+00
2.946079495154021455e+00
2.946076558839712867e+00
2.946069257557513588e+00
2.946066210646743677e+00
2.946062317274172671e+00
2.946057186970803432e+00
2.946052548356991263e+00
2.946044103058102159e+00
2.946037920067084759e+00
2.946033798778628032e+00
2.946029439394216798e+00
2.946026394954608829e+00
2.946020657428573220e+00
2.946015010689937874e+00
2.946006507359654414e+00
2.946000394975851755e+00
2.945992827117803081e+00
2.945988884650453610e+00
2.945986384647663936e+00
2.945980610005134892e+00
2.945976813511557157e+00
2.945970914951545616e+00
2.945967550704795102e+00
2.945962517653882173e+00
2.945958448763521531e+00
2.945954568837550358e+00
2.945950563898967811e+00
2.945942914038480076e+00
2.945939405598462013e+00
2.945932882358427207e+00
2.945924741664515789e+00
2.945918790516224295e+00
2.945911238718318614e+00
2.945903227861921270e+00
2.945898104505671355e+00
2.945891743283317599e+00
2.945886610547805873e+00
2.945882996017703537e+00
2.945876764622262556e+00
2.945873519565930465e+00
2.945864407409982455e+00
2.945858621882683437e+00
2.945851322115137449e+00
2.945847248036974619e+00
2.945843720081851913e+00
2.945838301286464400e+00
2.945832048516434654e+00
2.945824989923547577e+00
2.945818059365447272e+00
2.945808955619863223e+00
2.945804006465600366e+00
2.945797594406937225e+00
2.945793112166581462e+00
2.945786285596769805e+00
2.945781625585247365e+00
2.945778488606794365e+00
2.945772139368536546e+00
2.945764674544989248e+00
2.945759824304043928e+00
2.945752629572945924e+00
2.945747888434843809e+00
2.945743823118063709e+00
2.945737720431710116e+00
2.945732437809227111e+00
2.945728532645864206e+00
2.945725105902594620e+00
2.945722026120209058e+00
2.945720177414798968e+00
2.945714534776634252e+00
2.945710198558028736e+00
2.945705732296488577e+00
2.945701504518777547e+00
2.945697303378302490e+00
2.945690783966790072e+00
2.945688831221016990e+00
2.945682483694200826e+00
2.945676929139256828e+00
2.945670136680511586e+00
2.945661720422040109e+00
2.945657686239197659e+00
2.945650508420520897e+00
2.945648176240660110e+00
2.945638444210248341e+00
2.945630917411686589e+00
2.945626576287368792e+00
2.945619490410591901e+00
2.945613240330224425e+00
2.945610838894709538e+00
2.945606779297029298e+00
2.945599372275773842e+00
2.945593170968956453e+00
2.945587212047180881e+00
2.945579370515884587e+00
2.945571670566887068e+00
2.945563342640047821e+00
2.945556864995019453e+00
2.945551754473584971e+00
2.945545938022638310e+00
2.945539643072381253e+00
2.945533139252513255e+00
2.945526364042385215e+00
2.945523688154819908e+00
2.945517403725405270e+00
2.945514128187936453e+00
2.945510539189303501e+00
2.945504144878836605e+00
2.945498672773048998e+00
2.945491920112239370e+00
2.945484955739039012e+00
2.945482677128102189e+00
2.945478143292358020e+00
2.945471075113915482e+00
2.945463955465431383e+00
2.945458522636332788e+00
2.945454819637514543e+00
2.945452186727146149e+00
2.945446372729450868e+00
2.945441280508350079e+00
2.945436260794122241e+00
2.945430405046364442e+00
2.945425374790593409e+00
2.945418811589435748e+00
2.945414023803003101e+00
2.945406699150368457e+00
2.945400542132237565e+00
2.945396038368045755e+00
2.945390776636302110e+00
2.945385734790361809e+00
2.945378662717084151e+00
2.945373181736579582e+00
2.945368567413650052e+00
2.945365509501252088e+00
2.945359155427782483e+00
2.945352904413922612e+00
2.945349828920020396e+00
2.945345905263764497e+00
2.945340873853035557e+00
2.945332925393621348e+00
2.945325888870708120e+00
2.945322578211617248e+00
2.945318218887719830e+00
2.945316471251864243e+00
2.945313017720126325e+00
2.945306504217626298e+00
2.945299812965795461e+00
2.945293571731779192e+00
2.945289726819723786e+00
2.945286366333735639e+00
2.945281813281866334e+00
2.945273604379866406e+00
2.945269215810679242e+00
2.945261758010298436e+00
2.945258692989290772e+00
2.945253435047956003e+00
2.945246957826241463e+00
2.945240907273181996e+00
