2.574046563201535243e+00
2.574249626749596231e+00
2.574485493303827699e+00
2.574719704416341237e+00
2.574930763034036119e+00
2.575113545870266751e+00
2.575272869985081758e+00
2.575416436594604619e+00
2.575551207631546990e+00
2.575654180298445173e+00
2.575799301251468165e+00
2.575940546239093631e+00
2.576067219729633706e+00
2.576216788706680916e+00
2.576364760886622030e+00
2.576512821507786377e+00
2.576661882943207971e+00
2.576812325246333746e+00
2.576964223410591615e+00
2.577117475093015919e+00
2.577271874880938451e+00
2.577427164309161967e+00
2.577592738421233598e+00
2.577736844635577285e+00
2.577895821656338793e+00
2.578039213891529347e+00
2.578192009120467088e+00
2.578407385185430112e+00
2.578520780728809303e+00
2.578668530772286083e+00
2.578806760699808631e+00
2.578972285876388160e+00
2.579120379967715149e+00
2.579288613232129990e+00
2.579440515806965095e+00
2.579590716731609223e+00
2.579739857991884211e+00
2.579859387802253323e+00
2.579990583200207244e+00
2.580129780639817572e+00
2.580276318647654499e+00
2.580413922244582992e+00
2.580558984802774791e+00
2.580710161837069805e+00
2.580862206142700455e+00
2.581004658254327122e+00
2.581162278232842944e+00
2.581325872965025692e+00
2.581471657785026963e+00
2.581637183397308632e+00
2.581804295987800479e+00
2.581972753686172073e+00
2.582115372567328482e+00
2.582284180503967796e+00
2.582415152401928093e+00
2.582556566182149904e+00
2.582721992447075010e+00
2.582862893733222531e+00
2.583020485636299934e+00
2.583183762107731152e+00
2.583315437178502982e+00
2.583452753945255420e+00
2.583605607668222781e+00
2.583801489395432416e+00
2.583940471843081621e+00
2.584085011863701986e+00
2.584236431667009004e+00
2.584388277301472581e+00
2.584540130804050317e+00
2.584691492372639399e+00
2.584842236821569550e+00
2.584947884545502284e+00
2.585073746551751483e+00
2.585230849653885166e+00
2.585359496803809165e+00
2.585515753812955619e+00
2.585648534062497284e+00
2.585803660616725175e+00
2.585940193633625483e+00
2.586093964142909485e+00
2.586247002184460797e+00
2.586398946748489358e+00
2.586550077357279154e+00
2.586700625539501086e+00
2.586850752765616601e+00
2.587000554938403418e+00
2.587150108122743486e+00
2.587299485950410372e+00
2.587448712989104838e+00
2.587597823814579812e+00
2.587746839214183137e+00
2.587895791306786375e+00
2.588044724437303046e+00
2.588193647133386843e+00
2.588342582724124874e+00
2.588491424892604087e+00
2.588640459189738063e+00
2.588789727845628885e+00
2.588939114796176444e+00
2.589088561097203645e+00
2.589238134314956419e+00
2.589387876559824164e+00
2.589537784563563871e+00
2.589687888639804481e+00
2.589838202980486059e+00
2.589988726511558870e+00
2.590139485522336305e+00
2.590290473592660625e+00
2.590441897831802898e+00
2.590593598215408910e+00
2.590747135391474387e+00
2.590901226630249798e+00
2.591055906552739430e+00
2.591208615086314726e+00
2.591361571142279274e+00
2.591514677218006657e+00
2.591667939946969312e+00
2.591821341931002554e+00
2.591978884405089278e+00
2.592136727128876217e+00
2.592295128116657299e+00
2.592453922797680388e+00
2.592606215380385937e+00
2.592765581183855250e+00
2.592905421701288127e+00
2.593066386235045151e+00
2.593213007289643546e+00
2.593393976852079064e+00
2.593504765951064162e+00
2.593660323095237530e+00
2.593813888982169136e+00
2.594006344776852213e+00
2.594126454958794348e+00
2.594279348735284429e+00
2.594443563191461077e+00
2.594562823951768404e+00
2.594738111532813196e+00
2.594923401914946748e+00
2.595031948249288511e+00
2.595184899454884508e+00
2.595353983364811601e+00
2.595478242076158626e+00
2.595653072486881818e+00
2.595835529060884106e+00
2.595947828188999829e+00
2.596100539683046993e+00
2.596265531633652923e+00
2.596387564883557264e+00
2.596575464254454957e+00
2.596747929092676266e+00
2.596863972303040224e+00
2.597016134340063509e+00
2.597181989260705759e+00
2.597345195621123537e+00
2.597493863133318648e+00
2.597645032853458602e+00
2.597809699493808910e+00
2.597975425731275934e+00
2.598123415680551496e+00
2.598266693807961492e+00
2.598420389181550938e+00
2.598589247825814574e+00
2.598724510601464033e+00
2.598892183615900908e+00
2.599029156544357733e+00
2.599192533520221726e+00
2.599341920000656891e+00
2.599485246308428810e+00
2.599635324039293760e+00
2.599778818360031440e+00
2.599947502927406173e+00
2.600104971481390415e+00
2.600271363755627174e+00
2.600399357300347880e+00
2.600545376393268437e+00
2.600693959959912593e+00
2.600843855234189483e+00
2.600989327812373464e+00
2.601146482250376035e+00
2.601311727836065124e+00
2.601463504491596357e+00
2.601636851303412268e+00
2.601785742901143283e+00
2.601948510075158705e+00
2.602089209571265549e+00
2.602254975197091813e+00
2.602390516559728084e+00
2.602550342606385403e+00
2.602715296365680331e+00
2.602889189045301865e+00
2.603009348361230213e+00
2.603162010692382733e+00
2.603308583508635810e+00
2.603457268684144399e+00
2.603606983501246308e+00
2.603756804826818705e+00
2.603907024024733730e+00
2.604057239384667266e+00
2.604206384312247824e+00
2.604369440581543405e+00
2.604508529549427909e+00
2.604663193541406407e+00
2.604829478948999189e+00
2.604990872406685920e+00
2.605169985156435164e+00
2.605311099874987324e+00
2.605483032650825148e+00
2.605635346845867950e+00
2.605785044380497517e+00
2.605937023333965374e+00
2.606089852378828731e+00
2.606246498863905359e+00
2.606403924956171458e+00
2.606570998625489910e+00
2.606720144220651569e+00
2.606872351784912833e+00
2.607049784264563019e+00
2.607201372015844232e+00
2.607347495366161283e+00
2.607490274070485725e+00
2.607640657800081474e+00
2.607814300984111267e+00
2.607979231477916660e+00
2.608104334876629071e+00
2.608273333043612752e+00
2.608400552858499921e+00
2.608558545851705546e+00
2.608720988975601784e+00
2.608880162644287903e+00
2.609052046962180071e+00
2.609217498131890522e+00
2.609395895761320361e+00
2.609557550614125088e+00
2.609708629140421010e+00
2.609843733582899006e+00
2.610015291577242991e+00
2.610161714378610665e+00
2.610301300829166671e+00
2.610467435805682967e+00
2.610598394975252035e+00
2.610758664112132976e+00
2.610919084830789050e+00
2.611072792468120518e+00
2.611220844360744753e+00
2.611380410629652538e+00
2.611548830311888558e+00
2.611707349609861506e+00
2.611835835425031505e+00
2.612008908729286372e+00
2.612156579570924730e+00
2.612309334516872639e+00
2.612467416336983206e+00
2.612612280838526146e+00
2.612758906572633766e+00
2.612914833539589754e+00
2.613088779620337032e+00
2.613232065870716880e+00
2.613399255554467615e+00
2.613553767246010739e+00
2.613696527785524637e+00
2.613852302765657942e+00
2.614000187679576204e+00
2.614161880686641126e+00
2.614328693573877871e+00
2.614470623355958256e+00
2.614628407230921159e+00
2.614769445807439308e+00
2.614928850991877329e+00
2.615083644012376585e+00
2.615250367426371625e+00
2.615405190723345097e+00
2.615569848832067557e+00
2.615738764266172023e+00
2.615868343911890825e+00
2.616018537771096497e+00
2.616165328292624714e+00
2.616303372784560377e+00
2.616463668189676461e+00
2.616611336171972280e+00
2.616734865285962552e+00
2.616836728977066429e+00
2.616895380975412078e+00
2.616927236388061573e+00
2.616949476125468355e+00
2.616942812123810747e+00
2.616941051859625667e+00
2.616940161577428814e+00
2.616956567832493974e+00
2.616975311383247238e+00
2.616977858587303807e+00
2.616974573021201511e+00
2.616967665950470145e+00
2.616978347098720903e+00
2.616973994369155676e+00
2.616979724039185662e+00
2.616988600629125639e+00
2.616989302854132671e+00
2.616989284700953267e+00
2.616996101302138111e+00
2.616996995314713637e+00
2.616997111380028329e+00
2.617000274912958169e+00
2.617004040307544077e+00
2.617009447807580713e+00
2.617011624195808128e+00
2.617019650000626640e+00
2.617015206928186455e+00
2.617016867070208530e+00
2.617017450671309753e+00
2.617017712929755380e+00
2.617020703628738953e+00
2.617020753268814559e+00
2.617026044250261307e+00
2.617022678569609351e+00
2.617024134812078184e+00
2.617026137932437990e+00
2.617027351354822340e+00
2.617028459007263219e+00
2.617031779938048697e+00
2.617025326862128853e+00
2.617026457669519246e+00
2.617030302178360301e+00
2.617031222258211276e+00
2.617038140522649936e+00
2.617028387459265470e+00
2.617029865561502966e+00
2.617025608343645171e+00
2.617029647479918175e+00
2.617030835093637542e+00
2.617032913362512758e+00
2.617030855899096675e+00
2.617028576433157561e+00
2.617032660079809503e+00
2.617032834779255523e+00
2.617034326409410916e+00
2.617030760339897455e+00
2.617030830810514352e+00
2.617029739668589539e+00
2.617032701582791887e+00
2.617035940414004447e+00
2.617037566687497652e+00
2.617034534660329648e+00
2.617032726806060694e+00
2.617033211615664268e+00
2.617032394294244391e+00
2.617031053844612210e+00
2.617032364696614710e+00
2.617034393386193702e+00
2.617031241597201685e+00
2.617032037264767741e+00
2.617034688124623365e+00
2.617039171947737941e+00
2.617043710530051470e+00
2.617048205602113597e+00
2.617052504039700356e+00
2.617056602626701700e+00
2.617060515507834584e+00
2.617064260503768836e+00
2.617067867966018202e+00
2.617071375536967892e+00
2.617074794137539850e+00
2.617078134389183131e+00
2.617081455499946863e+00
2.617084704100540282e+00
2.617087922859325122e+00
2.617091120873295207e+00
2.617094304496915935e+00
2.617097473855235723e+00
2.617100638867495999e+00
2.617103847554909546e+00
2.617107030504954857e+00
2.617110222798761932e+00
2.617113425384898662e+00
2.617116639352710994e+00
2.617119866632473979e+00
2.617123099760248817e+00
2.617126353988437515e+00
2.617129621299879805e+00
2.617132817760064789e+00
2.617136109832379987e+00
2.617139421970885227e+00
2.617143157302613155e+00
2.617134229921767918e+00
2.617134977530233719e+00
2.617137742602077211e+00
2.617134427695283705e+00
2.617132340085932984e+00
2.617133015806797136e+00
2.617133591657349712e+00
2.617136209665130497e+00
2.617135091635685029e+00
2.617133906608599236e+00
2.617134260669970125e+00
2.617137973667326811e+00
2.617139548472288801e+00
2.617138852269880633e+00
2.617138711529299222e+00
2.617138648275350477e+00
2.617136971861301564e+00
2.617135973052309605e+00
2.617135708478569356e+00
2.617135445762368118e+00
2.617139818491392322e+00
2.617140452890433622e+00
2.617144689298988691e+00
2.617142745391233039e+00
2.617141770906024512e+00
2.617138995266882429e+00
2.617139412582417890e+00
2.617140441347245883e+00
2.617145186519123090e+00
2.617147386223559469e+00
2.617148639399393684e+00
2.617147755624353422e+00
2.617149839701801373e+00
2.617148682931973003e+00
2.617150929572123808e+00
2.617149444517653745e+00
2.617151618910929400e+00
2.617150077005525599e+00
2.617148486832230336e+00
2.617150373379862671e+00
2.617148504082327687e+00
2.617150386534758510e+00
2.617149899338576002e+00
2.617149069508237780e+00
2.617149935269095451e+00
2.617152068254591679e+00
2.617150654657693920e+00
2.617152135833499038e+00
2.617153065859412653e+00
2.617152677135306416e+00
2.617153815148097085e+00
2.617153480141535482e+00
2.617152092189159340e+00
2.617151413756587885e+00
2.617153600818610037e+00
2.617154326423320576e+00
2.617153838984613401e+00
2.617153191473347018e+00
2.617154164678821893e+00
2.617155873460137450e+00
2.617155418179955007e+00
2.617156414699119971e+00
2.617158162575538238e+00
2.617157891708422390e+00
2.617157777354272685e+00
2.617159512456462611e+00
2.617158161954044715e+00
2.617158599112435091e+00
2.617158409718409295e+00
2.617156772009298304e+00
2.617156986648022432e+00
2.617156987355413023e+00
2.617155387371878472e+00
2.617154617728583599e+00
2.617154356902426926e+00
2.617153891213249040e+00
2.617154297665880147e+00
2.617155976201339218e+00
2.617155117969650391e+00
2.617153905597609409e+00
2.617153894504317346e+00
2.617153605961343388e+00
2.617153266487713292e+00
2.617154298012982494e+00
2.617153809088589966e+00
2.617153395016284190e+00
2.617152567020999854e+00
2.617153006852582120e+00
2.617152855374558662e+00
2.617153244010843594e+00
2.617154267353478225e+00
2.617154055635052323e+00
2.617153399440939054e+00
2.617153085242331034e+00
2.617154111732994171e+00
2.617154109159498532e+00
2.617153969055895590e+00
2.617153149329332074e+00
2.617153045190362182e+00
2.617152941863650994e+00
2.617152206230556999e+00
2.617151726517625843e+00
2.617151626182943502e+00
2.617152448102425311e+00
2.617152297014473827e+00
2.617152085106118076e+00
2.617151759016780321e+00
2.617151141527788827e+00
2.617152634144862766e+00
2.617153423004882740e+00
2.617152935338995956e+00
2.617152098898381407e+00
2.617151384874834896e+00
2.617151038932990392e+00
2.617151484209658374e+00
2.617151481939901103e+00
2.617153173650082820e+00
2.617152331735744131e+00
2.617151728451409642e+00
2.617152232113921340e+00
2.617151754107602812e+00
2.617151895707173992e+00
2.617151650840483956e+00
2.617151545374054589e+00
2.617152075005298784e+00
2.617152960438124953e+00
2.617152367378340561e+00
2.617152573848959385e+00
2.617152430168024679e+00
2.617153668946293088e+00
2.617158140535660316e+00
2.617157237762539612e+00
2.617156546254158833e+00
2.617156136950220979e+00
2.617155864990733605e+00
2.617155585007745255e+00
2.617155520715888084e+00
2.617155452993336073e+00
2.617155364986493815e+00
2.617155035899709326e+00
2.617155010491214462e+00
2.617154981923023982e+00
2.617155072195723964e+00
2.617154630254937331e+00
2.617154557913207835e+00
2.617154428425309209e+00
2.617152994478454620e+00
2.617154525092137973e+00
2.617153803200938711e+00
2.617153102240297180e+00
2.617153907574511607e+00
2.617152714465805996e+00
2.617152422858961103e+00
2.617153418032895029e+00
2.617153205041178321e+00
2.617153260059337239e+00
2.617154188835849826e+00
2.617153467877538997e+00
2.617154095511164957e+00
2.617153514218400367e+00
2.617152943071353377e+00
2.617152747959403225e+00
2.617152295838557574e+00
2.617152055867449700e+00
2.617152032135313000e+00
2.617152183539331212e+00
2.617152146034574578e+00
2.617152278391980058e+00
2.617152202179820808e+00
2.617152171004236916e+00
2.617151836266359943e+00
2.617151790642302078e+00
2.617151462466282386e+00
2.617151516860534599e+00
2.617151049362137272e+00
2.617151556379569310e+00
2.617151251032706405e+00
2.617151249025066129e+00
2.617150688595974106e+00
2.617150611691992701e+00
2.617150579231649843e+00
2.617150735221083213e+00
2.617150812382270431e+00
2.617151505878571260e+00
2.617151377550639424e+00
2.617151320773277501e+00
2.617151235879660032e+00
2.617151566955787878e+00
2.617151325174674081e+00
2.617150562041505868e+00
2.617151301446367206e+00
2.617152376401636005e+00
2.617152373304330482e+00
2.617152277258530724e+00
2.617152072598761592e+00
2.617153161043535459e+00
2.617154782784970823e+00
2.617155153781198340e+00
2.617154724548796274e+00
2.617153402057106337e+00
2.617153058563160606e+00
2.617152833726900774e+00
2.617152654161242875e+00
2.617152238467197023e+00
2.617152783079478517e+00
2.617152856038514663e+00
2.617152702138199949e+00
2.617152725969852156e+00
2.617152280171645362e+00
2.617152404173060276e+00
2.617152376992657459e+00
2.617153486057970380e+00
2.617153479829920304e+00
2.617154921588078054e+00
2.617153972154374397e+00
2.617154030407920384e+00
2.617155010657942427e+00
2.617154128255915424e+00
2.617153769995221868e+00
2.617154365713706632e+00
2.617154478359959846e+00
2.617156005777751648e+00
2.617155165019837249e+00
2.617154969427040623e+00
2.617154495494517619e+00
2.617154348311854672e+00
2.617154911179515597e+00
2.617155895769248009e+00
2.617156113765908287e+00
2.617156073172206554e+00
2.617156536027712921e+00
2.617157533027678618e+00
2.617156280491595322e+00
2.617157230305664495e+00
2.617156424961684991e+00
2.617156572332064002e+00
2.617156412070539506e+00
2.617156721562244659e+00
2.617156375495653275e+00
2.617157200979611353e+00
2.617157355227448079e+00
2.617156826830756344e+00
2.617156834910705498e+00
2.617157098602588050e+00
2.617157724215781300e+00
2.617157293541377605e+00
2.617157130115491892e+00
2.617157513008247616e+00
2.617157197702886684e+00
2.617157600206036161e+00
2.617157453684756163e+00
2.617157386004989039e+00
2.617157251850032562e+00
2.617157674328181027e+00
2.617157360563211466e+00
2.617157815976618895e+00
2.617157706678247653e+00
2.617157170205205663e+00
2.617157790870599410e+00
2.617157713966101973e+00
2.617158461280844062e+00
2.617159340489027652e+00
2.617159014080940871e+00
2.617158643884299085e+00
2.617159445806117812e+00
2.617159227362957807e+00
2.617159446918887689e+00
2.617160583282553521e+00
2.617160039003524563e+00
2.617159856900044268e+00
2.617159321461191901e+00
2.617159166288695715e+00
2.617159136890884419e+00
2.617159563626401120e+00
2.617159413865653761e+00
2.617159858716614274e+00
2.617159248132141069e+00
2.617159944543715699e+00
2.617159210132315117e+00
2.617159375380610165e+00
2.617159208228124534e+00
2.617159128433932391e+00
2.617160003084572750e+00
2.617159329982674532e+00
2.617159783085401425e+00
2.617159835094617470e+00
2.617160145265133409e+00
2.617160245317069922e+00
2.617160044185136591e+00
2.617160815333843704e+00
2.617161027186265532e+00
2.617160841757658840e+00
2.617160785804839129e+00
2.617160485768489142e+00
2.617160449283862267e+00
2.617161098878725500e+00
2.617161982725023872e+00
2.617161444915167223e+00
2.617161685199888677e+00
2.617162244397891246e+00
2.617162007945370128e+00
2.617162915405430557e+00
2.617162851366574117e+00
2.617163048028960048e+00
2.617162548067776040e+00
2.617162528199665328e+00
2.617163136657021827e+00
2.617163005090844319e+00
2.617163016659656893e+00
2.617162859896651650e+00
2.617162658731182923e+00
2.617162752325056463e+00
2.617162997504230759e+00
2.617163047287095257e+00
2.617163504473216218e+00
2.617163597765214345e+00
2.617163609357176401e+00
2.617163437188845254e+00
2.617163345018370446e+00
2.617163125299431403e+00
2.617164039910990336e+00
2.617163675077380347e+00
2.617164372829193120e+00
2.617164015511695307e+00
2.617164913888456734e+00
2.617164887225933878e+00
2.617164670033293117e+00
2.617164583201478489e+00
2.617164960732094592e+00
2.617164966102783819e+00
2.617165287739681379e+00
2.617165601126993923e+00
2.617165831366854878e+00
2.617166767735361166e+00
2.617168246371425422e+00
2.617169179804466062e+00
2.617168238232875588e+00
2.617167686878847821e+00
2.617166844138882009e+00
2.617167082152739965e+00
2.617166859295429582e+00
2.617167054178672458e+00
2.617167145627848246e+00
2.617167763847454420e+00
2.617167672589535421e+00
2.617167864963001467e+00
2.617167677618392307e+00
2.617168040511569149e+00
2.617168291229988508e+00
2.617168224045507863e+00
2.617168264060136806e+00
2.617168624879914418e+00
2.617168687853214770e+00
2.617168543195757202e+00
2.617168410376686793e+00
2.617168290114046503e+00
2.617168537040681198e+00
2.617168497675786298e+00
2.617168805826453948e+00
2.617168736997352418e+00
2.617168802123833071e+00
2.617168727100111170e+00
2.617169203190725213e+00
2.617169652437588034e+00
2.617169990995642515e+00
2.617169787593232488e+00
2.617169625154157853e+00
2.617170141535526628e+00
2.617169969609019820e+00
2.617169970631002762e+00
2.617170125753610854e+00
2.617169949276746621e+00
2.617170279633799446e+00
2.617170347358294791e+00
2.617170494538955339e+00
2.617170268719664961e+00
2.617170098861167915e+00
2.617170365937965926e+00
2.617170567485811894e+00
2.617170469823387080e+00
2.617170214201906653e+00
2.617170070270474547e+00
2.617170407466700155e+00
2.617170778073445447e+00
2.617170849511295305e+00
2.617170538149919512e+00
2.617170829247173813e+00
2.617171293446345803e+00
2.617171260346128570e+00
2.617172350035145811e+00
2.617171787947071948e+00
2.617171552172620430e+00
2.617171418913804448e+00
2.617171369438793249e+00
2.617171839966846214e+00
2.617171854246074236e+00
2.617172213437416239e+00
2.617172615106951650e+00
2.617173315017315982e+00
2.617173184078179116e+00
2.617172706444394148e+00
2.617172586448036409e+00
2.617172889007727488e+00
2.617173505389700505e+00
2.617173122194830004e+00
2.617173562927235686e+00
2.617173810720024196e+00
2.617173776019573683e+00
2.617173738115189607e+00
2.617173837014512117e+00
2.617173800572183850e+00
2.617173977258654194e+00
2.617173982270883048e+00
2.617173946911088844e+00
2.617174449708640882e+00
2.617174348159637454e+00
2.617174990901866671e+00
2.617175350269855372e+00
2.617175315539748137e+00
2.617175433666472983e+00
2.617175583846491627e+00
2.617175535290824140e+00
2.617175964029751167e+00
2.617176933354089741e+00
2.617176740588154527e+00
2.617176450128017251e+00
2.617177173602812434e+00
2.617177222615917120e+00
2.617176899759162900e+00
2.617177231166186946e+00
2.617177290822740865e+00
2.617177293588473841e+00
2.617177431486890526e+00
2.617177352432180193e+00
2.617177553713476268e+00
2.617177552042003974e+00
2.617177729566905864e+00
2.617178133756417502e+00
2.617178640598375683e+00
2.617178077425081462e+00
2.617178188095941049e+00
2.617178318113933422e+00
2.617178239236537696e+00
2.617178295616386485e+00
2.617178688727879621e+00
2.617178575351818637e+00
2.617178626582247425e+00
2.617179124869933204e+00
2.617179033681741096e+00
2.617179571149550910e+00
2.617179898195415522e+00
2.617180134078582299e+00
2.617180112511519052e+00
2.617180545235405997e+00
2.617180382831001850e+00
2.617180353654408265e+00
2.617181056125531313e+00
2.617180981712590171e+00
2.617180949272662538e+00
2.617180928436141141e+00
2.617180759273968871e+00
2.617180773159604179e+00
2.617181087091403846e+00
2.617180777357275723e+00
2.617180660857905572e+00
2.617181047889772127e+00
2.617181311719205095e+00
2.617181822727421725e+00
2.617181921368454400e+00
2.617182081354147982e+00
2.617181620712312640e+00
2.617181959354016652e+00
2.617182063975453943e+00
2.617182010688079874e+00
2.617182752684573455e+00
2.617182303373034813e+00
2.617182505175668972e+00
2.617183181042840978e+00
2.617183513139964113e+00
2.617183281594229083e+00
2.617183168733714371e+00
2.617183223812420412e+00
2.617183474709585234e+00
2.617183250582557186e+00
2.617183280597251027e+00
2.617183339882421134e+00
2.617183277157156152e+00
2.617183314491315027e+00
2.617183911066550461e+00
2.617184578255517202e+00
2.617184970881980099e+00
2.617185067940301035e+00
2.617185852149661152e+00
2.617185072218677799e+00
2.617184903203273905e+00
2.617184865848388942e+00
2.617184968892795283e+00
2.617184870012243092e+00
2.617185010585080462e+00
2.617185014874988891e+00
2.617185044854284826e+00
2.617185081951892034e+00
2.617185150347426159e+00
2.617185489134552512e+00
2.617185694232545323e+00
2.617185592652247816e+00
2.617185886837149145e+00
2.617186051707691696e+00
2.617186053350038843e+00
2.617186122363792222e+00
2.617186101879751536e+00
2.617186143518301034e+00
2.617186185419742461e+00
2.617186238137452658e+00
2.617186541885544671e+00
2.617186528131507650e+00
2.617186685133639834e+00
2.617187205050051091e+00
2.617187413865817991e+00
2.617187799680261051e+00
2.617187570777842254e+00
2.617187524672151877e+00
2.617187568042831813e+00
2.617187486961101150e+00
2.617187538550261650e+00
2.617188122028272002e+00
2.617188034048356204e+00
2.617188128481000131e+00
2.617188263061545062e+00
2.617188822264886916e+00
2.617188809841552999e+00
2.617188948222087586e+00
2.617188944625271407e+00
2.617189101313155408e+00
2.617189147930706561e+00
2.617189234858138480e+00
2.617189525389414406e+00
2.617189503769119074e+00
2.617189778935112621e+00
2.617190333033643235e+00
2.617191031512811517e+00
2.617190726902930198e+00
2.617190444644891034e+00
2.617190498864562898e+00
2.617190579289617069e+00
2.617190615220181815e+00
2.617190853812958906e+00
2.617190715485677277e+00
2.617190776302919630e+00
2.617191678850641079e+00
2.617191707355457364e+00
2.617191844694175540e+00
2.617191643480433871e+00
2.617191579276160862e+00
2.617191811102286270e+00
2.617192392096558518e+00
2.617192573944614242e+00
2.617193275931271046e+00
2.617193429461867726e+00
2.617192987288364137e+00
2.617192635812698231e+00
2.617192565626227818e+00
2.617192689055016341e+00
2.617192675417644665e+00
2.617192953439060332e+00
2.617193365193553056e+00
2.617193792743455649e+00
2.617194180669564663e+00
2.617194556986196741e+00
2.617194940484103061e+00
2.617195322090175136e+00
2.617195702207570918e+00
2.617196080030073979e+00
2.617196457513480290e+00
2.617196838050032781e+00
2.617197213368533504e+00
2.617197588626148264e+00
2.617197957314002732e+00
2.617198359048291678e+00
2.617198726410721044e+00
2.617199102437016034e+00
2.617199478355441311e+00
2.617199855450961898e+00
2.617200233366127282e+00
2.617200613765203521e+00
2.617200991648986896e+00
2.617201305732903105e+00
2.617201689962336708e+00
2.617202068481728983e+00
2.617202452857468664e+00
2.617202836553953027e+00
2.617203216561591717e+00
2.617203597043838315e+00
2.617203970196648743e+00
2.617204357398125847e+00
2.617203610221270349e+00
2.617202853958667585e+00
2.617202940205324069e+00
2.617203194583318737e+00
2.617202946266879326e+00
2.617202918499049957e+00
2.617202895570842625e+00
2.617202892612766618e+00
2.617202934315600249e+00
2.617202864663500606e+00
2.617203178195470326e+00
2.617203174471303573e+00
2.617203395317635461e+00
2.617203398625413069e+00
2.617203513175977658e+00
2.617203565534764298e+00
2.617203598513633267e+00
2.617203945257163156e+00
2.617204342123363947e+00
2.617206440474817875e+00
2.617214358277935471e+00
2.617242104964527805e+00
2.617315503286885559e+00
2.617435919906835107e+00
2.617574859549130384e+00
2.617718417781973894e+00
2.617865555524357735e+00
2.618012573790946096e+00
2.618153888404450402e+00
2.618302538826829284e+00
2.618475827090588570e+00
2.618608717954920007e+00
2.618742159078158327e+00
2.618882314426348223e+00
2.619027848986362095e+00
2.619173681459881387e+00
2.619318841253034602e+00
2.619463798111318020e+00
2.619606059824384214e+00
2.619750330174450692e+00
2.619896353364198127e+00
2.620040359698441623e+00
2.620185646770543109e+00
2.620331604203363085e+00
2.620478629580096808e+00
2.620629873361167927e+00
2.620782191921947391e+00
2.620927529345362661e+00
2.621073386353813817e+00
2.621219656675025877e+00
2.621384711310875026e+00
2.621524772013853699e+00
2.621668707868979986e+00
2.621811704721265457e+00
2.621956542822834191e+00
2.622122802351448012e+00
2.622301512784255717e+00
2.622417016748870733e+00
2.622563275044349496e+00
2.622715650521744823e+00
2.622880321884035748e+00
2.623059466945489859e+00
2.623191009186111700e+00
2.623335395292375694e+00
2.623476711286946816e+00
2.623622503244733117e+00
2.623767013880703658e+00
2.623936075872728146e+00
2.624103446714256549e+00
2.624228707837255481e+00
2.624376464223068250e+00
2.624524703932797021e+00
2.624676529132244696e+00
2.624826289935783930e+00
2.624977145459828520e+00
2.625128527093187447e+00
2.625293166866154326e+00
2.625428259893490601e+00
2.625576794716673934e+00
2.625726024873719755e+00
2.625871562448457208e+00
2.626024219054019060e+00
2.626173369477338149e+00
2.626320804351156113e+00
2.626469435304556121e+00
2.626633622440511129e+00
2.626804317181165249e+00
2.626929964736953504e+00
2.627083884188100793e+00
2.627245282839277163e+00
2.627391188030009150e+00
2.627539962422385411e+00
2.627686415940605258e+00
2.627838475807482421e+00
2.627985738701817731e+00
2.628135073986748615e+00
2.628286005997795272e+00
2.628436871397219488e+00
2.628586270989602180e+00
2.628736810897538856e+00
2.628887546514776297e+00
2.629036919147952567e+00
2.629188174892007623e+00
2.629353901551720440e+00
2.629515779006596610e+00
2.629685717329016015e+00
2.629826672203464888e+00
2.629969866758584018e+00
2.630139647508210388e+00
2.630302292785257290e+00
2.630441979811979802e+00
2.630592086622718817e+00
2.630738883292977892e+00
2.630906772734455057e+00
2.631073163239965318e+00
2.631221121647364658e+00
2.631370635520256407e+00
2.631519108078645974e+00
2.631667824303723258e+00
2.631818248438428043e+00
2.631968403272708201e+00
2.632125016827826514e+00
2.632290219013662114e+00
2.632451853029833533e+00
2.632621476361287183e+00
2.632757311163450353e+00
2.632905242117260070e+00
2.633054651952482228e+00
2.633202702039861620e+00
2.633349148599447798e+00
2.633505478551939838e+00
2.633653307590528403e+00
2.633809267396120646e+00
2.633964544946376218e+00
2.634113962552859345e+00
2.634270541255875120e+00
2.634435890093040467e+00
2.634597930823242784e+00
2.634737313159360106e+00
2.634891632023693919e+00
2.635043712158847473e+00
2.635190079707370181e+00
2.635338805908101101e+00
2.635487118787227079e+00
2.635641344837797106e+00
2.635789493418495333e+00
2.635944232472141824e+00
2.636096153218735250e+00
2.636254978158882434e+00
2.636418491754855875e+00
2.636565294758669076e+00
2.636722962120601199e+00
2.636874786020332095e+00
2.637023252103510185e+00
2.637192075254303880e+00
2.637343941229728372e+00
2.637496067438878544e+00
2.637646564636053625e+00
2.637802690978477305e+00
2.637965427465157831e+00
2.638112950641951393e+00
2.638260813766634794e+00
2.638417274600922902e+00
2.638566898139067973e+00
2.638723327132300067e+00
2.638875427969417320e+00
2.639031363310593736e+00
2.639185020458758135e+00
2.639351395172774062e+00
2.639507404055500661e+00
2.639655711564093732e+00
2.639816165801840420e+00
2.639963687064357689e+00
2.640112733587968830e+00
2.640281143052376933e+00
2.640433946771926887e+00
2.640588736096169509e+00
2.640748324482722786e+00
2.640892107883254791e+00
2.641062235473362385e+00
2.641234337353154160e+00
2.641408224157532292e+00
2.641542384879489891e+00
2.641707494626853503e+00
2.641859473299682293e+00
2.642010695049346491e+00
2.642155927541021132e+00
2.642306437927762541e+00
2.642454437783498200e+00
2.642614665513805861e+00
2.642759426265519629e+00
2.642905840689779406e+00
2.643057718766550490e+00
2.643208850110600583e+00
2.643368048687427141e+00
2.643517879812567806e+00
2.643663628018643408e+00
2.643820554355005736e+00
2.643981671309043158e+00
2.644137281827535713e+00
2.644290076241153642e+00
2.644439840133393282e+00
2.644592669172889376e+00
2.644741984020646530e+00
2.644894552443362024e+00
2.645044485862766415e+00
2.645198517916737657e+00
2.645350585813281974e+00
2.645496909209283931e+00
2.645651135665286535e+00
2.645804587297395649e+00
2.645971790190747353e+00
2.646120052981450588e+00
2.646273648768613374e+00
2.646434974886330949e+00
2.646582428065119785e+00
2.646736729349366879e+00
2.646894002471034568e+00
2.647041738651283449e+00
2.647200777174296249e+00
2.647354168659418860e+00
2.647507690343767983e+00
2.647656949784028324e+00
2.647818239152686104e+00
2.647962673664539412e+00
2.648116332023374042e+00
2.648274126092132530e+00
2.648423382226630540e+00
2.648581907087986131e+00
2.648745621733647582e+00
2.648905692232782272e+00
2.649066606634388865e+00
2.649216096677959431e+00
2.649373527152713681e+00
2.649533992089603718e+00
2.649692114719392144e+00
2.649841085193056944e+00
2.650010898612095822e+00
2.650166767420797598e+00
2.650315951313177099e+00
2.650470738099484080e+00
2.650622812701018294e+00
2.650783229620924608e+00
2.650937860301195492e+00
2.651088543045159618e+00
2.651243721792690078e+00
2.651399892831401317e+00
2.651547544375478349e+00
2.651715376853288841e+00
2.651868528138090486e+00
2.652025552986650325e+00
2.652177490726604692e+00
2.652339612558721971e+00
2.652497853018759510e+00
2.652643146886931813e+00
2.652801716567130708e+00
2.652953335102274490e+00
2.653102424897662903e+00
2.653251143854942651e+00
2.653402658935716474e+00
2.653569413938685617e+00
2.653725328332722899e+00
2.653874181882068140e+00
2.654037606304569863e+00
2.654183326383538599e+00
2.654337132473290950e+00
2.654501874297125585e+00
2.654651122888304293e+00
2.654801417606633240e+00
2.654956032743183592e+00
2.655109203630266368e+00
2.655259497451064377e+00
2.655424860392744169e+00
2.655577046718635259e+00
2.655726402453967072e+00
2.655875771158610732e+00
2.656041502046604830e+00
2.656194339430140605e+00
2.656351070004802750e+00
2.656501682741915005e+00
2.656655380607117589e+00
2.656815435240246881e+00
2.656965645178870794e+00
2.657119528671165742e+00
2.657276660016398839e+00
2.657425001871505543e+00
2.657589406817607358e+00
2.657758514460478505e+00
2.657899471455296592e+00
2.658052885453936476e+00
2.658204401525279259e+00
2.658361766732613152e+00
2.658523678938885748e+00
2.658674600415091405e+00
2.658821863794015528e+00
2.658986830878460772e+00
2.659143664281133468e+00
2.659298310465887383e+00
2.659447925789374612e+00
2.659600481573195729e+00
2.659751643776923746e+00
2.659903870031547601e+00
2.660044000495981109e+00
2.660129612986350089e+00
2.660177899050573558e+00
2.660192254031792825e+00
2.660197422987796489e+00
2.660212755839626020e+00
2.660218899723723940e+00
2.660234586686264890e+00
2.660239506229947981e+00
2.660252428475675224e+00
2.660255479089266295e+00
2.660267926472326128e+00
2.660267402337699760e+00
2.660276573441227921e+00
2.660283535441656522e+00
2.660290351496199523e+00
2.660304228470350640e+00
2.660303397797589842e+00
2.660309913866083953e+00
2.660315638785902603e+00
2.660322153791582434e+00
2.660328956327231431e+00
2.660331493724231056e+00
2.660336300254455555e+00
2.660341463979418730e+00
2.660341859090531003e+00
2.660344274153451760e+00
2.660345714542668549e+00
2.660354536096306788e+00
2.660357481730999396e+00
2.660363750709815456e+00
2.660363455130092092e+00
2.660363918831412988e+00
2.660365868513046461e+00
2.660369834700081260e+00
2.660370378336045949e+00
2.660374556338351404e+00
2.660382063157802346e+00
2.660385184113977619e+00
2.660386028555202120e+00
2.660388680395551209e+00
2.660396524466273060e+00
2.660400971453246832e+00
2.660403719952276980e+00
2.660409798531832237e+00
2.660410996609850809e+00
2.660411755472872564e+00
2.660416249517608023e+00
2.660418781051924420e+00
2.660422707892314609e+00
2.660422615692197290e+00
2.660428734153503338e+00
2.660429757439311871e+00
2.660432677899747134e+00
2.660434139505789108e+00
2.660436355365816130e+00
2.660442376934977649e+00
2.660443407610626032e+00
2.660443587892526107e+00
2.660446374114036949e+00
2.660447913698268163e+00
2.660451660166205823e+00
2.660452007968094890e+00
2.660453086428437253e+00
2.660453454268865148e+00
2.660456503887476121e+00
2.660457332920008522e+00
2.660460967710277291e+00
2.660462112757031594e+00
2.660466639526271937e+00
2.660466167029322371e+00
2.660467749149925787e+00
2.660468668432590889e+00
2.660471426585018673e+00
2.660473502041544869e+00
2.660470622363614535e+00
2.660470104176969386e+00
2.660471869091366237e+00
2.660474477033792695e+00
2.660479812701236124e+00
2.660482487184435030e+00
2.660483217801999700e+00
2.660484526987325626e+00
2.660491002915932324e+00
2.660488103481471800e+00
2.660487425367039638e+00
2.660490602665486204e+00
2.660491804443895436e+00
2.660493575261046573e+00
2.660495244908326118e+00
2.660498056465999905e+00
2.660498748038680805e+00
2.660499993512479566e+00
2.660504032903898697e+00
2.660504939116663525e+00
2.660505276299056643e+00
2.660504926401411119e+00
2.660508580696943959e+00
2.660509015435047697e+00
2.660510246706007109e+00
2.660511995119092976e+00
2.660513055020768736e+00
2.660513941225809642e+00
2.660520665256520090e+00
2.660523765114980677e+00
2.660524021800631633e+00
2.660520716916469297e+00
2.660520505934333535e+00
2.660523587520446931e+00
2.660522332425432790e+00
2.660522741204388364e+00
2.660523453969367402e+00
2.660524114680642871e+00
2.660528891563136433e+00
2.660528216299702375e+00
2.660529198022891784e+00
2.660528728905270590e+00
2.660529063928304350e+00
2.660531846763699360e+00
2.660530799338176156e+00
2.660531979026266036e+00
2.660532413451895284e+00
2.660534564618282083e+00
2.660538319669138119e+00
2.660542903066814624e+00
2.660548877219833575e+00
2.660553712554016403e+00
2.660554240369135126e+00
2.660549905992633413e+00
2.660549095900561323e+00
2.660549991707029882e+00
2.660550226213021840e+00
2.660553384413697486e+00
2.660557115114656757e+00
2.660554975875197847e+00
2.660555002589194196e+00
2.660555311357104102e+00
2.660557037728004559e+00
2.660560288110565441e+00
2.660562036690103049e+00
2.660563910637228080e+00
2.660563649371717077e+00
2.660564179556332842e+00
2.660565941025459402e+00
2.660565006046360370e+00
2.660566320766998061e+00
2.660565284350539184e+00
2.660566374489271357e+00
2.660566800586610547e+00
2.660567891843962141e+00
2.660570868147118961e+00
2.660569854949649482e+00
2.660574794449037661e+00
2.660575598675520403e+00
2.660577316239433276e+00
2.660578984411425818e+00
2.660575975993558995e+00
2.660576960462269991e+00
2.660578928943155397e+00
2.660581358198327528e+00
2.660583189015302441e+00
2.660583774559295733e+00
2.660584102938843287e+00
2.660584139921390978e+00
2.660586253383485644e+00
2.660587912911365649e+00
2.660586542111705644e+00
2.660587634239223398e+00
2.660588215570392379e+00
2.660588599424438261e+00
2.660590304937379802e+00
2.660593954276911255e+00
2.660593958645583790e+00
2.660594225791328871e+00
2.660595581415707844e+00
2.660596241090669611e+00
2.660596550614448219e+00
2.660597827837045681e+00
2.660600846386084406e+00
2.660601675056573967e+00
2.660604552202181949e+00
2.660604145734803971e+00
2.660605145709341812e+00
2.660605649907522796e+00
2.660605198737166166e+00
2.660605695539689730e+00
2.660605795144240115e+00
2.660605720167021460e+00
2.660605022821660448e+00
2.660604850753283568e+00
2.660605760926399110e+00
2.660605881017856333e+00
2.660608040028431098e+00
2.660607889858477737e+00
2.660611159966882688e+00
2.660612268536452607e+00
2.660611116569445489e+00
2.660611586156710118e+00
2.660614141190625226e+00
2.660615444892069359e+00
2.660615029493139438e+00
2.660617464676363397e+00
2.660618078836848532e+00
2.660620028954234328e+00
2.660618103201108919e+00
2.660619223552059598e+00
2.660619180304923947e+00
2.660619007803123548e+00
2.660619177470889163e+00
2.660619691817416754e+00
2.660620750876086849e+00
2.660621174266498912e+00
2.660621690008453832e+00
2.660623787535885576e+00
2.660622909011795656e+00
2.660624363164592499e+00
2.660623614395761116e+00
2.660625405732614190e+00
2.660625725754480086e+00
2.660626348680021014e+00
2.660626215154932250e+00
2.660626524954975203e+00
2.660628837199056296e+00
2.660628973323332591e+00
2.660630572962033646e+00
2.660632398639527274e+00
2.660630838413415411e+00
2.660635140839877177e+00
2.660634403256405545e+00
2.660633658149866854e+00
2.660634983700019163e+00
2.660634377632512315e+00
2.660635243172424946e+00
2.660636559559905301e+00
2.660637215975349079e+00
2.660638375762294228e+00
2.660638457201186746e+00
2.660639443133265836e+00
2.660641212714035753e+00
2.660642710933776467e+00
2.660641740505862440e+00
2.660641815269053190e+00
2.660642069207569183e+00
2.660643190147978121e+00
2.660642956707099938e+00
2.660642680550870498e+00
2.660643960780797457e+00
2.660644557797795962e+00
2.660643900101013593e+00
2.660644470660013639e+00
2.660644167093738854e+00
2.660646524838249594e+00
2.660647085223875941e+00
2.660648522902512525e+00
2.660648631497201322e+00
2.660649492187441734e+00
2.660650457982110861e+00
2.660650495196920318e+00
2.660650920839303435e+00
2.660651283088094399e+00
2.660652130307187058e+00
2.660652126103979942e+00
2.660651991279280537e+00
2.660652077251352221e+00
2.660653073817516034e+00
2.660653454124796813e+00
2.660652540622244988e+00
2.660652347511841764e+00
2.660652555417121423e+00
2.660653407176646112e+00
2.660655095118872548e+00
2.660656769382241826e+00
2.660657223189292875e+00
2.660657098548564026e+00
2.660657221478279766e+00
2.660658153463182796e+00
2.660657797426214888e+00
2.660658391101652143e+00
2.660659213895261388e+00
2.660660040814748939e+00
2.660660352007608864e+00
2.660660241316139984e+00
2.660661389700818891e+00
2.660661843706296104e+00
2.660662224953378008e+00
2.660661522372340659e+00
2.660661378438291536e+00
2.660660967503954311e+00
2.660660879180681615e+00
2.660662165416960434e+00
2.660662395095349630e+00
2.660661980656930492e+00
2.660661523480978286e+00
2.660661454243457680e+00
2.660661852376404735e+00
2.660661311334238999e+00
2.660661045018422932e+00
2.660660899031603854e+00
2.660660909212429814e+00
2.660661931761444610e+00
2.660661033658735963e+00
2.660661618739958101e+00
2.660662131802114860e+00
2.660662880870403590e+00
2.660662693111585764e+00
2.660662618746674202e+00
2.660662950601941024e+00
2.660663020952469537e+00
2.660663757969071064e+00
2.660663759598394407e+00
2.660663117174284054e+00
2.660662983214213462e+00
2.660663765705884032e+00
2.660664454941616075e+00
2.660664003658351984e+00
2.660664212008630791e+00
2.660665038829649554e+00
2.660664992273494178e+00
2.660664779604837271e+00
2.660664661123210539e+00
2.660664790997691931e+00
2.660666503947351824e+00
2.660666384167831744e+00
2.660665874141727283e+00
2.660665705328931541e+00
2.660666133647241693e+00
2.660665997049782572e+00
2.660666134552967854e+00
2.660666842588712555e+00
2.660666864515925045e+00
2.660666509267710644e+00
2.660666107423404814e+00
2.660666876103713108e+00
2.660666932581254862e+00
2.660666796499539632e+00
2.660667645710919960e+00
2.660669075396893124e+00
2.660668625987963498e+00
2.660668504288208336e+00
2.660668574489042815e+00
2.660670511897212709e+00
2.660670454159382636e+00
2.660669278641509372e+00
2.660668620854650612e+00
2.660668555255600420e+00
2.660668761037586982e+00
2.660670741316656152e+00
2.660669597683551046e+00
2.660669239220733395e+00
2.660669070109966228e+00
2.660669956925615143e+00
2.660671007287191525e+00
2.660671314331628068e+00
2.660670459943426103e+00
2.660670383594635702e+00
2.660671322876607903e+00
2.660671612839740963e+00
2.660671833601236269e+00
2.660671381072039487e+00
2.660671568656437280e+00
2.660672225710526639e+00
2.660671296307758116e+00
2.660671770490790955e+00
2.660671658075108859e+00
2.660670852266764363e+00
2.660671895575592139e+00
2.660672207112886767e+00
2.660672715452990111e+00
2.660672383016747577e+00
2.660672737882058048e+00
2.660672637831773102e+00
2.660671980510474821e+00
2.660671743008471868e+00
2.660671665235802674e+00
2.660671654047330303e+00
2.660671912573787434e+00
2.660672355799613698e+00
2.660672347560297801e+00
2.660672525583607229e+00
2.660673048910711991e+00
2.660672684804054722e+00
2.660674339928658760e+00
2.660674376941898789e+00
2.660673937215325857e+00
2.660673843366553104e+00
2.660673369652046816e+00
2.660673582807254967e+00
2.660673737978425546e+00
2.660675707290923953e+00
2.660674615507310659e+00
2.660675512636785367e+00
2.660674994781724756e+00
2.660675084773559629e+00
2.660675317749454205e+00
2.660674953494435169e+00
2.660675209340102487e+00
2.660675331070598393e+00
2.660675112111058560e+00
2.660674713830274651e+00
2.660675991184914047e+00
2.660677222638875961e+00
2.660676736893124339e+00
2.660676868347493063e+00
2.660677117010877613e+00
2.660677458631619086e+00
2.660677338776692213e+00
2.660677689768733423e+00
2.660677527011707788e+00
2.660677780275196191e+00
2.660677853920436320e+00
2.660677927272810273e+00
2.660677700031534698e+00
2.660677317421868526e+00
2.660677891423874453e+00
2.660677188343906430e+00
2.660677913244018367e+00
2.660678340850873624e+00
2.660678808735423395e+00
2.660679729151020023e+00
2.660679457538250858e+00
2.660681181692470698e+00
2.660681091540935128e+00
2.660680777479030645e+00
2.660681532573975439e+00
2.660681144981844604e+00
2.660680334515900025e+00
2.660681105561616633e+00
2.660682380963067750e+00
2.660681501751907874e+00
2.660682103612157956e+00
2.660682156843789503e+00
2.660682006963676738e+00
2.660682138693721388e+00
2.660682150678078894e+00
2.660682701470018952e+00
2.660682585653980858e+00
2.660683665370016548e+00
2.660683141942069785e+00
2.660683143224597202e+00
2.660682883149172007e+00
2.660683065600325303e+00
2.660682791584221718e+00
2.660683648152722292e+00
2.660683755589910326e+00
2.660684097857294095e+00
2.660684212282863115e+00
2.660684254993429310e+00
2.660684645184263619e+00
2.660684579187656329e+00
2.660684948325294563e+00
2.660686893609832460e+00
2.660686568465427282e+00
2.660686427591759440e+00
2.660687126803898295e+00
2.660687016531905424e+00
2.660686748721141193e+00
2.660686984940614508e+00
2.660688055924061324e+00
2.660687685192436813e+00
2.660688069230985331e+00
2.660687340877609497e+00
2.660687459521648979e+00
2.660687766857312564e+00
2.660687695723136237e+00
2.660688222409894443e+00
2.660688762156187881e+00
2.660688633485377430e+00
2.660687835691301295e+00
2.660688333062889654e+00
2.660689169829792533e+00
2.660688687045934753e+00
2.660689092738796724e+00
2.660689242499599150e+00
2.660688959724776037e+00
2.660690336185490779e+00
2.660690939796683807e+00
2.660690929313950459e+00
2.660690281337026786e+00
2.660689978009626255e+00
2.660689934159108372e+00
2.660690010903922875e+00
2.660691433228740355e+00
2.660691781401284040e+00
2.660691925010414849e+00
2.660691625640940305e+00
2.660691397941849168e+00
2.660691477318346099e+00
2.660691383273397381e+00
2.660691453547670005e+00
2.660692216813181243e+00
2.660692299332070299e+00
2.660691929403308009e+00
2.660692143338793336e+00
2.660693410093585509e+00
2.660692753699732016e+00
2.660693068048820109e+00
2.660693636994916567e+00
2.660693577041539193e+00
2.660693149370757293e+00
2.660693115330639458e+00
2.660694368980920821e+00
2.660694481221626440e+00
2.660694654638746659e+00
2.660694813215407351e+00
2.660694794997925161e+00
2.660694537309440388e+00
2.660695128296884260e+00
2.660696078412999821e+00
2.660695809260327227e+00
2.660695854709207886e+00
2.660695598741943169e+00
2.660695637244293366e+00
2.660696081382607048e+00
2.660695921098140460e+00
2.660696546778203775e+00
2.660698050736304054e+00
2.660697652392373325e+00
2.660697469081431343e+00
2.660697255467448841e+00
2.660697609846165435e+00
2.660697779426340226e+00
2.660697878459476584e+00
2.660697933555373318e+00
2.660698111262310039e+00
2.660698289020818397e+00
2.660698431346758319e+00
2.660698071325826142e+00
2.660699764837686665e+00
2.660699017191239246e+00
2.660699130838255932e+00
2.660699313345075812e+00
2.660699174332427752e+00
2.660699238287285162e+00
2.660700601327808279e+00
2.660700221948667288e+00
2.660700232744314775e+00
2.660700687211352111e+00
2.660700384869032487e+00
2.660700700027660570e+00
2.660700640609438228e+00
2.660700555459348138e+00
2.660701091096727033e+00
2.660701605579443463e+00
2.660701456351450833e+00
2.660701173680496190e+00
2.660701271734715156e+00
2.660701913900664461e+00
2.660701767490059044e+00
2.660703268746020367e+00
2.660702684878661461e+00
2.660702680863551883e+00
2.660703091440201007e+00
2.660703007626867400e+00
2.660703193327499605e+00
2.660703528528313822e+00
2.660703940401317524e+00
2.660703892798353287e+00
2.660703810277868619e+00
2.660704149138762631e+00
2.660704214714971538e+00
2.660703943085805712e+00
2.660705140474869612e+00
2.660705049879110717e+00
2.660705593733760033e+00
2.660705375805296313e+00
2.660706327601781496e+00
2.660707104940044587e+00
2.660707031058624938e+00
2.660708135717007483e+00
2.660708083631895260e+00
2.660707622392408656e+00
2.660708353203920407e+00
2.660707677915453928e+00
2.660707973845900742e+00
2.660708340511070968e+00
2.660707872497431126e+00
2.660708973669214217e+00
2.660709335205114101e+00
2.660709223635972620e+00
2.660708989337730479e+00
2.660708908266599781e+00
2.660709135275292958e+00
2.660709132648019448e+00
2.660709522746945499e+00
2.660709911836506958e+00
2.660710775278979145e+00
2.660710933607454809e+00
2.660712324147047170e+00
2.660711730649781614e+00
2.660711741198645619e+00
2.660711690698413623e+00
2.660711341204053948e+00
2.660711525318370185e+00
2.660711532313105199e+00
2.660712290416572756e+00
2.660712065487238043e+00
2.660712602959111273e+00
2.660712512678550024e+00
2.660713063430318659e+00
2.660712521674415409e+00
2.660712486405475641e+00
2.660712485341091948e+00
2.660712601650551790e+00
2.660713885148556113e+00
2.660713811603037104e+00
2.660714437396117571e+00
2.660714818025475381e+00
2.660714889834034036e+00
2.660714479451756098e+00
2.660714469812965888e+00
2.660714625121600285e+00
2.660714534500192130e+00
2.660714714615268761e+00
2.660714903341661941e+00
2.660715121602425626e+00
2.660715010145609405e+00
2.660715453106085704e+00
2.660715474053064966e+00
2.660715814136295876e+00
2.660716053568108030e+00
2.660715895678628318e+00
2.660715896308426753e+00
2.660716194925418332e+00
2.660716405400807893e+00
2.660716621055389197e+00
2.660717372586006935e+00
2.660717072883254986e+00
2.660717434246162139e+00
2.660717892437939103e+00
2.660719374294029826e+00
2.660718454118429221e+00
2.660720185498501422e+00
2.660721543755347085e+00
2.660722036458665674e+00
2.660721602106715711e+00
2.660720761518900801e+00
2.660721308888009951e+00
2.660721279563280195e+00
2.660721569458390778e+00
2.660721934197155747e+00
2.660721913973972619e+00
2.660721497880123909e+00
2.660721283999329057e+00
2.660721256342137853e+00
2.660721545839447533e+00
2.660721574833567082e+00
2.660721558066166725e+00
2.660721437860662508e+00
2.660721411914139356e+00
2.660721348300920219e+00
2.660721543735276473e+00
2.660721441341222793e+00
2.660721651915086472e+00
2.660721472956058431e+00
2.660722014231845289e+00
2.660721990434026019e+00
2.660721857771510823e+00
2.660722347241549546e+00
2.660723162818475540e+00
2.660723148231101565e+00
2.660723292309038257e+00
2.660723476004217769e+00
2.660723507758538720e+00
2.660723589394161870e+00
2.660723915720645039e+00
2.660724344147371134e+00
2.660724265611843720e+00
2.660724395664382680e+00
2.660724503281448161e+00
2.660724961496544694e+00
2.660724850352995663e+00
2.660724971070201672e+00
2.660724706190195299e+00
2.660724769447107008e+00
2.660725266965457525e+00
2.660726160247616878e+00
2.660725858938608912e+00
2.660726078960010454e+00
2.660726512555076084e+00
2.660727444513367512e+00
2.660727181627238647e+00
2.660727121215201496e+00
2.660727310887698316e+00
2.660727550008608056e+00
2.660727771935464059e+00
2.660727849886076690e+00
2.660728727039967101e+00
2.660728651600246852e+00
2.660728877300504891e+00
2.660729368347682033e+00
2.660729600642884662e+00
2.660729537840362813e+00
2.660729543044327183e+00
2.660730698424392138e+00
2.660730708945392653e+00
2.660730813184328358e+00
2.660730580362549613e+00
2.660730598434087213e+00
2.660730833535586370e+00
2.660731129354581448e+00
2.660731860501809543e+00
2.660731798845669349e+00
2.660732088859074640e+00
2.660731646107389547e+00
2.660731710913842640e+00
2.660731771736775553e+00
2.660731914981793178e+00
2.660731919237201648e+00
2.660732149778505473e+00
2.660732206997927562e+00
2.660732701478480067e+00
2.660732977416799372e+00
2.660733358434409723e+00
2.660733504009759720e+00
2.660733887135850573e+00
2.660733585039239735e+00
2.660734024393034858e+00
2.660736022417339530e+00
2.660744235639398880e+00
2.660772170229260158e+00
2.660844295035119433e+00
2.660960765206903833e+00
2.661096956727389440e+00
2.661238020300693119e+00
2.661394525943369338e+00
2.661531351485062924e+00
2.661675328556702969e+00
2.661815998033385533e+00
2.661959840184298098e+00
2.662103851115505293e+00
2.662263347068687835e+00
2.662398185733884315e+00
2.662540692800663855e+00
2.662684460049366653e+00
2.662831945391783250e+00
2.662975807124078553e+00
2.663120878693747695e+00
2.663265991796496479e+00
2.663409891224425508e+00
2.663561497985132309e+00
2.663706420567233835e+00
2.663859465141689586e+00
2.664007032119708906e+00
2.664160938799041922e+00
2.664308490428950904e+00
2.664458240894356233e+00
2.664618249349970824e+00
2.664761118123594397e+00
2.664908912659027518e+00
2.665053426372019363e+00
2.665203073581974724e+00
2.665351637945847507e+00
2.665501566131874611e+00
2.665646603431266914e+00
2.665796961755533268e+00
2.665945193839757810e+00
2.666105146400620907e+00
2.666249916584142454e+00
2.666399367030162892e+00
2.666546317369811181e+00
2.666708068355685857e+00
2.666853126193473145e+00
2.667002190479269341e+00
2.667149458591103972e+00
2.667307253811795231e+00
2.667454881003542777e+00
2.667610098194601598e+00
2.667758351842667519e+00
2.667904888213995296e+00
2.668052107260781902e+00
2.668201853546372959e+00
2.668355609601641643e+00
2.668503828835627534e+00
2.668654054438268197e+00
2.668807523390710923e+00
2.668969588792539760e+00
2.669110184187099666e+00
2.669262309845564118e+00
2.669408614409638059e+00
2.669568001857161477e+00
2.669707301118420695e+00
2.669858536978192198e+00
2.670013489497877313e+00
2.670167663652898593e+00
2.670325131124250628e+00
2.670465512746089676e+00
2.670617777602216414e+00
2.670778241726681212e+00
2.670918256223318021e+00
2.671068495799426401e+00
2.671220933872517911e+00
2.671381884123869010e+00
2.671544624818039892e+00
2.671703877254193671e+00
2.671847439111420197e+00
2.672006335756425877e+00
2.672154703489083349e+00
2.672303274504319592e+00
2.672454046749926260e+00
2.672606674277686167e+00
2.672770291546440635e+00
2.672918204159461908e+00
2.673070186712267038e+00
2.673220897207094549e+00
2.673381110899853752e+00
2.673527252583538960e+00
2.673677125010797795e+00
2.673830982932396516e+00
2.673987689312534055e+00
2.674137231556284355e+00
2.674287057493187181e+00
2.674442968858599556e+00
2.674603412652347245e+00
2.674742139474794111e+00
2.674892115334291720e+00
2.675053537187692232e+00
2.675201858470274363e+00
2.675350918444022952e+00
2.675500374968053485e+00
2.675651918582511612e+00
2.675809932552962511e+00
2.675973381493155223e+00
2.676121174639068734e+00
2.676273794368738912e+00
2.676422890885433947e+00
2.676575197034580356e+00
2.676728535948839305e+00
2.676881541458565827e+00
2.677040089807182888e+00
2.677185581198535225e+00
2.677343837646022795e+00
2.677509406957411908e+00
2.677656892048857262e+00
2.677818175913111887e+00
2.677964987538006270e+00
2.678116806019243068e+00
2.678271983264942424e+00
2.678412599613674949e+00
2.678566889572680410e+00
2.678730066185897041e+00
2.678881563605216343e+00
2.679036662486656173e+00
2.679182957036340795e+00
2.679346883028228987e+00
2.679499776805105427e+00
2.679651696184807808e+00
2.679812604635495088e+00
2.679964604547824258e+00
2.680119413174289811e+00
2.680269257201226996e+00
2.680428139358476791e+00
2.680578520857641589e+00
2.680731999828703582e+00
2.680878917678164886e+00
2.681033896508092873e+00
2.681189227856498380e+00
2.681343654157103629e+00
2.681489207240921768e+00
2.681651179995456324e+00
2.681810592452235298e+00
2.681965812767272528e+00
2.682117263621684344e+00
2.682272911827321416e+00
2.682435292146337247e+00
2.682576551268517129e+00
2.682720715681106594e+00
2.682882018615350805e+00
2.683032944996354807e+00
2.683182257644786795e+00
2.683341881176938504e+00
2.683493911846133617e+00
2.683644577464077141e+00
2.683800084145364195e+00
2.683960519756716678e+00
2.684123578381280684e+00
2.684265085555195718e+00
2.684419570041164160e+00
2.684571882308735891e+00
2.684723128703599304e+00
2.684874503615247932e+00
2.685036052220184377e+00
2.685180637704720485e+00
2.685341240068229052e+00
2.685486404181113507e+00
2.685639446823488541e+00
2.685796007286374465e+00
2.685951649923483675e+00
2.686098751684341757e+00
2.686254090767282054e+00
2.686407498285590112e+00
2.686566010188517151e+00
2.686725265570867549e+00
2.686879261269794927e+00
2.687029830663445917e+00
2.687190900965084062e+00
2.687342075049358847e+00
2.687504920631806904e+00
2.687650751742075350e+00
2.687797845066268732e+00
2.687954363011421766e+00
2.688114700413046343e+00
2.688277600125042799e+00
2.688436770981216029e+00
2.688578049861529262e+00
2.688737574407533248e+00
2.688899498227963925e+00
2.689048317660140963e+00
2.689211370603024065e+00
2.689364567591010502e+00
2.689520153644209710e+00
2.689671318529590849e+00
2.689835544764212827e+00
2.689989939933578711e+00
2.690143364952324312e+00
2.690294995042850523e+00
2.690451019633984586e+00
2.690607237059461365e+00
2.690766255058957945e+00
2.690921471590272507e+00
2.691074028589926836e+00
2.691235304244282478e+00
2.691387185339754406e+00
2.691545619273110646e+00
2.691699403524994594e+00
2.691855483743138766e+00
2.692008292389834523e+00
2.692161583251489798e+00
2.692313989524664386e+00
2.692469226959167017e+00
2.692629453229265835e+00
2.692788118353951710e+00
2.692937997505231884e+00
2.693087621365399364e+00
2.693231614760366988e+00
2.693393665793132108e+00
2.693542796022945218e+00
2.693695954570324069e+00
2.693847690755973190e+00
2.694004749427497014e+00
2.694157390912333305e+00
2.694313706975455247e+00
2.694467471494006006e+00
2.694619573918985544e+00
2.694781315989082771e+00
2.694939921161548124e+00
2.695086315748082217e+00
2.695240425541670870e+00
2.695394786899581341e+00
2.695549457749976341e+00
2.695698360932517801e+00
2.695860209367714422e+00
2.696013237155490572e+00
2.696165496160766395e+00
2.696324806213306058e+00
2.696476546422029053e+00
2.696635949787645092e+00
2.696794955451735198e+00
2.696953327200935391e+00
2.697106257702234888e+00
2.697254518829721448e+00
2.697416255050819167e+00
2.697577655925917473e+00
2.697733778328439413e+00
2.697882918509049599e+00
2.698039222092689204e+00
2.698186036237685048e+00
2.698338926573781382e+00
2.698497109196726917e+00
2.698654140263145429e+00
2.698807648684070415e+00
2.698963153020211614e+00
2.699116440504591985e+00
2.699277549587117964e+00
2.699428260823804937e+00
2.699589102886680969e+00
2.699738838150487652e+00
2.699897559491405641e+00
2.700053477070909036e+00
2.700213634546950736e+00
2.700369807755336193e+00
2.700521858446428336e+00
2.700680339070681502e+00
2.700838004459476416e+00
2.700994247377809465e+00
2.701151307234374688e+00
2.701303313157295882e+00
2.701461027675500226e+00
2.701617653327442081e+00
2.701772536475924191e+00
2.701934237926697513e+00
2.702084284119465885e+00
2.702246215237514182e+00
2.702398508609068273e+00
2.702554566832161775e+00
2.702713956435527809e+00
2.702869350744963040e+00
2.703018313800907180e+00
2.703184064157540867e+00
2.703340367161155555e+00
2.703487496011227620e+00
2.703614049714938794e+00
2.703706499272971797e+00
2.703748260416904081e+00
2.703764035605907168e+00
2.703772566036486857e+00
2.703783929494558702e+00
2.703792146808877028e+00
2.703798890398526389e+00
2.703809520577168612e+00
2.703816556175334451e+00
2.703817779733144633e+00
2.703824550275381267e+00
2.703826909335732775e+00
2.703832237356958768e+00
2.703836615317262826e+00
2.703845874958557882e+00
2.703849471226740242e+00
2.703854760088354681e+00
2.703859294754306752e+00
2.703864349880960027e+00
2.703871060502588186e+00
2.703873588260391703e+00
2.703882248924120990e+00
2.703888734666013871e+00
2.703892291150833405e+00
2.703897223333076916e+00
2.703904662511775303e+00
2.703905943189913064e+00
2.703916167386572145e+00
2.703919184247328023e+00
2.703923420333232297e+00
2.703922738516096214e+00
2.703927582081290470e+00
2.703929760678165817e+00
2.703934264349425298e+00
2.703939716374737401e+00
2.703940753678176989e+00
2.703944374828909147e+00
2.703947536691883702e+00
2.703951122346557767e+00
2.703956204091990223e+00
2.703961692816463813e+00
2.703967765911714061e+00
2.703973334380215476e+00
2.703973003961508859e+00
2.703977154452720022e+00
2.703980228311695377e+00
2.703982603952628239e+00
2.703983165578210723e+00
2.703989276739094727e+00
2.703990191573749424e+00
2.703998164931250781e+00
2.703999407304576774e+00
2.703999784868823308e+00
2.704003359624310043e+00
2.704006267441017908e+00
2.704009003585275295e+00
2.704016204569553938e+00
2.704016494669922555e+00
2.704017888246864398e+00
2.704023348519561498e+00
2.704027984213430713e+00
2.704031874995144413e+00
2.704031484422539933e+00
2.704033063475979048e+00
2.704040441204184297e+00
2.704037389268520108e+00
2.704040181395975573e+00
2.704041608862101764e+00
2.704043493300205547e+00
2.704044083896112838e+00
2.704051019576213744e+00
2.704055969031663231e+00
2.704060976281371875e+00
2.704063655703458302e+00
2.704070696018900488e+00
2.704076048391398590e+00
2.704081111376456015e+00
2.704087076006861601e+00
2.704088822569990835e+00
2.704094800539714072e+00
2.704096182392881076e+00
2.704097512637713141e+00
2.704098639069683507e+00
2.704101843874629374e+00
2.704106447282426551e+00
2.704109700934354876e+00
2.704110656305403815e+00
2.704113793393625453e+00
2.704113098290439776e+00
2.704113269348900062e+00
2.704115881753140549e+00
2.704119575350805160e+00
2.704120837358436891e+00
2.704123046336389891e+00
2.704126132302815844e+00
2.704131446865313926e+00
2.704135386446751887e+00
2.704135185404732855e+00
2.704137836535342565e+00
2.704138944161666114e+00
2.704141574659645109e+00
2.704142667454041415e+00
2.704145452121000659e+00
2.704150600794252846e+00
2.704155679610837915e+00
2.704158431006892904e+00
2.704160878441496330e+00
2.704163112135261837e+00
2.704164702622215533e+00
2.704166836895655290e+00
2.704170946951792942e+00
2.704171832015567656e+00
2.704173445228844841e+00
2.704177808805378724e+00
2.704178461727570593e+00
2.704182369257664309e+00
2.704185382382244818e+00
2.704184653636664937e+00
2.704187516211669529e+00
2.704189319557441351e+00
2.704189947037710873e+00
2.704189861567126041e+00
2.704189262057355769e+00
2.704191648469759457e+00
2.704192785871136984e+00
2.704192934284743721e+00
2.704197396707412437e+00
2.704201402224278183e+00
2.704205350944603126e+00
2.704208500454469366e+00
2.704211511433025628e+00
2.704211525203326083e+00
2.704214111872380588e+00
2.704216762704683141e+00
2.704215302189710179e+00
2.704216466639164818e+00
2.704216874603831755e+00
2.704217640877070394e+00
2.704221556036400020e+00
2.704222678680863190e+00
2.704225845657660443e+00
2.704225590035761684e+00
2.704225934070495718e+00
2.704228853206655625e+00
2.704231508543753826e+00
2.704232737610611004e+00
2.704236573579108072e+00
2.704237851785650459e+00
2.704240003036257001e+00
2.704241722132772363e+00
2.704243347266086062e+00
2.704244453920653157e+00
2.704243992506140781e+00
2.704245272847206838e+00
2.704247135634872734e+00
2.704248408379288815e+00
2.704250506472114068e+00
2.704252494196393464e+00
2.704257491555608350e+00
2.704257016362089594e+00
2.704259816513753023e+00
2.704261230233869551e+00
2.704260369556223509e+00
2.704262773181006274e+00
2.704264947611682235e+00
2.704264856897640179e+00
2.704264955624011701e+00
2.704266367941136728e+00
2.704266150904062638e+00
2.704267203009025344e+00
2.704268353435410610e+00
2.704269991696091502e+00
2.704271096734610857e+00
2.704271349348152054e+00
2.704275670706747903e+00
2.704277836923512535e+00
2.704277920842771632e+00
2.704278501954550329e+00
2.704279083485749080e+00
2.704281870575582225e+00
2.704282514998776588e+00
2.704282548223542193e+00
2.704286709168607583e+00
2.704286785020712180e+00
2.704287620585928753e+00
2.704290667487953659e+00
2.704289928823955247e+00
2.704291695869778245e+00
2.704292177865323943e+00
2.704294363471227758e+00
2.704294563651467698e+00
2.704296148448411596e+00
2.704297507081775631e+00
2.704297980101248999e+00
2.704298893652958391e+00
2.704300471837183473e+00
2.704299988386309916e+00
2.704301139826151612e+00
2.704303871820924243e+00
2.704305374141792839e+00
2.704306133142705182e+00
2.704309261009209653e+00
2.704311797791231875e+00
2.704314247453814435e+00
2.704315380270614799e+00
2.704315166472185172e+00
2.704314683200653047e+00
2.704316003686900061e+00
2.704315193273964191e+00
2.704316614590293710e+00
2.704317725919498816e+00
2.704316283866719406e+00
2.704318303213586905e+00
2.704318788832728249e+00
2.704322811789986680e+00
2.704325081749659354e+00
2.704325483408168918e+00
2.704323987020452957e+00
2.704324537540768958e+00
2.704326550429680509e+00
2.704327581675112224e+00
2.704328548452942016e+00
2.704329468804172798e+00
2.704332064906275424e+00
2.704332097743420427e+00
2.704332728893402482e+00
2.704334023478297766e+00
2.704335282359330073e+00
2.704334936345953011e+00
2.704339443430128220e+00
2.704340705109692156e+00
2.704342276434009484e+00
2.704343151092767350e+00
2.704343966278597744e+00
2.704344345038874664e+00
2.704347358372311216e+00
2.704347842656520839e+00
2.704347809518607537e+00
2.704347321182957842e+00
2.704348250221658478e+00
2.704348719646919363e+00
2.704349533635872493e+00
2.704349434951313746e+00
2.704351207662021306e+00
2.704351455506216251e+00
2.704354545465775139e+00
2.704354167111856277e+00
2.704355854162983963e+00
2.704357650669904078e+00
2.704357550681888434e+00
2.704359456559172425e+00
2.704359671287754896e+00
2.704362062356260754e+00
2.704362103751221547e+00
2.704363598605544983e+00
2.704364946703767814e+00
2.704364394127670046e+00
2.704364852487348703e+00
2.704366331389145284e+00
2.704366653409728372e+00
2.704368475392173732e+00
2.704370785622587370e+00
2.704371778603748666e+00
2.704373070617265729e+00
2.704372280067195433e+00
2.704374532264584463e+00
2.704375826888818057e+00
2.704378585208809582e+00
2.704381115018661852e+00
2.704382080561987589e+00
2.704381386228576822e+00
2.704383343606214130e+00
2.704385334620412973e+00
2.704385650412208353e+00
2.704385219756651360e+00
2.704386874032895793e+00
2.704387953469496342e+00
2.704387728064866714e+00
2.704387864936962593e+00
2.704388362996507311e+00
2.704390490068234953e+00
2.704391618041130041e+00
2.704395209919673526e+00
2.704396975335692677e+00
2.704394905255245618e+00
2.704395310013593345e+00
2.704396996505445738e+00
2.704396122651135048e+00
2.704398815390513633e+00
2.704398894079521387e+00
2.704400552520325185e+00
2.704401408132951712e+00
2.704401356347911012e+00
2.704402443318268734e+00
2.704403067190606524e+00
2.704404138458454288e+00
2.704403901072521599e+00
2.704404596330644672e+00
2.704404166582071500e+00
2.704404632109192352e+00
2.704404790886496990e+00
2.704405211912638940e+00
2.704406045788299462e+00
2.704406719544768301e+00
2.704407452410879653e+00
2.704408606493007738e+00
2.704408671006816700e+00
2.704408564628708156e+00
2.704410503007228073e+00
2.704411021030617590e+00
2.704411717968735918e+00
2.704412264952826828e+00
2.704412649240185207e+00
2.704414121347078481e+00
2.704414153041228452e+00
2.704415359466459279e+00
2.704416571601863772e+00
2.704419087185531367e+00
2.704420883033373801e+00
2.704422257267696139e+00
2.704423690513979572e+00
2.704423107038166574e+00
2.704424380630164215e+00
2.704425635157305052e+00
2.704426579138985876e+00
2.704427791668914338e+00
2.704428135301690794e+00
2.704428217351386277e+00
2.704428635797977432e+00
2.704430718969913716e+00
2.704432235060959311e+00
2.704432328240562455e+00
2.704433329422485599e+00
2.704432452876165627e+00
2.704432858312122878e+00
2.704433944022145209e+00
2.704433446759384019e+00
2.704433774386836742e+00
2.704434785314290046e+00
2.704435637594558184e+00
2.704436055519575444e+00
2.704436361912651243e+00
2.704437778242187118e+00
2.704438716680263255e+00
2.704439732524275275e+00
2.704439267499277655e+00
2.704439479478885300e+00
2.704439161331168684e+00
2.704439575904004744e+00
2.704440013880159199e+00
2.704441193117695263e+00
2.704441358021826058e+00
2.704441645662500449e+00
2.704443788501631474e+00
2.704442854570608734e+00
2.704443615117042121e+00
2.704443831654162356e+00
2.704445665984237301e+00
2.704446269189670016e+00
2.704446828807929304e+00
2.704447312857440888e+00
2.704448135241278806e+00
2.704448775445467135e+00
2.704450234310258327e+00
2.704451285226554980e+00
2.704452873247855660e+00
2.704453975310365799e+00
2.704454967790283604e+00
2.704457354743937003e+00
2.704459335564458389e+00
2.704459340536947032e+00
2.704461298251887413e+00
2.704460853207022009e+00
2.704460661695723633e+00
2.704461983177751438e+00
2.704463090007694692e+00
2.704464166154460614e+00
2.704465405806128153e+00
2.704466040605296939e+00
2.704465638331002619e+00
2.704466719005656383e+00
2.704467570656893471e+00
2.704469234093021868e+00
2.704469280635465989e+00
2.704468991442670500e+00
2.704469628945467718e+00
2.704469450874273928e+00
2.704470904524724162e+00
2.704471500516146598e+00
2.704471763923326666e+00
2.704472523205546430e+00
2.704472823513411228e+00
2.704472955854051452e+00
2.704474432412646845e+00
2.704475146835532140e+00
2.704475900652344666e+00
2.704476365901054447e+00
2.704476290716196996e+00
2.704477621020984213e+00
2.704477626469269147e+00
2.704477255317441209e+00
2.704477638185189381e+00
2.704477655043876272e+00
2.704478770952253974e+00
2.704480135182796285e+00
2.704480219512182426e+00
2.704481143683902467e+00
2.704482544972226066e+00
2.704482290915639187e+00
2.704481971931078643e+00
2.704483145318708370e+00
2.704483640808585498e+00
2.704485297366066465e+00
2.704485202569030022e+00
2.704485261439348420e+00
2.704486610158168158e+00
2.704486506585108252e+00
2.704486771394890354e+00
2.704487135468426118e+00
2.704487501621897216e+00
2.704488704524246945e+00
2.704489060139222634e+00
2.704490751852488994e+00
2.704490622361749974e+00
2.704490309602320508e+00
2.704491856856980014e+00
2.704492002493978475e+00
2.704492056378269726e+00
2.704492449827402556e+00
2.704493857855538863e+00
2.704495576098945087e+00
2.704497337147353075e+00
2.704498156493965411e+00
2.704498447555823581e+00
2.704499416112916776e+00
2.704499722524794869e+00
2.704499887639504774e+00
2.704500521183273332e+00
2.704500625996764551e+00
2.704501867027445439e+00
2.704502108388918913e+00
2.704503607492128481e+00
2.704503587335583603e+00
2.704503771743191454e+00
2.704505610166798579e+00
2.704505387055634369e+00
2.704506460386848499e+00
2.704507218425093562e+00
2.704507324796469714e+00
2.704509249055042197e+00
2.704510699928625250e+00
2.704509779414607351e+00
2.704510671503571384e+00
2.704511128609578208e+00
2.704512871982928779e+00
2.704513012542910655e+00
2.704513335385894113e+00
2.704513809193558327e+00
2.704514012954920776e+00
2.704514262148790760e+00
2.704515065582658639e+00
2.704515147316725709e+00
2.704515966339898547e+00
2.704517147694454060e+00
2.704516944894165498e+00
2.704517736697731323e+00
2.704517934741044183e+00
2.704518764993956825e+00
2.704518405550284221e+00
2.704519419386263834e+00
2.704519951325520921e+00
2.704520239838159146e+00
2.704521651867436205e+00
2.704521273479715493e+00
2.704521614431771415e+00
2.704521497709888589e+00
2.704521828431441843e+00
2.704521987495478008e+00
2.704522374857584843e+00
2.704523571123618630e+00
2.704524006183625762e+00
2.704524337846711646e+00
2.704524592320094900e+00
2.704525083737790325e+00
2.704526157274889098e+00
2.704526512062061627e+00
2.704527989297488055e+00
2.704528343522245581e+00
2.704531434006484325e+00
2.704529440487361214e+00
2.704530448862371816e+00
2.704530846483937268e+00
2.704531286678685476e+00
2.704532026537181277e+00
2.704532039674555133e+00
2.704533438178661875e+00
2.704534066830079464e+00
2.704534591564334622e+00
2.704534014831949662e+00
2.704534094430635083e+00
2.704534688357937533e+00
2.704534765102040161e+00
2.704534428378391642e+00
2.704536632011755870e+00
2.704537718299917959e+00
2.704538680419188434e+00
2.704537382014092550e+00
2.704537823205904967e+00
2.704537548786277057e+00
2.704537650024646300e+00
2.704538636075401570e+00
2.704539759832200296e+00
2.704542007308847307e+00
2.704541807864093261e+00
2.704541394623368511e+00
2.704541507373217080e+00
2.704541424665982241e+00
2.704542564402593996e+00
2.704542539448452132e+00
2.704543413958546694e+00
2.704543956256083792e+00
2.704543749885492954e+00
2.704543128652580286e+00
2.704544386472673700e+00
2.704544864288742190e+00
2.704545394288644822e+00
2.704545609003591977e+00
2.704546464445869880e+00
2.704546283553949326e+00
2.704547738563358728e+00
2.704547627726399117e+00
2.704547361357529933e+00
2.704548791062354685e+00
2.704549921771711940e+00
2.704550006462788314e+00
2.704550800380895126e+00
2.704553133065146664e+00
2.704553165532082470e+00
2.704552801141332896e+00
2.704552146791885825e+00
2.704552483176664079e+00
2.704553479180905384e+00
2.704555323484556961e+00
2.704555543451981681e+00
2.704554664310658829e+00
2.704557512783063444e+00
2.704556303404049622e+00
2.704556840889098535e+00
2.704556596177585703e+00
2.704556456323433000e+00
2.704556731158556104e+00
2.704557131841502926e+00
2.704556606044227429e+00
2.704557264541669337e+00
2.704556896536986166e+00
2.704556999994391475e+00
2.704557262613944690e+00
2.704558034096417707e+00
2.704559673359946181e+00
2.704559260306334867e+00
2.704560440397953514e+00
2.704560388397346582e+00
2.704560991534595615e+00
2.704560815290528719e+00
2.704561166093768065e+00
2.704560962102518396e+00
2.704561254165084971e+00
2.704561558818288081e+00
2.704562192658066966e+00
2.704562536020483687e+00
2.704562645967253598e+00
2.704563003887218819e+00
2.704563534620686660e+00
2.704563799899857290e+00
2.704564733243270958e+00
2.704565343576279535e+00
2.704565104027893963e+00
2.704565739393851587e+00
2.704565496383527723e+00
2.704565998867702881e+00
2.704566334127822991e+00
2.704566427272549145e+00
2.704566078160151044e+00
2.704566281915222969e+00
2.704566594271530899e+00
2.704567780833780244e+00
2.704569569090146786e+00
2.704570151751873652e+00
2.704570387727591285e+00
2.704570839703321905e+00
2.704571511828549824e+00
2.704572126715563574e+00
2.704572090147281838e+00
2.704571683822480033e+00
2.704571972251160528e+00
2.704571739485542636e+00
2.704571917742069953e+00
2.704573490122190726e+00
2.704575518657488242e+00
2.704576347630905264e+00
2.704575201795833550e+00
2.704575234634942316e+00
2.704574933407259074e+00
2.704574549065720479e+00
2.704574976338202319e+00
2.704575548382223360e+00
2.704576102647109348e+00
2.704576316936273539e+00
2.704576419334271176e+00
2.704577332176577364e+00
2.704576887804089669e+00
2.704577077608114166e+00
2.704577825997226181e+00
2.704578421574455049e+00
2.704579398462184425e+00
2.704580240618679632e+00
2.704580402651345583e+00
2.704580368116725086e+00
2.704580225426029827e+00
2.704580174898847833e+00
2.704580481732550723e+00
2.704580155343861314e+00
2.704580566528751451e+00
2.704580522666827580e+00
2.704581038900710777e+00
2.704581200937501428e+00
2.704581094472625402e+00
2.704581142564559393e+00
2.704581444729550643e+00
2.704582262603165255e+00
2.704582391576189959e+00
2.704582588736223592e+00
2.704582835974828292e+00
2.704583550108242029e+00
2.704583242848403568e+00
2.704583372456588641e+00
2.704583161761906940e+00
2.704583786972602599e+00
2.704583839250027211e+00
2.704585177234913207e+00
2.704585425980207347e+00
2.704585503508625255e+00
2.704585836495301709e+00
2.704587225952082896e+00
2.704587439441323848e+00
2.704587991466320229e+00
2.704587243241364458e+00
2.704587742026407948e+00
2.704587610132924702e+00
2.704587976328672649e+00
2.704588145865637117e+00
2.704588608739475930e+00
2.704589139470154002e+00
2.704589233677395566e+00
2.704589386393022821e+00
2.704589835424025868e+00
2.704591932599240245e+00
2.704592837965206886e+00
2.704594218000588857e+00
2.704593165553828449e+00
2.704592984761311492e+00
2.704592983539604756e+00
2.704593097066141372e+00
2.704593813616686493e+00
2.704593877883994413e+00
2.704593864498262334e+00
2.704594094083994982e+00
2.704595500388174756e+00
2.704595876228359952e+00
2.704595215544245868e+00
2.704595049624350711e+00
2.704595314075914469e+00
2.704595380062714938e+00
2.704596250261909862e+00
2.704596887078317469e+00
2.704596888577243341e+00
2.704597161007168182e+00
2.704596937908295029e+00
2.704597326906903909e+00
2.704597621504595040e+00
2.704598566651465141e+00
2.704598880480930667e+00
2.704598707373012001e+00
2.704599663780276497e+00
2.704599148895827643e+00
2.704599470396802374e+00
2.704599864804633658e+00
2.704600615793856466e+00
2.704601361547695149e+00
2.704601087631274936e+00
2.704601982554899475e+00
2.704601855395377452e+00
2.704602632071647417e+00
2.704602167392159195e+00
2.704602665318106780e+00
2.704602655571629377e+00
2.704603226948628869e+00
2.704603360297828996e+00
2.704604317573263472e+00
2.704604060620368955e+00
2.704604917906451966e+00
2.704604456556918279e+00
2.704604530540549057e+00
2.704605110533204293e+00
2.704605647577125627e+00
2.704605469638743820e+00
2.704605481687818891e+00
2.704605885836539159e+00
2.704606746051048560e+00
2.704606768357859625e+00
2.704606638895208803e+00
2.704606194720655665e+00
2.704606846809381793e+00
2.704606752421627291e+00
2.704606641155180125e+00
2.704606671155981079e+00
2.704606584498341348e+00
2.704606566288394465e+00
2.704606938566417984e+00
2.704607752005565136e+00
