3.575203998552016760e+00
3.575538826677058246e+00
3.575932583090827954e+00
3.576303614760324656e+00
3.576617690079028300e+00
3.576879899867567492e+00
3.577109716024534869e+00
3.577529343320144051e+00
3.577877376088960837e+00
3.578159883285817244e+00
3.578399851887636540e+00
3.578618185858877254e+00
3.578828369911696949e+00
3.579037738399297730e+00
3.579249747068326659e+00
3.579465590027306909e+00
3.579685216882751764e+00
3.579907948850154398e+00
3.580132915398250404e+00
3.580359340045023320e+00
3.580603471027489437e+00
3.580829319728244364e+00
3.581052736593486774e+00
3.581282760776015817e+00
3.581531923627983893e+00
3.581777416785591139e+00
3.582004008670085948e+00
3.582246725187009595e+00
3.582502303247130815e+00
3.582740393849874305e+00
3.582984844658225754e+00
3.583247678932754088e+00
3.583484922191783273e+00
3.583740254796318858e+00
3.584000814174276961e+00
3.584274129896409811e+00
3.584525236030292383e+00
3.584774802097465241e+00
3.585018478189261337e+00
3.585261145565338925e+00
3.585502956201838121e+00
3.585744037713741950e+00
3.585984578524080479e+00
3.586224772757911516e+00
3.586464801560288684e+00
3.586704900530030216e+00
3.586945288917689378e+00
3.587210742808051744e+00
3.587483410291153252e+00
3.587820844507517482e+00
3.588061855459182770e+00
3.588318912376291525e+00
3.588579734842994640e+00
3.588840219704291457e+00
3.589174892758859592e+00
3.589401508363522897e+00
3.589651231322246616e+00
3.589905353649419872e+00
3.590113663929369814e+00
3.590356662386283038e+00
3.590606214924527251e+00
3.590859324005511333e+00
3.591149036624997848e+00
3.591474616148341514e+00
3.591663004031319328e+00
3.591912074337892946e+00
3.592201078651242163e+00
3.592521512226449776e+00
3.592711904624382502e+00
3.592962729579790349e+00
3.593246899791741722e+00
3.593564204748187496e+00
3.593774486774675481e+00
3.594022986154640886e+00
3.594342104294024232e+00
3.594570656398636821e+00
3.594822039948297299e+00
3.595077342508544049e+00
3.595333458940789040e+00
3.595590103349276312e+00
3.595847371464935716e+00
3.596105408549923776e+00
3.596364319268787746e+00
3.596624134115163685e+00
3.596884833380205038e+00
3.597146368009243478e+00
3.597408639857760271e+00
3.597671497762208404e+00
3.597934771266514620e+00
3.598198279260245602e+00
3.598461822799000398e+00
3.598704616285471225e+00
3.598998395780423909e+00
3.599214906674577552e+00
3.599465203758961618e+00
3.599759152406449392e+00
3.600024308550659580e+00
3.600275561649511236e+00
3.600541087591715872e+00
3.600770751368837175e+00
3.601060941224192291e+00
3.601316000426701969e+00
3.601615859913577467e+00
3.601866811818447811e+00
3.602141941061584252e+00
3.602381507624676349e+00
3.602662911065665607e+00
3.602916305099182370e+00
3.603199404898777658e+00
3.603451165748027929e+00
3.603738400270245723e+00
3.603989204164157911e+00
3.604280471393323637e+00
3.604530237828472039e+00
3.604825125577760581e+00
3.605082797565353214e+00
3.605328347705399228e+00
3.605596290381727798e+00
3.605868561979523879e+00
3.606141767881867022e+00
3.606407115479429493e+00
3.606678112077887466e+00
3.606943154496782267e+00
3.607217259538912035e+00
3.607499215760469724e+00
3.607777549890949231e+00
3.607998875528601435e+00
3.608281926943151863e+00
3.608541581111165630e+00
3.608816365291783068e+00
3.609086909971251700e+00
3.609358750230089896e+00
3.609581933239475404e+00
3.609836638547855081e+00
3.610096989965620562e+00
3.610351633038418662e+00
3.610604147582898271e+00
3.610854468098046777e+00
3.611103043886009889e+00
3.611351558905760317e+00
3.611618542053707248e+00
3.611900893922269873e+00
3.612181676036783529e+00
3.612452054388901601e+00
3.612674598584292962e+00
3.612954550128697928e+00
3.613232676623097994e+00
3.613479621761464866e+00
3.613712836678058871e+00
3.613982237000417985e+00
3.614231424360744072e+00
3.614486635480060883e+00
3.614744304767767424e+00
3.615022912197249028e+00
3.615257653153153505e+00
3.615524074851204084e+00
3.615806733818121010e+00
3.616066125106385698e+00
3.616328834781461055e+00
3.616607682528087508e+00
3.616867123403574968e+00
3.617100081313174176e+00
3.617381084373527678e+00
3.617639264887858364e+00
3.617897210537344588e+00
3.618161969983479942e+00
3.618443086994751035e+00
3.618694733206605729e+00
3.618955182265414017e+00
3.619229994400104289e+00
3.619486695130706089e+00
3.619736027626791142e+00
3.619991635088414039e+00
3.620252179208856003e+00
3.620524226486357300e+00
3.620746865507946222e+00
3.621012561380555272e+00
3.621275408157212272e+00
3.621530224887132832e+00
3.621792209021464259e+00
3.622067881606955808e+00
3.622314147355591984e+00
3.622552642877792550e+00
3.622817030347828648e+00
3.623076570342392166e+00
3.623364272344689052e+00
3.623587539806663926e+00
3.623887947493066530e+00
3.624129544710262163e+00
3.624378999323476958e+00
3.624647448505049496e+00
3.624940196952406879e+00
3.625191149169594951e+00
3.625446871087575129e+00
3.625713443468659758e+00
3.625980150905285804e+00
3.626250397021860028e+00
3.626532191865373456e+00
3.626797048676994262e+00
3.627032696736596229e+00
3.627293054627952706e+00
3.627574234227088912e+00
3.627865185991761443e+00
3.628110906419892867e+00
3.628389172671101726e+00
3.628649163926474852e+00
3.628906585565041976e+00
3.629167077189462631e+00
3.629421485705755845e+00
3.629689461240920956e+00
3.629948792188551820e+00
3.630176887562513777e+00
3.630432953442164212e+00
3.630697233741840169e+00
3.630949725604577960e+00
3.631215983910879075e+00
3.631453515544770472e+00
3.631729854173499916e+00
3.632020646919031925e+00
3.632254602299578750e+00
3.632514061240283088e+00
3.632811524086006383e+00
3.633080014882541509e+00
3.633352274565862849e+00
3.633588787494749450e+00
3.633846115378256414e+00
3.634105316343068992e+00
3.634334271229755498e+00
3.634616980016770693e+00
3.634845056311823086e+00
3.635095621364241580e+00
3.635367742923800716e+00
3.635604476885227143e+00
3.635897416789032999e+00
3.636174215294261991e+00
3.636414922766090463e+00
3.636716547881437833e+00
3.636953056249498495e+00
3.637226299102696903e+00
3.637465560937735543e+00
3.637741118453562628e+00
3.638019853433307471e+00
3.638317082908792965e+00
3.638576967418761132e+00
3.638860377664447476e+00
3.639086845625868261e+00
3.639360970408710205e+00
3.639623296438319056e+00
3.639847331617863002e+00
3.640120697693587815e+00
3.640375348048591420e+00
3.640583211101424244e+00
3.640818823755534783e+00
3.641086274160418412e+00
3.641365715646959433e+00
3.641637982130566442e+00
3.641923258964199217e+00
3.642180256167099728e+00
3.642447231197985857e+00
3.642703745665021753e+00
3.642974974858548265e+00
3.643235664046340805e+00
3.643511380682092238e+00
3.643761450430961002e+00
3.644019076218541819e+00
3.644267401483355595e+00
3.644543962799748904e+00
3.644837039481924723e+00
3.645119519799917995e+00
3.645377826451011938e+00
3.645631576666759077e+00
3.645866342467248167e+00
3.646108109616402082e+00
3.646382642594671708e+00
3.646642516356521924e+00
3.646913895563866692e+00
3.647191164807329855e+00
3.647470215429076124e+00
3.647742933271485910e+00
3.648016010712296087e+00
3.648271839533686833e+00
3.648527901477127688e+00
3.648814481791737396e+00
3.649087755168761493e+00
3.649351729108479159e+00
3.649573480039546514e+00
3.649837724452922760e+00
3.650095520403422000e+00
3.650386155494400153e+00
3.650629770784172834e+00
3.650911984520868181e+00
3.651180260314485615e+00
3.651433965804689041e+00
3.651722658083116801e+00
3.651992529459933134e+00
3.652266642666022189e+00
3.652529806638266763e+00
3.652799633520201983e+00
3.653088857930795186e+00
3.653320099513689634e+00
3.653586721639480839e+00
3.653846989164816428e+00
3.654120850179993774e+00
3.654368807066696423e+00
3.654651075665980908e+00
3.654924412331928885e+00
3.655224007773744788e+00
3.655503847498991377e+00
3.655756838464076175e+00
3.656014156985893493e+00
3.656260705325413252e+00
3.656526635145415316e+00
3.656780428746500444e+00
3.657063497544791986e+00
3.657344246986707237e+00
3.657615892309371119e+00
3.657885241257615494e+00
3.658155882522565960e+00
3.658415886503338044e+00
3.658676510287023120e+00
3.658917282483504785e+00
3.659172866970183957e+00
3.659423611191255254e+00
3.659672931611732682e+00
3.659947108581014685e+00
3.660180717205185452e+00
3.660423185844960958e+00
3.660679894071284135e+00
3.660943064139414282e+00
3.661192781834005316e+00
3.661462649582707840e+00
3.661722772212498977e+00
3.661982922719992040e+00
3.662261147567248187e+00
3.662546879818917578e+00
3.662801626226471541e+00
3.663067453950855867e+00
3.663327131168525597e+00
3.663585150955629199e+00
3.663864649036630006e+00
3.664115991611957224e+00
3.664365347556350461e+00
3.664633665606634505e+00
3.664914062241972470e+00
3.665142143950844922e+00
3.665392589445054750e+00
3.665635633264629600e+00
3.665890287885263721e+00
3.666127715766267947e+00
3.666380128357960011e+00
3.666669902632563982e+00
3.666921922298359782e+00
3.667201337719829368e+00
3.667473935311558630e+00
3.667744325302947139e+00
3.667993898504388284e+00
3.668254853077046906e+00
3.668529520033826152e+00
3.668800046071639898e+00
3.669068674513808581e+00
3.669344150614165745e+00
3.669632438522361539e+00
3.669912940184031136e+00
3.670183097995409316e+00
3.670447968964990704e+00
3.670732578369270360e+00
3.670999044008947720e+00
3.671270571323035803e+00
3.671557911028091592e+00
3.671822395986636067e+00
3.672073293769047453e+00
3.672363366092796788e+00
3.672619463905404835e+00
3.672898706598738183e+00
3.673148330494065306e+00
3.673443315716639734e+00
3.673707845808057648e+00
3.673976314864021209e+00
3.674274960709305926e+00
3.674519851062925557e+00
3.674802194171591374e+00
3.675063256343481743e+00
3.675339745850312312e+00
3.675604056873973402e+00
3.675883497573821490e+00
3.676153871176640830e+00
3.676419891461617073e+00
3.676692233575896918e+00
3.676969123071168077e+00
3.677239349348121245e+00
3.677503288223454181e+00
3.677788791556172221e+00
3.678050452480867261e+00
3.678288921909405484e+00
3.678558142729685621e+00
3.678822825743671032e+00
3.679085189033957537e+00
3.679333247068001356e+00
3.679621259770027741e+00
3.679894282324755128e+00
3.680148954748757806e+00
3.680421903176613441e+00
3.680704121637433435e+00
3.680982781035599061e+00
3.681233004528189579e+00
3.681508055057959972e+00
3.681784452755057835e+00
3.682040915312025930e+00
3.682336206529361000e+00
3.682597386594726352e+00
3.682849289475651489e+00
3.683129484531745046e+00
3.683412089943118417e+00
3.683653587474237323e+00
3.683950437421494417e+00
3.684228645649389122e+00
3.684474327738587185e+00
3.684754333134442561e+00
3.685022683098192253e+00
3.685301855886807587e+00
3.685564157812933672e+00
3.685842458962423684e+00
3.686138499266371493e+00
3.686373177259856693e+00
3.686649094524228065e+00
3.686940668086651218e+00
3.687223433622639490e+00
3.687501488873951683e+00
3.687761383575254293e+00
3.688010175771973653e+00
3.688298391946399413e+00
3.688578595468957388e+00
3.688851994454226624e+00
3.689119349240749024e+00
3.689401048579115550e+00
3.689676040919248834e+00
3.689977894471669906e+00
3.690277166117996721e+00
3.690560017293317063e+00
3.690812908549662374e+00
3.691089391042358780e+00
3.691369349665352573e+00
3.691673696133951132e+00
3.691922928351598188e+00
3.692203882766487144e+00
3.692478320340123688e+00
3.692759053840126260e+00
3.693022047894294335e+00
3.693313247029340385e+00
3.693584294769364451e+00
3.693880267869533718e+00
3.694181909587892054e+00
3.694418471051943875e+00
3.694698695542288913e+00
3.694988540540640187e+00
3.695220167849206483e+00
3.695519705120176468e+00
3.695794459046227054e+00
3.696061843681526682e+00
3.696326775848968182e+00
3.696584565856936067e+00
3.696878215807234191e+00
3.697173703272701673e+00
3.697428842287118211e+00
3.697680942940721138e+00
3.697977701403384554e+00
3.698258656748049766e+00
3.698545220501739728e+00
3.698786060373399298e+00
3.699040198655575207e+00
3.699324328993684130e+00
3.699580904932893599e+00
3.699877237457845691e+00
3.700129197918502477e+00
3.700436978357341200e+00
3.700730502127894450e+00
3.700998698444441182e+00
3.701269523423962760e+00
3.701559244244119640e+00
3.701813400671884580e+00
3.702088725911705236e+00
3.702379046796268280e+00
3.702657563974623312e+00
3.702936737340043916e+00
3.703213988295287251e+00
3.703497459475372899e+00
3.703790042250317160e+00
3.704032892990867243e+00
3.704340984983577112e+00
3.704605387529176674e+00
3.704918701255952129e+00
3.705205671111245991e+00
3.705486258639839381e+00
3.705738397212361424e+00
3.706000844073184641e+00
3.706258417978764985e+00
3.706552916753224736e+00
3.706779003197129718e+00
3.706987516179165443e+00
3.707138729411602274e+00
3.707261139662176408e+00
3.707305305210712110e+00
3.707352645906619060e+00
3.707364279681320873e+00
3.707406298414947177e+00
3.707424557141337118e+00
3.707446303233846496e+00
3.707451747960309962e+00
3.707473193260895972e+00
3.707480509339808883e+00
3.707495840777958573e+00
3.707515560240643548e+00
3.707519913002480294e+00
3.707565144948948621e+00
3.707562443867749469e+00
3.707583960281635616e+00
3.707619623009862142e+00
3.707635986617137558e+00
3.707640948350969801e+00
3.707651610826429245e+00
3.707673668000620371e+00
3.707677680742549775e+00
3.707697242115162162e+00
3.707722318955291030e+00
3.707726646675704618e+00
3.707727045437072988e+00
3.707752639843831410e+00
3.707752045075795255e+00
3.707777274595796424e+00
3.707799504364444498e+00
3.707801259051436205e+00
3.707805919006757822e+00
3.707837508785257086e+00
3.707857732495710046e+00
3.707867665983151984e+00
3.707869483815223965e+00
3.707874160884529147e+00
3.707883597574380463e+00
3.707883222717102356e+00
3.707887743033212224e+00
3.707905103186870388e+00
3.707904580653128779e+00
3.707918950286959170e+00
3.707933045721234055e+00
3.707955660246495366e+00
3.707960606594300934e+00
3.707960496120634275e+00
3.707962752865737510e+00
3.707982945718097945e+00
3.707975094667669502e+00
3.707984352177664089e+00
3.707996745674530636e+00
3.708006493323504404e+00
3.708007184988329374e+00
3.708013021351380445e+00
3.708026291112249684e+00
3.708037722917440160e+00
3.708038125269963459e+00
3.708044187008521231e+00
3.708053428945126129e+00
3.708044928289880193e+00
3.708072090758427919e+00
3.708072124834706162e+00
3.708075616187970436e+00
3.708074557947806049e+00
3.708086296740266796e+00
3.708083174192832399e+00
3.708102612228675099e+00
3.708096188872866517e+00
3.708090018546342570e+00
3.708103190160729756e+00
3.708107435043408007e+00
3.708115192791634485e+00
3.708108954924264289e+00
3.708110129138371569e+00
3.708126183811674359e+00
3.708140257998906009e+00
3.708142360649318015e+00
3.708141896705470231e+00
3.708150640734576342e+00
3.708164563503950628e+00
3.708166824607721512e+00
3.708171146246880046e+00
3.708184621033628670e+00
3.708192204174296513e+00
3.708211718071573681e+00
3.708220092911158172e+00
3.708230424401695036e+00
3.708228260485028738e+00
3.708252493921432968e+00
3.708248342710466883e+00
3.708255604275965567e+00
3.708262983898423570e+00
3.708262989712454161e+00
3.708268115684703936e+00
3.708277650215181076e+00
3.708282811829462400e+00
3.708282888770873420e+00
3.708290712755083263e+00
3.708309971788100956e+00
3.708316453358224685e+00
3.708331143379970829e+00
3.708348814613628530e+00
3.708343542905406132e+00
3.708346916556934936e+00
3.708369351699697170e+00
3.708365510171889312e+00
3.708380024062147839e+00
3.708378970526659657e+00
3.708394843457570644e+00
3.708394621216251075e+00
3.708406913836737040e+00
3.708419507141464067e+00
3.708423011260094437e+00
3.708426304039377452e+00
3.708425186673931950e+00
3.708428966529648374e+00
3.708436725168525072e+00
3.708443267717342895e+00
3.708443285450872651e+00
3.708453529971906359e+00
3.708457148095994693e+00
3.708472652679430936e+00
3.708478513778112440e+00
3.708479758758837619e+00
3.708485912590536060e+00
3.708501317220139093e+00
3.708500043423858195e+00
3.708507585454450250e+00
3.708525505836833602e+00
3.708531940152345552e+00
3.708525038608109003e+00
3.708533500067970667e+00
3.708542651741602025e+00
3.708551811938570530e+00
3.708552425004813191e+00
3.708562971731531377e+00
3.708562848469358464e+00
3.708577610280131776e+00
3.708577384117174969e+00
3.708587191137844297e+00
3.708594245135665712e+00
3.708595831130994114e+00
3.708605831436600830e+00
3.708618605060336026e+00
3.708627282443865969e+00
3.708620578209658181e+00
3.708629906874486348e+00
3.708635380117938585e+00
3.708645092134064125e+00
3.708653429442991367e+00
3.708656023184907280e+00
3.708662320613311358e+00
3.708674286426846045e+00
3.708686557146997131e+00
3.708694740721844685e+00
3.708694004390733934e+00
3.708703682380451561e+00
3.708712658645354932e+00
3.708720483860730166e+00
3.708727123992644259e+00
3.708740219714774078e+00
3.708742135018607389e+00
3.708740003012254149e+00
3.708751978734938337e+00
3.708753544367199062e+00
3.708766371419610852e+00
3.708764831599840051e+00
3.708778363550932600e+00
3.708792131118920476e+00
3.708807492570955322e+00
3.708808749500406066e+00
3.708802131538305957e+00
3.708810661513714191e+00
3.708814933136305392e+00
3.708818875093343514e+00
3.708827796534476029e+00
3.708831937686269953e+00
3.708839347214807791e+00
3.708846302793721961e+00
3.708854589682061498e+00
3.708863676137517107e+00
3.708875477573748025e+00
3.708890254501893580e+00
3.708893356687380294e+00
3.708897645638417728e+00
3.708910269934957871e+00
3.708915978724228069e+00
3.708928675517039864e+00
3.708936703301759064e+00
3.708944870963535756e+00
3.708947485279274314e+00
3.708953558732349443e+00
3.708962112558530588e+00
3.708965805189483600e+00
3.708972388274843102e+00
3.708985979329074922e+00
3.708991601174292718e+00
3.709000287609415025e+00
3.709009435251775955e+00
3.709019836844723805e+00
3.709031870224605676e+00
3.709040621686839678e+00
3.709050490508025710e+00
3.709060769782515088e+00
3.709064455628735324e+00
3.709065751320083315e+00
3.709072998370284591e+00
3.709080252542841905e+00
3.709087956038780387e+00
3.709094058956708295e+00
3.709103569846085691e+00
3.709112884583773528e+00
3.709127629670054827e+00
3.709136697747916767e+00
3.709146521192408841e+00
3.709155123631830975e+00
3.709156834259159208e+00
3.709170166812673308e+00
3.709170104201847007e+00
3.709170658243354790e+00
3.709182941841027148e+00
3.709189120385738114e+00
3.709190448444632526e+00
3.709198672860892998e+00
3.709208631716024662e+00
3.709209438149274618e+00
3.709207595266299062e+00
3.709212349297786204e+00
3.709212762948651765e+00
3.709217319033921267e+00
3.709224215807917613e+00
3.709235721430760524e+00
3.709244419969327300e+00
3.709250229243712393e+00
3.709253756526546653e+00
3.709260439359666428e+00
3.709267690519012728e+00
3.709275345762087284e+00
3.709282515341679520e+00
3.709289273296378031e+00
3.709293175817602428e+00
3.709296693389073418e+00
3.709299037954683520e+00
3.709300726745926369e+00
3.709308635264865650e+00
3.709315710354355478e+00
3.709325138358087859e+00
3.709327844861169954e+00
3.709336877189175041e+00
3.709338214483099971e+00
3.709349022354575087e+00
3.709350522205010492e+00
3.709355588488767896e+00
3.709360845402786211e+00
3.709364607547462001e+00
3.709364901818454463e+00
3.709373624558919058e+00
3.709382341610339306e+00
3.709385818499149945e+00
3.709386379345769758e+00
3.709388959622533122e+00
3.709391666700335044e+00
3.709395324956631601e+00
3.709400987243455461e+00
3.709406050712171332e+00
3.709414865288575225e+00
3.709418189609839267e+00
3.709422546431112355e+00
3.709430093817907892e+00
3.709432551120862342e+00
3.709439409498777263e+00
3.709448457166529156e+00
3.709452339609674798e+00
3.709459084344353563e+00
3.709461266928611334e+00
3.709468014648256151e+00
3.709469028977306237e+00
3.709472585990705173e+00
3.709475654102326825e+00
3.709482728946276620e+00
3.709485102249771238e+00
3.709491462291463204e+00
3.709499995095214775e+00
3.709501569052819026e+00
3.709509035554896972e+00
3.709508670673028252e+00
3.709510968985896273e+00
3.709517265619961535e+00
3.709520930578777076e+00
3.709522109974055404e+00
3.709524977947759705e+00
3.709530461906294541e+00
3.709534148192729752e+00
3.709543243836082471e+00
3.709548153119720748e+00
3.709552766932478818e+00
3.709554779034911043e+00
3.709557413928424197e+00
3.709562219690588858e+00
3.709568606719697570e+00
3.709575137123325650e+00
3.709576977241184181e+00
3.709582235995861677e+00
3.709587333469996029e+00
3.709592880878155974e+00
3.709599221043442974e+00
3.709605157424580302e+00
3.709606752308897359e+00
3.709611525279027155e+00
3.709617351469888469e+00
3.709623821221483375e+00
3.709629933195719431e+00
3.709636867194190835e+00
3.709639915464068238e+00
3.709643370831944953e+00
3.709647841720246753e+00
3.709648585134470267e+00
3.709650021812056497e+00
3.709655778761406619e+00
3.709662623821073257e+00
3.709671274023549348e+00
3.709675736765762011e+00
3.709675498274060068e+00
3.709678359693608041e+00
3.709681122056880387e+00
3.709687918567281528e+00
3.709691200718193471e+00
3.709692616799252995e+00
3.709697414564256057e+00
3.709703503499311328e+00
3.709701953638037342e+00
3.709703267704585361e+00
3.709706938767944884e+00
3.709711436403503537e+00
3.709716270675435190e+00
3.709720785029081203e+00
3.709721696164345772e+00
3.709721838062384425e+00
3.709723858984093514e+00
3.709725215639058771e+00
3.709729367346974005e+00
3.709732187550213389e+00
3.709736425212816879e+00
3.709743663986029727e+00
3.709740358659859627e+00
3.709743377670356335e+00
3.709746843002422967e+00
3.709752062811992879e+00
3.709753658524880926e+00
3.709758332199439401e+00
3.709760795568515235e+00
3.709764735382266032e+00
3.709771176226279721e+00
3.709773960399743942e+00
3.709772290965644981e+00
3.709771512809591165e+00
3.709776511563953605e+00
3.709779784898450838e+00
3.709781523558397076e+00
3.709787455608697382e+00
3.709788581340371039e+00
3.709789111465024103e+00
3.709791691152988236e+00
3.709796116997470694e+00
3.709797916874747248e+00
3.709804638286791967e+00
3.709804119728084437e+00
3.709805751021271636e+00
3.709807215565620986e+00
3.709815245965448316e+00
3.709819766664780527e+00
3.709821533412164918e+00
3.709824969377312431e+00
3.709826508991312277e+00
3.709832527288397408e+00
3.709834507714785179e+00
3.709836249150973320e+00
3.709839476178343531e+00
3.709840433338656318e+00
3.709843160011653040e+00
3.709846363297184979e+00
3.709848944518871150e+00
3.709850255403101649e+00
3.709851012891923094e+00
3.709855012833131127e+00
3.709856359930199243e+00
3.709856832114987402e+00
3.709861201210363557e+00
3.709868932721718249e+00
3.709868909973300877e+00
3.709869042372397452e+00
3.709871106897985271e+00
3.709876365946816357e+00
3.709878014995914963e+00
3.709880826486677829e+00
3.709882917694223625e+00
3.709887534919499963e+00
3.709894687680199699e+00
3.709898867105018372e+00
3.709899855120065038e+00
3.709903339182167414e+00
3.709910508617641156e+00
3.709910747302204825e+00
3.709914970389132982e+00
3.709914068721895219e+00
3.709916647832735226e+00
3.709917362361901283e+00
3.709922543572742537e+00
3.709927138599213414e+00
3.709929559197786997e+00
3.709934995084018361e+00
3.709938397528005805e+00
3.709939327138447762e+00
3.709940744995408046e+00
3.709942149378171017e+00
3.709944039794968340e+00
3.709945744383038591e+00
3.709948792284292196e+00
3.709950992020308647e+00
3.709955248746753309e+00
3.709958568116733080e+00
3.709962530735523956e+00
3.709964949457316141e+00
3.709965349738542084e+00
3.709969120865142411e+00
3.709971586136552091e+00
3.709975627967659229e+00
3.709979566518605942e+00
3.709981921814931916e+00
3.709983931716571259e+00
3.709984792583306046e+00
3.709988290582199255e+00
3.709989812009060639e+00
3.709995179070265436e+00
3.709995798226558339e+00
3.710000477418753384e+00
3.710005491308442593e+00
3.710005176899840773e+00
3.710008386477696263e+00
3.710010544395685894e+00
3.710014170986171589e+00
3.710013498985995195e+00
3.710015813270185703e+00
3.710018677164460321e+00
3.710023246891640536e+00
3.710025315736832585e+00
3.710027065450567374e+00
3.710029601068299598e+00
3.710032459060934595e+00
3.710033757771119767e+00
3.710037364113009772e+00
3.710039455932812480e+00
3.710040473192732335e+00
3.710039757558020401e+00
3.710043887913277771e+00
3.710049859555673457e+00
3.710050197087058077e+00
3.710055267823859637e+00
3.710056950203463266e+00
3.710058705760769904e+00
3.710062738369213520e+00
3.710064106535038597e+00
3.710065234258190792e+00
3.710064151891610429e+00
3.710065200174680111e+00
3.710066406223038182e+00
3.710068120567996175e+00
3.710070215736502863e+00
3.710072665380938162e+00
3.710072157950106586e+00
3.710074914572404126e+00
3.710078175570873604e+00
3.710078200086519562e+00
3.710080928681838586e+00
3.710083224974235261e+00
3.710085438553940573e+00
3.710086922408269317e+00
3.710090757783688353e+00
3.710095137787444930e+00
3.710096288952015708e+00
3.710095342667648843e+00
3.710097058514759905e+00
3.710099039849078739e+00
3.710101996732819263e+00
3.710103859326600251e+00
3.710105444516188733e+00
3.710107175400644497e+00
3.710108162953164257e+00
3.710108553875516080e+00
3.710112338155419742e+00
3.710114496474187007e+00
3.710115694841194411e+00
3.710115169287031556e+00
3.710114658637147400e+00
3.710117185318368538e+00
3.710118377092641140e+00
3.710121130979589399e+00
3.710123417726621131e+00
3.710127502740304006e+00
3.710130873636213966e+00
3.710132502472726301e+00
3.710133714396763871e+00
3.710136283794172041e+00
3.710136727396533107e+00
3.710140313385822175e+00
3.710140111145433739e+00
3.710143005186871346e+00
3.710144270361211305e+00
3.710147083748573493e+00
3.710147284157975012e+00
3.710149160476583052e+00
3.710150593582818956e+00
3.710152364661911228e+00
3.710156044091440286e+00
3.710158436502360324e+00
3.710161006299164566e+00
3.710165755415265831e+00
3.710165120606645939e+00
3.710165795268121069e+00
3.710165865312905265e+00
3.710166694454011260e+00
3.710167135974594466e+00
3.710169400748617008e+00
3.710171810106535961e+00
3.710172754389917227e+00
3.710173727748649508e+00
3.710173666053753205e+00
3.710173776322779560e+00
3.710176182242561183e+00
3.710178621510098917e+00
3.710179822275174288e+00
3.710181796275922039e+00
3.710181881040919727e+00
3.710185863736407352e+00
3.710187377393879160e+00
3.710191827101720019e+00
3.710192866345216167e+00
3.710197054564266406e+00
3.710198657006191780e+00
3.710198735853051488e+00
3.710199953069325485e+00
3.710201849254804785e+00
3.710203682863539854e+00
3.710204644101046334e+00
3.710206904987793486e+00
3.710208123686836945e+00
3.710209855516489963e+00
3.710213834973605351e+00
3.710214748054893263e+00
3.710215767226761052e+00
3.710216327930099922e+00
3.710219554508308981e+00
3.710219469512827217e+00
3.710225793632834890e+00
3.710225372609512462e+00
3.710227624294248017e+00
3.710227121131607575e+00
3.710227210544896792e+00
3.710230088852361607e+00
3.710230385653184193e+00
3.710232154901221158e+00
3.710233078153369224e+00
3.710233707487595733e+00
3.710238269077108964e+00
3.710240458653630391e+00
3.710241734370458566e+00
3.710241429383211109e+00
3.710244922558817660e+00
3.710245498222836336e+00
3.710247390766658437e+00
3.710248395877370875e+00
3.710249205405918627e+00
3.710249264164122707e+00
3.710251094543753236e+00
3.710253962946861161e+00
3.710255956227685559e+00
3.710254388740012121e+00
3.710255300466289707e+00
3.710255629885582884e+00
3.710257144034123211e+00
3.710258347239106413e+00
3.710259328441459115e+00
3.710261464653029861e+00
3.710262203909890921e+00
3.710262502268924401e+00
3.710264803417545831e+00
3.710265514378539464e+00
3.710265813223085907e+00
3.710267150326094665e+00
3.710268613455787179e+00
3.710268718782594455e+00
3.710270334999478781e+00
3.710273831904939090e+00
3.710273152323452450e+00
3.710275010388732753e+00
3.710276826071283729e+00
3.710276831513882101e+00
3.710277887181809842e+00
3.710279635473062942e+00
3.710280162597227704e+00
3.710281571259905320e+00
3.710282204054871524e+00
3.710283034484722631e+00
3.710284153689856979e+00
3.710286903501791578e+00
3.710286748474929563e+00
3.710288332828958868e+00
3.710289246564132171e+00
3.710289796102660631e+00
3.710290901919554241e+00
3.710291890341443466e+00
3.710293225039672294e+00
3.710294495100221024e+00
3.710295695046290199e+00
3.710297980361087156e+00
3.710299644337428759e+00
3.710300596516676652e+00
3.710301520629017968e+00
3.710304601955743298e+00
3.710304435062416140e+00
3.710304200263741858e+00
3.710304419686292654e+00
3.710306407577390608e+00
3.710308059902465150e+00
3.710308872487581677e+00
3.710308580828386660e+00
3.710309075210529883e+00
3.710310414715331628e+00
3.710312242565538821e+00
3.710312025012348247e+00
3.710312602928263814e+00
3.710313736807339335e+00
3.710314625374548925e+00
3.710316787234122504e+00
3.710316272097835544e+00
3.710316848620727637e+00
3.710318009110766813e+00
3.710318383632380979e+00
3.710319774481624755e+00
3.710320481893067068e+00
3.710322499041600608e+00
3.710323019942463496e+00
3.710324554961965227e+00
3.710324988002155155e+00
3.710326548348892306e+00
3.710326806203172900e+00
3.710327145443082841e+00
3.710328795029703475e+00
3.710330014284913602e+00
3.710330737059494677e+00
3.710332373658255634e+00
3.710332611668202940e+00
3.710333170594612540e+00
3.710333909806060593e+00
3.710335322980403916e+00
3.710338051832213324e+00
3.710338541262261813e+00
3.710340692864108725e+00
3.710340976754630482e+00
3.710341464075191720e+00
3.710341831772800525e+00
3.710343671407610344e+00
3.710343491669040539e+00
3.710344993848321060e+00
3.710345324370257547e+00
3.710347558984220750e+00
3.710348204183421039e+00
3.710349137821053578e+00
3.710351164605630636e+00
3.710350961396299496e+00
3.710351408055985178e+00
3.710351663437288838e+00
3.710351804388508423e+00
3.710354300543705630e+00
3.710354714733673287e+00
3.710355440253053416e+00
3.710355576543954204e+00
3.710356831534143751e+00
3.710357535711878540e+00
3.710360418774589775e+00
3.710362032888511408e+00
3.710361879479192382e+00
3.710362491628989012e+00
3.710363793285755385e+00
3.710364820435552602e+00
3.710366720408634134e+00
3.710368473354096697e+00
3.710369431978823851e+00
3.710369258002255588e+00
3.710370166085750210e+00
3.710369513504006012e+00
3.710370393355777896e+00
3.710372736362722801e+00
3.710373075849406899e+00
3.710374497639648439e+00
3.710376133261648057e+00
3.710374997399563224e+00
3.710375327603729012e+00
3.710375619487553678e+00
3.710375402140438261e+00
3.710376503893124234e+00
3.710378518445312412e+00
3.710379348904817576e+00
3.710380729526148169e+00
3.710381644859339190e+00
3.710382422247506806e+00
3.710382512174522862e+00
3.710383623576234413e+00
3.710384038985137245e+00
3.710384535928075156e+00
3.710385435631522455e+00
3.710386445870791139e+00
3.710388355006017491e+00
3.710387378531566860e+00
3.710387390520843542e+00
3.710387113089903544e+00
3.710387476192596790e+00
3.710388332153996771e+00
3.710389674563402629e+00
3.710391405600994563e+00
3.710391039863171869e+00
3.710393157345525772e+00
3.710394381182393175e+00
3.710394839147765023e+00
3.710395780652856246e+00
3.710396949759246610e+00
3.710397010858183631e+00
3.710397131565651208e+00
3.710397565655139562e+00
3.710397939688247604e+00
3.710399055036600835e+00
3.710400448173671872e+00
3.710400380623390948e+00
3.710400791422747258e+00
3.710401811867980904e+00
3.710402652898899145e+00
3.710403135271036046e+00
3.710403021201162499e+00
3.710404543875472250e+00
3.710405504035248825e+00
3.710406383417391929e+00
3.710407651606344892e+00
3.710407562689042926e+00
3.710407832076579648e+00
3.710409010618563208e+00
3.710409840862951558e+00
3.710409635293578479e+00
3.710409421357187654e+00
3.710409896696517329e+00
3.710410335069677323e+00
3.710410950031191923e+00
3.710411481695373936e+00
3.710412446299471867e+00
3.710412775424864584e+00
3.710413533858959223e+00
3.710413970884498536e+00
3.710414168425286707e+00
3.710415642407454140e+00
3.710417899940544828e+00
3.710418623750410649e+00
3.710418704318857674e+00
3.710419785361859013e+00
3.710420555933394926e+00
3.710420348728004747e+00
3.710420902868583948e+00
3.710421053725966978e+00
3.710422556330884802e+00
3.710421727483310228e+00
3.710422908231433059e+00
3.710423085887612604e+00
3.710424547900272430e+00
3.710425801890973485e+00
3.710426564155594242e+00
3.710428320920739598e+00
3.710427660849458853e+00
3.710428458361326509e+00
3.710429441109301507e+00
3.710429696310413750e+00
3.710430262227006448e+00
3.710430815471569943e+00
3.710431603763742814e+00
3.710432258600036892e+00
3.710432940483859632e+00
3.710433522346813895e+00
3.710433972546757886e+00
3.710434250949963264e+00
3.710434635469851195e+00
3.710435661297711185e+00
3.710436399548363351e+00
3.710436575540486004e+00
3.710438220498393225e+00
3.710439014376784694e+00
3.710440450652557676e+00
3.710440803696002821e+00
3.710441811230984488e+00
3.710442040868492608e+00
3.710441842316533734e+00
3.710442674547065778e+00
3.710444121239656390e+00
3.710447394143868038e+00
3.710446856058929210e+00
3.710447348410875978e+00
3.710448164292701634e+00
3.710448423308550403e+00
3.710448351221009133e+00
3.710448768143014497e+00
3.710449182714561811e+00
3.710449758454750224e+00
3.710450042034459273e+00
3.710451205309448497e+00
3.710451946874311790e+00
3.710452610372631188e+00
3.710452312255614338e+00
3.710452788757454545e+00
3.710452954901274136e+00
3.710453487551611307e+00
3.710454417652799375e+00
3.710454847865668704e+00
3.710456300315883027e+00
3.710456503658237981e+00
3.710458025413566396e+00
3.710457098607120141e+00
3.710458013982521841e+00
3.710459772346709428e+00
3.710461794059625618e+00
3.710461567084631263e+00
3.710462268437228150e+00
3.710462940372891261e+00
3.710462898075772564e+00
3.710463426658751285e+00
3.710464265786239668e+00
3.710464101930302405e+00
3.710464601477108104e+00
3.710466479991847866e+00
3.710466168200255321e+00
3.710466070754217860e+00
3.710466589040660512e+00
3.710467738541954663e+00
3.710468763141552273e+00
3.710469486418948470e+00
3.710471987440640884e+00
3.710472384532817802e+00
3.710473083350136037e+00
3.710474160452412740e+00
3.710475451132522640e+00
3.710476028948271221e+00
3.710476457861930033e+00
3.710476941928610106e+00
3.710477680063220429e+00
3.710478587471769174e+00
3.710479801262153821e+00
3.710480737523333516e+00
3.710480751557450052e+00
3.710481074426439818e+00
3.710482236712706605e+00
3.710482431473600240e+00
3.710484089573287125e+00
3.710484674847620123e+00
3.710485407417355219e+00
3.710485374694424632e+00
3.710485857927702913e+00
3.710486057216361377e+00
3.710486376536061393e+00
3.710486945313323126e+00
3.710487933029757102e+00
3.710488034049792105e+00
3.710488414151223768e+00
3.710489465800114850e+00
3.710490149812847527e+00
3.710490389133481060e+00
3.710491642376479327e+00
3.710491628556800592e+00
3.710492087275309991e+00
3.710492693073832005e+00
3.710493496710197903e+00
3.710494147168948320e+00
3.710494105557329725e+00
3.710494539026849115e+00
3.710494709538282532e+00
3.710494888894852128e+00
3.710494804993813123e+00
3.710495544653367617e+00
3.710495712926179301e+00
3.710496648413476706e+00
3.710497431903246213e+00
3.710497713322995050e+00
3.710499062556820604e+00
3.710499548084852162e+00
3.710500902844839466e+00
3.710501701306718303e+00
3.710503437494647727e+00
3.710502255912345948e+00
3.710503625095951996e+00
3.710503821536778268e+00
3.710504150834404768e+00
3.710505083381960389e+00
3.710505130944556917e+00
3.710505587899485480e+00
3.710507214277509291e+00
3.710507540866784471e+00
3.710507266561001938e+00
3.710507745769215493e+00
3.710508675307806037e+00
3.710509188196208008e+00
3.710509647876449879e+00
3.710509968440209416e+00
3.710511591842390988e+00
3.710511494581105296e+00
3.710511220509956853e+00
3.710511623606219000e+00
3.710512418122926537e+00
3.710512481547179053e+00
3.710513184729794744e+00
3.710513887917432196e+00
3.710514169414027563e+00
3.710515132951652806e+00
3.710517085384746228e+00
3.710517010627456536e+00
3.710517668721477591e+00
3.710518565409919312e+00
3.710518950473861377e+00
3.710518503604416374e+00
3.710519418841730310e+00
3.710520046569186547e+00
3.710520415788219672e+00
3.710521350495203485e+00
3.710521419297567292e+00
3.710521347008622239e+00
3.710521635330588985e+00
3.710522131927496581e+00
3.710522527343644406e+00
3.710522181319618085e+00
3.710523260338922213e+00
3.710524127159138263e+00
3.710524280075603087e+00
3.710525271366747813e+00
3.710525920045540271e+00
3.710525447507205143e+00
3.710525588408012609e+00
3.710525930384147575e+00
3.710526360181367167e+00
3.710527336338705240e+00
3.710528138929961806e+00
3.710527761303203054e+00
3.710528226132386642e+00
3.710529102776992882e+00
3.710529649142937814e+00
3.710530004424120065e+00
3.710529837031254274e+00
3.710529689493167194e+00
3.710529996178449252e+00
3.710530485912660215e+00
3.710530338228063219e+00
3.710530808342747289e+00
3.710531756289450644e+00
3.710531548906581989e+00
3.710531443643396710e+00
3.710531613549682195e+00
3.710532559036732181e+00
3.710532828735331190e+00
3.710533679058928946e+00
3.710535584967906253e+00
3.710535565360851162e+00
3.710536678884840178e+00
3.710535763317248215e+00
3.710536122561052252e+00
3.710536026341051397e+00
3.710536364626304096e+00
3.710537865029184257e+00
3.710538161869078255e+00
3.710539649152335695e+00
3.710539387895475105e+00
3.710540302290853187e+00
3.710540669276401360e+00
3.710541908801139765e+00
3.710541990631522680e+00
3.710542305853866019e+00
3.710544780995789438e+00
3.710544334071424366e+00
3.710544843957324090e+00
3.710544587628629376e+00
3.710544222555183236e+00
3.710544409015617440e+00
3.710545706995371784e+00
3.710545791929851234e+00
3.710545572325882890e+00
3.710545953225986793e+00
3.710546090265091301e+00
3.710546046820714761e+00
3.710546519717549785e+00
3.710546728242179348e+00
3.710546664351555446e+00
3.710546960014541540e+00
3.710547273964170945e+00
3.710548286124268014e+00
3.710549569356177191e+00
3.710549664457993835e+00
3.710550986160593201e+00
3.710552097186712306e+00
3.710551487941365245e+00
3.710553110689313705e+00
3.710552631263746015e+00
3.710554055336855228e+00
3.710554739159677151e+00
3.710556261951190038e+00
3.710555959079196331e+00
3.710555956228025476e+00
3.710556212915866237e+00
3.710556889406779302e+00
3.710557551632286177e+00
3.710558546034115057e+00
3.710559127478266106e+00
3.710559060472605086e+00
3.710559790995255014e+00
3.710560377214858985e+00
3.710561651269105088e+00
3.710560921317896721e+00
3.710561070759418101e+00
3.710561951700364514e+00
3.710561783619220400e+00
3.710561749783801044e+00
3.710562599697720287e+00
3.710562747651145798e+00
3.710563078729803177e+00
3.710563258254213626e+00
3.710563932598578862e+00
3.710563602209855816e+00
3.710564112652444457e+00
3.710564317916695831e+00
3.710564528014512309e+00
3.710564771482757873e+00
3.710564888904944958e+00
3.710565484970799410e+00
3.710565533601050792e+00
3.710565934186857540e+00
3.710566281780742770e+00
3.710566570365541494e+00
3.710567048723651062e+00
3.710568492764468651e+00
3.710568705756478902e+00
3.710569036737435766e+00
3.710569750954571422e+00
3.710569805175581326e+00
3.710571014636396381e+00
3.710572272033973107e+00
3.710572462205306898e+00
3.710572328475810977e+00
3.710572093993001364e+00
3.710571857894626291e+00
3.710572420459922860e+00
3.710572783994298796e+00
3.710572868462128859e+00
3.710574362833455098e+00
3.710574050512279953e+00
3.710574346871077012e+00
3.710574187431943560e+00
3.710576327097392380e+00
3.710575380708843962e+00
3.710575849764286449e+00
3.710575989068530145e+00
3.710576223604523438e+00
3.710576167579497486e+00
3.710576488245357574e+00
3.710577645293855920e+00
3.710578917659162812e+00
3.710577906724961572e+00
3.710578586352476727e+00
3.710578245711102507e+00
3.710579740461042775e+00
3.710579482593191258e+00
3.710579802109091663e+00
3.710581134094021127e+00
3.710581021092125731e+00
3.710581949898444698e+00
3.710580611400760898e+00
3.710580273700527343e+00
3.710582242903911698e+00
3.710582070919506315e+00
3.710582645628911713e+00
3.710582456049743794e+00
3.710582598612996552e+00
3.710583343054837613e+00
3.710584551753733251e+00
3.710585069225562638e+00
3.710585889416654126e+00
3.710586132551883409e+00
3.710586344712061280e+00
3.710586624544591317e+00
3.710586726257228296e+00
3.710587133615311561e+00
3.710587039711451762e+00
3.710587841103992979e+00
3.710589318710289852e+00
3.710589159862692554e+00
3.710589056061699864e+00
3.710590296562134238e+00
3.710590808929014273e+00
3.710590902974454597e+00
3.710590721716664486e+00
3.710591216456387453e+00
3.710592012328310485e+00
3.710593381818496184e+00
3.710592863017015741e+00
3.710593148402028696e+00
3.710594091334803668e+00
3.710594298176820072e+00
3.710594806481022356e+00
3.710595402600690651e+00
3.710595285376584673e+00
3.710595428129531026e+00
3.710596013799700277e+00
3.710596452226804676e+00
3.710596617415513609e+00
3.710597009050819128e+00
3.710596862473350299e+00
3.710597271517072748e+00
3.710597606262828752e+00
3.710597797376795626e+00
3.710597905570614863e+00
3.710598339962351666e+00
3.710598726268819814e+00
3.710598797463305232e+00
3.710599300975649495e+00
3.710599754800353534e+00
3.710599797763185048e+00
3.710600025270541114e+00
3.710600036900138399e+00
3.710600412641700707e+00
3.710600297477975928e+00
3.710600824883224735e+00
3.710601277121319264e+00
3.710602038763355814e+00
3.710602292695124760e+00
3.710602560670504424e+00
3.710603758456838985e+00
3.710604370474952507e+00
3.710604169675576713e+00
3.710604130182658444e+00
3.710604935812344074e+00
3.710605828157166552e+00
3.710605308698788907e+00
3.710605282778007386e+00
3.710605929329614305e+00
3.710606571533520359e+00
3.710606377087729779e+00
3.710606799091828112e+00
3.710607286215256373e+00
3.710607649905946825e+00
3.710608109414246680e+00
3.710608333131160119e+00
3.710608300789106639e+00
3.710609664309764799e+00
3.710610117897058302e+00
3.710609969980131151e+00
3.710610499527408290e+00
3.710610444925089624e+00
3.710611372485042470e+00
3.710611951226583383e+00
3.710611744480071472e+00
3.710612342577666478e+00
3.710612765949345970e+00
3.710613296565082209e+00
3.710613361290541423e+00
3.710612972901245588e+00
3.710613353863926100e+00
3.710613772320090487e+00
3.710613682330347274e+00
3.710613947789825673e+00
3.710614301071366583e+00
3.710614494961407051e+00
3.710614817112714015e+00
3.710616285445447637e+00
3.710616038547613460e+00
3.710616893041584152e+00
3.710617173739204855e+00
3.710618031165661357e+00
3.710617621040676717e+00
3.710617121205310731e+00
3.710617024957473031e+00
3.710617331831040033e+00
3.710617256799445762e+00
3.710617681866223538e+00
3.710618795408600068e+00
3.710619284466488033e+00
3.710619904141289283e+00
3.710619903939067044e+00
3.710619448641686802e+00
3.710620690307600889e+00
3.710620157353181625e+00
3.710620159909021165e+00
3.710620451370022721e+00
3.710620415852364129e+00
3.710620566908735096e+00
3.710621383469323131e+00
3.710621337590552571e+00
3.710621320698788583e+00
3.710621982877919667e+00
3.710623228601857448e+00
3.710622876098405243e+00
3.710623321973825828e+00
3.710623510830591609e+00
3.710623471035146004e+00
3.710624000203853967e+00
3.710625131116601416e+00
3.710625198899202726e+00
3.710625987843561902e+00
3.710626850615088124e+00
3.710627145580146280e+00
3.710628158451769298e+00
3.710627675792426583e+00
3.710627684720606112e+00
3.710627827099236331e+00
3.710627966598784688e+00
3.710628213892668725e+00
3.710628512567453186e+00
3.710628860686317143e+00
3.710629060742878682e+00
3.710629204533089975e+00
3.710629679576326723e+00
3.710630296208533352e+00
3.710630226231256934e+00
3.710630274391667704e+00
3.710630441886641151e+00
3.710630614526508886e+00
3.710631049731973441e+00
3.710631024954419210e+00
3.710631393673773371e+00
3.710631897399162327e+00
3.710631802179494176e+00
3.710631761500692960e+00
3.710632768902025092e+00
3.710633176386461507e+00
3.710633988503152292e+00
3.710633802730302744e+00
3.710633811482699329e+00
3.710634881859488310e+00
3.710634142445533801e+00
3.710635020960852071e+00
3.710634588994563554e+00
3.710634712453782846e+00
3.710634732296689720e+00
3.710635334828481291e+00
3.710635751597087140e+00
3.710636769913538746e+00
3.710636571226643809e+00
3.710636709465033878e+00
3.710637061977503759e+00
3.710636820228219168e+00
3.710636969046459566e+00
3.710637577961752420e+00
3.710637940700912019e+00
3.710637876020108195e+00
3.710638046181847560e+00
3.710638467201935242e+00
3.710638520307504518e+00
3.710639378436170421e+00
3.710639142326030093e+00
3.710640388874180573e+00
3.710640180776310970e+00
3.710640200243034759e+00
3.710640159561075180e+00
3.710640403194329195e+00
3.710640649258885038e+00
3.710640928564400198e+00
3.710641321451817465e+00
3.710642321751313588e+00
3.710643642268383946e+00
3.710643936513768004e+00
3.710643824546991709e+00
3.710643926007289206e+00
3.710644377216204326e+00
3.710644123757246504e+00
3.710644119440913880e+00
3.710644268885051833e+00
3.710645551007917042e+00
3.710645935011177343e+00
3.710645876935084075e+00
3.710646059252001194e+00
3.710646982657187731e+00
3.710648428339042404e+00
3.710648132265866206e+00
3.710647876732795503e+00
3.710647814355514829e+00
3.710647846938583516e+00
3.710648599466535913e+00
3.710648367142765469e+00
3.710648640608247728e+00
3.710648699657042915e+00
3.710649423662632618e+00
3.710649322165552988e+00
3.710649574626444291e+00
3.710650128217098498e+00
3.710650523825401059e+00
3.710650354829275521e+00
3.710650708040863943e+00
3.710650897486494237e+00
3.710650959079896616e+00
3.710651423505100244e+00
3.710651548451997517e+00
3.710651600912637349e+00
3.710652115945344942e+00
3.710652140139985899e+00
3.710652601989034682e+00
3.710652816772459506e+00
3.710653183475897787e+00
3.710653426929765075e+00
3.710653255949457829e+00
3.710652961247264958e+00
3.710652851826841125e+00
3.710653408430233835e+00
3.710653702685402067e+00
3.710653985699208679e+00
3.710653770342876356e+00
3.710653949273361007e+00
3.710654072093997780e+00
3.710654841954427852e+00
3.710654564086287355e+00
3.710656060514684107e+00
3.710656108788891849e+00
3.710656367720323701e+00
3.710655925833836744e+00
3.710656235386975865e+00
3.710656305522090470e+00
3.710656470285133679e+00
3.710656807531826029e+00
3.710657822492568148e+00
3.710657699360377038e+00
3.710657753766795963e+00
3.710657822356198121e+00
3.710657690732850789e+00
3.710657810656651012e+00
3.710657849866136448e+00
3.710658172847147718e+00
3.710658856033157704e+00
3.710658779978784683e+00
3.710658850136585585e+00
3.710659277494910757e+00
3.710659482564850009e+00
3.710659444817054453e+00
3.710660072422694800e+00
3.710660202287565212e+00
3.710660083308030543e+00
3.710660750446802769e+00
3.710661252397010390e+00
3.710661557130983113e+00
3.710661500424756287e+00
3.710662347795223415e+00
3.710662262949011581e+00
3.710662417763343157e+00
3.710663101446010970e+00
3.710663240708908184e+00
3.710663212233853425e+00
3.710663845665151062e+00
3.710663810324878131e+00
3.710664018158645217e+00
3.710663799669655205e+00
3.710664534914168033e+00
3.710664754571835200e+00
3.710664569278224967e+00
3.710664941970678310e+00
3.710665113017518113e+00
3.710665280941131350e+00
3.710665252871321762e+00
3.710665378480979992e+00
3.710666132667660655e+00
3.710666291157566743e+00
3.710666085067366726e+00
3.710666141040575017e+00
3.710666336859009817e+00
3.710666751208993031e+00
3.710667008338251804e+00
3.710666962529157953e+00
3.710667161259381785e+00
3.710667184693304588e+00
3.710668018261639389e+00
3.710668084604682004e+00
3.710668798164143301e+00
3.710668397938443608e+00
3.710668331564104250e+00
3.710668252110884691e+00
3.710669015294613349e+00
3.710669543705774398e+00
3.710670051472374720e+00
3.710670146310393491e+00
3.710669925906580069e+00
3.710670277674290585e+00
3.710670863381241524e+00
3.710671332871001482e+00
3.710671160149679793e+00
3.710671851840240176e+00
3.710672289786148603e+00
3.710673899561720557e+00
3.710673303870169359e+00
3.710673408924920480e+00
3.710673215699120675e+00
3.710672906080416666e+00
3.710672866418313287e+00
3.710673944510565647e+00
3.710675057511166219e+00
3.710675389942858171e+00
3.710675256992072679e+00
3.710674700783206159e+00
3.710675057731961157e+00
3.710675239981664930e+00
3.710675866452982419e+00
3.710675779648432648e+00
3.710676076545303292e+00
3.710676664782313949e+00
3.710676989440733209e+00
3.710677284570314427e+00
3.710677138700404498e+00
3.710677353629199260e+00
3.710677609139439337e+00
3.710677558609503102e+00
3.710678309176486334e+00
3.710678232185929293e+00
3.710678003129542102e+00
3.710678413803625286e+00
3.710678956826690911e+00
3.710679411500934055e+00
3.710679145836035087e+00
3.710679592218045553e+00
3.710679538025253965e+00
3.710680104198908147e+00
3.710680651645906991e+00
3.710680580088125957e+00
3.710681037778077673e+00
3.710681194653018711e+00
3.710680996374974949e+00
3.710680999455687967e+00
3.710681105997416740e+00
3.710681779817901926e+00
3.710681691727578002e+00
3.710681703576696577e+00
3.710682034193695245e+00
3.710682178469003389e+00
3.710682561057361273e+00
3.710683113432606817e+00
3.710683270587143756e+00
3.710683226091317177e+00
3.710683753197888013e+00
3.710683891351354458e+00
3.710684828280927938e+00
3.710685002061266502e+00
3.710685206087806609e+00
3.710684805424289578e+00
3.710684657559623734e+00
3.710685017174702782e+00
3.710685183216971605e+00
3.710685132319829549e+00
3.710685426528143704e+00
3.710685786333059788e+00
3.710685610199549789e+00
3.710685769684823221e+00
3.710686291994193642e+00
3.710686295361298903e+00
3.710686367946821385e+00
3.710687114762142080e+00
3.710686888994584542e+00
3.710686924629392980e+00
3.710687539280035807e+00
3.710687385932246674e+00
3.710687531866014854e+00
3.710687545343404725e+00
3.710687937367062261e+00
3.710688226410362223e+00
3.710688449813324130e+00
3.710688610248099817e+00
3.710688660473695499e+00
3.710688975951641044e+00
3.710688815510775562e+00
3.710689164137731755e+00
3.710689182241909023e+00
3.710689171300681100e+00
3.710689187994944849e+00
3.710689636490534848e+00
3.710690371763346374e+00
3.710690382780115648e+00
3.710691033339294176e+00
3.710691741168606228e+00
3.710691164479112292e+00
3.710691153280576859e+00
3.710691501617300325e+00
3.710691945205096154e+00
3.710692520177322873e+00
3.710693149038311045e+00
3.710693680543316830e+00
3.710693695627958810e+00
3.710694092012928103e+00
3.710693977380635555e+00
3.710693729517184014e+00
3.710694573502912874e+00
3.710694386086029972e+00
3.710694617996918243e+00
3.710694498286307041e+00
3.710694222957053867e+00
3.710694636741106223e+00
3.710695054115101588e+00
3.710695322955215758e+00
3.710695479639241068e+00
3.710695555249084787e+00
3.710695412087937850e+00
3.710695749374100849e+00
3.710695686481856992e+00
3.710696099071083331e+00
3.710696150668355564e+00
3.710696061760482944e+00
3.710696244544611222e+00
3.710696404201659249e+00
3.710696275747777051e+00
3.710696421250023747e+00
3.710697052651520167e+00
3.710697861042112411e+00
3.710698420636338479e+00
3.710699440906138680e+00
3.710699832894611916e+00
3.710700185030358700e+00
3.710700387114518328e+00
3.710700223071702553e+00
3.710700244797796366e+00
3.710700688362119415e+00
3.710700759829633544e+00
3.710699994064521334e+00
3.710700050400214778e+00
3.710700148549098021e+00
3.710700083035106900e+00
3.710700232165891954e+00
3.710700195958255510e+00
3.710700211562585782e+00
3.710700570715338653e+00
3.710700688672817105e+00
3.710701009746465662e+00
3.710700658671945984e+00
3.710700950327393333e+00
3.710700963386817985e+00
3.710701704700859693e+00
3.710701585316072748e+00
3.710701646315065716e+00
3.710701912024592541e+00
3.710701807585906398e+00
3.710701989901526776e+00
3.710701949243513820e+00
3.710702465837361519e+00
3.710703167702110505e+00
3.710702947614670233e+00
3.710703602459029415e+00
3.710703084171170563e+00
3.710703190602165247e+00
3.710703466108166815e+00
3.710703902352382677e+00
3.710704452602069381e+00
3.710704077557649416e+00
3.710704329795117218e+00
3.710704238425183377e+00
3.710704191497832927e+00
3.710704330759829528e+00
3.710704234958005721e+00
3.710704568659216385e+00
3.710704644253317142e+00
3.710704669781074383e+00
3.710704703530142812e+00
3.710704812176957024e+00
3.710705246668356327e+00
3.710705577439781244e+00
3.710706054749869143e+00
3.710705352673600910e+00
3.710705465694278615e+00
3.710705375507134640e+00
3.710705596953547403e+00
3.710705716352765027e+00
3.710705996163865983e+00
3.710706500447644274e+00
3.710706414612474191e+00
3.710706896654258014e+00
3.710707001126384519e+00
3.710706862399996808e+00
3.710707619085660269e+00
3.710707471589834938e+00
3.710707685517182330e+00
3.710708087785570708e+00
3.710708031888049430e+00
3.710708287645929193e+00
3.710708990072282720e+00
3.710708763240575525e+00
3.710708656927173887e+00
3.710709050534982456e+00
3.710709129619991220e+00
3.710709376224192724e+00
3.710709706436309485e+00
3.710709715127837427e+00
3.710709783844623022e+00
3.710710198239044022e+00
3.710710083313753405e+00
3.710710242594885688e+00
3.710710402533895280e+00
3.710710850169939068e+00
3.710710841179941433e+00
3.710710834486857568e+00
3.710710930014112119e+00
3.710710847733472040e+00
3.710711396567286879e+00
3.710711279033657828e+00
3.710711317513438967e+00
3.710711427001204932e+00
3.710711950711566232e+00
3.710711843748741856e+00
3.710712533948135494e+00
3.710712454214785350e+00
3.710712421357895252e+00
3.710712590528050026e+00
3.710712362744427395e+00
3.710712509992144970e+00
3.710712606099110022e+00
3.710713082406455143e+00
3.710713226286807220e+00
3.710713918920083731e+00
3.710713785008216803e+00
3.710714809615637932e+00
3.710714577549857562e+00
3.710714472962420629e+00
3.710714567790057039e+00
3.710714476622469338e+00
3.710714998478588544e+00
3.710715255428264747e+00
3.710715762776217730e+00
3.710715769581355072e+00
3.710715706234382960e+00
3.710716194169421112e+00
3.710716107285840781e+00
3.710716207238531350e+00
3.710716359998935232e+00
3.710716485264641040e+00
3.710716456494535631e+00
3.710716285466713504e+00
3.710716553410275953e+00
3.710716525468096272e+00
3.710716716448926089e+00
3.710717152201794100e+00
3.710717318142260357e+00
3.710717543640599470e+00
3.710717988670782841e+00
3.710717968040707859e+00
3.710718293543768809e+00
3.710718349658354231e+00
3.710718311240822853e+00
3.710718286674469457e+00
3.710718133435563004e+00
3.710718056246340879e+00
3.710717904569936110e+00
3.710718490747386245e+00
3.710718530502207901e+00
3.710718535577044452e+00
3.710718776239688044e+00
3.710718796252587381e+00
3.710718887794949961e+00
3.710718815083860367e+00
3.710719114069301661e+00
3.710718875642917247e+00
3.710719060816455972e+00
3.710719390473133483e+00
3.710719648197899900e+00
3.710720078873234407e+00
3.710720252069305225e+00
3.710720146232787453e+00
3.710720503302125106e+00
3.710720621563233124e+00
3.710720783593949967e+00
3.710720820944283904e+00
3.710721049205170985e+00
3.710721363937361073e+00
3.710721713097793639e+00
3.710721617372511272e+00
3.710721572398561818e+00
3.710722284607234744e+00
3.710721920426303999e+00
3.710722103665144100e+00
3.710722348858136233e+00
3.710722992367843087e+00
3.710723019717550919e+00
3.710723243034751206e+00
3.710722850047027066e+00
3.710723418099176385e+00
3.710723459398446611e+00
3.710723736528309225e+00
3.710723612596129151e+00
3.710723620642561560e+00
3.710723835562239170e+00
3.710724013693599499e+00
3.710724719363864832e+00
3.710724873151845404e+00
3.710724794719473696e+00
3.710725043612560281e+00
3.710725181295772224e+00
3.710725226143894773e+00
3.710725399210069497e+00
3.710725916313552641e+00
3.710726634787074207e+00
3.710726293783864982e+00
3.710726242912186557e+00
3.710726965411184075e+00
3.710726904123649472e+00
3.710726683442892249e+00
3.710727136536191573e+00
3.710727221286921118e+00
3.710727917570662449e+00
3.710727932352457792e+00
3.710727704236212787e+00
3.710727681248371823e+00
3.710727845356688537e+00
3.710728155630790503e+00
3.710728254790994107e+00
3.710728163128558243e+00
3.710728926374829761e+00
3.710729049002132740e+00
3.710729032915801362e+00
3.710729118912901914e+00
3.710729184499562905e+00
3.710729609971858967e+00
3.710729333615196968e+00
3.710729504273900137e+00
3.710729630385923183e+00
3.710730093925808326e+00
3.710730568168930432e+00
3.710730435931994808e+00
3.710730393710884201e+00
3.710730205558889327e+00
3.710730362858186471e+00
3.710730732443955127e+00
3.710730813169953901e+00
3.710730958131514434e+00
3.710731331809324907e+00
3.710731207146045207e+00
3.710731308255917682e+00
3.710731194063863203e+00
3.710731197843387896e+00
3.710732249512570302e+00
3.710732179991437008e+00
3.710732305719274482e+00
3.710732599832178735e+00
3.710732989153936234e+00
3.710733619558518104e+00
3.710733553928298178e+00
3.710733737320569325e+00
3.710733354717595134e+00
3.710733782484260335e+00
3.710733696874573884e+00
3.710734157485635176e+00
3.710734090412946440e+00
3.710733932590892348e+00
3.710734243968262014e+00
3.710734319286314253e+00
3.710734260498047554e+00
3.710734714071858065e+00
3.710734717514255987e+00
3.710735210994900779e+00
3.710735516348000917e+00
3.710736230807169633e+00
3.710735982242310715e+00
3.710736378363687304e+00
3.710736666413058327e+00
3.710736715999264135e+00
3.710736912813576538e+00
3.710737815166993858e+00
3.710737879836819353e+00
3.710738179544681437e+00
3.710737913879782912e+00
3.710737803023939296e+00
3.710738229653929299e+00
3.710738590868396081e+00
3.710738392649509443e+00
3.710739118485820498e+00
3.710739183040158373e+00
3.710739120868172591e+00
3.710739814844168816e+00
3.710740574738176534e+00
3.710740617514660222e+00
3.710740335759244335e+00
3.710740615172836598e+00
3.710740482312255395e+00
3.710741016869770093e+00
3.710741050687000886e+00
3.710741607771008699e+00
3.710741856809074424e+00
3.710741866935851618e+00
3.710742186767212125e+00
3.710742396025273671e+00
3.710742809116950536e+00
3.710742679728066928e+00
3.710742884476769810e+00
3.710743116477273951e+00
3.710743306543616171e+00
3.710743366622270223e+00
3.710743787958520112e+00
3.710743571342355551e+00
3.710743484252708058e+00
3.710743913640042191e+00
3.710744056113617795e+00
3.710744425254836276e+00
3.710744554173313503e+00
3.710745324405351653e+00
3.710745341633834293e+00
3.710745665500568169e+00
3.710746091107979261e+00
3.710745991772762764e+00
3.710745842695643226e+00
3.710746020050062377e+00
3.710746330674825177e+00
3.710746882432446991e+00
3.710747150063695265e+00
3.710747198754365428e+00
3.710747247567042884e+00
3.710748224771775572e+00
3.710748461688120337e+00
3.710748452918393170e+00
3.710748582058247980e+00
3.710748695393399910e+00
3.710748938341259962e+00
3.710749642552880090e+00
3.710750143150963076e+00
3.710749841730571763e+00
3.710750108539630165e+00
3.710750310842494848e+00
3.710750298593620933e+00
3.710750337223511774e+00
3.710751131613928777e+00
3.710751442817975310e+00
3.710751454701493035e+00
3.710751784025340783e+00
3.710752060665228669e+00
3.710752042725035338e+00
3.710752460088217131e+00
3.710752700447164987e+00
3.710752682163863003e+00
3.710752996048757524e+00
3.710752982737872241e+00
3.710752907270166823e+00
3.710753065135595552e+00
3.710753008224330518e+00
3.710753073087030618e+00
3.710753229508495732e+00
3.710753226380314906e+00
3.710753666456948263e+00
3.710753526159994209e+00
3.710753356875280407e+00
3.710753423110315641e+00
3.710753460617448596e+00
3.710753558024786791e+00
3.710753846898908304e+00
3.710753831643571310e+00
3.710753924413950688e+00
3.710754178811069171e+00
3.710755097201966723e+00
3.710754889620762054e+00
3.710754799551343019e+00
3.710754813441483169e+00
3.710754948681255883e+00
3.710755191564234945e+00
3.710755119229204091e+00
3.710756028359942338e+00
3.710755724888603169e+00
3.710755776324817568e+00
3.710756697722045416e+00
3.710756458072221431e+00
3.710756750701559525e+00
3.710757199356938152e+00
3.710757222083841178e+00
3.710757216337849496e+00
3.710757869981631707e+00
3.710757629912524003e+00
3.710757782869270383e+00
3.710757800263478678e+00
3.710757815233155288e+00
3.710757968874207613e+00
3.710757933948903631e+00
3.710758252998884732e+00
3.710758530771105068e+00
3.710758505934447449e+00
3.710758677624443003e+00
3.710759044918885419e+00
3.710759220326369956e+00
3.710759148909414940e+00
3.710759578793455304e+00
3.710760062749801413e+00
3.710761118167964945e+00
3.710760995652214067e+00
3.710760803868276891e+00
3.710761172888649373e+00
3.710761324466894440e+00
3.710762216897512289e+00
3.710762821819932888e+00
3.710762728536105115e+00
3.710762798754339897e+00
3.710762708392750575e+00
3.710762576881647679e+00
3.710762681408107166e+00
3.710762660899835641e+00
3.710762740963231998e+00
3.710763177261510393e+00
3.710763280056813329e+00
3.710763380172365178e+00
3.710763534109857265e+00
3.710763731837467105e+00
3.710764021713152339e+00
3.710764148611059632e+00
3.710764208124713637e+00
3.710764601499300763e+00
3.710764603885948976e+00
3.710764825883832163e+00
3.710765336798737657e+00
3.710765286532455409e+00
3.710766003050926187e+00
3.710765863447490709e+00
3.710765927919347007e+00
3.710766304702143081e+00
3.710765956701163937e+00
3.710766238702898345e+00
3.710766822532897802e+00
3.710766781703573436e+00
3.710767037938829116e+00
3.710766761445145612e+00
3.710766809669535427e+00
3.710767031763146928e+00
3.710767307458140429e+00
3.710767421125984011e+00
3.710767601995925702e+00
3.710768030942658502e+00
3.710768233748121148e+00
3.710768519617413386e+00
3.710768908485918782e+00
3.710768687667761689e+00
3.710768702853569856e+00
3.710769014347197192e+00
3.710768909013352435e+00
3.710769094269129820e+00
3.710768909435580909e+00
3.710768972909006980e+00
3.710769211572318760e+00
3.710769147458260697e+00
3.710769502256978214e+00
3.710770066431001268e+00
3.710770142683538442e+00
3.710770443797006823e+00
3.710770687315250171e+00
3.710770813517685784e+00
3.710770690335406741e+00
3.710770910471840267e+00
3.710771064483789683e+00
3.710771152914689175e+00
3.710771043889666387e+00
3.710771171388269174e+00
3.710771513356284856e+00
3.710771502541199585e+00
3.710771520379351429e+00
3.710771591574785866e+00
3.710771546880946570e+00
3.710771966868750660e+00
3.710772094779231089e+00
3.710772238861694383e+00
3.710772546762243884e+00
3.710772940402172093e+00
3.710773315113569559e+00
3.710773238917167927e+00
3.710773455211615612e+00
3.710773585615701808e+00
3.710773519383486541e+00
3.710773698075970461e+00
3.710773601007576694e+00
3.710774042657329019e+00
3.710774631000271384e+00
3.710774704727640483e+00
3.710774674874184775e+00
3.710774667906438840e+00
3.710775030182824175e+00
3.710774979015952102e+00
3.710775051994857243e+00
3.710774992550877727e+00
3.710775204194490584e+00
3.710775713882861204e+00
3.710775710129215366e+00
3.710775857436733993e+00
3.710776021155842042e+00
3.710776086360691561e+00
3.710776449223417206e+00
3.710776584798757494e+00
3.710776603930944439e+00
3.710776656247783301e+00
3.710776785664815947e+00
3.710776935436447044e+00
3.710776830214822741e+00
3.710777279274537488e+00
3.710777756728507182e+00
3.710777480316232779e+00
3.710777388093291496e+00
3.710777668692527342e+00
3.710777701372657944e+00
3.710778134282120888e+00
3.710777878308912925e+00
3.710778482238666687e+00
3.710778519742165216e+00
3.710778542099526511e+00
3.710778526499013630e+00
3.710778920083542598e+00
3.710778903821625008e+00
3.710779062182202548e+00
3.710779386608543007e+00
3.710779750121155907e+00
3.710779860661137963e+00
3.710780317648483262e+00
3.710780454912269377e+00
3.710780421051602218e+00
3.710780269285423483e+00
3.710780684044988842e+00
3.710780595610614796e+00
3.710780671585385715e+00
3.710780654012256985e+00
3.710780931087721335e+00
3.710781147015463244e+00
3.710781529921457267e+00
3.710781659681773093e+00
3.710781792029438808e+00
3.710782074114493678e+00
3.710782087810605478e+00
3.710782034207956936e+00
3.710782147112066998e+00
3.710782567197285164e+00
3.710782288809449714e+00
3.710782617791543725e+00
3.710782803851803813e+00
3.710782703920621373e+00
3.710782944278758322e+00
3.710783110965990783e+00
3.710783434408003512e+00
3.710783680015354857e+00
3.710783596119697769e+00
3.710783408901454195e+00
3.710783716858351511e+00
3.710783926444574998e+00
3.710783799317888931e+00
3.710783932821733799e+00
3.710784068999560592e+00
3.710784102590849898e+00
3.710784697781133623e+00
3.710785095083884766e+00
3.710785252015409874e+00
3.710785136580004195e+00
3.710785060741912389e+00
3.710785222269773254e+00
3.710785474242632720e+00
3.710785638768616668e+00
3.710785509915367708e+00
3.710785434637600577e+00
3.710785323905297695e+00
3.710785336998379869e+00
3.710785485572835718e+00
3.710785638071687043e+00
3.710785972214647455e+00
3.710786136071131835e+00
3.710786386816852911e+00
3.710786109558839918e+00
3.710786365464572967e+00
3.710786604903820063e+00
3.710786429716439017e+00
3.710787221684312076e+00
3.710787200354981774e+00
3.710787175793094583e+00
3.710787452171984135e+00
3.710787546042850771e+00
3.710787303508592316e+00
3.710787458553336471e+00
3.710787748684255760e+00
3.710787820423184780e+00
3.710787722871446093e+00
3.710787867611692992e+00
3.710788007706192548e+00
3.710788870809996975e+00
3.710788698180335299e+00
3.710788701623078278e+00
3.710789176175819382e+00
3.710788712401146938e+00
3.710789022086606881e+00
3.710788979593438341e+00
3.710789111765189663e+00
3.710789392085390492e+00
3.710789301111360849e+00
3.710789392257063390e+00
3.710789816643361050e+00
3.710790012119149939e+00
3.710790086061999560e+00
3.710790336333866790e+00
3.710790417696106847e+00
3.710790422519703480e+00
3.710790484158949631e+00
3.710790832234283965e+00
3.710790705224110031e+00
3.710790704302920684e+00
3.710790872251438000e+00
3.710790915538511481e+00
3.710790745649594768e+00
3.710791357144676894e+00
3.710791370108760923e+00
3.710791566258939245e+00
3.710791692975894840e+00
3.710791728468271433e+00
3.710791657142038513e+00
3.710791788629453247e+00
3.710792016644586688e+00
3.710792423047206245e+00
3.710792392500876780e+00
3.710792740761811093e+00
3.710792896712941769e+00
3.710793385015725754e+00
3.710793450034381546e+00
3.710793335907352386e+00
3.710793595871448858e+00
3.710793607563245722e+00
3.710793503545045890e+00
3.710793706182351936e+00
3.710793659229678187e+00
3.710793889388624311e+00
3.710794169633923278e+00
3.710794066176057004e+00
3.710794116540400811e+00
3.710794050172700587e+00
3.710794463593585224e+00
3.710794340819942416e+00
3.710794443023019973e+00
3.710794479449903704e+00
3.710795041118127635e+00
3.710794999574165587e+00
3.710795200975449237e+00
3.710794991551650934e+00
3.710795334046772087e+00
3.710795402910284757e+00
3.710795520821455362e+00
3.710795615476437881e+00
3.710795775324059687e+00
3.710796058100197747e+00
3.710796180565365976e+00
3.710796452422129299e+00
3.710796515405314189e+00
3.710796364964626726e+00
3.710796328445128633e+00
3.710796328819316869e+00
3.710796305705677423e+00
3.710796483950696167e+00
3.710796764696530747e+00
3.710797114671191110e+00
3.710797119895053342e+00
3.710796895992180655e+00
3.710797488255681120e+00
3.710797472169972799e+00
3.710797657340997535e+00
3.710797754256403458e+00
3.710797647481503425e+00
3.710797738480256402e+00
3.710797657754510315e+00
3.710797845249933502e+00
3.710798344304007124e+00
3.710798799463661091e+00
3.710798947681897886e+00
3.710798739664262769e+00
3.710798767467540227e+00
3.710798630553111987e+00
3.710799259490216162e+00
3.710799009354707856e+00
3.710799305327651343e+00
3.710799371846238870e+00
3.710799400344541255e+00
3.710799587362135554e+00
3.710799472463966797e+00
3.710799505146189503e+00
3.710799373591381567e+00
3.710799441785365804e+00
3.710799577866364718e+00
3.710799712990663579e+00
3.710799798716190701e+00
3.710800050807098405e+00
3.710800299496862742e+00
3.710800126122991482e+00
3.710800456551095028e+00
3.710800715945207884e+00
3.710800639649379118e+00
3.710800636601549574e+00
3.710801040816601670e+00
3.710801300275710979e+00
3.710801091369327676e+00
3.710801221507579406e+00
3.710801383226374650e+00
3.710801474254879384e+00
3.710801442798647098e+00
3.710801926588355837e+00
3.710801943594800534e+00
3.710802182553171402e+00
3.710802027242346313e+00
3.710802072850674538e+00
3.710802316607851647e+00
3.710802267195712378e+00
3.710802299436377627e+00
3.710802548241419530e+00
3.710803080202651039e+00
3.710803115510857175e+00
3.710803251763583610e+00
3.710803191203349893e+00
3.710803423245046861e+00
3.710803430541941950e+00
3.710803259206506777e+00
3.710803603842270704e+00
3.710803581087533498e+00
3.710803583562655383e+00
3.710803694784763351e+00
3.710803852696313410e+00
3.710804217901122470e+00
3.710804285203504804e+00
3.710804346054678682e+00
3.710804285514360590e+00
3.710804417747273654e+00
3.710804772073980295e+00
3.710804907652347495e+00
3.710804737926233443e+00
3.710804868639162368e+00
3.710805540137874114e+00
3.710805588864659388e+00
3.710805791283126265e+00
3.710805871658059640e+00
3.710806069944080132e+00
3.710805732111651434e+00
3.710806000601602594e+00
3.710806343667920171e+00
3.710806260174147830e+00
3.710806438223220205e+00
3.710806424962077799e+00
3.710806547448557868e+00
3.710806769124876059e+00
3.710806818927046447e+00
3.710806864096965807e+00
3.710806695881616157e+00
3.710806949624349205e+00
3.710806991647579878e+00
3.710806977102068416e+00
3.710806884108508896e+00
3.710806972784066016e+00
3.710806869778106254e+00
3.710807037777014816e+00
3.710807302916821815e+00
3.710807329864420190e+00
3.710807377577633570e+00
3.710807992341363715e+00
3.710808233623934527e+00
3.710808406531258541e+00
3.710808280997367703e+00
3.710808267060202503e+00
3.710808626004428845e+00
3.710808349682944929e+00
3.710808864142043362e+00
3.710808756822529197e+00
3.710809279542274464e+00
3.710809233367155180e+00
3.710809375231322704e+00
3.710809594976375969e+00
3.710809170699117754e+00
3.710809205516894416e+00
3.710809520943772366e+00
3.710809747475168230e+00
3.710809782471813367e+00
3.710809407771151758e+00
3.710809578672068731e+00
3.710809572099825093e+00
3.710809787231458046e+00
3.710809853157368554e+00
3.710809854723368773e+00
3.710810033177851519e+00
3.710810198226526690e+00
3.710810305243368301e+00
3.710810380480712212e+00
3.710810507040160466e+00
3.710810686240876510e+00
3.710810538659430780e+00
3.710810616934370643e+00
3.710810760893126670e+00
3.710810891527511757e+00
3.710810768469612775e+00
3.710811164035887622e+00
3.710811252893974732e+00
3.710811388375943487e+00
3.710811294214074962e+00
3.710811549693893596e+00
3.710811923457993267e+00
3.710811748659438525e+00
3.710812062549583956e+00
3.710812414223725764e+00
3.710812452055793464e+00
3.710812152805152309e+00
3.710812395416428711e+00
3.710812465372233415e+00
3.710812753075500847e+00
3.710812643828314439e+00
3.710812980220244750e+00
3.710812891062645669e+00
3.710813241715673172e+00
3.710813338421550256e+00
3.710813424797455351e+00
3.710813333404777481e+00
3.710813475122932470e+00
3.710813681628406080e+00
3.710813963555381623e+00
3.710814200010514874e+00
3.710814259763560052e+00
3.710814463082016346e+00
3.710814321385160763e+00
3.710814248229342915e+00
3.710814321791520154e+00
3.710814895103256461e+00
3.710814912465725257e+00
3.710815201781486383e+00
3.710815304727526076e+00
3.710815278935224892e+00
3.710815466203158053e+00
3.710815907682305070e+00
3.710815708801988855e+00
3.710815820195970005e+00
3.710816028208721029e+00
3.710816129273351915e+00
3.710816333608920381e+00
3.710816598466418981e+00
3.710816495524602576e+00
3.710816602856205737e+00
3.710816664669467801e+00
3.710817075440164814e+00
3.710817482829821934e+00
3.710817536356235902e+00
3.710817587096141512e+00
3.710817913537216572e+00
3.710817946597279704e+00
3.710818010864601835e+00
3.710818211689124624e+00
3.710818422639108771e+00
3.710818580005458056e+00
3.710818481631841248e+00
3.710818746514469080e+00
3.710818732788491836e+00
3.710819023017597917e+00
3.710819279329427012e+00
3.710819250286728099e+00
3.710819473652310574e+00
3.710819504495021182e+00
3.710819729885187712e+00
3.710819695538497331e+00
3.710819679308289487e+00
3.710819463756386050e+00
3.710819934866139924e+00
3.710819837803881249e+00
3.710820247499045710e+00
3.710820489350402873e+00
3.710820495976673961e+00
3.710820481546996508e+00
3.710820717814267145e+00
3.710820712387526754e+00
3.710820804831161723e+00
3.710820781160879545e+00
3.710820923422883943e+00
3.710821049770559377e+00
3.710821256561804393e+00
3.710821514120607567e+00
3.710821454191786994e+00
3.710821418031512220e+00
3.710821483783604435e+00
3.710821541668125612e+00
3.710821818146758932e+00
3.710822077299126054e+00
3.710822268421678061e+00
3.710822575241470744e+00
3.710822918570068740e+00
3.710822823946041904e+00
3.710822795859327616e+00
3.710822917222876605e+00
3.710822904866792893e+00
3.710822993439113926e+00
3.710822900341162800e+00
3.710822891548805735e+00
3.710823099805028669e+00
3.710823004926174118e+00
3.710823198600897932e+00
3.710823581081844846e+00
3.710823612347183165e+00
3.710823794626981087e+00
3.710823971765562224e+00
3.710824082319101436e+00
3.710824062145384072e+00
3.710823955220065695e+00
3.710824197966795968e+00
3.710824537649200394e+00
3.710824476934384997e+00
3.710824807305916906e+00
3.710824924647482703e+00
3.710824948378321775e+00
3.710825166578268330e+00
3.710825451180169932e+00
3.710825989811824765e+00
3.710826295249627815e+00
3.710826632930907643e+00
3.710826740205618535e+00
3.710826824285242687e+00
3.710826871102991475e+00
3.710827303121728260e+00
3.710827099873698742e+00
3.710827008047893116e+00
3.710827157203440585e+00
3.710827199803210075e+00
3.710827696548254284e+00
3.710827452525738313e+00
3.710827882573523695e+00
3.710827783793074541e+00
3.710827931278938507e+00
3.710827871978849668e+00
3.710828535828726071e+00
3.710828349506262835e+00
3.710828316947026195e+00
3.710828689196152386e+00
3.710828881314351957e+00
3.710828897303074303e+00
3.710829217181686790e+00
3.710829130262828013e+00
3.710829211896559343e+00
3.710829543607918168e+00
3.710829529259493498e+00
3.710829853798901734e+00
3.710829934297196875e+00
3.710830089976238977e+00
3.710830302105405210e+00
3.710830405699898193e+00
3.710830307472837042e+00
3.710830342386163050e+00
3.710830351100536717e+00
3.710830572678279982e+00
3.710830708277271572e+00
3.710830613742153172e+00
3.710830866822524943e+00
3.710830817346727706e+00
3.710830780742157664e+00
3.710830853034774890e+00
3.710831018771015177e+00
3.710830932683436334e+00
3.710831014489322843e+00
3.710831169835521859e+00
3.710831458909638059e+00
3.710831577759659439e+00
3.710831521857864690e+00
3.710831406963577717e+00
3.710831407920392788e+00
3.710831487393940087e+00
3.710831657414907614e+00
3.710831805283433926e+00
3.710831825511383020e+00
3.710831868689191460e+00
3.710832064156116328e+00
3.710832231697893668e+00
3.710832271900932788e+00
3.710832355893012302e+00
3.710832290558576219e+00
3.710832500443139725e+00
3.710832642784819946e+00
3.710832741254067813e+00
3.710833220387627751e+00
3.710833566890761492e+00
3.710834092333776812e+00
3.710834131996409102e+00
3.710833714140539197e+00
3.710834111244181610e+00
3.710834073109757103e+00
3.710834279824116511e+00
3.710834224170135531e+00
3.710834160159014683e+00
3.710834438883493291e+00
3.710834470120187412e+00
3.710834727150239765e+00
3.710834949792292115e+00
3.710834948613106921e+00
3.710835145127419743e+00
3.710835108440407204e+00
3.710834954226467808e+00
3.710835350619152706e+00
3.710835436132628118e+00
3.710835382290130546e+00
3.710835733296952821e+00
3.710835569540634093e+00
3.710835806879541732e+00
3.710835656064203292e+00
3.710835505852961180e+00
3.710835739233634190e+00
3.710835959913011184e+00
3.710836052251023531e+00
3.710836201570656190e+00
3.710836385504223678e+00
3.710836363240584301e+00
3.710836392213673118e+00
3.710836839152196642e+00
3.710837007509785401e+00
3.710837042304908184e+00
3.710836975036845953e+00
