3.573574817300681161e+00
3.573961957041809079e+00
3.574561782098796048e+00
3.575291300735822908e+00
3.576056431517399048e+00
3.576753961517720626e+00
3.577325879394447128e+00
3.577767458339744078e+00
3.578090854766346141e+00
3.578335439748832503e+00
3.578532103456643299e+00
3.578702989762363451e+00
3.578863059969285221e+00
3.579021960023848870e+00
3.579185625959656836e+00
3.579357492949349240e+00
3.579539354075922386e+00
3.579731955006877797e+00
3.579935399137882612e+00
3.580150000233782492e+00
3.580374006343931104e+00
3.580607239634536754e+00
3.580849294709508968e+00
3.581099693767886727e+00
3.581357952865185545e+00
3.581623609804834629e+00
3.581896233864061863e+00
3.582175427103055920e+00
3.582460821786564331e+00
3.582752076283763909e+00
3.583048870645849870e+00
3.583350902527937532e+00
3.583657883428838176e+00
3.583969535667792083e+00
3.584395754637109022e+00
3.584683596895930968e+00
3.584987483153101007e+00
3.585326003773698922e+00
3.585614643305529814e+00
3.585947192077024503e+00
3.586225976461955067e+00
3.586540793811853423e+00
3.586817195495496602e+00
3.587110972203154002e+00
3.587443108201144426e+00
3.587681172281261155e+00
3.587963349767114174e+00
3.588278542542683525e+00
3.588610414585172492e+00
3.588785461980434022e+00
3.589051544928423265e+00
3.589279418802436172e+00
3.589623137771572381e+00
3.589934279580984100e+00
3.590276647393358278e+00
3.590630059952548692e+00
3.590978204729859069e+00
3.591337506819929359e+00
3.591706453238153962e+00
3.592083777288781032e+00
3.592468410391735478e+00
3.592859606690228080e+00
3.593256912393179459e+00
3.593660098149899618e+00
3.594069083341835835e+00
3.594483868383083980e+00
3.594904492842090793e+00
3.595313920941144215e+00
3.595731832705138409e+00
3.596158450782290572e+00
3.596593516795770995e+00
3.597108291242798739e+00
3.597539105701704099e+00
3.597980417329250447e+00
3.598431962143088025e+00
3.598893179995068969e+00
3.599363473876746156e+00
3.599842287527693419e+00
3.600358392461734613e+00
3.600877513789952911e+00
3.601400087955866969e+00
3.601900434854492072e+00
3.602408143783213834e+00
3.602923211169319018e+00
3.603298211057009759e+00
3.603670588704191768e+00
3.603463159213500688e+00
3.603728625869090152e+00
3.604057277184907093e+00
3.604171258906063269e+00
3.604433323545243706e+00
3.604610005713439591e+00
3.604856309342560294e+00
3.605117688543479915e+00
3.605337770081534110e+00
3.605620926083948685e+00
3.606114554203933231e+00
3.606086391081129161e+00
3.606457490722195569e+00
3.606561391758272617e+00
3.606706683584619100e+00
3.607054415583548224e+00
3.607447460288830232e+00
3.608020947897383035e+00
3.607967565426275058e+00
3.608208894307905368e+00
3.608508129710034318e+00
3.608729943522148709e+00
3.609113988028648468e+00
3.609514973571643193e+00
3.609618551738968062e+00
3.609911767748590794e+00
3.610293808855076669e+00
3.610576884339014914e+00
3.611120346482050714e+00
3.611112917574471393e+00
3.611400444975194635e+00
3.611935192765281410e+00
3.611958807569147556e+00
3.612251194243317975e+00
3.612776071863028182e+00
3.612828875027259024e+00
3.613124717318684009e+00
3.613390639479665989e+00
3.613713626745997942e+00
3.614049555616726472e+00
3.614494942170575431e+00
3.614618146254058750e+00
3.614928605521552374e+00
3.615161093025948791e+00
3.615558345404521035e+00
3.615746953301782085e+00
3.616077033409277774e+00
3.616415705456609064e+00
3.616755067176850247e+00
3.616974822802647704e+00
3.617269845750173296e+00
3.617552061874768743e+00
3.617890303209430947e+00
3.618170421260295200e+00
3.618454804396207258e+00
3.618683737513966658e+00
3.618981768185277392e+00
3.619259302686550939e+00
3.619589774183492814e+00
3.619895269950780925e+00
3.620215958330998518e+00
3.620546072145673477e+00
3.620804280066491909e+00
3.621207206212560870e+00
3.621452171833754008e+00
3.621705414737803164e+00
3.622040377043941550e+00
3.622424743413018788e+00
3.622782696546694492e+00
3.623057336780610704e+00
3.623269295740682239e+00
3.623609996208918105e+00
3.623981312826981771e+00
3.624243882905805680e+00
3.624437714534896937e+00
3.624797274089686105e+00
3.625176900256497525e+00
3.625548456729750679e+00
3.625608159179884105e+00
3.625941471090712742e+00
3.626310771170953462e+00
3.626442395843734623e+00
3.626628409654763185e+00
3.626985303543290851e+00
3.627456403764266479e+00
3.627745912000174489e+00
3.628144493618386868e+00
3.628540780691626555e+00
3.628718043967530171e+00
3.629008887568547337e+00
3.629342193729902633e+00
3.629793303610878485e+00
3.630088110242787103e+00
3.630477362702860145e+00
3.630633339943800664e+00
3.631027139818540306e+00
3.631214646668123436e+00
3.631447257123258332e+00
3.631825295641126328e+00
3.632192416458147388e+00
3.632524747865799597e+00
3.632752189072113946e+00
3.633114394155911864e+00
3.633495228377066066e+00
3.633660432816846253e+00
3.634023701561802877e+00
3.634240539141275761e+00
3.634573659795318878e+00
3.634906308009649312e+00
3.635182719674746377e+00
3.635567612182029062e+00
3.635900698560723843e+00
3.636096957134240082e+00
3.636495887060080090e+00
3.636909433856066354e+00
3.637134348949172313e+00
3.637498272869879035e+00
3.637741828112999620e+00
3.638012293535925590e+00
3.638316893128767493e+00
3.638696645019616316e+00
3.639126440819638653e+00
3.639413156222965018e+00
3.639629687733946461e+00
3.639940069480000151e+00
3.640275025196123782e+00
3.640620974735479631e+00
3.640891151474933807e+00
3.641172080541152933e+00
3.641466205910414367e+00
3.641823804563772526e+00
3.642199591904814682e+00
3.642518945087754201e+00
3.642852661544134119e+00
3.643190407116110308e+00
3.643530365202912513e+00
3.643871480693679388e+00
3.644213126616030252e+00
3.644554938730803162e+00
3.644896715035900847e+00
3.645238350585789266e+00
3.645366159828135721e+00
3.645824423476963450e+00
3.646100453492746585e+00
3.646367204016033536e+00
3.646645132313043991e+00
3.646980322885289283e+00
3.647326366331208103e+00
3.647783757298319607e+00
3.647886657730957882e+00
3.648233366006333522e+00
3.648548848786230092e+00
3.648742064916057792e+00
3.649030002567088093e+00
3.649383172842541434e+00
3.649757967029346073e+00
3.650077592520727610e+00
3.650480029493508471e+00
3.650657037920288506e+00
3.650985788554574452e+00
3.651221728073370532e+00
3.651618415790240491e+00
3.652057058462389705e+00
3.652562632300523138e+00
3.652815599946694469e+00
3.653070871459726643e+00
3.653391697651069858e+00
3.653600011247234214e+00
3.653958317021443580e+00
3.654151277975083545e+00
3.654508490127222675e+00
3.654730075266055866e+00
3.654969604232121583e+00
3.655314016544399358e+00
3.655633101016329878e+00
3.655983595766969074e+00
3.656386905517247765e+00
3.656717286117668664e+00
3.657009507902977408e+00
3.657298348139706778e+00
3.657532114241227816e+00
3.657799913514220069e+00
3.658173955759801643e+00
3.658435491225767056e+00
3.658724568402813127e+00
3.659016616131411936e+00
3.659314696004064782e+00
3.659620442549247343e+00
3.659929608744377116e+00
3.660240946207000690e+00
3.660553628310112106e+00
3.660867103892592844e+00
3.661181012254326017e+00
3.661495128130629606e+00
3.661809323506032054e+00
3.662123539905877134e+00
3.662437767739015193e+00
3.662708919656201711e+00
3.663109872464877625e+00
3.663403767351517182e+00
3.663588104268139301e+00
3.663916531038980740e+00
3.664238841133110824e+00
3.664561598720080138e+00
3.664835220720929154e+00
3.665251599338020583e+00
3.665487675036138704e+00
3.665820773592270765e+00
3.666158014703008838e+00
3.666428132841255128e+00
3.666768921372616230e+00
3.667045303413133617e+00
3.667393061147238509e+00
3.667675921074964318e+00
3.668108923828456991e+00
3.668284347290016179e+00
3.668661686723082571e+00
3.668941256991607780e+00
3.669352307992657547e+00
3.669644548516632021e+00
3.670072591454670796e+00
3.670384303596210707e+00
3.670806113521971170e+00
3.671068764420197805e+00
3.671434005414409008e+00
3.671783925468322884e+00
3.672159950350178725e+00
3.672508114498131526e+00
3.672878713305827603e+00
3.673143831400517367e+00
3.673497986265147564e+00
3.673865518171955280e+00
3.674103964584031434e+00
3.674507062343868480e+00
3.674857533453962599e+00
3.675258904964193718e+00
3.675634284935989093e+00
3.675746749894197141e+00
3.676099508038290775e+00
3.676328828676256766e+00
3.676583021018978492e+00
3.676811421382749856e+00
3.677155624577676196e+00
3.677417605412874657e+00
3.677789347766108552e+00
3.678184440364111296e+00
3.678582328532476353e+00
3.678838676192165646e+00
3.679222401377246321e+00
3.679614766038893592e+00
3.679893376528208027e+00
3.680281911759976321e+00
3.680488664266698073e+00
3.680778481178437644e+00
3.681071436467329594e+00
3.681450875475509754e+00
3.681763444937220964e+00
3.682046713841890195e+00
3.682345143474595073e+00
3.682715216545876746e+00
3.683037503890596476e+00
3.683376246817708477e+00
3.683690110421081965e+00
3.684048503532519447e+00
3.684354950761456582e+00
3.684620226377332664e+00
3.684941737795934813e+00
3.685309540668964878e+00
3.685611615145518716e+00
3.685921307454949947e+00
3.686256236219656479e+00
3.686596407077617155e+00
3.686957418087123628e+00
3.687269880817786394e+00
3.687621893510718785e+00
3.687944949430453256e+00
3.688288128487733353e+00
3.688584544499772910e+00
3.688935974008461294e+00
3.689256142864667520e+00
3.689596337989757391e+00
3.689928657795274347e+00
3.690259221812580481e+00
3.690585863337710215e+00
3.690896923144572295e+00
3.691260804758060399e+00
3.691589377776244074e+00
3.691985387934897389e+00
3.692276474023825639e+00
3.692482502555050949e+00
3.692830910060548977e+00
3.693192709971444110e+00
3.693461803655212261e+00
3.693738025090945953e+00
3.694040695290498721e+00
3.694325256646413980e+00
3.694708321726416944e+00
3.695084057993748505e+00
3.695465049891419440e+00
3.695818680687886548e+00
3.696085941526223273e+00
3.696408929123974563e+00
3.696737376825751209e+00
3.697088825357726538e+00
3.697500246273057734e+00
3.697775167506339056e+00
3.698179091351965653e+00
3.698472443707555346e+00
3.698859807934093524e+00
3.699167717797558819e+00
3.699563957352974164e+00
3.699869875297360888e+00
3.700144467842426010e+00
3.700493416866261320e+00
3.700850616206848631e+00
3.701092984068691472e+00
3.701369061945229078e+00
3.701731050551281044e+00
3.702068829917485981e+00
3.702387054258868826e+00
3.702753357674155144e+00
3.703121209866542696e+00
3.703367606797489220e+00
3.703653011052289834e+00
3.703950819499772784e+00
3.704226469325748727e+00
3.704566807986859889e+00
3.704907306981009008e+00
3.705252774034042407e+00
3.705542076238641513e+00
3.705933231615905932e+00
3.706279356920131551e+00
3.706636493806343857e+00
3.706968120003450551e+00
3.707295690071891414e+00
3.707575963926330154e+00
3.707933334730079800e+00
3.708181264874634842e+00
3.708480088901064953e+00
3.708822171201910933e+00
3.709168984453581341e+00
3.709484394589403156e+00
3.709819628773063371e+00
3.710166198129556392e+00
3.710421304850870516e+00
3.710709280816552713e+00
3.711035801838746373e+00
3.711390378907921672e+00
3.711691764286210837e+00
3.711987545135708721e+00
3.712371930144688026e+00
3.712652321763840746e+00
3.713047773665736795e+00
3.713338614974695417e+00
3.713740137808757780e+00
3.714058754317248745e+00
3.714390135201503185e+00
3.714764994280426613e+00
3.715078426507104847e+00
3.715430312638906774e+00
3.715784561891620985e+00
3.716164663642916643e+00
3.716544550806715197e+00
3.716920114813560883e+00
3.717273359002098321e+00
3.717528893076976537e+00
3.717922901930846180e+00
3.718298788498978880e+00
3.718648047449280458e+00
3.718902706192184660e+00
3.719258750156991145e+00
3.719559153841711208e+00
3.719943489012064841e+00
3.720280669292952869e+00
3.720648762163369483e+00
3.720975726454445631e+00
3.721319291200327228e+00
3.721704411411260516e+00
3.721990246311678074e+00
3.722361481561591745e+00
3.722738363363742753e+00
3.723107766438567001e+00
3.723327356626292772e+00
3.723596765920384133e+00
3.723946704762846061e+00
3.724186934754990741e+00
3.724577212059902109e+00
3.724857655488627906e+00
3.725281860432441583e+00
3.725610674301242486e+00
3.725967356213979897e+00
3.726297499070299057e+00
3.726651856797482232e+00
3.726916171237074416e+00
3.727257116760585465e+00
3.727512952754465925e+00
3.727750936017929284e+00
3.728145379144866212e+00
3.728428024476075908e+00
3.728729408610454321e+00
3.729021143202147393e+00
3.729354827331175848e+00
3.729742113206083509e+00
3.730051995821844990e+00
3.730392992679991249e+00
3.730764065615641112e+00
3.731161496407228828e+00
3.731607295019355064e+00
3.731866003799870324e+00
3.732165776718973316e+00
3.732490727321076118e+00
3.732806773185159521e+00
3.733021582436731212e+00
3.733162489022909369e+00
3.733321203002823108e+00
3.733434101313675146e+00
3.733555085672365159e+00
3.733616976705296686e+00
3.733704102384871604e+00
3.733749841973609485e+00
3.733794183260755517e+00
3.733779506980438700e+00
3.733789492693217582e+00
3.733777460259496195e+00
3.733834123326911669e+00
3.733877874663806828e+00
3.733881936262486434e+00
3.733947155699473441e+00
3.733879629319779792e+00
3.733938560624533665e+00
3.733928181709938787e+00
3.733966246596352345e+00
3.734010930515864413e+00
3.734071095052625466e+00
3.734077353037726699e+00
3.734125395556310956e+00
3.734155968560517014e+00
3.734159681931905173e+00
3.734197124046597871e+00
3.734222251300797879e+00
3.734221522044595343e+00
3.734251284867997178e+00
3.734280772470085719e+00
3.734298221940338003e+00
3.734289416501442194e+00
3.734311114151896760e+00
3.734325510364990830e+00
3.734310722490535639e+00
3.734327775009709249e+00
3.734345394177510435e+00
3.734355157509015921e+00
3.734331107510206582e+00
3.734280145134756701e+00
3.734298131836630397e+00
3.734317060567743596e+00
3.734174955370320959e+00
3.734087765434568329e+00
3.734055959392784452e+00
3.734026253056758726e+00
3.734002441500729574e+00
3.733981565939353597e+00
3.733986907401071864e+00
3.733975211713978393e+00
3.733889348680906384e+00
3.733858270089621456e+00
3.733828628445982289e+00
3.733807578847778696e+00
3.733796607409001211e+00
3.733755765103403679e+00
3.733688147642973743e+00
3.733687098580074970e+00
3.733615976442327788e+00
3.733612812240746148e+00
3.733548960013310491e+00
3.733505366737079001e+00
3.733471974561061835e+00
3.733459729758028534e+00
3.733475357071890599e+00
3.733499556722447821e+00
3.733460231806008167e+00
3.733459011118884341e+00
3.733351630288935130e+00
3.733286800061906607e+00
3.733289289607026884e+00
3.733259944391966290e+00
3.733268202607565200e+00
3.733152681330622613e+00
3.733063409942011024e+00
3.733079316067887898e+00
3.732987078020598481e+00
3.732907232894967731e+00
3.732864579854753284e+00
3.732848524024576786e+00
3.732869079029753401e+00
3.732826136845955212e+00
3.732827882346331450e+00
3.732787830025528386e+00
3.732781858063198399e+00
3.732795672295771805e+00
3.732658560391089786e+00
3.732577993729140342e+00
3.732563053466495528e+00
3.732476670214044834e+00
3.732417901992236775e+00
3.732389685355040232e+00
3.732348351787679430e+00
3.732296345558317352e+00
3.732272636871988514e+00
3.732214196218801572e+00
3.732213525436095303e+00
3.732213387972857177e+00
3.732211435054006543e+00
3.732212670874869076e+00
3.732120388111150877e+00
3.732063932127398065e+00
3.732060830399992479e+00
3.732049216611550868e+00
3.732031963345403103e+00
3.732010770850275883e+00
3.731993929470994509e+00
3.731997516780431123e+00
3.731979244708685695e+00
3.732000762505541136e+00
3.731912361657613530e+00
3.731890776900016249e+00
3.731879409013485471e+00
3.731859287968546379e+00
3.731782312946054780e+00
3.731760488169285850e+00
3.731715455797994796e+00
3.731655456054025155e+00
3.731632130219094456e+00
3.731591250529471271e+00
3.731578314342206770e+00
3.731547592963138538e+00
3.731523387188345087e+00
3.731518152291554813e+00
3.731472654040203007e+00
3.731434882437610678e+00
3.731399573559218918e+00
3.731372852865189493e+00
3.731350084601874340e+00
3.731318876328012291e+00
3.731304154316942956e+00
3.731300303953813291e+00
3.731263107079253238e+00
3.731212170776076587e+00
3.731206068523988506e+00
3.731207335693003557e+00
3.731213100699699137e+00
3.731186716820675375e+00
3.731144244813819455e+00
3.731150926192090989e+00
3.731153567982191444e+00
3.731098811370857860e+00
3.731107878068657513e+00
3.731040392754469526e+00
3.731021358134974708e+00
3.731029775694980177e+00
3.730995905121563982e+00
3.730943507167017614e+00
3.730939378148080632e+00
3.730954911700073318e+00
3.730957801700569565e+00
3.730888914642073395e+00
3.730826807871300055e+00
3.730823510962965273e+00
3.730834307201465361e+00
3.730833982493787726e+00
3.730868120231396468e+00
3.730772083706314746e+00
3.730692684309150575e+00
3.730625393956516600e+00
3.730569138702435339e+00
3.730572476392826964e+00
3.730546666284360935e+00
3.730481934527294818e+00
3.730486654885363240e+00
3.730489605049104984e+00
3.730412965278334436e+00
3.730410041776108354e+00
3.730427381725266223e+00
3.730345059876889913e+00
3.730345648370920753e+00
3.730322693656974664e+00
3.730298213109384697e+00
3.730231173934944966e+00
3.730167704220150870e+00
3.730118299196242049e+00
3.730069312786098212e+00
3.730069839770114193e+00
3.730021655758636090e+00
3.730015759861549540e+00
3.729966494157757495e+00
3.729963864726373757e+00
3.729902096419522195e+00
3.729866459085438457e+00
3.729863697439425696e+00
3.729862621123167798e+00
3.729854680062813177e+00
3.729812240478355356e+00
3.729805035322218743e+00
3.729761872249353072e+00
3.729731408743034660e+00
3.729717307702147711e+00
3.729713008485305181e+00
3.729670739366963250e+00
3.729656747730223376e+00
3.729660658286059416e+00
3.729651422347370016e+00
3.729610830480708739e+00
3.729580159483089297e+00
3.729556261611440160e+00
3.729523126062340932e+00
3.729515308401470275e+00
3.729521897510296391e+00
3.729477695123058822e+00
3.729445197455580896e+00
3.729426464523932783e+00
3.729419376224780702e+00
3.729388683361063883e+00
3.729369483552795739e+00
3.729359742542881051e+00
3.729328106464782078e+00
3.729301365477756480e+00
3.729279770477227363e+00
3.729258707470605838e+00
3.729238842653652686e+00
3.729224240772254451e+00
3.729205887268089992e+00
3.729188069089367730e+00
3.729170282848205620e+00
3.729151136546855483e+00
3.729146027855867018e+00
3.729126978390119085e+00
3.729121766951281725e+00
3.729116209464103271e+00
3.729104626964141911e+00
3.729078105959759970e+00
3.729072591888796584e+00
3.729061303334787247e+00
3.729055026257153127e+00
3.729023775167730204e+00
3.728994094635185608e+00
3.728984784920573059e+00
3.728960465352749942e+00
3.728940709644178675e+00
3.728921826731470546e+00
3.728910160649225425e+00
3.728908378339735652e+00
3.728914630423532994e+00
3.728909837918504611e+00
3.728880457170395513e+00
3.728846921685046834e+00
3.728814103903089094e+00
3.728805648377869986e+00
3.728782375076489242e+00
3.728744458559104302e+00
3.728717360058809938e+00
3.728711245163473187e+00
3.728699327439405575e+00
3.728692366095503807e+00
3.728689630601058180e+00
3.728664348742023016e+00
3.728629643234881552e+00
3.728616829497539698e+00
3.728609068027477935e+00
3.728606295635369605e+00
3.728605506500698219e+00
3.728561500207749013e+00
3.728561128996344287e+00
3.728521422314422296e+00
3.728515671417216293e+00
3.728473660362376485e+00
3.728439930723320028e+00
3.728441617914425965e+00
3.728444354379460535e+00
3.728441011083539980e+00
3.728416144597217929e+00
3.728382888921234262e+00
3.728360441352927879e+00
3.728362280457680811e+00
3.728313694815293289e+00
3.728269147684017071e+00
3.728231809200808655e+00
3.728230780147598011e+00
3.728196974585027412e+00
3.728189121959771590e+00
3.728190814902667682e+00
3.728201381035370687e+00
3.728199191567333148e+00
3.728186890144471022e+00
3.728135852987802146e+00
3.728085009443857345e+00
3.728047304912787574e+00
3.728044234919007938e+00
3.728040587414710227e+00
3.727996109660082880e+00
3.727972547117322399e+00
3.727969292089726938e+00
3.727928194774891679e+00
3.727912384600532647e+00
3.727878431189909580e+00
3.727850060474130700e+00
3.727845316769552220e+00
3.727816709368313663e+00
3.727815539962710201e+00
3.727813398881590246e+00
3.727773505314657232e+00
3.727743040733833446e+00
3.727734977385880555e+00
3.727701952421633269e+00
3.727688923993348613e+00
3.727657606275876390e+00
3.727632149227589675e+00
3.727626958720851480e+00
3.727589843024150529e+00
3.727586585224128335e+00
3.727582964941767774e+00
3.727549270647680935e+00
3.727524528579861052e+00
3.727520843042849918e+00
3.727519021549809963e+00
3.727483702154378964e+00
3.727456454742539282e+00
3.727450060313021396e+00
3.727419557535582850e+00
3.727413281433198389e+00
3.727407226225150527e+00
3.727365586082499682e+00
3.727338516924951772e+00
3.727335902218433805e+00
3.727304384565250928e+00
3.727277312629994288e+00
3.727261633725872159e+00
3.727243800355211967e+00
3.727221507138461565e+00
3.727205489248053727e+00
3.727181987082305081e+00
3.727168745441040265e+00
3.727161600144422771e+00
3.727155629256257097e+00
3.727154056881515132e+00
3.727125735402757822e+00
3.727109902034758893e+00
3.727103752762690014e+00
3.727084909310711236e+00
3.727074470880905377e+00
3.727064924406673363e+00
3.727062043254248724e+00
3.727050001255113099e+00
3.727034986238437320e+00
3.727024646283267906e+00
3.727005540958201912e+00
3.726992339988997482e+00
3.726981066320520952e+00
3.726964201595450721e+00
3.726955962027806990e+00
3.726950855861043355e+00
3.726947404591541169e+00
3.726922037818077182e+00
3.726902772655767304e+00
3.726890070571388769e+00
3.726876884149652014e+00
3.726864551808871440e+00
3.726857428056139288e+00
3.726841985863124762e+00
3.726831897926173642e+00
3.726818054745751674e+00
3.726808997167442961e+00
3.726796517255600794e+00
3.726783341588054466e+00
3.726765231979776605e+00
3.726749659326503039e+00
3.726737125013195318e+00
3.726725641821870383e+00
3.726716401362207165e+00
3.726704623835847663e+00
3.726695192679924329e+00
3.726683542257401172e+00
3.726680679117509332e+00
3.726669412759140432e+00
3.726648452648913867e+00
3.726625984023566041e+00
3.726609596232792754e+00
3.726602020944447258e+00
3.726598228204663243e+00
3.726592864520549053e+00
3.726578401021614528e+00
3.726569341545737934e+00
3.726551725714240426e+00
3.726544899654583798e+00
3.726539693384573138e+00
3.726519006243625309e+00
3.726506845824871128e+00
3.726505132347552873e+00
3.726490949987422141e+00
3.726477055507135816e+00
3.726466690034337947e+00
3.726454890944992382e+00
3.726434571435275789e+00
3.726423442831890753e+00
3.726419596400440071e+00
3.726412249722157455e+00
3.726389513056378000e+00
3.726384428752534728e+00
3.726381789038147208e+00
3.726359070623393777e+00
3.726337818211940878e+00
3.726320984462437647e+00
3.726308280275368645e+00
3.726303122603647378e+00
3.726282817484743770e+00
3.726261644992958644e+00
3.726256741862129740e+00
3.726256529699787823e+00
3.726254267182633306e+00
3.726256630645523593e+00
3.726261330193570753e+00
3.726242591801356863e+00
3.726215108494221440e+00
3.726213812040096052e+00
3.726212310327133626e+00
3.726194344976014872e+00
3.726175301764997005e+00
3.726174430672128945e+00
3.726157265354584691e+00
3.726156650730687137e+00
3.726134531151380713e+00
3.726131749309046004e+00
3.726124864942117920e+00
3.726124800068719267e+00
3.726128364879436106e+00
3.726129258597291383e+00
3.726123630285633315e+00
3.726119387350312451e+00
3.726096565070929234e+00
3.726064338015368627e+00
3.726061357085389769e+00
3.726039182697484797e+00
3.726014958816719069e+00
3.726010856336777977e+00
3.726007240232104056e+00
3.725979475940112806e+00
3.725974747657532227e+00
3.725961337270191187e+00
3.725952500624436503e+00
3.725928195492134165e+00
3.725928732074824890e+00
3.725923057089446822e+00
3.725921395866922836e+00
3.725898618670728357e+00
3.725902176359451534e+00
3.725899585524940605e+00
3.725899350564802148e+00
3.725866808616264514e+00
3.725844364262624442e+00
3.725845075388671379e+00
3.725828012173683756e+00
3.725801514867232100e+00
3.725798116900262080e+00
3.725799384344702148e+00
3.725796985890353685e+00
3.725769610889847705e+00
3.725770052440764868e+00
3.725749008910578475e+00
3.725743957698555153e+00
3.725721068814343173e+00
3.725718089939435984e+00
3.725716853613719515e+00
3.725705741645409130e+00
3.725706270039621959e+00
3.725681507583759711e+00
3.725677772466091220e+00
3.725672920987448400e+00
3.725651196019269307e+00
3.725646834224003889e+00
3.725620921661284335e+00
3.725618642165701822e+00
3.725603855422380040e+00
3.725581382417331611e+00
3.725561390176030496e+00
3.725543259272341423e+00
3.725525215794211142e+00
3.725511205667551451e+00
3.725494460355218251e+00
3.725486839489076552e+00
3.725471847884477938e+00
3.725467923222395061e+00
3.725457576031576234e+00
3.725451459704093971e+00
3.725449152191578239e+00
3.725446219071009146e+00
3.725424528192523344e+00
3.725406014947322486e+00
3.725400157764488629e+00
3.725395690318277442e+00
3.725378363996570741e+00
3.725362351951515105e+00
3.725360428696378179e+00
3.725343999173107878e+00
3.725331594586096529e+00
3.725329363548329997e+00
3.725316251619276819e+00
3.725294885604822692e+00
3.725284456936949429e+00
3.725274288906176956e+00
3.725271383783795187e+00
3.725256876423493679e+00
3.725253974330017481e+00
3.725247916388898073e+00
3.725239414692838480e+00
3.725222537549806923e+00
3.725216178011932833e+00
3.725200628272702819e+00
3.725195636976236013e+00
3.725181420061958182e+00
3.725176730656345914e+00
3.725161486152483548e+00
3.725156255097090696e+00
3.725141868088814867e+00
3.725131688309708089e+00
3.725128085811655332e+00
3.725124957708513040e+00
3.725108367378698215e+00
3.725101954939439075e+00
3.725092225028155735e+00
3.725074648024924606e+00
3.725064404311955624e+00
3.725056014358497425e+00
3.725044942703117812e+00
3.725037189406697369e+00
3.725024573468013411e+00
3.725014045059507062e+00
3.725004663278190353e+00
3.724999546610898271e+00
3.724993967752554536e+00
3.724985545636580575e+00
3.724975813708907069e+00
3.724972297077534744e+00
3.724960158104918762e+00
3.724949987726468681e+00
3.724944082510040833e+00
3.724938244824337552e+00
3.724928403426304602e+00
3.724921009364503988e+00
3.724913327510840144e+00
3.724907938892406012e+00
3.724901851236846806e+00
3.724894338799929816e+00
3.724886605568586084e+00
3.724882226326565071e+00
3.724872030137792223e+00
3.724860191327864278e+00
3.724850983900624524e+00
3.724844131726256613e+00
3.724837248364762043e+00
3.724833099727631325e+00
3.724826643156306183e+00
3.724818538430020087e+00
3.724814297402212926e+00
3.724806430287301851e+00
3.724793771652773700e+00
3.724785288098665603e+00
3.724776180561077510e+00
3.724769532171005704e+00
3.724762698928748339e+00
3.724761407187579643e+00
3.724754319330823904e+00
3.724747417307601616e+00
3.724740135184761769e+00
3.724734068840326540e+00
3.724724833939693891e+00
3.724720900983547800e+00
3.724717021409893025e+00
3.724710602911961210e+00
3.724703248917450971e+00
3.724698919129162178e+00
3.724691609806187298e+00
3.724688737952656759e+00
3.724684110461705888e+00
3.724677407463297119e+00
3.724672410844904746e+00
3.724667667705850338e+00
3.724661959025484581e+00
3.724650394515067298e+00
3.724639703297959237e+00
3.724633494356550223e+00
3.724624318309349480e+00
3.724615614269670694e+00
3.724603255242791899e+00
3.724600836953566141e+00
3.724588971462305054e+00
3.724586725556560562e+00
3.724580182935353534e+00
3.724577248150727105e+00
3.724572247809762260e+00
3.724565166225843438e+00
3.724565129011348841e+00
3.724557458417752098e+00
3.724556965940541087e+00
3.724555477775770118e+00
3.724540356231394789e+00
3.724539281746156227e+00
3.724535353031245055e+00
3.724521423194873559e+00
3.724515313381089765e+00
3.724514140412644725e+00
3.724503164474330497e+00
3.724492760804332114e+00
3.724482946148818030e+00
3.724480385869599175e+00
3.724468447866622345e+00
3.724459757129446658e+00
3.724450731930486036e+00
3.724441755468057114e+00
3.724433938908007669e+00
3.724422066483907390e+00
3.724410929454131658e+00
3.724403264512982314e+00
3.724395457027455336e+00
3.724385945944247212e+00
3.724376556016230744e+00
3.724370766420805889e+00
3.724364104601586511e+00
3.724358078715753972e+00
3.724353186062634880e+00
3.724344303803782896e+00
3.724336982529830919e+00
3.724329966413068238e+00
3.724321289571650428e+00
3.724311725725351074e+00
3.724302636179923631e+00
3.724292809630360690e+00
3.724286927558244642e+00
3.724278826652617003e+00
3.724266162933125290e+00
3.724258372559318353e+00
3.724252176724813790e+00
3.724241772950545037e+00
3.724240818661863184e+00
3.724239539961907930e+00
3.724226874414814592e+00
3.724215205139579155e+00
3.724204994065064778e+00
3.724196041051476946e+00
3.724195425258538084e+00
3.724188258318120948e+00
3.724175486662422152e+00
3.724172758069729916e+00
3.724160079649032618e+00
3.724151399718096833e+00
3.724147344293564199e+00
3.724141420169953864e+00
3.724130248613301664e+00
3.724119683409372161e+00
3.724113745065239289e+00
3.724110742339193258e+00
3.724106908826115170e+00
3.724097512751788575e+00
3.724094399932015520e+00
3.724087097765357068e+00
3.724085456273530159e+00
3.724085346314601530e+00
3.724077338271996496e+00
3.724065190072309406e+00
3.724063713746081028e+00
3.724054264862143082e+00
3.724039171276104732e+00
3.724037560284970017e+00
3.724035547177153571e+00
3.724029491421103177e+00
3.724026882243666847e+00
3.724014507594941126e+00
3.724012198934965490e+00
3.723999943570184268e+00
3.723989073690096241e+00
3.723987996626057839e+00
3.723987190010074499e+00
3.723985049850024431e+00
3.723981344246415581e+00
3.723982377712912406e+00
3.723967150774416535e+00
3.723965862779309965e+00
3.723952197448009649e+00
3.723951386610707459e+00
3.723940420202550339e+00
3.723925923943793403e+00
3.723924715241436090e+00
3.723908670489297634e+00
3.723898375854062692e+00
3.723896653120325251e+00
3.723893354138589906e+00
3.723881437219068058e+00
3.723879193485254202e+00
3.723863845505374304e+00
3.723863678574261371e+00
3.723864569660412460e+00
3.723864032746122987e+00
3.723853232149522352e+00
3.723853024634583786e+00
3.723837347617008575e+00
3.723836606085435985e+00
3.723823442947811646e+00
3.723822478979527784e+00
3.723810424890793058e+00
3.723795279010329917e+00
3.723785740897734620e+00
3.723773327223145913e+00
3.723774863335089336e+00
3.723762640015083392e+00
3.723752604565000457e+00
3.723751218885133607e+00
3.723748244397084850e+00
3.723746550422583290e+00
3.723733747481777989e+00
3.723731771714103189e+00
3.723723617282340470e+00
3.723712883433621279e+00
3.723703350646133003e+00
3.723691581943389561e+00
3.723689736055689092e+00
3.723685292706737648e+00
3.723676448873474598e+00
3.723675426207914807e+00
3.723665879090070518e+00
3.723663165377252060e+00
3.723652345696492283e+00
3.723642424057831857e+00
3.723633720816921677e+00
3.723631285749676945e+00
3.723627221018885436e+00
3.723618283631690673e+00
3.723615529984257488e+00
3.723607477883837724e+00
3.723601575783908935e+00
3.723593086999403834e+00
3.723588254899748762e+00
3.723577523556562685e+00
3.723573872990127320e+00
3.723568012739443045e+00
3.723565269468495753e+00
3.723554790888564003e+00
3.723546024548612277e+00
3.723539776341729723e+00
3.723531479689548451e+00
3.723520086472482227e+00
3.723513362063113341e+00
3.723504018533241755e+00
3.723497662053069313e+00
3.723490354441598704e+00
3.723485895046835914e+00
3.723482224197800505e+00
3.723478549251833414e+00
3.723470688528788486e+00
3.723463934963359812e+00
3.723457028531808266e+00
3.723452505435076887e+00
3.723448061833853906e+00
3.723446011315749704e+00
3.723439813456678404e+00
3.723433410847231340e+00
3.723429353365606875e+00
3.723421818763211988e+00
3.723417570985958491e+00
3.723411945661677436e+00
3.723406478235886219e+00
3.723402950724837623e+00
3.723396892962029803e+00
3.723390959464664807e+00
3.723386428508126400e+00
3.723382207903415786e+00
3.723377664588931601e+00
3.723370454489457693e+00
3.723368233882241363e+00
3.723361003555723414e+00
3.723358184280243677e+00
3.723356462873242734e+00
3.723348196431082613e+00
3.723344832435103502e+00
3.723337197893427764e+00
3.723335251640280230e+00
3.723327126558206412e+00
3.723319998398868513e+00
3.723312347443771930e+00
3.723308367326797264e+00
3.723303163230229806e+00
3.723298600843389039e+00
3.723292772426790798e+00
3.723288892224171587e+00
3.723281911789914300e+00
3.723277629104428499e+00
3.723273503418845110e+00
3.723268850014863407e+00
3.723264153125560139e+00
3.723260090534352251e+00
3.723257266996207626e+00
3.723247945679675652e+00
3.723242166859628277e+00
3.723235478835307255e+00
3.723229970808224820e+00
3.723224709158258872e+00
3.723218662301971627e+00
3.723214113594774943e+00
3.723206389557310203e+00
3.723200685131557552e+00
3.723196672408910946e+00
3.723193151431425374e+00
3.723187133709017882e+00
3.723179462260394867e+00
3.723173668532221647e+00
3.723168408108715077e+00
3.723163360807412836e+00
3.723161076478550768e+00
3.723153854188134826e+00
3.723149852149419736e+00
3.723147135088728188e+00
3.723141417332595626e+00
3.723136567104047501e+00
3.723133655940882303e+00
3.723131491388883330e+00
3.723128147609724437e+00
3.723120329347603619e+00
3.723115148725605117e+00
3.723107322884938064e+00
3.723101605408423165e+00
3.723095481947539476e+00
3.723089786595575212e+00
3.723083370685545734e+00
3.723078490439861721e+00
3.723070007869093256e+00
3.723065827676351081e+00
3.723062391169262852e+00
3.723056992156568157e+00
3.723051253613425260e+00
3.723046956953825593e+00
3.723041988732618712e+00
3.723034657641171030e+00
3.723031767566851613e+00
3.723024587902936666e+00
3.723018923986822770e+00
3.723012784664459840e+00
3.723007103669423223e+00
3.723003650749095339e+00
3.722998310074019379e+00
3.722995990331392502e+00
3.722991924289558163e+00
3.722984274025490148e+00
3.722978567672839301e+00
3.722972659144535790e+00
3.722968141823228994e+00
3.722962832348946538e+00
3.722959689666270222e+00
3.722953469347802358e+00
3.722950438882168811e+00
3.722948858102697045e+00
3.722949541132359208e+00
3.722948126087555210e+00
3.722942033332700795e+00
3.722939843909221835e+00
3.722938667100460730e+00
3.722936100459745212e+00
3.722933100104244275e+00
3.722930489775287732e+00
3.722929622295449104e+00
3.722921008531980380e+00
3.722914844636146636e+00
3.722912087341109455e+00
3.722911093654023951e+00
3.722908694259313478e+00
3.722905825510606892e+00
3.722902115483710972e+00
3.722894487544075037e+00
3.722894846523174373e+00
3.722887201637789190e+00
3.722880877644642261e+00
3.722872652797489579e+00
3.722864458843523128e+00
3.722863779949805885e+00
3.722861945563922692e+00
3.722851914762297376e+00
3.722844603843050493e+00
3.722841773445568769e+00
3.722831615327668153e+00
3.722823949650200248e+00
3.722816592429802007e+00
3.722812445350047739e+00
3.722810737877325860e+00
3.722801684257094124e+00
3.722798678104818570e+00
3.722796546262780559e+00
3.722795589635573776e+00
3.722794599167391638e+00
3.722782177634853085e+00
3.722776321230910845e+00
3.722769824776634984e+00
3.722762083884000983e+00
3.722755915218966649e+00
3.722754036711995340e+00
3.722747202082828721e+00
3.722746423449530884e+00
3.722743285818705505e+00
3.722735373371914402e+00
3.722735585967485772e+00
3.722728069703448384e+00
3.722726624147952190e+00
3.722719813284864010e+00
3.722720148129744278e+00
3.722719849689160920e+00
3.722718520207713322e+00
3.722712506932233545e+00
3.722712712553369219e+00
3.722712188479092799e+00
3.722712704840595688e+00
3.722709441103705608e+00
3.722703482826993593e+00
3.722702448325617919e+00
3.722703053876575741e+00
3.722702767287942027e+00
3.722701032515403075e+00
3.722699917922408730e+00
3.722688326538396542e+00
3.722677299658535777e+00
3.722676502562349388e+00
3.722677129951379005e+00
3.722677370243223205e+00
3.722675587780051920e+00
3.722663958142525154e+00
3.722663790590500010e+00
3.722654481449841235e+00
3.722649401707432304e+00
3.722645609381725507e+00
3.722642639882149496e+00
3.722632590625086557e+00
3.722633373958716518e+00
3.722622659041195714e+00
3.722622902575146497e+00
3.722620342147016093e+00
3.722610680871525801e+00
3.722607599363464193e+00
3.722603829782659357e+00
3.722600437690466002e+00
3.722590834386089398e+00
3.722589604708494093e+00
3.722589622116626806e+00
3.722580938106432313e+00
3.722571114463145037e+00
3.722565334108663748e+00
3.722565108023285774e+00
3.722563993221651213e+00
3.722553052737849200e+00
3.722550936514080977e+00
3.722551131548274217e+00
3.722545843073985949e+00
3.722544203039276134e+00
3.722545006317622640e+00
3.722536726093982118e+00
3.722536453960890945e+00
3.722535843285820878e+00
3.722527775921852022e+00
3.722529313312048949e+00
3.722529399605726042e+00
3.722530290428042399e+00
3.722530149031367142e+00
3.722525963095892898e+00
3.722510636566886078e+00
3.722508539617677581e+00
3.722494052343334747e+00
3.722484447413589415e+00
3.722470598038686518e+00
3.722459897956925889e+00
3.722450383014812569e+00
3.722450089098082948e+00
3.722449709232116266e+00
3.722439578060658949e+00
3.722431342572409374e+00
3.722429585170835331e+00
3.722429398203775719e+00
3.722420952778438430e+00
3.722420532376697011e+00
3.722419914270243435e+00
3.722409357603707836e+00
3.722408126693165009e+00
3.722400109093674914e+00
3.722399061165517775e+00
3.722387347633819843e+00
3.722380741277016014e+00
3.722371567633554257e+00
3.722371139443311439e+00
3.722361943640393189e+00
3.722353294649519917e+00
3.722352461471220231e+00
3.722343973710308784e+00
3.722344354352124185e+00
3.722343651475874537e+00
3.722336344773859995e+00
3.722334621628302198e+00
3.722334263910417995e+00
3.722334040091608287e+00
3.722324852884711266e+00
3.722317637980759653e+00
3.722310536033335282e+00
3.722303640907521860e+00
3.722297712630457944e+00
3.722297246072936883e+00
3.722289882030953567e+00
3.722284425810400865e+00
3.722279241560189078e+00
3.722276560120387323e+00
3.722273591487141431e+00
3.722273691497564485e+00
3.722273204249008760e+00
3.722265281078136034e+00
3.722262035904058131e+00
3.722254820657401098e+00
3.722254346712407624e+00
3.722246695228402125e+00
3.722241191559404694e+00
3.722238446304276582e+00
3.722236934932353858e+00
3.722231177862797669e+00
3.722225399060993922e+00
3.722223603731931174e+00
3.722222127343181697e+00
3.722217490134910545e+00
3.722213137078751899e+00
3.722211852974442792e+00
3.722207034178641738e+00
3.722206060398014493e+00
3.722205856092409615e+00
3.722203040646303140e+00
3.722202931052410957e+00
3.722195127360379718e+00
3.722188228310443492e+00
3.722181473646787975e+00
3.722175193260674586e+00
3.722170410217462422e+00
3.722167794228959714e+00
3.722165991306369381e+00
3.722160300127818289e+00
3.722155275001072461e+00
3.722153744228711147e+00
3.722149266707454718e+00
3.722144351859551836e+00
3.722138918835062427e+00
3.722135234052202257e+00
3.722133936617964434e+00
3.722131497904846320e+00
3.722126348991459999e+00
3.722123408797175514e+00
3.722122407896055307e+00
3.722116988796469794e+00
3.722115359996466033e+00
3.722114939789027410e+00
3.722109341634168178e+00
3.722103710715574998e+00
3.722100378573104607e+00
3.722099152699567703e+00
3.722093673582464124e+00
3.722091781705374913e+00
3.722086747725187994e+00
3.722082810894550953e+00
3.722078552595502909e+00
3.722075932315653812e+00
3.722071175251093766e+00
3.722067279312958554e+00
3.722063806179859657e+00
3.722060300384080200e+00
3.722058898310160124e+00
3.722057791587758402e+00
3.722051667597931157e+00
3.722046773347333026e+00
3.722042226725227554e+00
3.722039492485921919e+00
3.722040115574946295e+00
3.722036572487268824e+00
3.722033867282781738e+00
3.722030303664901840e+00
3.722027470963582996e+00
3.722025507597178429e+00
3.722021802408778779e+00
3.722017709602896574e+00
3.722012633047341978e+00
3.722010215999451699e+00
3.722003705593992962e+00
3.721999541022909863e+00
3.721996572871689501e+00
3.721993593662080269e+00
3.721988760493279980e+00
3.721986474238105913e+00
3.721985077094207117e+00
3.721980640865382828e+00
3.721978537521823505e+00
3.721975099163544520e+00
3.721974169717929826e+00
3.721968729444305790e+00
3.721966192254328565e+00
3.721964343301402245e+00
3.721960000391834722e+00
3.721957386812263735e+00
3.721956243980372392e+00
3.721953645859378934e+00
3.721952125671332823e+00
3.721946123741511236e+00
3.721943183029106539e+00
3.721940567047892667e+00
3.721939326956076322e+00
3.721934946588548065e+00
3.721930304522296673e+00
3.721929088126145757e+00
3.721926722599163462e+00
3.721921377285853705e+00
3.721919736728085848e+00
3.721916669347445250e+00
3.721913347755310575e+00
3.721912220403458704e+00
3.721907473476976147e+00
3.721903294847232591e+00
3.721899491222758982e+00
3.721896136900195717e+00
3.721893366734366992e+00
3.721890422529122500e+00
3.721886467161131584e+00
3.721882913772718293e+00
3.721882101526141629e+00
3.721880273451632082e+00
3.721878829906934971e+00
3.721876966090653660e+00
3.721874153069098856e+00
3.721869189554110058e+00
3.721863906615032747e+00
3.721861741597342732e+00
3.721858303453443373e+00
3.721853689149326794e+00
3.721849849692397960e+00
3.721845546554729101e+00
3.721843261430259009e+00
3.721840792302169909e+00
3.721837876904420916e+00
3.721836689776431228e+00
3.721833605459679450e+00
3.721832535745114967e+00
3.721828458507226323e+00
3.721824231459817334e+00
3.721821073006139624e+00
3.721817329374384364e+00
3.721813885544477785e+00
3.721811047525821703e+00
3.721807062017139511e+00
3.721803935354524917e+00
3.721802471693765657e+00
3.721799392751083069e+00
3.721797339731013565e+00
3.721795175771892339e+00
3.721794130226438124e+00
3.721789385303393871e+00
3.721786850895926868e+00
3.721782250715995222e+00
3.721779833584244912e+00
3.721776106176637899e+00
3.721774908604603915e+00
3.721775082179318517e+00
3.721773519346498471e+00
3.721770614876883876e+00
3.721763894477269741e+00
3.721762353115656730e+00
3.721758563529129926e+00
3.721755246267968165e+00
3.721753716211767760e+00
3.721750812589482482e+00
3.721748800791578660e+00
3.721745919502639666e+00
3.721739941636510007e+00
3.721735964379605743e+00
3.721734613370559774e+00
3.721734489930413226e+00
3.721732317620450647e+00
3.721730606495182059e+00
3.721724474939993144e+00
3.721722850547132033e+00
3.721721758068836206e+00
3.721721925994178282e+00
3.721715574359915291e+00
3.721713303677027795e+00
3.721711534737296656e+00
3.721711270646311132e+00
3.721709723572948381e+00
3.721708311263042912e+00
3.721704103043181000e+00
3.721703297217311857e+00
3.721701615910169902e+00
3.721702471953268532e+00
3.721702274416116119e+00
3.721697646155579520e+00
3.721693789792625218e+00
3.721694284901534644e+00
3.721693851320664770e+00
3.721693418812149545e+00
3.721692314463763473e+00
3.721684091852569320e+00
3.721684907458066238e+00
3.721684416160658149e+00
3.721683488974263820e+00
3.721681914381497425e+00
3.721682335020305210e+00
3.721679231695425916e+00
3.721678876003233327e+00
3.721669573346154003e+00
3.721667478028474640e+00
3.721666139507167070e+00
3.721665584996255216e+00
3.721665198150474918e+00
3.721664304192896289e+00
3.721662868950862180e+00
3.721664734721132461e+00
3.721659261001907026e+00
3.721656527647693835e+00
3.721652744854187400e+00
3.721651138677895876e+00
3.721651445139493308e+00
3.721648737505071747e+00
3.721647066505966439e+00
3.721637477221883206e+00
3.721637075132412154e+00
3.721627514481683274e+00
3.721622508932294515e+00
3.721615833162791542e+00
3.721607960670833215e+00
3.721601597977970410e+00
3.721597969367090641e+00
3.721591850386758438e+00
3.721591238622413922e+00
3.721586692351245507e+00
3.721584204446204414e+00
3.721576995619003458e+00
3.721571130093830337e+00
3.721564872632311616e+00
3.721558929263673043e+00
3.721552586392418149e+00
3.721547994403534343e+00
3.721542996092273015e+00
3.721541172618283433e+00
3.721539692551742995e+00
3.721533779566829736e+00
3.721528585678193668e+00
3.721525222505791319e+00
3.721524120674833735e+00
3.721521889395581262e+00
3.721518554788597388e+00
3.721517502731121141e+00
3.721516307378568644e+00
3.721515207061556030e+00
3.721513819771014919e+00
3.721513047767832649e+00
3.721505601560130660e+00
3.721497722511192929e+00
3.721497668435256312e+00
3.721497733262057128e+00
3.721498485963676384e+00
3.721490772320223517e+00
3.721484069287620766e+00
3.721482299403061855e+00
3.721481494518485533e+00
3.721481024718560349e+00
3.721475760220850582e+00
3.721475261221026454e+00
3.721474181014262417e+00
3.721468643113029273e+00
3.721467076940371488e+00
3.721462675587334790e+00
3.721459048672898451e+00
3.721453539988590631e+00
3.721451838818890856e+00
3.721450831978541096e+00
3.721449709066733558e+00
3.721445967434030333e+00
3.721444984279802082e+00
3.721445143059774363e+00
3.721444657993955296e+00
3.721444224669577583e+00
3.721443956498565075e+00
3.721435595803211704e+00
3.721431227553523069e+00
3.721426638893231775e+00
3.721419398949685320e+00
3.721418956772120534e+00
3.721417910779466709e+00
3.721411817667155120e+00
3.721412554909907300e+00
3.721411977754912392e+00
3.721403855568374830e+00
3.721395741914760968e+00
3.721396238888818875e+00
3.721389042136188152e+00
3.721389768602555215e+00
3.721382575258209258e+00
3.721382711646108010e+00
3.721382002165997793e+00
3.721382713614931337e+00
3.721374493292684882e+00
3.721369905871601880e+00
3.721370621580244453e+00
3.721362693865457150e+00
3.721362457966364445e+00
3.721361486398712781e+00
3.721353924068461438e+00
3.721345894914354080e+00
3.721339543003324923e+00
3.721339757343141486e+00
3.721334968901516493e+00
3.721334757220189360e+00
3.721328086562328163e+00
3.721327644534007995e+00
3.721326948601738849e+00
3.721327458058173665e+00
3.721327712435242407e+00
3.721319534888206881e+00
3.721320200060606265e+00
3.721320522959693289e+00
3.721320002856191245e+00
3.721315374833651379e+00
3.721308480344162728e+00
3.721307678843608358e+00
3.721303712265677355e+00
3.721302927653051817e+00
3.721294446166590664e+00
3.721287792073936895e+00
3.721287744275934450e+00
3.721280905451436638e+00
3.721274604296903821e+00
3.721273713037755115e+00
3.721272467142670681e+00
3.721270539982985071e+00
3.721264770493097895e+00
3.721259014281980804e+00
3.721258144889220354e+00
3.721257827272131724e+00
3.721257477576668915e+00
3.721256586238484765e+00
3.721255190875409902e+00
3.721255141525063870e+00
3.721248447135165005e+00
3.721242921642585966e+00
3.721236900685675586e+00
3.721235695656999187e+00
3.721234868269718277e+00
3.721234594035956356e+00
3.721228006314668324e+00
3.721221737890366033e+00
3.721221895878446873e+00
3.721220802689510165e+00
3.721219999838540460e+00
3.721220544393982088e+00
3.721218226012320773e+00
3.721218471130211647e+00
3.721217102877257155e+00
3.721216522910689495e+00
3.721208767312045307e+00
3.721204893559950655e+00
3.721205229347559484e+00
3.721204708411212092e+00
3.721204179490479991e+00
3.721196982003234233e+00
3.721189333984491476e+00
3.721182915421011206e+00
3.721182689300103874e+00
3.721179917446409746e+00
3.721179282897964402e+00
3.721172826652010102e+00
3.721167306054275592e+00
3.721161813186254275e+00
3.721160684616688030e+00
3.721160877395743860e+00
3.721154761993290094e+00
3.721154385458496527e+00
3.721148381538764038e+00
3.721142820882568536e+00
3.721142173781651685e+00
3.721142226639571504e+00
3.721136389747609741e+00
3.721131433747734807e+00
3.721131766923775785e+00
3.721130716094396274e+00
3.721130092093984931e+00
3.721124214013020293e+00
3.721124408017020713e+00
3.721123688101421578e+00
3.721116847458479704e+00
3.721115258403445925e+00
3.721109258744463411e+00
3.721104943683501087e+00
3.721100206929794485e+00
3.721096237921301064e+00
3.721095484229647532e+00
3.721094685997869522e+00
3.721090104075817973e+00
3.721089709942752677e+00
3.721089241063471942e+00
3.721083968066812186e+00
3.721079568521395320e+00
3.721076156846192973e+00
3.721074213926417684e+00
3.721072780245134659e+00
3.721067646949730356e+00
3.721063099676182873e+00
3.721059902961592503e+00
3.721055991381935435e+00
3.721055098756063106e+00
3.721051060630595764e+00
3.721047066442274343e+00
3.721043194949408495e+00
3.721042346875578666e+00
3.721039714359402062e+00
3.721037906872778578e+00
3.721033283638358391e+00
3.721031729457557446e+00
3.721028057249990972e+00
3.721026187409460562e+00
3.721025449085927139e+00
3.721019919909403395e+00
3.721017670911233033e+00
3.721014467594923936e+00
3.721014623845647407e+00
3.721011742056640426e+00
3.721011399648125106e+00
3.721009391072662265e+00
3.721004631514352123e+00
3.721003629778456112e+00
3.721003557442545961e+00
3.721001797401514377e+00
3.720996304495178375e+00
3.720991102223855762e+00
3.720989685754035659e+00
3.720988348383260647e+00
3.720984280687752221e+00
3.720982223460657323e+00
3.720981271823561976e+00
3.720977460335939568e+00
3.720974229903868391e+00
3.720970519242269958e+00
3.720969575096356063e+00
3.720967540140575291e+00
3.720966727332957635e+00
3.720965305142212465e+00
3.720964880150193110e+00
3.720963535471141004e+00
3.720960246131132632e+00
3.720957911605858648e+00
3.720956355837217178e+00
3.720953982041819597e+00
3.720952223024059702e+00
3.720951240596629184e+00
3.720946855719971413e+00
3.720945317600433011e+00
3.720942123787188471e+00
3.720939841585957364e+00
3.720936057650806372e+00
3.720933450976754209e+00
3.720930338693738459e+00
3.720926960061450739e+00
3.720924126370910745e+00
3.720921762356864892e+00
3.720919316964792944e+00
3.720917244384108979e+00
3.720915080261015362e+00
3.720912812476721676e+00
3.720910975320728564e+00
3.720908244742935356e+00
3.720905830154229488e+00
3.720904018179646222e+00
3.720901192835173177e+00
3.720898683461551393e+00
3.720896046243233890e+00
3.720894702377520957e+00
3.720891546444479392e+00
3.720889087610273815e+00
3.720887172174026869e+00
3.720884673604689219e+00
3.720882260423799437e+00
3.720879271802304267e+00
3.720876925148999703e+00
3.720874737928214770e+00
3.720872889042786458e+00
3.720870190597518778e+00
3.720868045269978719e+00
3.720865379633015113e+00
3.720862987450278325e+00
3.720862038157003671e+00
3.720861475542229790e+00
3.720859764624135479e+00
3.720857879631125353e+00
3.720856212144120434e+00
3.720853715150050700e+00
3.720849716839484067e+00
3.720847374415972464e+00
3.720845002774201937e+00
3.720842688297208767e+00
3.720841177821193391e+00
3.720838617531626813e+00
3.720836626445009454e+00
3.720833490367854157e+00
3.720832149991433191e+00
3.720828610548348792e+00
3.720826619099330212e+00
3.720823154696824453e+00
3.720822005608563465e+00
3.720818833182867991e+00
3.720816500753024059e+00
3.720814001852555286e+00
3.720811924697194684e+00
3.720810548293941089e+00
3.720806790618226056e+00
3.720804593956798190e+00
3.720801870045628679e+00
3.720799707367361542e+00
3.720798529728360116e+00
3.720794941333629868e+00
3.720792442530451716e+00
3.720790516065769715e+00
3.720785974193685952e+00
3.720784268368533709e+00
3.720782890228520490e+00
3.720781534208080998e+00
3.720777560148378793e+00
3.720773970404164466e+00
3.720772572941263068e+00
3.720769034529062491e+00
3.720766165547674920e+00
3.720763442575044877e+00
3.720761225149437745e+00
3.720759492221893616e+00
3.720757664487499561e+00
3.720755199195089791e+00
3.720753666893275025e+00
3.720752168642824209e+00
3.720750283710674289e+00
3.720748054944873040e+00
3.720746358533205456e+00
3.720744088080270018e+00
3.720741865772096535e+00
3.720738374137836146e+00
3.720737037494358024e+00
3.720735718272163872e+00
3.720733282081367221e+00
3.720732536162722148e+00
3.720729130242649951e+00
3.720726991982919341e+00
3.720725001349606043e+00
3.720724008881767464e+00
3.720722421418658055e+00
3.720721499387610098e+00
3.720721621270421942e+00
3.720718016160100117e+00
3.720713753459932605e+00
3.720712604220073327e+00
3.720712083232089018e+00
3.720711871513175062e+00
3.720710936546219205e+00
3.720710210716102750e+00
3.720708765973106846e+00
3.720708066147820681e+00
3.720704478274422300e+00
3.720703932070555275e+00
3.720698663797481931e+00
3.720693822483801760e+00
3.720690542824734770e+00
3.720688539934089878e+00
3.720685649679958296e+00
3.720682182964782925e+00
3.720681375911386368e+00
3.720677515560352866e+00
3.720675584938660130e+00
3.720674028458137883e+00
3.720672600975075017e+00
3.720671439777245126e+00
3.720667504156301764e+00
3.720666228158426403e+00
3.720665921950528254e+00
3.720663026647000660e+00
3.720662703143248429e+00
3.720657721357234937e+00
3.720655379763139425e+00
3.720651147073682719e+00
3.720650342135761957e+00
3.720649170232558589e+00
3.720648361565361384e+00
3.720646957216572570e+00
3.720643949208635615e+00
3.720641309113478457e+00
3.720641121055906275e+00
3.720640781209753278e+00
3.720638971732818767e+00
3.720636408115943539e+00
3.720634131162292579e+00
3.720633728691438158e+00
3.720631017596451429e+00
3.720629388784103320e+00
3.720628014827492169e+00
3.720623817485471552e+00
3.720619125977502328e+00
3.720615317597430138e+00
3.720611844948661595e+00
3.720607750867239272e+00
3.720604907626348545e+00
3.720603484791566551e+00
3.720600053628709603e+00
3.720595684020539640e+00
3.720594851192893238e+00
3.720592748961019769e+00
3.720591955207153578e+00
3.720587715245225802e+00
3.720586444707393969e+00
3.720582921540827925e+00
3.720582279750977772e+00
3.720578150015703134e+00
3.720574187027913204e+00
3.720570991335383049e+00
3.720566694017868326e+00
3.720563361326682639e+00
3.720562429102119317e+00
3.720559483552447144e+00
3.720557667115402811e+00
3.720554736269825025e+00
3.720552022365978928e+00
3.720550504167625672e+00
3.720547890657388113e+00
3.720547040181604981e+00
3.720546445410213732e+00
3.720543521262620335e+00
3.720543454840846476e+00
3.720542960822245782e+00
3.720541016800320566e+00
3.720537158842605940e+00
3.720534342367185943e+00
3.720531563694277732e+00
3.720530206783648097e+00
3.720528646044686472e+00
3.720525736328349709e+00
3.720524988665441235e+00
3.720525286027736023e+00
3.720521374798842373e+00
3.720516192708732905e+00
3.720516103293150412e+00
3.720511906158137094e+00
3.720507908109657258e+00
3.720503390631517693e+00
3.720502861489755730e+00
3.720499268177037244e+00
3.720497619915483334e+00
3.720496740649605005e+00
3.720496293352731687e+00
3.720495589925354896e+00
3.720495042042144096e+00
3.720494407065929821e+00
3.720493449307169520e+00
3.720488572621245105e+00
3.720484103558524769e+00
3.720481699953366750e+00
3.720479303594834697e+00
3.720478707771905924e+00
3.720478200040454819e+00
3.720474493376346725e+00
3.720474111660890149e+00
3.720473359322758800e+00
3.720468969489756361e+00
3.720465771374222186e+00
3.720462997069225786e+00
3.720459738083656820e+00
3.720458782684171073e+00
3.720454419755021558e+00
3.720453661968865511e+00
3.720451052326771535e+00
3.720450115978528594e+00
3.720446723236180198e+00
3.720445841023520828e+00
3.720443394537318760e+00
3.720439453157000198e+00
3.720435457399965173e+00
3.720431930376740137e+00
3.720430901047407257e+00
3.720430622071214000e+00
3.720430459517084287e+00
3.720429814527185908e+00
3.720429622033810446e+00
3.720426717704047537e+00
3.720425843659394882e+00
3.720425379699186852e+00
3.720420792208291250e+00
3.720420020595392341e+00
3.720415604757406847e+00
3.720412119216349289e+00
3.720411143584911873e+00
3.720410188905908466e+00
3.720410224359245621e+00
3.720409502150456404e+00
3.720404258506372575e+00
3.720404320358551065e+00
3.720399201567296199e+00
3.720398089766176586e+00
3.720393408954954406e+00
3.720392908869842863e+00
3.720393578431920645e+00
3.720391156496027474e+00
3.720387464243075648e+00
3.720383137362287318e+00
3.720381811799075678e+00
3.720380018134623601e+00
3.720378728011243474e+00
3.720374381798961849e+00
3.720370079839005584e+00
3.720369986846803645e+00
3.720368768017212613e+00
3.720366421583155780e+00
3.720365947245957816e+00
3.720365428469942337e+00
3.720364484071122302e+00
3.720364399021735213e+00
3.720363770631262224e+00
3.720363615817657621e+00
3.720363092441677733e+00
3.720363134936822913e+00
3.720359050761318453e+00
3.720353666197299791e+00
3.720353475534640353e+00
3.720353569231134916e+00
3.720349634376644232e+00
3.720343998898145710e+00
3.720339842773568328e+00
3.720339607774493462e+00
3.720339605961200835e+00
3.720340087125324935e+00
3.720333520954882900e+00
3.720328108651330012e+00
3.720328314441445183e+00
3.720324088340819291e+00
3.720323719755418423e+00
3.720319900467843333e+00
3.720317535992601066e+00
3.720314105688028672e+00
3.720312718222241966e+00
3.720309493750409757e+00
3.720309031247788223e+00
3.720306888169427673e+00
3.720303840601856038e+00
3.720303014385843099e+00
3.720299528344717999e+00
3.720298371869147580e+00
3.720297726313724684e+00
3.720296604578118949e+00
3.720295887877776764e+00
3.720295443063137419e+00
3.720295027928856690e+00
3.720295028670911996e+00
3.720294350569851805e+00
3.720289546114686097e+00
3.720285529783428302e+00
3.720282071514743993e+00
3.720278977593307168e+00
3.720278333523055370e+00
3.720277235457742471e+00
3.720273020993822843e+00
3.720268978010391692e+00
3.720265771085830675e+00
3.720261864908872784e+00
3.720261268517848219e+00
3.720257643840965578e+00
3.720256560452337879e+00
3.720253186561524927e+00
3.720249321095364436e+00
3.720248698077326388e+00
3.720245180472073088e+00
3.720242199203676936e+00
3.720241885327216558e+00
3.720240724745687899e+00
3.720239782115815963e+00
3.720238584258980907e+00
3.720238101215472160e+00
3.720236438070580132e+00
3.720234818689544642e+00
3.720231130874726233e+00
3.720227979465044132e+00
3.720227177477353209e+00
3.720224754778849174e+00
3.720224209412656524e+00
3.720223387796426806e+00
3.720222487829491609e+00
3.720221851866054141e+00
3.720221751566308743e+00
3.720217246779748521e+00
3.720214464085177308e+00
3.720212878246984101e+00
3.720212556336253584e+00
3.720209019490313462e+00
3.720208489034457777e+00
3.720207728316449636e+00
3.720206999982891283e+00
3.720206636161587976e+00
3.720206090841497115e+00
3.720205706401678913e+00
3.720201626486883129e+00
3.720197914005706874e+00
3.720195534319971742e+00
3.720192306791022308e+00
3.720189231889485804e+00
3.720185995491904318e+00
3.720182672568076221e+00
3.720181966970539822e+00
3.720178786825513839e+00
3.720177204115155956e+00
3.720175900538797098e+00
3.720174584823102482e+00
3.720171281883347447e+00
3.720170427182794892e+00
3.720167202630932479e+00
3.720166361798219690e+00
3.720163448929599603e+00
3.720160450797723950e+00
3.720159179777668523e+00
3.720156983333413159e+00
3.720156336434470745e+00
3.720155070316002899e+00
3.720151989547346272e+00
3.720148899086972438e+00
3.720145602331283108e+00
3.720144871006690668e+00
3.720143328352135015e+00
3.720142411976468111e+00
3.720139027987980462e+00
3.720138076374212233e+00
3.720136473016475431e+00
3.720133204681128625e+00
3.720130880509835425e+00
3.720128031878367825e+00
3.720125375046674510e+00
3.720122697100066045e+00
3.720120850646880140e+00
3.720118566049908093e+00
3.720116426456661962e+00
3.720114120377315370e+00
3.720112253493269350e+00
3.720111197714402351e+00
3.720109839463362711e+00
3.720108210533102699e+00
3.720105362092172019e+00
3.720102559585518609e+00
3.720101446324334038e+00
3.720099446620187766e+00
3.720097604005835557e+00
3.720095004020652407e+00
3.720092873178273862e+00
3.720091198303495883e+00
3.720089451452814000e+00
3.720086853178302455e+00
3.720085259763538321e+00
3.720084355375176344e+00
3.720082117907314245e+00
3.720080052371828039e+00
3.720078401988079264e+00
3.720077705346354069e+00
3.720074918356127469e+00
3.720072993322624644e+00
3.720071476653607156e+00
3.720070536884566792e+00
3.720067599607567388e+00
3.720065420141943413e+00
3.720063571323367402e+00
3.720062369815095416e+00
3.720060963089104167e+00
3.720059603204870946e+00
3.720056950988355204e+00
3.720055880378906554e+00
3.720054741765569162e+00
3.720053494035874486e+00
3.720052585533283551e+00
3.720051034139880919e+00
3.720049649486528942e+00
3.720046391696131050e+00
3.720045087825710084e+00
3.720044098780372899e+00
3.720042581643658863e+00
3.720041214145144881e+00
3.720039339596121764e+00
3.720038053621389285e+00
3.720036752860234941e+00
3.720033290238617063e+00
3.720031179133198584e+00
3.720030659127055106e+00
3.720029544645666597e+00
3.720028147904014926e+00
3.720024464856875213e+00
3.720021557014440816e+00
3.720018947870987081e+00
3.720016678972679181e+00
3.720014938250491010e+00
3.720012691373598024e+00
3.720011231870497426e+00
3.720009777051034749e+00
3.720008671145548451e+00
3.720006531243821524e+00
3.720004896340789013e+00
3.720003060292418784e+00
3.720001595835957797e+00
3.719999908541057998e+00
3.719997591716197149e+00
3.719996215367520342e+00
3.719995319585299942e+00
3.719994348709941612e+00
3.719992135314092785e+00
3.719991784854623784e+00
3.719990282385940983e+00
3.719989226888114953e+00
3.719987636159064692e+00
3.719986331516357048e+00
3.719984805640309311e+00
3.719983856015031343e+00
3.719982424108923436e+00
3.719981176830016167e+00
3.719979879311374305e+00
3.719978145611700260e+00
3.719977405831088824e+00
3.719975704431184749e+00
3.719972799915093997e+00
3.719970117850962765e+00
3.719968062576235912e+00
3.719966307938294747e+00
3.719964014723786683e+00
3.719962234224591047e+00
3.719960494275912577e+00
3.719958898773592981e+00
3.719956263630710414e+00
3.719953611604191135e+00
3.719951795562836505e+00
3.719950825757853519e+00
3.719948296534266952e+00
3.719946421566228789e+00
3.719944510716519215e+00
3.719942551015626986e+00
3.719941280999237598e+00
3.719939101260432146e+00
3.719937217021149323e+00
3.719935376958583007e+00
3.719933550901655561e+00
3.719931598258141126e+00
3.719930106539141246e+00
3.719928002688843716e+00
3.719926611026940666e+00
3.719925340746961240e+00
3.719923745144164240e+00
3.719922468218749945e+00
3.719920260031513326e+00
3.719918460693982798e+00
3.719916573798037085e+00
3.719914555093264852e+00
3.719912540848532956e+00
3.719910619890322234e+00
3.719909659098179056e+00
3.719907978828465911e+00
3.719906576922280994e+00
3.719905956036996031e+00
3.719904111490535570e+00
3.719902415523255623e+00
3.719901207300571055e+00
3.719899097130373367e+00
3.719898223127524162e+00
3.719897974539560614e+00
3.719896512996151205e+00
3.719895517022051123e+00
3.719894358225646513e+00
3.719892241238074604e+00
3.719889655862546274e+00
3.719887196794717354e+00
3.719885745104203334e+00
3.719884398775431755e+00
3.719882555313880790e+00
3.719881192411084392e+00
3.719879254998541551e+00
3.719878084053722223e+00
3.719876651211124319e+00
3.719875448068714618e+00
3.719874525360619355e+00
3.719873341928333854e+00
3.719871317672003297e+00
3.719870034289459948e+00
3.719869265586756679e+00
3.719867537345265429e+00
3.719864569922778141e+00
3.719862339893044378e+00
3.719861337494516196e+00
3.719860331643993767e+00
3.719858852448087116e+00
3.719857435507802457e+00
3.719855215919728231e+00
3.719852571959256338e+00
3.719851475349510661e+00
3.719849029895264891e+00
3.719847768726529225e+00
3.719847465871747971e+00
3.719845794509520687e+00
3.719845805748326573e+00
3.719843039997781542e+00
3.719841212272684938e+00
3.719838792044594555e+00
3.719837420538293582e+00
3.719834360440285259e+00
3.719832424278099126e+00
3.719830044883452036e+00
3.719828376172908957e+00
3.719826634491071538e+00
3.719825135012635009e+00
3.719822888299140651e+00
3.719821285036216896e+00
3.719819491791779509e+00
3.719816779777703086e+00
3.719815151334895376e+00
3.719813414195376922e+00
3.719812145917655855e+00
3.719811328042464726e+00
3.719810398386713235e+00
3.719809042108643826e+00
3.719808054031029876e+00
3.719806955607618537e+00
3.719806220703957056e+00
3.719805576469192410e+00
3.719805300783511459e+00
3.719803601405797799e+00
3.719802143537514372e+00
3.719801111189316334e+00
3.719799421626436509e+00
3.719798113760032443e+00
3.719796650896237455e+00
3.719794151626406808e+00
3.719792110502170512e+00
3.719790373399406658e+00
3.719789379856001776e+00
3.719786802053803854e+00
3.719784782546803115e+00
3.719782617672813707e+00
3.719780673739854659e+00
3.719779106556396986e+00
3.719776936703981018e+00
3.719775334459331173e+00
3.719773567978736928e+00
3.719770948630719776e+00
3.719768847956097968e+00
3.719767973180229781e+00
3.719766548113192073e+00
3.719765225520030416e+00
3.719763238246300396e+00
3.719760722260339492e+00
3.719758951259422020e+00
3.719757216082673068e+00
3.719755573697841822e+00
3.719753504788469112e+00
3.719752531997407630e+00
3.719751664467460639e+00
3.719750185304725676e+00
3.719748848464325075e+00
3.719747947270256372e+00
3.719746144354261652e+00
3.719743746409726715e+00
3.719741716484579186e+00
3.719740093788768576e+00
3.719738155784072742e+00
3.719736715268961547e+00
3.719734946523698849e+00
3.719733420119098355e+00
3.719730577641731983e+00
3.719728610195351060e+00
3.719727208733740298e+00
3.719725267442419714e+00
3.719723620388824425e+00
3.719720448047289185e+00
3.719719151481145403e+00
3.719716204557384831e+00
3.719714694363692509e+00
3.719713855707689643e+00
3.719711245172100167e+00
3.719709662349842461e+00
3.719708252842507168e+00
3.719706903525556108e+00
3.719704015158889376e+00
3.719701316167732141e+00
3.719699852817284658e+00
3.719698203458100760e+00
3.719696715713823654e+00
3.719694303406796632e+00
3.719693102945559993e+00
3.719691701677121376e+00
3.719690269734705179e+00
3.719688632612118351e+00
3.719687318479866889e+00
3.719685518798530488e+00
3.719684974243012476e+00
3.719683567549035619e+00
3.719682122469588403e+00
3.719680304623248723e+00
3.719678444641690174e+00
3.719676850911387334e+00
3.719675911306334903e+00
3.719674907421296250e+00
3.719672611760918901e+00
3.719670738662413711e+00
3.719669592290411053e+00
3.719667586389383551e+00
3.719665681469325413e+00
3.719663917928504926e+00
3.719662624489427305e+00
3.719660756393237122e+00
3.719659324217837515e+00
3.719658246271499991e+00
3.719656083707353567e+00
3.719654562654698182e+00
3.719652286611882630e+00
3.719650753015532274e+00
3.719648453434873048e+00
3.719646950203344904e+00
3.719645175273470716e+00
3.719643710855395469e+00
3.719642195337582002e+00
3.719641585445185417e+00
3.719640449356686585e+00
3.719638488546590516e+00
3.719637654250459669e+00
3.719636091409335155e+00
3.719634242458174533e+00
3.719633203755239315e+00
3.719632077981014806e+00
3.719630768967038037e+00
3.719629359594551321e+00
3.719628288593319176e+00
3.719627666267696586e+00
3.719626112553321651e+00
3.719624741663114076e+00
3.719623352883326461e+00
3.719622506107434834e+00
3.719621514441972199e+00
3.719620191615305327e+00
3.719619657609310792e+00
3.719618546489555921e+00
3.719617389342753544e+00
3.719615065823179023e+00
3.719614428837819453e+00
3.719613027669823158e+00
3.719611201841305892e+00
3.719609813400279741e+00
3.719609074909845159e+00
3.719606491844716700e+00
3.719604052841695818e+00
3.719603307900555933e+00
3.719600669601579757e+00
3.719600302267115133e+00
3.719597777316156595e+00
3.719596649130829213e+00
3.719594521143065435e+00
3.719593791461638155e+00
3.719593228529806339e+00
3.719591452409613641e+00
3.719590344598205256e+00
3.719589297839776876e+00
3.719587084840751512e+00
3.719584896146707731e+00
3.719582499112005003e+00
3.719581582702074840e+00
3.719578731135538163e+00
3.719577815389083497e+00
3.719577266138018423e+00
3.719574543158819857e+00
3.719573834826720216e+00
3.719571290416290754e+00
3.719568992591818724e+00
3.719568166552818855e+00
3.719567498218240509e+00
3.719566774544442289e+00
3.719566068903187084e+00
3.719565500684867576e+00
3.719564835742935394e+00
3.719564334743834078e+00
3.719561381600189787e+00
3.719558988973843849e+00
3.719558079262943462e+00
3.719557255449138733e+00
3.719556626666831622e+00
3.719554283913091286e+00
3.719553505688037998e+00
3.719551042524753104e+00
3.719550313135832731e+00
3.719547736488237000e+00
3.719546944441669112e+00
3.719545990789625556e+00
3.719543741712657781e+00
3.719541540637568477e+00
3.719541119719750988e+00
3.719540688711949539e+00
3.719540107000216089e+00
3.719539485410856106e+00
3.719537013356761790e+00
3.719536007815593681e+00
3.719533769781224297e+00
3.719531535071439077e+00
3.719529535301175471e+00
3.719528551043157272e+00
3.719526246235293154e+00
3.719523759580221967e+00
3.719521363164155048e+00
3.719518932880695239e+00
3.719518621062590569e+00
3.719518165938809240e+00
3.719517792007586809e+00
3.719517064202702450e+00
3.719515639815113239e+00
3.719513413952562075e+00
3.719512269269610094e+00
3.719511163403011356e+00
3.719508521078961127e+00
3.719507340950791718e+00
3.719506291676663245e+00
3.719505855979565290e+00
3.719504130844555334e+00
3.719502398142604083e+00
3.719500364442287932e+00
3.719499461367885562e+00
3.719496721946195628e+00
3.719495671397429426e+00
3.719494860560935034e+00
3.719492712996147699e+00
3.719492104736852323e+00
3.719489715780459616e+00
3.719489229972668731e+00
3.719489117363675490e+00
3.719486409841279428e+00
3.719485162517762511e+00
3.719482511820679349e+00
3.719481554344525431e+00
3.719480768462971376e+00
3.719480153352978213e+00
3.719477801166420239e+00
3.719475940529411773e+00
3.719475116048941654e+00
3.719474375426125246e+00
3.719473827540437316e+00
3.719471367388972993e+00
3.719468966907206298e+00
3.719466726969701487e+00
3.719465649630889548e+00
3.719464604907109173e+00
3.719463671783713288e+00
3.719463316465665859e+00
3.719460703959401648e+00
3.719458232363293870e+00
3.719457771491375908e+00
3.719456774327275284e+00
3.719454140664875119e+00
3.719453740426811983e+00
3.719453196551373964e+00
3.719451482634737793e+00
3.719451072633111810e+00
3.719448311745594093e+00
3.719447440047605635e+00
3.719445844059193984e+00
3.719445529420675189e+00
3.719443753412810860e+00
3.719441414724630413e+00
3.719439819100605060e+00
3.719438098148789340e+00
3.719437435570613015e+00
3.719435860284927564e+00
3.719435269411188738e+00
3.719433091527509561e+00
3.719430522310023246e+00
3.719428872385308615e+00
3.719428256447930181e+00
3.719426050595245226e+00
3.719424918257067336e+00
3.719422792957096213e+00
3.719421405740792164e+00
3.719420444622433930e+00
3.719419805662345979e+00
3.719418971413722463e+00
3.719417064566894915e+00
3.719416008196605450e+00
3.719413377997006442e+00
3.719413234739262109e+00
3.719411381744524014e+00
3.719411294483367048e+00
3.719411379292136832e+00
3.719411200446687271e+00
3.719411348291779884e+00
3.719411780205430951e+00
3.719410858599685454e+00
3.719408108395258594e+00
3.719407748674438796e+00
3.719406140698685359e+00
3.719404806264042573e+00
3.719404136873313949e+00
3.719403137906848844e+00
3.719401750992840761e+00
3.719401445835909481e+00
3.719399059089933068e+00
3.719398161497842192e+00
3.719397019146439831e+00
3.719396359103251282e+00
3.719395733461062559e+00
3.719394777683535658e+00
3.719393970222059753e+00
3.719391268932797256e+00
3.719390689471075540e+00
3.719389767820339809e+00
3.719388922695609612e+00
3.719385844824709686e+00
3.719385209575238882e+00
3.719384331988340620e+00
3.719384558421860554e+00
3.719382753544144826e+00
3.719382858279075776e+00
3.719379335987040847e+00
3.719376128807932336e+00
3.719374960932654073e+00
3.719374392847462296e+00
3.719372195484254018e+00
3.719369947428634138e+00
3.719370011614759441e+00
3.719369097205130981e+00
3.719366730826976664e+00
3.719364136655077591e+00
3.719361829160666044e+00
3.719361474309101467e+00
3.719360761867009035e+00
3.719359888675549897e+00
3.719359337839344803e+00
3.719356914263413305e+00
3.719357023407158458e+00
3.719356309378725189e+00
3.719353311384536731e+00
3.719353271701771657e+00
3.719352383345925883e+00
3.719351670344086536e+00
3.719348721963898985e+00
3.719348102374147480e+00
3.719347356478883260e+00
3.719344355280184367e+00
3.719341622050219787e+00
3.719339816950011812e+00
3.719339496400091871e+00
3.719339163312939789e+00
3.719338693096887027e+00
3.719337990529030247e+00
3.719335116861285151e+00
3.719333269609827131e+00
3.719330687221197085e+00
3.719328703624329879e+00
3.719328368507134108e+00
3.719326160425942884e+00
3.719323900486188883e+00
3.719322317407145473e+00
3.719321432961486540e+00
3.719319354752974593e+00
3.719317169555227398e+00
3.719315439042681248e+00
3.719313596768423658e+00
3.719313078991634658e+00
3.719310885432867142e+00
3.719309271577387666e+00
3.719307750847370198e+00
3.719305700818891225e+00
3.719304004340733272e+00
3.719302933876047934e+00
3.719300887255270194e+00
3.719300188675658703e+00
3.719299033721501058e+00
3.719297398202428440e+00
3.719295854291563064e+00
3.719294076127827697e+00
3.719293399782058529e+00
3.719291992531769342e+00
3.719290387015278920e+00
3.719288704959465175e+00
3.719287419105784309e+00
3.719286008856092618e+00
3.719284752813643458e+00
3.719283924561955779e+00
3.719282351712380308e+00
3.719280456381185207e+00
3.719279306626829928e+00
3.719277693675004937e+00
3.719276695632789398e+00
3.719275504263526155e+00
3.719273885241810795e+00
3.719272694719234273e+00
3.719271282817666613e+00
3.719270710731477081e+00
3.719268890963711272e+00
3.719267833232041465e+00
3.719266598788117495e+00
3.719265068990558643e+00
3.719263592123821294e+00
3.719262198148660215e+00
3.719260811720878745e+00
3.719259583467843022e+00
3.719258067104792786e+00
3.719256900241398878e+00
3.719256098920604270e+00
3.719254443196666315e+00
3.719253311138176255e+00
3.719251140958240498e+00
3.719249819145102887e+00
3.719248924381405530e+00
3.719247700966214154e+00
3.719246538233252686e+00
3.719244765006804787e+00
3.719243360829888712e+00
3.719242144133676486e+00
3.719240447443476150e+00
3.719238863411840068e+00
3.719237664858340064e+00
3.719236001140323822e+00
3.719235087062733314e+00
3.719233666670690663e+00
3.719232775343265907e+00
3.719231743174375104e+00
3.719230749466160724e+00
3.719229315884434506e+00
3.719228483768370008e+00
3.719227259677988950e+00
3.719225764536637335e+00
3.719224504671485576e+00
3.719223650620976596e+00
3.719221876855010045e+00
3.719220625864966046e+00
3.719219921183163802e+00
3.719218412678745977e+00
3.719216991062737065e+00
3.719216435881417926e+00
3.719214944237833720e+00
3.719214373217558656e+00
3.719213738707552341e+00
3.719212247285013540e+00
3.719211358318172067e+00
3.719210067128502661e+00
3.719209051409019029e+00
3.719208561903517118e+00
3.719207914802779680e+00
3.719206545529540886e+00
3.719204680108143979e+00
3.719203288137037600e+00
3.719202061652329139e+00
3.719200757406194935e+00
3.719199384313663259e+00
3.719198371160044037e+00
3.719196787709128316e+00
3.719195693735612096e+00
3.719194164950481163e+00
3.719192799331914046e+00
3.719191435418396807e+00
3.719190317035756976e+00
3.719188823991617543e+00
3.719187429880761897e+00
3.719186465120258855e+00
3.719184762210748563e+00
3.719183552279343274e+00
3.719181993726946800e+00
3.719181246863112467e+00
3.719180266056819395e+00
3.719179276176381332e+00
3.719177420149692548e+00
3.719175670299684544e+00
3.719174062744654119e+00
3.719172608024861049e+00
3.719171013961238170e+00
3.719169929205712322e+00
3.719168799445085938e+00
3.719167515646487399e+00
3.719166100001094932e+00
3.719165198658819005e+00
3.719163816910231013e+00
3.719162669440824409e+00
3.719161699820251687e+00
3.719161160917247688e+00
3.719159490444948091e+00
3.719157777922624142e+00
3.719156542416495181e+00
3.719155719349919842e+00
3.719154294094201951e+00
3.719152707736005592e+00
3.719151576565071338e+00
3.719150307460836746e+00
3.719148735242833848e+00
3.719147939634952937e+00
3.719146621189064472e+00
3.719145765944052329e+00
3.719145094689597197e+00
3.719144932231165157e+00
3.719142985274175750e+00
3.719142739108590945e+00
3.719140973190441457e+00
3.719140134225276562e+00
3.719138447109501922e+00
3.719137043874678028e+00
3.719135822344593834e+00
3.719134200964854919e+00
3.719132583949166460e+00
3.719131522068716666e+00
3.719130051089435618e+00
3.719129074678645619e+00
3.719128229165223232e+00
3.719127008482634889e+00
3.719125890664735756e+00
3.719124757865023501e+00
3.719124012292947867e+00
3.719123682654190688e+00
3.719121826378176454e+00
3.719120626851791567e+00
3.719119676230831839e+00
3.719117996629000444e+00
3.719116426073327375e+00
