5.717292717328304515e-04
1.723477128035106557e-03
2.905486408687718743e-03
4.110923284662199029e-03
5.365530447903045681e-03
7.008077299954914782e-03
1.147514156948935792e-02
1.878773763791685356e-02
2.717550389390252161e-02
3.596905868192346728e-02
4.456525478975922189e-02
5.301953999724646344e-02
6.174551009421514608e-02
6.862515281199034478e-02
7.304959720796587452e-02
7.570258346380966119e-02
7.556275798293343726e-02
7.182178834621841257e-02
6.673433977221508717e-02
6.150267849872182585e-02
5.789179892206271910e-02
5.477199503120896984e-02
5.188360878055577746e-02
4.927976593927193422e-02
4.658382677660997950e-02
4.292819811069459313e-02
3.830195035915670565e-02
3.386507203570028601e-02
2.955947424844306004e-02
2.571113870025232978e-02
2.294474809408277374e-02
2.047012022933706113e-02
1.825585947981272703e-02
1.605908529938106233e-02
1.459467552835433737e-02
1.378100300578314653e-02
1.292068912472025405e-02
1.198065966918963887e-02
1.117504734711301760e-02
1.047669893761227038e-02
9.810421718205078467e-03
8.892785152899236947e-03
8.142693723362242827e-03
7.725089798764050650e-03
7.178785027439913216e-03
6.524155787896258017e-03
5.885389299489628828e-03
5.205503063518561284e-03
4.423397005977942019e-03
3.397489293478666347e-03
2.424820836589208339e-03
1.839070679830364903e-03
1.574295089544834516e-03
1.415354521965483166e-03
1.164636730303318830e-03
9.000501781331994924e-04
6.874431383852766921e-04
5.214932248963419356e-04
3.851875229898958533e-04
2.857814379051939113e-04
1.986444600338659180e-04
1.309133991973060419e-04
8.296379621902678491e-05
6.113867915355468007e-05
7.377819742350453006e-05
1.211516670183843526e-04
1.722885039413600376e-04
2.157455430153441042e-04
2.606959544852396221e-04
2.569495126814157356e-04
2.069155436426048714e-04
1.457817150276231757e-04
8.365128614811391408e-05
2.819565468135930579e-05
7.809871960918823756e-07
6.287930056388393984e-07
4.605836017319548909e-07
2.890746319985513631e-07
1.226645564775178657e-07
1.694409612929772342e-08
5.849022516873564543e-17
2.344499444309225997e-17
5.856662117644458319e-18
1.829363337806791852e-18
8.226422202765126174e-25
2.266393594305742245e-26
7.470499372525147543e-33
4.804162285134774969e-36
4.530961246991190227e-36
3.204106046397342803e-36
1.243093639515420635e-36
1.267027854051500429e-37
1.474815085518009272e-40
3.869008083635190756e-41
2.687497979381003394e-41
8.638237683238005327e-42
3.012572834034794270e-45
9.233204279487588943e-51
6.618203516402706509e-51
3.489769112338921152e-51
2.337966533670822775e-58
