5.717292717328311021e-04
1.723477128035107641e-03
2.905486408687719610e-03
4.110923284662200763e-03
5.365530447903044814e-03
7.008077299954913048e-03
1.147514156948935792e-02
1.878773763791685356e-02
2.717550389390252855e-02
3.596905868192347422e-02
4.456525478975922189e-02
5.301953999724647731e-02
6.174551009421514608e-02
6.862515281199035866e-02
7.304959720796588840e-02
7.570258346380964731e-02
7.556275798293346502e-02
7.182178834621841257e-02
6.673433977221507329e-02
6.150267849872180503e-02
5.789179892206271910e-02
5.477199503120896984e-02
5.188360878055578440e-02
4.927976593927194116e-02
4.658382677660999338e-02
4.292819811069458619e-02
3.830195035915669871e-02
3.386507203570027907e-02
2.955947424844305657e-02
2.571113870025231590e-02
2.294474809408277027e-02
2.047012022933706460e-02
1.825585947981272703e-02
1.605908529938106580e-02
1.459467552835434258e-02
1.378100300578315000e-02
1.292068912472025405e-02
1.198065966918964408e-02
1.117504734711301934e-02
1.047669893761226864e-02
9.810421718205080202e-03
8.892785152899236947e-03
8.142693723362241093e-03
7.725089798764051517e-03
7.178785027439913216e-03
6.524155787896260619e-03
5.885389299489628828e-03
5.205503063518562151e-03
4.423397005977942886e-03
3.397489293478666780e-03
2.424820836589208339e-03
1.839070679830364687e-03
1.574295089544833649e-03
1.415354521965483166e-03
1.164636730303318397e-03
9.000501781331997093e-04
6.874431383852764752e-04
5.214932248963419356e-04
3.851875229898957991e-04
2.857814379051939113e-04
1.986444600338658096e-04
1.309133991973060419e-04
8.296379621902681201e-05
6.113867915355472072e-05
7.377819742350457072e-05
1.211516670183843933e-04
1.722885039413600918e-04
2.157455430153441042e-04
2.606959544852396221e-04
2.569495126814157356e-04
2.069155436426048714e-04
1.457817150276231757e-04
8.365128614811392764e-05
2.819565468135931595e-05
7.809871960918875637e-07
6.287930056388438453e-07
4.605836017319581732e-07
2.890746319985532690e-07
1.226645564775186333e-07
1.694409612929783261e-08
5.849022516873554682e-17
2.344499444309221682e-17
5.856662117644448304e-18
1.829363337806788771e-18
8.226422202765196887e-25
2.266393594305761473e-26
7.470499372525688083e-33
4.804162285134728196e-36
4.530961246991140113e-36
3.204106046397304048e-36
1.243093639515406268e-36
1.267027854051487901e-37
1.474815085518141410e-40
3.869008083635032211e-41
2.687497979380894809e-41
8.638237683237651023e-42
3.012572834034670432e-45
9.233204279487471436e-51
6.618203516402622236e-51
3.489769112338876642e-51
2.337966533670740000e-58
