4.620043472074208718e-04
4.455392649791022498e-04
4.287897784267652164e-04
4.178183997244709473e-04
4.101356068226192286e-04
4.635439192176878782e-04
9.783038071874109072e-04
1.725836389467701052e-03
2.498963562731025285e-03
3.325711033754761865e-03
3.988000438127949077e-03
4.502024257440862334e-03
4.944161559961165846e-03
5.158166181574576174e-03
5.242278539992603105e-03
5.272724818865955412e-03
5.255887348492615727e-03
5.275761100968216766e-03
5.234396820685579925e-03
5.021988080357411496e-03
4.700723628095582890e-03
4.236170344038331717e-03
3.853320803635375182e-03
3.463777831940748411e-03
3.025691729556242732e-03
2.719880814052462199e-03
2.524770835712693891e-03
2.356529978644365201e-03
2.234805486096540054e-03
2.024297504293758650e-03
1.609757383728233071e-03
1.161782205503322134e-03
7.598845511142433840e-04
4.170385788679301532e-04
2.688664049791711667e-04
2.408158950420321524e-04
2.209228372082619961e-04
1.818351736688890398e-04
1.428822834057230618e-04
1.001813779820712289e-04
5.524037781391260811e-05
1.995134162097152104e-05
5.099941731100615601e-06
1.115625889291470557e-06
6.651616474602664811e-08
1.699774419639409204e-13
5.403583942467699594e-14
1.250999360561783795e-14
3.899699555032282870e-19
3.329417826003697043e-29
4.929387231414990704e-31
3.866642797211328621e-32
2.644726855419151792e-33
1.946203042020961133e-35
1.010177320590167281e-40
6.977751295505951617e-41
3.525080911045321049e-41
6.778176514802688558e-42
1.098430637257277303e-42
1.351891923932579754e-43
6.026462032665730414e-44
1.091120726041580569e-44
8.044610664204495699e-57
4.826371639938825484e-57
1.604609356851003728e-57
5.479019421192907017e-59
1.357278092950080889e-59
8.045209263497056023e-60
3.396526292652689862e-60
5.880171832887284659e-61
3.693768540486443363e-62
6.310161931512320353e-63
1.072025940787558874e-73
5.952286808557687879e-74
1.411557329022314976e-74
6.925651028633399596e-76
2.072642128197266572e-85
4.252035646083892072e-86
7.209060854944497306e-93
7.211290846933903082e-93
5.336436112081091667e-93
2.624865113050449326e-93
5.244853122052423948e-94
4.358600077168512297e-107
3.364611758861471577e-107
2.088267287934295000e-107
5.250177278582367721e-108
7.253831955954420163e-109
1.833630423054887853e-115
1.690340023358840026e-126
3.052133611447458025e-128
2.047552541654141011e-130
8.825509669885426072e-131
2.195888640489356317e-131
9.625448948053071559e-133
4.481195020189703945e-141
2.846995311222753979e-148
2.016833383602307229e-148
1.268456816722648121e-148
5.944503826529293161e-149
1.038680769375450609e-158
