3.769493507691122711e-03
7.432772649456727797e-03
1.146871732093868342e-02
1.582422016970674167e-02
2.040584446667592991e-02
2.628522337015875079e-02
3.940583278206690604e-02
5.902935954466653062e-02
8.046466433149006281e-02
1.027831548621370300e-01
1.250972504104436445e-01
1.500230673878853449e-01
1.794471730798226083e-01
2.078640078929449853e-01
2.316309031383984585e-01
2.538266750783216841e-01
2.746620826971776230e-01
2.911257331814889882e-01
3.033612044891733084e-01
3.111850904337924439e-01
3.207020002780220924e-01
3.261733857828579275e-01
3.282564716130068061e-01
3.268654243812461058e-01
3.231069807898969692e-01
3.116776341313453047e-01
2.950032383112969891e-01
2.782960905000139706e-01
2.628699228345143246e-01
2.529338214904581772e-01
2.484274090840188076e-01
2.468312014750538297e-01
2.448979874578053328e-01
2.410469998222421473e-01
2.398830454749214247e-01
2.401375384872922458e-01
2.395048073441497782e-01
2.355866929996756065e-01
2.266844207276763612e-01
2.133381783424822542e-01
1.998862571377537367e-01
1.877489383280350754e-01
1.784299915184013041e-01
1.717292718178529687e-01
1.652306845870299412e-01
1.585049933323130489e-01
1.513200719276665551e-01
1.425616002174821817e-01
1.321201996365705955e-01
1.214253642349523155e-01
1.126910803424238799e-01
1.049137389280379029e-01
9.915128249273769123e-02
9.567643366246121606e-02
9.230987528144286858e-02
8.766723722185619516e-02
8.251105967982468037e-02
7.736902403912944426e-02
7.006896338219931186e-02
6.297389284081665595e-02
5.659042863731422041e-02
5.098937134483547129e-02
4.528032649674380156e-02
3.910670118934525541e-02
3.293547523047063441e-02
2.837961365003901018e-02
2.536132560031666497e-02
2.329870517099886379e-02
2.147983939548095411e-02
1.986320501429350918e-02
1.839673366045226424e-02
1.704857045549621961e-02
1.535986209501721649e-02
1.332734332967165300e-02
1.131982565721731740e-02
9.540199043928420872e-03
7.986816789045895343e-03
6.720593576148300476e-03
5.536621358506787875e-03
4.457562035838197843e-03
3.495450987916240339e-03
2.843435308339637736e-03
2.299271445076378397e-03
1.829506221752330748e-03
1.477460544533899627e-03
1.223282878725414930e-03
1.025283664338017854e-03
8.526598225161379592e-04
6.908101565507563345e-04
5.608616837072362893e-04
4.908889806863052548e-04
4.358735762635468965e-04
3.959740507432477118e-04
3.887765476746758665e-04
3.997311806229305784e-04
4.370206569347213433e-04
4.572123982309127905e-04
4.586297245563250970e-04
4.350000719244996703e-04
3.769183303424009611e-04
2.942409696198762807e-04
