4.620043472074208718e-04
4.455392649791021413e-04
4.287897784267651622e-04
4.178183997244711099e-04
4.101356068226192828e-04
4.635439192176881492e-04
9.783038071874115577e-04
1.725836389467701919e-03
2.498963562731025285e-03
3.325711033754761865e-03
3.988000438127949077e-03
4.502024257440863202e-03
4.944161559961166713e-03
5.158166181574576174e-03
5.242278539992602238e-03
5.272724818865956280e-03
5.255887348492616594e-03
5.275761100968216766e-03
5.234396820685580792e-03
5.021988080357410629e-03
4.700723628095581155e-03
4.236170344038329982e-03
3.853320803635375616e-03
3.463777831940748411e-03
3.025691729556243600e-03
2.719880814052462632e-03
2.524770835712693891e-03
2.356529978644365201e-03
2.234805486096539621e-03
2.024297504293758217e-03
1.609757383728232854e-03
1.161782205503322134e-03
7.598845511142433840e-04
4.170385788679302074e-04
2.688664049791711667e-04
2.408158950420322066e-04
2.209228372082621046e-04
1.818351736688890669e-04
1.428822834057230889e-04
1.001813779820712560e-04
5.524037781391261489e-05
1.995134162097153121e-05
5.099941731100616448e-06
1.115625889291470980e-06
6.651616474602667458e-08
1.699774419639400369e-13
5.403583942467670564e-14
1.250999360561776853e-14
3.899699555032288648e-19
3.329417826003642672e-29
4.929387231414944286e-31
3.866642797211303989e-32
2.644726855419186688e-33
1.946203042020970220e-35
1.010177320590132411e-40
6.977751295505738525e-41
3.525080911045220621e-41
6.778176514802522876e-42
1.098430637257240981e-42
1.351891923932447926e-43
6.026462032665145949e-44
1.091120726041474280e-44
8.044610664203376191e-57
4.826371639938151402e-57
1.604609356850780448e-57
5.479019421192247297e-59
1.357278092949961724e-59
8.045209263496336388e-60
3.396526292652379236e-60
5.880171832886702927e-61
3.693768540485874240e-62
6.310161931511348784e-63
1.072025940787423775e-73
5.952286808556939341e-74
1.411557329022137071e-74
6.925651028632528232e-76
2.072642128196947107e-85
4.252035646083234854e-86
7.209060854942771980e-93
7.211290846932174350e-93
5.336436112079812576e-93
2.624865113049820851e-93
5.244853122051168915e-94
4.358600077168264209e-107
3.364611758861279158e-107
2.088267287934175191e-107
5.250177278582068200e-108
7.253831955954005107e-109
1.833630423054553112e-115
1.690340023358454601e-126
3.052133611446769180e-128
2.047552541654022488e-130
8.825509669884924550e-131
2.195888640489230686e-131
9.625448948052517858e-133
4.481195020188938299e-141
2.846995311222263235e-148
2.016833383601962701e-148
1.268456816722431575e-148
5.944503826528277291e-149
1.038680769375273315e-158
