3.769493507691120109e-03
7.432772649456721725e-03
1.146871732093867821e-02
1.582422016970673473e-02
2.040584446667591603e-02
2.628522337015874732e-02
3.940583278206688522e-02
5.902935954466650287e-02
8.046466433149003505e-02
1.027831548621370300e-01
1.250972504104436445e-01
1.500230673878853449e-01
1.794471730798226361e-01
2.078640078929449853e-01
2.316309031383984307e-01
2.538266750783216286e-01
2.746620826971775120e-01
2.911257331814889882e-01
3.033612044891732529e-01
3.111850904337924439e-01
3.207020002780221479e-01
3.261733857828579275e-01
3.282564716130066951e-01
3.268654243812460503e-01
3.231069807898969137e-01
3.116776341313453047e-01
2.950032383112969891e-01
2.782960905000139706e-01
2.628699228345143801e-01
2.529338214904582327e-01
2.484274090840188076e-01
2.468312014750538297e-01
2.448979874578053328e-01
2.410469998222420918e-01
2.398830454749214802e-01
2.401375384872922458e-01
2.395048073441498060e-01
2.355866929996755232e-01
2.266844207276763612e-01
2.133381783424822542e-01
1.998862571377537367e-01
1.877489383280351309e-01
1.784299915184013319e-01
1.717292718178529132e-01
1.652306845870299412e-01
1.585049933323130489e-01
1.513200719276665551e-01
1.425616002174822095e-01
1.321201996365705678e-01
1.214253642349523710e-01
1.126910803424239077e-01
1.049137389280379168e-01
9.915128249273769123e-02
9.567643366246127157e-02
9.230987528144286858e-02
8.766723722185619516e-02
8.251105967982474976e-02
7.736902403912947201e-02
7.006896338219935350e-02
6.297389284081665595e-02
5.659042863731419959e-02
5.098937134483545741e-02
4.528032649674377380e-02
3.910670118934525541e-02
3.293547523047061359e-02
2.837961365003898589e-02
2.536132560031663721e-02
2.329870517099884991e-02
2.147983939548094717e-02
1.986320501429350224e-02
1.839673366045225730e-02
1.704857045549621267e-02
1.535986209501720608e-02
1.332734332967164433e-02
1.131982565721731393e-02
9.540199043928415668e-03
7.986816789045897078e-03
6.720593576148304812e-03
5.536621358506791345e-03
4.457562035838206517e-03
3.495450987916250748e-03
2.843435308339649879e-03
2.299271445076388372e-03
1.829506221752339422e-03
1.477460544533907866e-03
1.223282878725419917e-03
1.025283664338020456e-03
8.526598225161381760e-04
6.908101565507562261e-04
5.608616837072365061e-04
4.908889806863056884e-04
4.358735762635472760e-04
3.959740507432481455e-04
3.887765476746758665e-04
3.997311806229299821e-04
4.370206569347195001e-04
4.572123982309097005e-04
4.586297245563211939e-04
4.350000719244954961e-04
3.769183303423962990e-04
2.942409696198717271e-04
