1.344428435727804553e-07
2.560511577799436313e-07
3.479472764695371575e-07
4.017798105689174487e-07
4.017717332304313067e-07
1.682905842422259402e-07
1.386396754029617517e-07
-7.454431270064965550e-08
-2.295511628835286793e-07
-3.786327476164553938e-07
-5.606395372034730213e-07
-8.116721879365170089e-07
-1.171236812233636066e-06
-1.685102706029083555e-06
-2.407278386977098630e-06
-3.401723470634605750e-06
-4.743892832464595725e-06
-6.520279037998656230e-06
-8.834274588191589529e-06
-1.180033508906580433e-05
-1.554771475947761656e-05
-2.021913303311672280e-05
-2.596919366782974702e-05
-3.296210801913941005e-05
-2.617471591401985975e-05
-3.772456213373723651e-05
-3.048696207350830832e-05
-4.636278630329652268e-05
-3.708471841122112982e-05
-3.146636572757429665e-05
-5.359052498822872520e-05
-4.265447553020739645e-05
-3.585750142808562301e-05
-3.160182690656490021e-05
-2.843805032929278394e-05
-2.612707698620054210e-05
-6.989187294111385640e-05
-1.032942934367708305e-04
-1.253415642724275351e-04
-7.603138031729128176e-05
-5.089144150844264388e-05
-3.647523647500921026e-05
-4.389983349646948979e-05
-8.088764846124361842e-05
-8.806345846760490429e-05
-9.708380509765760055e-05
-1.081957841055007874e-04
-1.213933619879787440e-04
-1.365700141096450678e-04
-1.535563655419959288e-04
-1.721309916177310364e-04
-1.920293043696509844e-04
-9.624936613811599373e-05
-1.521155116319893280e-04
-1.666010182965901268e-04
-1.825093339235444928e-04
-1.998330375374341079e-04
-2.183228333371800653e-04
-1.065813439300463501e-04
-3.599007515806825841e-05
-7.953533020253957680e-05
-9.645269316375067246e-05
-1.128703988024007930e-04
-1.286652225552547722e-04
-1.438540981062103930e-04
-8.957880598982077142e-05
-6.018571949506469691e-05
-1.034953748717770775e-04
1.519924283917002467e-06
1.301545816723375217e-04
6.952188387779102707e-05
1.985078823000101808e-04
3.568963865701849265e-04
1.983083663843660286e-04
3.851820263929512191e-04
2.003373679122790959e-04
3.444034534321468804e-04
1.728042743894775369e-04
3.537276791888235871e-04
1.640382504307599278e-04
3.006508390950795142e-04
2.327078992908275079e-04
1.652943898469037755e-04
1.313880009452016769e-04
3.529832985893470595e-04
2.770585293211427465e-04
2.377087042809896962e-04
4.321220259249830336e-04
2.538399735337965534e-04
4.863437653411758262e-04
2.406626504450866475e-04
1.226261290039376605e-04
-9.235894982190050225e-06
1.412933046334470121e-04
9.763491921274232096e-05
5.633021124675922545e-05
-2.607615702157916910e-05
-6.535643033804211326e-05
-1.082061624953814766e-04
-1.544890872884250818e-04
5.739082949584913554e-05
-8.860828487784393290e-05
-1.336411090117043841e-04
-3.644338780113960631e-05
-9.754960332512894843e-05
-2.189447104301635327e-04
-4.053066980605339359e-04
-2.670827223058243934e-04
-5.080826534714601492e-05
-3.125292637380338288e-04
-4.417565883143453366e-04
-5.104741659341709365e-04
-6.849038344695088446e-04
-4.432299735958772119e-04
-4.685969177850864793e-04
-2.540836639626078758e-04
-5.841241248041174460e-04
-3.343636134545742585e-04
-3.602825162883989863e-04
-3.453105309139158433e-04
-3.291249309434984794e-04
-4.577135495460771150e-05
-4.632202730774856729e-04
-1.721073601234815291e-04
-4.338500106095241116e-04
-6.988128956718128032e-04
-9.591891612321374987e-04
-7.790960356348764068e-04
-7.626667278620048859e-04
-6.719885813053819677e-04
-1.272919016842770628e-03
-7.757499858373506120e-04
-6.878926693618510552e-04
-5.994541903807718269e-04
-9.110958060748560643e-04
-1.412679662550743237e-03
-1.184710691152539991e-03
-3.461848587628744284e-04
-7.411212919052071130e-04
-6.438883180074031921e-04
-1.000343055583350314e-03
-3.102745063239707919e-04
-1.043147183632938410e-03
-4.619380836353673570e-04
-8.542548730520305557e-04
-2.159563873656164209e-04
2.477598664194460192e-04
-2.649554382550567432e-04
-2.926869407762666860e-04
2.611918399405437400e-04
4.668379546822427136e-04
6.377221013329971867e-04
7.800227534154629454e-04
9.172056053251374927e-04
1.061307893478925226e-03
1.219843336809047201e-03
1.398371540855006213e-03
1.601566148365249354e-03
1.833676219680889594e-03
2.098724423512706837e-03
2.400581389504477439e-03
2.742973594619564203e-03
3.129449513842291492e-03
3.599355948660111666e-03
4.124432016978839266e-03
4.716749742188174749e-03
5.376418492316071586e-03
6.093174061469034536e-03
6.885209977851894717e-03
4.173330351043142740e-03
5.509433396430596895e-03
3.296726144252787056e-03
1.859933885217665908e-03
1.004802927513756940e-03
2.684629206176711129e-03
1.815994189090600194e-03
1.126762450490371688e-03
6.378484253524089979e-04
1.960648604040146192e-03
3.582689076909463619e-03
3.723975004305974442e-03
4.990958360572218984e-03
2.521112102497117830e-03
2.825427838544439761e-03
1.865999180864289170e-03
1.109733805457523278e-03
1.080567565474112356e-03
3.502471679514070502e-04
-1.171424081807467414e-04
1.184880743577984910e-04
1.018955721619331555e-03
1.812732410395946668e-03
1.482708115446612022e-03
1.068456609656916493e-03
-2.152714453150980352e-04
-3.576929802668100023e-04
-1.525710065022434052e-04
-9.207116958297777501e-04
-6.951667113189665022e-04
-1.410417458542756030e-03
-1.153659962307611222e-03
-1.330227539652956668e-03
6.084376761240179680e-04
6.884353975915129265e-04
-9.360486310750045164e-04
-1.084881932072242301e-03
-1.327694503411157301e-03
5.324095445042957824e-04
1.035038952183696750e-03
1.568455040039197826e-04
-1.738984412470039303e-03
-1.197750816007311665e-03
-4.596044656891911068e-04
1.261840436436968129e-03
5.278615672765759942e-04
1.207497483151285557e-03
-2.046568181089210216e-04
9.986939219216760862e-04
6.723441702071417147e-05
1.582561992249839275e-03
2.563390494535650304e-03
-4.269903704232517268e-04
4.523706570434245038e-04
1.112228369404514184e-03
1.205001465647440343e-03
2.287962169798671373e-03
2.611098895371043865e-03
-3.499506697559045133e-03
-5.691157419132664846e-03
-3.600852950665827616e-03
-3.907659320871601817e-03
-7.273655850186042625e-03
-1.067599868238108471e-02
-1.340913279220435142e-02
-7.750652495518523151e-03
-6.983458635040331632e-03
-1.215189411523434279e-02
-1.545199987617917881e-02
-1.842698241328238201e-02
-1.004446903467524389e-02
-5.944581043667857521e-03
-1.053392430864638803e-02
-8.621462079583017135e-03
-1.281435229456978804e-02
-1.722780470520102539e-02
-1.426877523871223144e-02
-7.036965378223756194e-03
-4.087115160091264569e-03
-1.023894191605221812e-02
-1.138849670273835157e-02
-1.185759413449175535e-02
-1.669145107021914598e-02
-9.687300739420668175e-03
-1.386938669752652703e-02
-8.762767953863465076e-03
-6.870477253169103571e-03
-9.791150572519155548e-03
-1.331550814334390813e-02
-1.092974951882377810e-02
-9.820820885965404409e-03
-1.391987976311924273e-02
-1.131802560232355627e-02
-1.036660989373280016e-02
-1.119522389510332373e-02
-1.013876727708177584e-02
-1.070384272207113366e-02
-1.072486170915968803e-02
-1.604036113139899189e-02
-1.704080983374047648e-02
-1.479360877418182084e-02
-1.387036489455646324e-02
-1.325736180993406996e-02
-1.873115881655074491e-02
-2.162922184559624289e-02
-2.090126318694853977e-02
-2.385916387422462245e-02
-2.585091822057212704e-02
-2.556675480338985867e-02
-2.874784792240058992e-02
-2.892480068437437365e-02
-3.479255041211344601e-02
-3.572176714436059441e-02
-4.015933390589613433e-02
-4.363565922449896134e-02
-4.469106451798818269e-02
-3.858851133356207275e-02
-4.019738456670204907e-02
-4.976887980490842661e-02
-5.166094601795365171e-02
-6.099272404387048874e-02
-5.012685991132800889e-02
-4.954041242248474752e-02
-4.263338319071083987e-02
-4.338771433426614338e-02
-5.388096214245721716e-02
-6.139344925254502233e-02
-5.338254574630725557e-02
-6.219119824211386677e-02
-5.373951930548276357e-02
-6.085556220443557457e-02
-7.246576501947583904e-02
-8.374396710914633335e-02
-8.878016074135119950e-02
-9.530861430713280513e-02
-1.014790137133304848e-01
-7.028229119715692641e-02
-5.115976231993962092e-02
-4.306777152450212004e-02
-4.717505438754873714e-02
-4.355245123667975810e-02
-4.866895637706154798e-02
-5.125929815561412750e-02
-6.453452975194219621e-02
-7.279554982244777761e-02
-5.153839348787526281e-02
-5.251131504955913742e-02
-5.984781113051100554e-02
-6.714031505539938549e-02
-7.122457194460243834e-02
-4.950797016504050740e-02
-5.649927725636282733e-02
-4.851947664432996327e-02
-4.542050107505449935e-02
-4.295278352422181312e-02
-3.765404853242875632e-02
-3.323400338965831063e-02
-3.110422408992526491e-02
-2.760740368230374039e-02
-2.662800705121532233e-02
-2.599387925919295628e-02
-2.544188691542653008e-02
-2.913296267148840490e-02
-2.862317827316382055e-02
-2.881714007710864389e-02
-2.544946950414586628e-02
-2.222448133996291278e-02
-2.522184697242327647e-02
-2.959133261203386600e-02
-3.604305176039270669e-02
-2.649647466292379475e-02
-3.154824789692788067e-02
-3.533307071881063022e-02
-4.277274410336993904e-02
-4.937181352024101050e-02
-5.103216351373880688e-02
-5.278909046628146862e-02
-4.165215469257441128e-02
-3.448859370976047056e-02
-3.753588497971305921e-02
-3.336662575254158852e-02
-3.051635689212183963e-02
-3.450389038240404826e-02
-2.551410331189642861e-02
-2.090625742990875544e-02
-2.454915102594445314e-02
-2.901559949239696304e-02
-2.363837156385780597e-02
-1.852175508683966479e-02
-3.457414950003025872e-02
-4.097758140910596342e-02
-5.001832544884553255e-02
-4.655069295160923354e-02
-4.084184732943951096e-02
-4.967362226145016074e-02
-4.020039654228746429e-02
-2.920891956717138610e-02
-3.594852791536649189e-02
-3.837086459093776852e-02
-2.620645964946477849e-02
-2.749003190892010048e-02
-3.451373216225277901e-02
-4.098703154673925125e-02
-3.897801665758965362e-02
-3.961889509341147420e-02
-4.526142644671692777e-02
-5.004683317815687704e-02
-5.715188397952268573e-02
-6.477432674666117052e-02
-6.842970747946730548e-02
-7.360585449809246839e-02
-5.307233990069049751e-02
-5.648242452950665016e-02
-5.902326449787950735e-02
-6.188170161745106673e-02
-6.740368142041644473e-02
-6.764328839080480105e-02
-6.760489634106321699e-02
-7.951399405127111686e-02
-7.900677974033110118e-02
-6.045860536201447949e-02
-6.459865255842700549e-02
-6.276223527486363141e-02
-6.789325350670373516e-02
-6.199334108133205262e-02
-5.466658317270409184e-02
-5.357684332120657422e-02
-5.005712714183754852e-02
-5.706433775556234850e-02
-4.398415663991148139e-02
-4.349781551503190125e-02
-4.002160161753232082e-02
-3.620171760021399093e-02
-3.577143805144381711e-02
-3.214878551069880880e-02
-3.523893742241596128e-02
-4.060492039450465385e-02
-4.006851273972181215e-02
-3.737969927511191476e-02
-4.052060698299957131e-02
-4.144503281933413497e-02
-4.700187500156120107e-02
-5.016997540731599897e-02
-5.225295351390033677e-02
-5.367450292908462067e-02
-4.972426519242522519e-02
-5.250318180697467058e-02
-4.904029538945795658e-02
-4.434011525403665221e-02
-4.130973016628102651e-02
-4.745123622114601203e-02
-4.132203500013881953e-02
-3.916920243540980562e-02
-3.524545632472011331e-02
-4.162318910087522278e-02
-4.010768247051552104e-02
-4.378798867439075149e-02
-3.800077197129896056e-02
-4.157147315035301244e-02
-3.956232783860006569e-02
-4.241123549921293340e-02
-4.479226565181836789e-02
-3.842992587266340354e-02
-4.084814069432241707e-02
-3.549400950757992945e-02
-2.969260891829500135e-02
-3.118845761533326280e-02
-3.973997671784672281e-02
-4.220981711378023887e-02
-3.866533330500243615e-02
-3.954885115827699166e-02
-4.124237470662078103e-02
-3.403373250237212710e-02
-3.628941822369374792e-02
-3.901404568978210363e-02
-3.227026374824286392e-02
-2.707351013408036688e-02
-3.884316379696043514e-02
-3.093104909706103842e-02
-2.739129116019160121e-02
-2.444071935116093677e-02
-2.251758098418271334e-02
-2.121721699421536336e-02
-2.031285750451745573e-02
-1.870447561491421148e-02
-2.717404164569869537e-02
-2.416172500744419999e-02
-2.063466346757289460e-02
-2.205198280216508211e-02
-3.204067603347739157e-02
-2.744752785146328811e-02
-2.291603791372805871e-02
-2.086742251571195583e-02
-2.698989490803392274e-02
-1.836869808097475743e-02
-1.795184943734262628e-02
-2.445402256399133861e-02
-2.082219053060315253e-02
-1.642401557320755795e-02
-2.347485329730547229e-02
-2.164602997157176814e-02
-2.614743712987626506e-02
-2.520005915606225722e-02
-2.254077879470658269e-02
-2.677546174042366028e-02
-2.116383683390382631e-02
-2.407888530288983947e-02
-1.817452052572232982e-02
-1.701198088066113376e-02
-2.145281413453941841e-02
-1.955937320339990598e-02
-1.842368454576659084e-02
-1.786328525197160982e-02
-1.852403393090120212e-02
-1.419722028347069828e-02
-9.522713128651626169e-03
-1.627856285205142930e-02
-2.167358526741907862e-02
-1.814404412962370219e-02
-1.498263280353746840e-02
-1.899206453091691754e-02
-2.053859576849778948e-02
-2.255292087802044168e-02
-2.423575958063132335e-02
-2.505889609449550928e-02
-2.250911802282876822e-02
-2.400471357343571602e-02
-1.846339335873265278e-02
-1.684050298953898572e-02
-2.035218053972607036e-02
-1.587100399357986233e-02
-2.019389110025744324e-02
-1.578772449895971680e-02
-1.652379102437671193e-02
-1.937219893372159329e-02
-2.104909350692818482e-02
-1.922971920392687467e-02
-1.710469773639600871e-02
-1.549365939957122844e-02
-1.625445555351957491e-02
-1.409855237416975625e-02
-1.698433533906135856e-02
-1.918128931242607527e-02
-2.099851156798563864e-02
-2.034792861425426327e-02
-1.595459595477167342e-02
-1.750453982655952867e-02
-1.898588092486443515e-02
-2.250822869453160749e-02
-2.333568917657348821e-02
-2.077868659883268937e-02
-1.902005966025617500e-02
-2.118238955726586131e-02
-1.787207969173455410e-02
-1.946988441146356094e-02
-1.619672707823828842e-02
-1.679168081067547447e-02
-1.920070021887685524e-02
-1.649444586895497042e-02
-1.997651545679348870e-02
-1.614128797052153882e-02
-1.683140043323122850e-02
-2.143599623801017290e-02
-1.924594789058232253e-02
-2.322515057229244603e-02
-2.426499278780352292e-02
-2.196374895124985141e-02
-1.915466422931855900e-02
-1.990714120777781898e-02
-1.858968399370663702e-02
-1.946438119089865040e-02
-1.784548670157454914e-02
-1.695270489313423570e-02
-1.910930204009540084e-02
-1.965554661646730025e-02
-2.023915380623029364e-02
-1.681786768066342169e-02
-1.497480482586598972e-02
-1.678417098651200159e-02
-1.801477344102109940e-02
-1.686157057491140948e-02
-1.393456505817078708e-02
-1.049065074585056774e-02
-1.360519210477301004e-02
-1.819595717577114635e-02
-1.322620352798314393e-02
-1.347775172886416309e-02
-1.500919786104895279e-02
-1.537879453903458378e-02
-1.881720657570698507e-02
-1.920647745137283799e-02
-1.628967516340555990e-02
-1.727831697577349515e-02
-1.580860162550496925e-02
-1.369854485988324100e-02
-1.526513475501889081e-02
-1.266366076872525205e-02
-1.271284460984689092e-02
-1.485736901969424324e-02
-1.570188800022135484e-02
-1.316686917928595012e-02
-1.191463886902953233e-02
-1.341595748045611332e-02
-1.477504393412736212e-02
-1.679043423266651097e-02
-1.472922183469714194e-02
-1.621409045208111604e-02
-1.515285615350907798e-02
-1.254720473208169491e-02
-1.633265027230695193e-02
-1.722438090258745363e-02
-1.309195036907238700e-02
-1.525501635689760493e-02
-1.590686251458799799e-02
-1.677205577774020309e-02
-1.700537055229132954e-02
-1.680482533780363122e-02
-1.540197222149729782e-02
-1.443950078270979723e-02
-1.378006745169791346e-02
-1.175717810088394537e-02
-1.058090830233380554e-02
-1.461812493685350420e-02
-1.472816013460909873e-02
-1.389862653356596645e-02
-1.463551591344012040e-02
-1.279226675625226226e-02
-1.395260813973005047e-02
-1.647243535779792031e-02
-1.826684946024765763e-02
-1.410800609689258876e-02
-1.330532079621340492e-02
-1.446466485845771845e-02
-1.280118705725335343e-02
-1.402574791706133646e-02
-1.150431877852045245e-02
-1.340141691715858278e-02
-1.019709321582506871e-02
-1.050997355155929708e-02
-1.213585908165442859e-02
-1.184325116570453078e-02
-1.341848843096428608e-02
-1.395687724710271797e-02
-1.354494282268307176e-02
-1.482745565607729819e-02
-1.271372836597706169e-02
-1.128438601225891826e-02
-1.256996341217261892e-02
-1.027383664472668497e-02
-1.162411518657756153e-02
-1.346912038179534817e-02
-1.425132367102931522e-02
-1.206229343330926865e-02
-1.468236496240059481e-02
-1.448602694817264364e-02
-1.392497368711709607e-02
-1.475303528987851817e-02
-1.299459605961310327e-02
-1.333528404535931633e-02
-1.313073637893644001e-02
-1.300863961319206029e-02
-1.383633870926290373e-02
-1.277615191444719106e-02
-1.323776202716229339e-02
-1.383637611767710163e-02
-1.430294376534535332e-02
-1.415178369356256613e-02
-1.126302696056249476e-02
-1.162931905898846596e-02
-1.008979629006039047e-02
-1.108691812761406978e-02
-1.164152569018239020e-02
-1.289761464046301417e-02
-1.300632837153669480e-02
-1.184519443504327384e-02
-1.186251425286032404e-02
-1.140596900232604925e-02
-1.090660268488348114e-02
-9.287243844180604474e-03
-1.077202070259652630e-02
-8.389881831379585042e-03
-9.701902425589414500e-03
-1.113059691428949435e-02
-1.173594361229167438e-02
-1.174143683676955041e-02
-1.222614784479918865e-02
-1.306269432165739833e-02
-1.103609878250699436e-02
-1.146482689263141411e-02
-1.061843766232246737e-02
-1.083924950038079801e-02
-1.042679210709235305e-02
-9.960381870957910749e-03
-1.082112359207620944e-02
-1.078590989043538145e-02
-1.135796825946831790e-02
-1.111418430310864153e-02
-1.253396403028818155e-02
-1.351726667144446947e-02
-1.444310324826619286e-02
-1.222587014134132385e-02
-1.290557315941008761e-02
-1.272396722626516034e-02
-1.187111365461570797e-02
-1.044859134497165380e-02
-7.949247285328512116e-03
-7.355928571524504231e-03
-7.471231215492247363e-03
-8.916093917292398224e-03
-7.488945276947086248e-03
-9.766170463126054233e-03
-1.098646956813778726e-02
-1.137812200475864233e-02
-1.264667131366577213e-02
-1.279629716695305890e-02
-1.153958047046860051e-02
-1.194987130121127547e-02
-1.153522382483867723e-02
-1.040767219287029068e-02
-1.187187617866578351e-02
-1.212630205688891918e-02
-1.233040759127463498e-02
-1.213885726830412834e-02
-1.190553004598698950e-02
-1.148104295734656173e-02
-1.114329807558408006e-02
-1.120115305070338955e-02
-1.007636242113074676e-02
-1.017361771164015938e-02
-1.134956300139344787e-02
-1.026448131167740675e-02
-1.054858713640180641e-02
-8.895969977125219377e-03
-8.697084363518993444e-03
-8.614642411119977083e-03
-9.544012510194785012e-03
-1.018367037927367900e-02
-1.024650492677826527e-02
-1.034590840478415673e-02
-1.067231941263519293e-02
-9.988669959613075133e-03
-1.013685256979213363e-02
-9.707980107213005569e-03
-1.012714131998077374e-02
-8.578228230066514692e-03
-7.420243052045910094e-03
-8.211272951091568711e-03
-7.980093024387640080e-03
-6.996679438190833017e-03
-8.220220362788414198e-03
-9.361880229313021204e-03
-8.008953121288549595e-03
-7.905321026884518792e-03
-8.259884790558056841e-03
-7.282777819189653438e-03
-8.158035264765118796e-03
-9.151501382257100359e-03
-9.588867167748685652e-03
-9.449567052800563263e-03
-8.297171817793677281e-03
-9.028984698051837135e-03
-8.593420955927355553e-03
-7.544611261069590971e-03
-7.513407954364247944e-03
-6.842939066555368127e-03
-7.689988127766273288e-03
-6.819394335987207997e-03
-8.145876552791531111e-03
-8.492844314157510163e-03
-8.466956854979952596e-03
-8.873878079597018187e-03
-8.865717782212810538e-03
-7.398100830186559590e-03
-6.572536878510561523e-03
-7.164956046873493037e-03
-6.331587180966290196e-03
-7.376569097974751063e-03
-6.447235686135338595e-03
-6.102120495876976573e-03
-6.815952319163230688e-03
-6.038781402534596811e-03
-7.482652122338437350e-03
-6.505591604242274943e-03
-6.987878752427573691e-03
-8.266563986917423862e-03
-7.745234167500573454e-03
-8.756465579548729922e-03
-8.194622568518269284e-03
-7.873416367813182090e-03
-8.469378336364127152e-03
-8.327729313955794382e-03
-8.001853854429299626e-03
-7.555928889388238354e-03
-7.298666047751673804e-03
-7.859928896391175229e-03
-8.651194856679277068e-03
-9.567512784850499066e-03
-8.002328784963552016e-03
-8.241582087419922764e-03
-9.203714309918448536e-03
-8.611725126836219241e-03
-7.266152876726000506e-03
-7.369893846938855610e-03
-7.473511687440319469e-03
-7.537513053452824657e-03
-7.566882722959156551e-03
-8.352206862314963398e-03
-7.794204872446447441e-03
-8.252490297756608778e-03
-8.504263948650456553e-03
-8.268847652652606614e-03
-8.081446701753206702e-03
-8.129118884925980865e-03
-8.369202524999140580e-03
-8.172223810368665561e-03
-8.013121822809552916e-03
-7.795290322391032131e-03
-6.094999943677312758e-03
-6.740303406031556040e-03
-7.886456969635760594e-03
-7.188668951156590610e-03
-7.738868557604322400e-03
-7.547653359382838247e-03
-8.036028156697501076e-03
-7.564679558302214724e-03
-7.483891412358236427e-03
-7.229921350693140590e-03
-7.327510213212085760e-03
-8.312707268848897046e-03
-8.172397494330361015e-03
-8.509358692875269164e-03
-7.892333453338930271e-03
-8.072816770907752584e-03
-7.736335654295734346e-03
-7.371567127473614006e-03
-7.534659110450445639e-03
-6.640726622767311252e-03
-6.469859306876315705e-03
-6.706103018613279038e-03
-6.611549446470990805e-03
-6.667338092396576585e-03
-6.160024467068017998e-03
-7.074816677078591375e-03
-6.271401020555301617e-03
-6.144384940731454671e-03
-6.380394019570651692e-03
-6.699747814824874928e-03
-6.723101507549396165e-03
-5.946625133316881494e-03
-6.357522831588016329e-03
-6.540116293929601476e-03
-7.032076240956639142e-03
-7.191208334442054928e-03
-6.774354004557424543e-03
-6.890622854729906537e-03
-7.492531391617482557e-03
-7.355615106798709009e-03
-7.004799324402638354e-03
-6.577069637811056198e-03
-6.545763784316357969e-03
-5.995259634587019396e-03
-5.697581851707718414e-03
-6.097628078091501917e-03
-6.093741207349717866e-03
-6.226645478429945237e-03
-6.386259433906503642e-03
-6.595228024891239098e-03
-6.244951151179548368e-03
-6.455706411736567875e-03
-6.418928664685735232e-03
-6.203058314239665548e-03
-5.992057685835879693e-03
-6.509086097727670439e-03
-6.790169565680754388e-03
-6.505207629926218656e-03
-5.967379588069048404e-03
-5.540167880259870559e-03
-5.806412335835637456e-03
-6.633365115011307343e-03
-6.673986671437454922e-03
-6.221308012476822573e-03
-6.045358837309225235e-03
-6.271787421188361120e-03
-5.684174130081611452e-03
-5.773258552894405468e-03
-5.318764877882993861e-03
-5.713553502481033032e-03
-5.557017702707662925e-03
-5.687236150588059411e-03
-5.174112664589866455e-03
-4.411170984941907396e-03
-4.104630579332561695e-03
-4.262308514206548243e-03
-4.488275818144266648e-03
-4.685491179055848235e-03
-4.854799850179315757e-03
-5.406866783104622570e-03
-5.666829977162841925e-03
-5.665342783245630107e-03
-5.838124641753021475e-03
-5.514155704058496150e-03
-5.017676375112242043e-03
-5.382464953737110119e-03
-5.439884006715201177e-03
-5.321447613161529346e-03
-5.708497530237885594e-03
-5.528358254078803713e-03
-5.388930996447941629e-03
-4.960610851997841915e-03
-4.970958265875114607e-03
-4.874749951111061706e-03
-4.924970046444505228e-03
-4.984550778442010423e-03
-4.453484601131241748e-03
-4.879608322575532814e-03
-5.148975873416622960e-03
-5.668076306769936033e-03
-5.459177861198384260e-03
-5.297135038013336093e-03
-5.905716853718377332e-03
-6.171244181232988027e-03
-5.725949761288153320e-03
-6.312201299988054286e-03
-5.520395843620021052e-03
-5.959858893652260868e-03
-5.896123849874992072e-03
-5.861613364652924936e-03
-5.637272256299633022e-03
-5.960090737043011178e-03
-5.974812893364321240e-03
-6.266128052489954373e-03
-6.486976703692748369e-03
-6.177418191766406198e-03
-6.246204756896979980e-03
-5.451227357128814698e-03
-5.347520538739873597e-03
-4.851455749640201653e-03
-4.930211116602549112e-03
-5.225372516128182557e-03
-5.123858940685639858e-03
-4.700215088288894200e-03
-5.230273728822076168e-03
-5.188908978588909447e-03
-5.404923216278176637e-03
-4.878775633108306357e-03
-4.625944300854797561e-03
-5.372691917935314317e-03
-5.602786313286542766e-03
-5.060787803306304039e-03
-5.033373688365191945e-03
-5.311230953627215506e-03
-4.784250951331398514e-03
-4.999506032107097278e-03
-5.174481829408937236e-03
-5.162977919835296491e-03
-4.886625633518481074e-03
-4.432911759531544746e-03
-4.183766102343691902e-03
-4.091340733628913429e-03
-4.620558978172370664e-03
-4.069225502859019281e-03
-4.272887445092881341e-03
-4.920995121111703188e-03
-5.030569087914858913e-03
-5.442408317279574283e-03
-5.496883916602517996e-03
-4.888318955179681881e-03
-5.441374434312088587e-03
-5.414834402671063474e-03
-5.997524496651619741e-03
-5.681006799335167230e-03
-5.887620571855070768e-03
-5.213495526096608400e-03
-5.048169132674368807e-03
-5.245573849629058850e-03
-5.100740347599296877e-03
-5.469124579065969341e-03
-4.970900496533094473e-03
-5.246121543651404567e-03
-4.933331939556531535e-03
-5.281942834150534644e-03
-5.131362916863086744e-03
-4.926363712608880334e-03
-4.345706131942399242e-03
-4.851257096661031054e-03
-4.904943476041077367e-03
-4.820323011943843106e-03
-4.979482322474065165e-03
-4.820983659409965906e-03
-4.739537674976847248e-03
-4.271118328690794164e-03
-3.924145921249496370e-03
-3.999108537961614841e-03
-3.893322680802910416e-03
-3.750917931592457136e-03
-4.085363185419041074e-03
-3.869740659604149497e-03
-4.456515884823957462e-03
-4.794818144955227679e-03
-5.512830614077313118e-03
-5.686221176108652818e-03
-5.727338426331197996e-03
-5.377285462984484829e-03
-5.714527487562538581e-03
-4.999935790719414914e-03
-4.865298528616762881e-03
-4.889675002998769213e-03
-4.878949381519736422e-03
-4.303119250262370070e-03
-4.255404761560777939e-03
-4.959749516918172604e-03
-5.166313415553991026e-03
-4.463897627732234773e-03
-4.111550221686091633e-03
-3.916982927462744901e-03
-4.389565053504298868e-03
-3.815312958430653375e-03
-3.378405576010538869e-03
-4.073038743613555460e-03
-4.538201356883510978e-03
-4.470163002872898188e-03
-3.952810666856332485e-03
-4.239954748310533969e-03
-3.931213628440019016e-03
-4.394526600789909303e-03
-4.228996507364132969e-03
-3.957210075310041257e-03
-4.787417341632647927e-03
-4.147702766235981421e-03
-4.427070741381884666e-03
-4.902260469710911089e-03
-4.964341840281490809e-03
-4.907917492310459248e-03
-5.069356076249324251e-03
-4.369917966998934124e-03
-4.101923612681662723e-03
-3.848463745251027440e-03
-4.036615646762269950e-03
-4.575575881879888687e-03
-4.790155930624334472e-03
-4.197923666615807799e-03
-3.834315249511359523e-03
-4.306337263648347437e-03
-4.646526290906299698e-03
-4.191999697875933330e-03
-3.832729844986703001e-03
-4.245684911818353030e-03
-4.004264890878894527e-03
-4.048604830460688850e-03
-4.131329295209340904e-03
-4.305499160145350931e-03
-4.303333059642362561e-03
-4.369804307140215741e-03
-4.392716545024593668e-03
-4.026250959650762816e-03
-4.058254372896935407e-03
-3.718616774640270007e-03
-3.445216193941743384e-03
-3.136342730163250905e-03
-3.586070658121400488e-03
-4.041696463090643093e-03
-4.169010243627650075e-03
-4.119121775567556251e-03
-4.105137473845225232e-03
-4.528196766955396718e-03
-4.826067708513060578e-03
-4.294166903453706247e-03
-4.559363654793422913e-03
-4.581875890635333723e-03
-4.480276507848541048e-03
-4.616778652481720764e-03
-4.925429720469315549e-03
-4.017992393740876453e-03
-4.351470451814307833e-03
-3.874796940237891247e-03
-4.113972389697742420e-03
-4.008767241777712320e-03
-4.073075933474894390e-03
-4.237608667958369518e-03
-4.288047580326549528e-03
-4.406035576762753862e-03
-3.780458228155125864e-03
-3.982363715639530323e-03
-4.214559804117893466e-03
-4.342171352780462533e-03
-4.044213765404031449e-03
-3.960198244216680576e-03
-3.726022902884099357e-03
-4.302136048455995100e-03
-4.368432310102221897e-03
-4.593935567301413690e-03
-4.728955318970476732e-03
-5.001525756590245037e-03
-5.366956489815367937e-03
-5.087043990323675789e-03
-4.886791968835511521e-03
-4.751206671093244349e-03
-5.017508539022704460e-03
-4.589066721264047771e-03
-4.440636016006679031e-03
-4.424425012002975929e-03
-4.151152416227597494e-03
-4.005035391555310416e-03
-3.961871839160418726e-03
-3.524233620617252347e-03
-3.780375596094403753e-03
-3.994579435806363925e-03
-4.216876304076813686e-03
-4.098115013093982760e-03
-4.112320037165159009e-03
-3.362449973459137945e-03
-3.225531368837277358e-03
-3.350761774284209508e-03
-3.444051338075991738e-03
-3.816930656432868194e-03
-3.793747996457332537e-03
-3.665579081689793357e-03
-3.672827509320842915e-03
-3.406405255757105101e-03
-3.789481822703274355e-03
-3.497217922829796467e-03
-3.882042884361538472e-03
-4.319188377983610404e-03
-4.231005414069731983e-03
-3.824627555476785810e-03
-3.649870195337780610e-03
-3.645150964245020848e-03
-3.967468793095294335e-03
-3.592304228539519063e-03
-3.964632764826181606e-03
-3.920252778663507742e-03
-4.375928837498242914e-03
-4.295439264172717410e-03
-4.136937791026090369e-03
-4.080311578301134071e-03
-4.270420521420125425e-03
-4.294946706085242365e-03
-4.190754065926202525e-03
-4.201408115333319510e-03
-4.190183085897550459e-03
-3.803168351073272450e-03
-4.128487058034409872e-03
-4.034098555499949709e-03
-3.648798483752487692e-03
-3.319344891016955644e-03
-3.392032138623673424e-03
-3.612477063122045574e-03
-3.342969259356208707e-03
-3.004376056775258114e-03
-3.187418850916049450e-03
-3.319267367857195970e-03
-3.001652261951815327e-03
-3.506262810092340438e-03
-3.518282884344081651e-03
-3.918889696821666394e-03
-4.207927032137457821e-03
-4.434127659443325847e-03
-4.187644744305133934e-03
-4.028595325032227094e-03
-4.065448209280377034e-03
-3.706866891314119800e-03
-3.761229108858202448e-03
-3.566198214962446739e-03
-3.195407511091360574e-03
-2.639332465614369419e-03
-2.766249191143540370e-03
-2.706152139204112943e-03
-3.325292374932918571e-03
-3.584697957338078573e-03
-3.161262654868936608e-03
-3.513465691023957144e-03
-3.922397499313672216e-03
-3.753680692987497371e-03
-3.942286698742040497e-03
-4.181872702192396783e-03
-4.075188797251471859e-03
-4.179786098799390115e-03
-4.049802220013223701e-03
-3.922971687328612352e-03
-4.104625089944550706e-03
-4.129361979899852028e-03
-4.017030912132898285e-03
-3.810109692587233983e-03
-3.387317164129802563e-03
-3.670730530150039840e-03
-3.882132581464926065e-03
-3.793319686369991083e-03
-3.907747982155673240e-03
-3.784339896955870967e-03
-3.469930899958274546e-03
-3.464575138475208416e-03
-3.163516811427089914e-03
-3.391090025814557773e-03
-3.647415197768678376e-03
-3.600733222783255444e-03
-3.867309505027841359e-03
-4.008215858918717268e-03
-3.661794527881291530e-03
-3.522468347892787881e-03
-3.631382131155609216e-03
-3.605552550680976662e-03
-3.189894117146709410e-03
-3.057913772607625223e-03
-2.826991741204229990e-03
-2.745624744355000708e-03
-2.995751288180405376e-03
-2.837660597488417778e-03
-3.003759558038077496e-03
-3.437882042646893573e-03
-3.142215928483814858e-03
-2.902813066223246252e-03
-3.201039876813551593e-03
-3.428758426249380910e-03
-3.653347205962514336e-03
-3.229304701452604450e-03
-3.332371675168746637e-03
-2.953275778881798899e-03
-3.448037361000680454e-03
-3.379844481086444457e-03
-3.617008834401556211e-03
-3.524746795303269897e-03
-3.745137037429895066e-03
-3.978545504099966629e-03
-3.588241034089988037e-03
-3.934761828828631756e-03
-3.511872393356444723e-03
-3.663555777164312702e-03
-3.295935055203163058e-03
-3.558265174430444606e-03
-3.427212371953505116e-03
-3.024327354172979838e-03
-3.202459598388184003e-03
-3.214785698000597811e-03
-3.343637035829277911e-03
-3.478778470129792379e-03
-3.656862895932889816e-03
-3.578361441810255002e-03
-3.800723342036893375e-03
-3.546735935742641871e-03
-3.544429798496248705e-03
-3.170618810599384538e-03
-3.203765414975403344e-03
-3.419282402131293159e-03
-3.056216081237873687e-03
-3.150587016194990493e-03
-2.919773403093169593e-03
-2.954114884346838252e-03
-2.687546866486181275e-03
-2.909423844357729091e-03
-2.614015485923827133e-03
-2.809139043919483061e-03
-3.080305461210657535e-03
-3.472781812034623876e-03
-3.509036562384839318e-03
-2.937861052458629833e-03
-3.010165419010458684e-03
-3.322991953777102835e-03
-3.426170738162614450e-03
-3.305195869964364357e-03
-2.940196601880734444e-03
-3.305988917285994713e-03
-3.654279911260302754e-03
-3.372617789325065441e-03
-3.473482757980204168e-03
-3.701896809623793881e-03
-3.248250345102581330e-03
-3.191373844873613298e-03
-3.271877087963325718e-03
-3.002211889234074685e-03
-2.794976581520296557e-03
-2.984913821739730577e-03
-2.811427899686242196e-03
-3.033405536835668669e-03
-2.807694260809143281e-03
-2.948752682181584022e-03
-3.023165855209351219e-03
-3.019650405214196857e-03
-3.169330282475992834e-03
-2.852103169779248316e-03
-2.566600996808270085e-03
-2.860942197592832720e-03
-2.875518947029718185e-03
-2.622491105428931008e-03
-2.829996199973999153e-03
-3.065330343184292407e-03
-3.234897782924903327e-03
-3.222840602876891457e-03
-3.203815573194527481e-03
-3.545102496734130453e-03
-3.280276984078310965e-03
-2.889185292967865956e-03
-2.541371339606163238e-03
-2.717293163252545128e-03
-3.053954082157302012e-03
-3.401246300666274126e-03
-3.296790349943138233e-03
-3.256852538911975559e-03
-3.461412029354839822e-03
-3.348717553014796903e-03
-3.347700594807276678e-03
-2.970875039331927897e-03
-3.218547195290658199e-03
-2.859077732325816541e-03
-3.009872828265959532e-03
-3.391637543824943275e-03
-2.948437213301239018e-03
-3.091300976722798945e-03
-3.370458835524452364e-03
-3.277206946623833529e-03
-2.881263121409433515e-03
-3.051971755445822762e-03
-2.975852541645565390e-03
-3.088890556531179599e-03
-2.913762996786763669e-03
-2.933626449934160184e-03
-2.938274074792772070e-03
-3.098653643435181695e-03
-2.839119680017452695e-03
-2.881981252880168234e-03
-3.062478159369430401e-03
-2.689529563595062511e-03
-2.802127532235174946e-03
-2.469423741537204574e-03
-2.694960824984382174e-03
-2.497994032577512211e-03
-2.819754038226952690e-03
-2.987642295008434770e-03
-3.140242161425608244e-03
-3.169559393261833866e-03
-2.799944865871878061e-03
-3.114824279231433960e-03
-3.298361250384804991e-03
-3.132671271333683453e-03
-2.895821636502722302e-03
-3.106345845312314009e-03
-2.618303467359061384e-03
-2.758675018991438559e-03
-2.802086978579677434e-03
-3.041667857838935372e-03
-2.995029273354119035e-03
-2.918572695883509156e-03
-3.052638539702184732e-03
-2.872229425863935277e-03
-3.170163896995889605e-03
-2.912803558992660587e-03
-2.664850057537788627e-03
-2.704304660020683329e-03
-2.965919728946282696e-03
-3.197734342942660634e-03
-3.254449071920673814e-03
-3.324404130871492450e-03
-3.483643327101006680e-03
-3.164289179498376917e-03
-2.907721301877095633e-03
-2.933885981546445910e-03
-2.940290242544565079e-03
-2.713915049919283021e-03
-2.524065895916307103e-03
-2.262923387109197146e-03
-2.486751210742049831e-03
-2.282307807683384062e-03
-2.599677638305732813e-03
-2.932581294452600833e-03
-2.903596413144430167e-03
-2.895390813727337538e-03
-2.878061945484286684e-03
-2.589705133187376364e-03
-2.750873390567118611e-03
-3.019290988899192563e-03
-2.651879217646714235e-03
-2.890290102628955467e-03
-2.648216761056237673e-03
-2.985660931302537915e-03
-2.631246783684799626e-03
-2.750948796442226427e-03
-2.905724889148740900e-03
-2.950709633960572984e-03
-2.896667436581155247e-03
-2.886027840875756822e-03
-2.434959246694971303e-03
-2.669888643140693081e-03
-2.759186857858399611e-03
-2.919315755446271962e-03
-2.969801016241042577e-03
-2.636945769885358937e-03
-2.667391446912235810e-03
-2.931122846598920723e-03
-3.027276982368363491e-03
-2.758071777838769049e-03
-2.795887491255001894e-03
-3.135771612319117156e-03
-2.971726140945226465e-03
-2.691840184014232269e-03
-2.719904113166880365e-03
-2.571527525268773023e-03
-2.917361335711837495e-03
-2.734636385533739840e-03
-2.474588125083854954e-03
-2.510576314640032818e-03
-2.557204791244031654e-03
-2.826639134949880412e-03
-2.783685153708185655e-03
-3.091202268545082798e-03
-3.062092687021983339e-03
-3.010086422157142068e-03
-3.099081869235284937e-03
-3.206162057382994004e-03
-3.119516548903115798e-03
-3.168491152501659146e-03
-3.048265147254539814e-03
-2.995402222291733071e-03
-2.876326514359808014e-03
-3.069067656158035000e-03
-3.064305681005048600e-03
-3.161767375233646895e-03
-3.016699333434697677e-03
-2.951912260379853641e-03
-3.032451004540474577e-03
-3.049946676659379997e-03
-2.922560429481166171e-03
-3.001703994032970616e-03
-2.519737267711242255e-03
-2.407135553984508791e-03
-2.675147215945339850e-03
-2.823204576690193594e-03
-2.724947364254467000e-03
-2.788221165226523451e-03
-2.501861982640563292e-03
-2.537173502893300559e-03
-2.690745516928405492e-03
-2.635251087187919124e-03
-2.612423469960054815e-03
-2.586080007398249697e-03
-2.643781364504506869e-03
-2.481946160092746850e-03
-2.516028449579968754e-03
-2.880315554719376815e-03
-2.832527862660976555e-03
-2.679525568368156235e-03
-2.645776322540535803e-03
-2.636074932138426311e-03
-2.714645675346647000e-03
-2.629078502421020990e-03
-2.724790183505898349e-03
-2.455740714943508134e-03
-2.220674571549449000e-03
-2.278713868000130458e-03
-2.201103261128216967e-03
-2.629586192793928121e-03
-2.546266456990969526e-03
-2.554665568237598702e-03
-2.556576401069781193e-03
-2.569564292414919411e-03
-2.518118171836266315e-03
-2.334602496530970277e-03
-2.518815296560419220e-03
-2.449284153172687131e-03
-2.602010399246468004e-03
-2.748649414937383208e-03
-2.680633725350341830e-03
-2.712972801616564053e-03
-2.490305812874341572e-03
-2.644673509584408253e-03
-2.460782842624123588e-03
-2.628545907322003914e-03
-2.767000291669320135e-03
-2.741286615885116674e-03
-2.802388721598290510e-03
-2.894910362445922772e-03
-3.000687741698769388e-03
-2.686873389772365638e-03
-2.853659760469037712e-03
-2.793417151030927643e-03
-2.887203716244139164e-03
-2.927934523263260938e-03
-2.967575013063486564e-03
-2.512042407753734777e-03
-2.815175211932223562e-03
-2.743565256505254429e-03
-2.677155719795994582e-03
-2.944811158428080420e-03
-2.918877909138894652e-03
-2.586275378221833919e-03
-2.556038355805070363e-03
-2.615861600891391473e-03
-2.583093970782078270e-03
-2.401867403186861306e-03
-2.375752498311700135e-03
-2.614366586787902035e-03
-2.303680502976994914e-03
-2.471103018365738285e-03
-2.470380649444132472e-03
-2.202636974927640358e-03
-2.133530529980902715e-03
-2.214963598782976675e-03
-2.455405608580665811e-03
-2.662982687209674952e-03
-2.687385049993759600e-03
-2.395377170869706588e-03
-2.521955195371594106e-03
-2.540297477921369101e-03
-2.446692111341638911e-03
-2.387240306787743755e-03
-2.506869429951827290e-03
-2.484734312417128787e-03
-2.271745278361248042e-03
-2.364785433609980277e-03
-2.084681905359176204e-03
-2.341953375559663580e-03
-2.315147472355223116e-03
-2.434542074030664888e-03
-2.585900833762786160e-03
-2.496041561420906784e-03
-2.203849941740102045e-03
-2.235477144341798100e-03
-2.258854737474420751e-03
-2.283873511654346128e-03
-2.399343612567184873e-03
-2.497138485036078884e-03
-2.462961517139378251e-03
-2.670208049726233417e-03
-2.263783084581942693e-03
-2.107506406770595381e-03
-2.175599928141963742e-03
-2.189313989397128485e-03
-2.348315389158763065e-03
-2.489614373898469280e-03
-2.241453998985243942e-03
-2.350050618076152120e-03
-2.336485676608760463e-03
-2.413810910945473308e-03
-2.328240884054628632e-03
-2.441756577573199125e-03
-2.404567830060028773e-03
-2.427596150575681445e-03
-2.493924117621233293e-03
-2.585809243536224284e-03
-2.822461748541691372e-03
-2.668248278345008301e-03
-2.553846502353900906e-03
-2.523201626260254682e-03
-2.467306402375013790e-03
-2.523398041312233629e-03
-2.540062633640276582e-03
-2.431164660946955568e-03
-2.383536865442446341e-03
-2.419564791693684484e-03
-2.387995226808173332e-03
-2.436995641737167706e-03
-2.648758164267845609e-03
-2.407126342943469513e-03
-2.396205720846758362e-03
-2.163980201085114081e-03
-2.208877939925669998e-03
-2.146582267665558298e-03
-2.264902297962421724e-03
-2.414253288685922275e-03
-2.060265695427296404e-03
-2.050714150583996150e-03
-2.156219231579029842e-03
-2.148414841834318800e-03
-2.159363519858154435e-03
-2.249781218414578267e-03
-2.334372938464418078e-03
-2.336530842324783565e-03
-2.118977394809100964e-03
-2.230448647043755707e-03
-2.239465569408643445e-03
-2.336360979659436905e-03
-2.291862475147901038e-03
-2.253837953306925442e-03
-2.323883812613516519e-03
-2.103660304744905778e-03
-2.190536497085656797e-03
-2.427315348541638461e-03
-2.390361033994382097e-03
-2.437005688220675228e-03
-2.345569908913839631e-03
-2.347551518559934814e-03
-2.141994339133174597e-03
-1.946659138750913426e-03
-1.972156209114776359e-03
-2.064290491992332600e-03
-2.093326553450312877e-03
-2.073636721001008258e-03
-2.246132830434077483e-03
-2.082999881731846699e-03
-1.943764254991806268e-03
-2.026399160102491069e-03
-2.164445004388518279e-03
-2.238811239549250934e-03
-2.255022779766693245e-03
-2.326263234239640126e-03
-2.168469064876180942e-03
-2.268486679688624073e-03
-2.013370557059663158e-03
-2.060943793868081058e-03
-2.069108191402004547e-03
-2.020244107319642355e-03
-2.012432186979811171e-03
-1.695306482872663669e-03
-1.765878418767648185e-03
-1.931801716963117048e-03
-2.086342001913803028e-03
-1.933564896752103376e-03
-2.041126418974141717e-03
-1.714342580258025649e-03
-1.798387149740875981e-03
-1.575321931573375484e-03
-1.859686639671144547e-03
-2.031611391915656619e-03
-2.164411124764599893e-03
-2.130901236986363408e-03
-1.919112379459269506e-03
-2.092844060226261866e-03
-2.160273798339275644e-03
-1.934243955669316022e-03
-1.960128206409793555e-03
-1.738388330717337846e-03
-1.418953626038788442e-03
-1.665595005845922020e-03
-1.786714300470872803e-03
-2.014277773633740918e-03
-2.174184143458859388e-03
-2.173989955955116585e-03
-2.255095631695845735e-03
-2.332249094968485547e-03
-2.405435598095147665e-03
-2.357151857590728504e-03
-2.430742766487963436e-03
-2.411255670085987735e-03
-2.334112489739709455e-03
-2.402387601297715364e-03
-2.182064351203480846e-03
-2.201939751423329355e-03
-2.214481277322879853e-03
-2.056228593831703651e-03
-1.928019097263050262e-03
-1.922182680040365309e-03
-2.133112504814149626e-03
-2.198471770868791562e-03
-1.990519406725916457e-03
-2.109088779194856923e-03
-1.957530608424427020e-03
-1.982989906367204919e-03
-1.948391763728735690e-03
-2.215565204144870782e-03
-2.236643612398977413e-03
-2.310583804669977953e-03
-2.388848857931445777e-03
-2.377997574204526992e-03
-2.259656656690158059e-03
-2.217086254623589197e-03
-2.167678353980217239e-03
-2.194149417517194268e-03
-1.833705114688961163e-03
-1.846134725015264547e-03
-2.037362306070262044e-03
-2.065954922721709858e-03
-2.087204472713326438e-03
-2.119204943655469704e-03
-1.799420282356029542e-03
-1.947719364270683378e-03
-1.828919934707766730e-03
-1.724775196198784872e-03
-1.613525227814586408e-03
-1.709076421673435880e-03
-1.814406609244714752e-03
-1.951621398197618280e-03
-1.797997702021327969e-03
-2.018426329197228319e-03
-1.993802146516945959e-03
-1.864650731301507013e-03
-1.912770526250507849e-03
-1.955830506566722578e-03
-1.956638123687565092e-03
-1.973738285402399685e-03
-2.221612960380613122e-03
-2.143829847296038326e-03
-2.097495960111220130e-03
-2.040942488771567507e-03
-2.150059872135072232e-03
-2.117008145103854364e-03
-2.065387800361769173e-03
-1.885141677123616842e-03
-2.028165952064534591e-03
-2.018029324190011384e-03
-2.153499591768568300e-03
-2.143440402388757226e-03
-2.037556044020481533e-03
-2.141052212897434984e-03
-2.158288718368207761e-03
-2.015105046125027083e-03
-2.022038899009117891e-03
-2.000843564766839611e-03
-1.871267045263867983e-03
-1.971446055378058872e-03
-2.072817062708749887e-03
-2.073871057317464277e-03
-2.131691467263967330e-03
-1.945648781374516864e-03
-1.930298367431417536e-03
-1.933679680956010760e-03
-2.035567308027774573e-03
-2.128666264485342460e-03
-1.927139085672670369e-03
-2.008075545588327345e-03
-2.118853084269017948e-03
-2.156186599388841118e-03
-2.276032048741603950e-03
-2.113238466736971043e-03
-1.976797230230526239e-03
-1.809765409926723063e-03
-1.832474420536447848e-03
-1.840337996455828056e-03
-1.809090508354176639e-03
-1.638195197936903689e-03
-1.816891091054317030e-03
-1.905911478238592758e-03
-1.753002257472070606e-03
-1.793920006329510330e-03
-1.914950582315760180e-03
-1.981221836381906031e-03
-1.823450058750270822e-03
-1.807351081220010978e-03
-1.641995583694300402e-03
-1.771863468226215002e-03
-1.521908019493297803e-03
-1.296350040144162667e-03
-1.092493021687205787e-03
-1.126395489187743352e-03
-9.425246621048818029e-04
-1.246340355488910739e-03
-1.510619117770219946e-03
-1.614181825757755916e-03
-1.483025099891288829e-03
-1.754427140551586238e-03
-1.901607132876406746e-03
-1.743421652953672891e-03
-1.756989862755211273e-03
-1.789276137123054465e-03
-1.788092678128441228e-03
-1.887496179418658108e-03
-1.900039919007254045e-03
-1.750189137627525997e-03
-1.858611446729170179e-03
-2.069042574033892138e-03
-1.882517597798414287e-03
-1.945040647157766705e-03
-1.783780012780946007e-03
-1.795159572219074155e-03
-1.613692146953291020e-03
-1.372383426812708029e-03
-1.329183255942713478e-03
-1.319173800138570508e-03
-1.610418993526757138e-03
-1.612202347913926047e-03
-1.600657723122645218e-03
-1.650655083636370837e-03
-1.503460477744411605e-03
-1.625525130625019975e-03
-1.837680970070024481e-03
-1.909810163069117087e-03
-1.893927869036607110e-03
-1.974042063289805759e-03
-1.762199786573814429e-03
-1.722896083256234391e-03
-1.703113193951612389e-03
-1.488943020411976747e-03
-1.539700393743080858e-03
-1.407816387854497319e-03
-1.448413227213430320e-03
-1.572448618798382054e-03
-1.689550068149684196e-03
-1.611753084746232875e-03
-1.688469364041297058e-03
-1.525890049751989436e-03
-1.386794553033379729e-03
-1.271822852691099947e-03
-1.481058660796421211e-03
-1.582199501229918960e-03
-1.722749353333340215e-03
-1.714057961767338030e-03
-1.696444134834002981e-03
-1.687586119866124005e-03
-1.740798968268826661e-03
-1.739232231340460738e-03
-1.807163461003107518e-03
-1.910644497829649653e-03
-2.037229069050783530e-03
-1.877964051812115558e-03
-1.952419721587055892e-03
-1.879397029197600166e-03
-1.828308094864204876e-03
-1.897467052000015308e-03
-1.868862365055919952e-03
-1.823517689878604957e-03
-1.825402218417577485e-03
-1.855454521190540900e-03
-1.595061920531277988e-03
-1.776069127244953852e-03
-1.933108078009359394e-03
-1.801467211439300919e-03
-1.887666307534795890e-03
-1.968477173603072616e-03
-2.006608602486954860e-03
-1.934846217590853587e-03
-1.798215290448960599e-03
-1.882059227344972871e-03
-1.737002746974425750e-03
-1.891764242724137219e-03
-1.930936488533106180e-03
-1.783907952795228289e-03
-1.784760537976999573e-03
-1.924642249133917335e-03
-1.667745451682933451e-03
-1.828077046331587005e-03
-1.718289828198703208e-03
-1.477537733301321045e-03
-1.516940249796361155e-03
-1.565646098624678051e-03
-1.448710576958990755e-03
-1.702818684686734432e-03
-1.654626162783241934e-03
-1.784805666003736954e-03
-1.581068166134541163e-03
-1.432080651023558268e-03
-1.297575585934992613e-03
-1.447729076889928915e-03
-1.582230869224760536e-03
-1.669446493670004392e-03
-1.655059690392265883e-03
-1.497141330412508345e-03
-1.516882585410290986e-03
-1.641541474852839392e-03
-1.802282452400591917e-03
-1.853981941909623636e-03
-1.974416423853197437e-03
-1.919598846988120923e-03
-1.716138358479581388e-03
-1.787823633732011546e-03
-1.787058067687112865e-03
-1.871826275601063284e-03
-1.702885337895623710e-03
-1.550015992645533552e-03
-1.316888677869800005e-03
-1.546305113765372762e-03
-1.472010278389538794e-03
-1.656849401487429409e-03
-1.505185939624079745e-03
-1.565714655639019589e-03
-1.490366364092047874e-03
-1.625049386444318541e-03
-1.472801272728403591e-03
-1.680630674528296948e-03
-1.754875156303107968e-03
-1.577450083230217195e-03
-1.658192303358504288e-03
-1.638340439665276907e-03
-1.723052515132729532e-03
-1.698956960950299532e-03
-1.773453226693626032e-03
-1.821589872989857247e-03
-1.710668325367486250e-03
-1.702070175957716468e-03
-1.605671006883796189e-03
-1.521450363105388785e-03
-1.651865692624530403e-03
-1.678993984802317971e-03
-1.673605568984539707e-03
-1.740840018730078695e-03
-1.736152178084591048e-03
-1.467694243275009369e-03
-1.516226719374794618e-03
-1.393891932073532472e-03
-1.377887380066502524e-03
-1.656241888515165009e-03
-1.729811180716083526e-03
-1.833981552215186491e-03
-1.971197426694930744e-03
-1.886968866288438488e-03
-1.910246293238840537e-03
-1.627446496693464627e-03
-1.622150682611819003e-03
-1.617152701715763577e-03
-1.678882660942999146e-03
-1.683719210274778463e-03
-1.443543344943705583e-03
-1.503086397795325374e-03
-1.575116681595921950e-03
-1.582537773866853808e-03
-1.542173990204333224e-03
-1.417453023554087008e-03
-1.470457105396009078e-03
-1.645833643945438613e-03
-1.701306407080642935e-03
-1.582133603656055154e-03
-1.579313252637465793e-03
-1.596357660109083134e-03
-1.653783965141792473e-03
-1.659758739698949121e-03
-1.585392255000810970e-03
-1.610247514058160386e-03
-1.695997546008936501e-03
-1.677027534261062462e-03
-1.677818564379186805e-03
-1.557114332340010831e-03
-1.580301348335269151e-03
-1.587094345984561361e-03
-1.612726423548619444e-03
-1.626936594772931044e-03
-1.636284571803569773e-03
-1.480155492576552172e-03
-1.343987557914877755e-03
-1.256516018504754209e-03
-1.392794907298762529e-03
-1.444303137963965636e-03
-1.312127694048736406e-03
-1.425348375504518214e-03
-1.450192311338377275e-03
-1.551905200703960304e-03
-1.688609587780197764e-03
-1.671505075445517234e-03
-1.430990819425735422e-03
-1.558492196405377285e-03
-1.542729226616262926e-03
-1.336448359585510302e-03
-1.383228663356068011e-03
-1.407844978758603137e-03
-1.453897417216967140e-03
-1.569356295055585049e-03
-1.657117932853215516e-03
-1.639054404498380135e-03
-1.710432605583577436e-03
-1.805956716120222421e-03
-1.773568044620524829e-03
-1.646633742276517156e-03
-1.690211579548946434e-03
-1.638951639871471383e-03
-1.559132571063468397e-03
-1.341703762937769898e-03
-1.464253583018427802e-03
-1.257607284020302498e-03
-1.432022362104762433e-03
-1.477324717927383253e-03
-1.357673346173882958e-03
-1.487422023857857059e-03
-1.604518206780738239e-03
-1.616968803088701971e-03
-1.474123870283260531e-03
-1.388234332730099892e-03
-1.342236671195733665e-03
-1.503479483691507260e-03
-1.548209141545662821e-03
-1.352252903602669219e-03
-1.167019162615741011e-03
-1.142307282948601789e-03
-1.242819301394147745e-03
-1.062246868852797198e-03
-1.166244829908176343e-03
-1.133560930388088873e-03
-1.318973804521879432e-03
-1.355109081043928687e-03
-1.454893212936391464e-03
-1.483828565693685007e-03
-1.549775064438439808e-03
-1.476437271867481150e-03
-1.562530253937294061e-03
-1.623688021368868131e-03
-1.542023234160591096e-03
-1.415745138579152431e-03
-1.449029795019264296e-03
-1.575952205409321969e-03
-1.500039692096877307e-03
-1.394525777107771770e-03
-1.430562066111559609e-03
-1.457492575697077368e-03
-1.370142213387264647e-03
-1.458060675266277962e-03
-1.572492370192847501e-03
-1.634598125654989362e-03
-1.601748044153998660e-03
-1.577825536153092123e-03
-1.574381876905411046e-03
-1.622418100283196064e-03
-1.593531197701972442e-03
-1.653767507937563752e-03
-1.508059435360965339e-03
-1.504980674708378740e-03
-1.570486866162509182e-03
-1.455743223396691564e-03
-1.324439768262544465e-03
-1.286408369782886772e-03
-1.388284486003875644e-03
-1.280823267408732254e-03
-1.171029148310431941e-03
-1.247728286354101270e-03
-1.424764466406486805e-03
-1.301984247031477476e-03
-1.330793229975863259e-03
-1.360711552605647348e-03
-1.272848963669943358e-03
-1.177330451090512903e-03
-9.786341066305619465e-04
-1.146386764616941483e-03
-1.232113885455618507e-03
-1.295340479259101014e-03
-1.190772187815866473e-03
-1.285198017232538296e-03
-1.379495454833766900e-03
-1.310926813588531850e-03
-1.341448621960988647e-03
-1.420222329279019480e-03
-1.347962962831510776e-03
-1.374751873458402189e-03
-1.409943832855409078e-03
-1.434359579682527091e-03
-1.281943173481317217e-03
-1.251961758984220527e-03
-1.363955750237102939e-03
-1.361818828670541140e-03
-1.242320401095179739e-03
-1.360547025354359816e-03
-1.169185809508249164e-03
-1.262104111103105018e-03
-1.283106963253675611e-03
-1.323180270038332596e-03
-1.315392791724992721e-03
-1.335639408932010660e-03
-1.432894953583966659e-03
-1.528134757359621634e-03
-1.510121711719315980e-03
-1.507018384035130245e-03
-1.352034359688187659e-03
-1.378052263333679568e-03
-1.391626732492494802e-03
-1.302494530719684523e-03
-1.219801573126471804e-03
-1.250796576567990382e-03
-1.300859547038789180e-03
-1.311338622151704504e-03
-1.413819032035191960e-03
-1.540078307653220671e-03
-1.495205573280763240e-03
-1.481947291912174940e-03
-1.546537801589534722e-03
-1.506378665563316540e-03
-1.529532601886494101e-03
-1.585443899491078591e-03
-1.673716307594106008e-03
-1.615864966534691751e-03
-1.601225224761828030e-03
-1.506296858608805432e-03
-1.274491577474977334e-03
-1.237041434189351495e-03
-1.281468775773405384e-03
-1.468071863073309915e-03
-1.574535809434297103e-03
-1.511605311859851595e-03
-1.564653845809466570e-03
-1.517936187115045141e-03
-1.524276569921265536e-03
-1.335625163032201244e-03
-1.342501123112844206e-03
-1.540650896293114126e-03
-1.448218545011892636e-03
-1.233587615956893311e-03
-1.337125716910414919e-03
-1.285403167986695150e-03
-1.090570046571788651e-03
-1.207070438723183625e-03
-1.156021135880434640e-03
-1.313944815188309266e-03
-1.521533136442938371e-03
-1.488819073178087021e-03
-1.413529654098373512e-03
-1.760935467524948374e-03
-1.536289044720179527e-03
-1.828291703322681896e-03
-1.742072119774008962e-03
-1.717274430153039027e-03
-1.733520105773044733e-03
-1.752211813141788975e-03
-1.403971771013177734e-03
-9.694607838966957155e-04
-1.013666478745757320e-03
-1.765395858613367152e-03
-1.750337113289070863e-03
-1.938649595113055594e-03
-2.070933586351177309e-03
-2.177087894935700492e-03
-2.277358891958842450e-03
-1.929982415485882253e-03
-2.153422628156035756e-03
-2.491864352335320526e-03
-2.229022932790048969e-03
-2.712384526214798273e-03
-2.508716940600158336e-03
-3.072328741446718296e-03
-2.969267875505224568e-03
-3.240872816585212753e-03
-3.120224024444346288e-03
-3.515045902832351042e-03
-3.489940226126429183e-03
-3.636127389556805499e-03
-3.644071436546659094e-03
-3.815234900290620512e-03
-3.976279347973102687e-03
-4.114589209273599411e-03
-4.097386246329859892e-03
-4.343935333760738822e-03
-4.825943129230904696e-03
-4.290407088964881890e-03
-4.801144667895475282e-03
-5.651692662909694846e-03
-4.725754936233268408e-03
-5.467466144190645354e-03
-5.779886082360935484e-03
-5.938296599589572462e-03
-5.529209406245269402e-03
-5.500700296180579922e-03
-4.099871837340327875e-03
-5.446000293234757976e-03
-4.789581060030361111e-03
-5.644351903046059514e-03
-5.477120683582732338e-03
-5.605418739628221549e-03
-5.640084029414679963e-03
-7.016030106566760981e-03
-6.418816868412092168e-03
-6.248499283925934220e-03
-6.952331666319249738e-03
-6.641260957052757749e-03
-7.409739284185343916e-03
-5.943870077117845499e-03
-5.406464833972289379e-03
-5.480872939427794584e-03
-6.148674187004116859e-03
-7.676100500452568212e-03
-7.587463465404584682e-03
-8.265288786205257990e-03
-8.972484232586969838e-03
-8.875648917167428681e-03
-8.791133541586618888e-03
-1.036130401256583899e-02
-1.065349926650838858e-02
-1.174303182685326220e-02
-1.170862162161210272e-02
-1.077922253566604774e-02
-1.016519998805315121e-02
-1.177596866574459090e-02
-1.312773236761784201e-02
-1.244485902625689332e-02
-1.007036627875206036e-02
-9.954534304310517015e-03
-1.110170677941142714e-02
-1.126255857936605750e-02
-1.248879046850079853e-02
-1.244319425623326841e-02
-1.280453642393173178e-02
-1.292692234701450435e-02
-1.138873019337336562e-02
-1.388876303301934956e-02
-1.528415142993444671e-02
-1.485986064733779352e-02
-1.473897402983222714e-02
-1.464297349382376844e-02
-1.412834330921852385e-02
-1.470205279493216367e-02
-1.546122984377717828e-02
-1.467683473512176005e-02
-1.812852143355540499e-02
-1.643192335641395149e-02
-1.637143077531108895e-02
-1.628660363576652989e-02
-1.627920076964722504e-02
-1.630978752859792852e-02
-1.697299742800065583e-02
-1.623820478305958853e-02
-1.681766081628792084e-02
-1.712010125494932075e-02
-1.792013761015992523e-02
-2.183565952005105115e-02
-2.001129038322345746e-02
-2.024458707182094641e-02
-2.334195220321726161e-02
-2.355268262830945494e-02
-2.134806337349012470e-02
-2.025781807320125444e-02
-2.155698808363804356e-02
-2.320649285157774105e-02
-2.231155461897167680e-02
-2.162684640323473545e-02
-2.079032497298582277e-02
-2.483720679610704890e-02
-2.546869513289636705e-02
-2.077637967175456624e-02
-2.117634241736935166e-02
-2.208678248144357176e-02
-2.032778871104717194e-02
-2.053538437354951451e-02
-2.136149192728351714e-02
-2.690655238885086495e-02
-2.459172158400642696e-02
-2.416152434395031981e-02
-1.949175006507658167e-02
-2.133590524218149931e-02
-1.664132895370049048e-02
-1.771091166105240658e-02
-2.094775532100688967e-02
-2.009732810871645015e-02
-2.174098011641362876e-02
-1.765901112577299495e-02
-2.076174359124682497e-02
-2.205514110417110263e-02
-2.298689524171051643e-02
-2.351050451266619573e-02
-2.349230014707215028e-02
-2.315316110480225564e-02
-2.301768934978943096e-02
-2.424532616978095426e-02
-2.308837020945873203e-02
-2.365129559467254311e-02
-2.396131153626068072e-02
-2.435101834578370580e-02
-2.342245679369141242e-02
-2.820627990167071455e-02
-2.439110365474082831e-02
-2.304181775933599602e-02
-2.409993869530114435e-02
-2.661028147922750095e-02
-2.518298169537609710e-02
-2.912821183635139546e-02
-2.409994798466691401e-02
-3.172399905493435146e-02
-2.928933478377511793e-02
-2.833870023812523967e-02
-2.579983640787591667e-02
-2.813252133722417975e-02
-3.305581874970733164e-02
-2.549123493989462544e-02
-2.741877714677432368e-02
-3.152082784987345759e-02
-2.760961463305505043e-02
-3.076200481410948373e-02
-2.299065406927316979e-02
-2.508918063133312726e-02
-2.723916318120702187e-02
-2.245115971474937605e-02
-1.995028412528370917e-02
-2.277419808126570494e-02
-2.673041377246392070e-02
-2.152740443145350485e-02
-2.586444090320963451e-02
-2.783528339139144589e-02
-2.907968449959784374e-02
-2.324782065599581560e-02
-3.254697335058897439e-02
-3.530508375258350345e-02
-4.338828484310710415e-02
-4.072650538439363116e-02
-3.749857921125639842e-02
-3.591244028663248544e-02
-3.120389232648882599e-02
-2.314376396104915815e-02
-2.424284959084148719e-02
-3.432535725638112545e-02
-3.375846125780909007e-02
-3.398779272560618903e-02
-4.170946884962058870e-02
-3.979007210058062988e-02
-4.788622851666426289e-02
-4.276820915141482660e-02
-4.107213574656949640e-02
-4.760611588938518796e-02
-4.628918609893274694e-02
-4.684137443583908517e-02
-5.042143572771011495e-02
-4.761195734407430019e-02
-5.409315809595177660e-02
-4.669357914418905547e-02
-3.784885924964136172e-02
-3.688416502372100086e-02
-3.930863541103032238e-02
-3.765467994434940069e-02
-4.345841461086222962e-02
-3.878100534257798021e-02
-3.733440690561051073e-02
-4.913424788507299995e-02
-3.732710494885079638e-02
-3.388510899784050179e-02
-4.283159533824019288e-02
-4.526222298105959246e-02
-5.136479410485873115e-02
-4.982377584051751740e-02
-5.179970729913987992e-02
-4.242160603339684838e-02
-4.873240318307477809e-02
-4.376638948635466764e-02
-4.798932160560034910e-02
-5.268304932789548423e-02
-5.852306264782868722e-02
-6.122036634840919561e-02
-4.723982420623156625e-02
-5.730080004263452681e-02
-6.816586968834301152e-02
-6.188094540629351242e-02
-5.648679724201768892e-02
-4.794216122880180786e-02
-4.931723882446382989e-02
-4.891439629307554188e-02
-3.153007030074300027e-02
-3.829139920546160286e-02
-4.115223523473540007e-02
-4.536505962021954858e-02
-4.256660135353804858e-02
-4.513704844462873567e-02
-4.648076268816865586e-02
-5.312886792795522978e-02
-4.753855335675504640e-02
-4.922879330590990837e-02
-4.698000925211994611e-02
-3.876594808396675168e-02
-3.978314399750602914e-02
-4.458322204502349756e-02
-4.293850291586632367e-02
-4.926256165407506132e-02
-5.463986367234531516e-02
-4.710696913354316118e-02
-4.348077467768706600e-02
-4.315164454879121675e-02
-3.699337604227063286e-02
-3.952347377187388766e-02
-4.081823549770249165e-02
-5.849764633670073710e-02
-4.944259147837957308e-02
-5.292137534032981261e-02
-3.736311928634140911e-02
-5.204926224047241867e-02
-5.244122162639048429e-02
-4.433023705417813570e-02
-4.804826885953442095e-02
-4.958799837500543067e-02
-6.342637133873728350e-02
-7.264677945937460246e-02
-6.420006366503026862e-02
-5.977865802264771544e-02
-6.125658306757861271e-02
-6.979396064619924900e-02
-5.134204998293079997e-02
-3.554961979753004653e-02
-4.343608921169260506e-02
-3.749616025236417877e-02
-4.459707912988321310e-02
-3.199556483425575193e-02
-4.085685796587980312e-02
-5.965403915108490052e-02
-7.143144024443023876e-02
-5.043740327956840880e-02
-4.971846841848302084e-02
-5.507387999581527666e-02
-5.188752634695218552e-02
-5.811616587226734604e-02
-4.414103076968130257e-02
-4.598495494145794782e-02
-4.858016052107792804e-02
-3.577108590008701294e-02
-2.858427256734690294e-02
-1.703832709271723908e-02
-1.683322068643461344e-02
-3.866955218328232274e-02
-3.405032004371608134e-02
-2.706729813675939553e-02
-2.627956696077611218e-02
-3.766817034435797351e-02
-5.088431403987811463e-02
-4.802701871201286304e-02
-3.452357555916945459e-02
-5.294069237472869005e-02
-5.788233178693732300e-02
-5.631810186894999071e-02
-5.487022986336879959e-02
-5.571405731158754482e-02
-5.362504451972998493e-02
-5.416272631341348398e-02
-5.001358827035499999e-02
-4.552502674054314385e-02
-5.434779167080241308e-02
-6.898549729555764065e-02
-7.166049688111000848e-02
-5.230516341614262210e-02
-4.956276220711880454e-02
-5.173554418559175860e-02
-5.362785181985991328e-02
-5.761113940795525162e-02
-6.211256894710130705e-02
-4.287448773493016813e-02
-4.539133158891307807e-02
-5.833646198584912373e-02
-6.440090240483770101e-02
-5.733636235978125523e-02
-4.807155050223752002e-02
-3.880817067336982118e-02
-3.124864343479593146e-02
-2.182663490418444013e-02
-4.306529733353470224e-02
-4.411999939897537359e-02
-5.608868332845142607e-02
-5.351945020035058648e-02
-5.450511326924051270e-02
-3.539537108993408288e-02
-4.024717597163327693e-02
-3.504456410545491590e-02
-5.754056318162126260e-02
-3.687167237609557252e-02
-4.741348639424625838e-02
-6.029385929591234150e-02
-6.887763330227898717e-02
-5.639678467984614307e-02
-5.596125849125106744e-02
-7.632400645236998848e-02
-6.590271047390930392e-02
-7.580438988734969352e-02
-7.156802440012501043e-02
-7.916009942590448989e-02
-5.928631288302980279e-02
-7.678789624899409749e-02
-5.907775937397944516e-02
-6.419444820269712415e-02
-4.981108803826193865e-02
-6.010451489432935834e-02
-5.359886188719226174e-02
-6.532034233340756890e-02
-6.226842532839324540e-02
-7.490957306578326091e-02
-4.637640776835614403e-02
-2.640011623234464477e-02
-4.057026695567892555e-02
-4.868954757795166538e-02
-4.844302252872682152e-02
-3.997956658126911728e-02
-5.209441654427649643e-02
-4.999097370513624211e-02
-4.933749898101628256e-02
-5.162161956984091110e-02
-4.694155350430258278e-02
-2.760732446970751500e-02
-4.714804609390892826e-02
-3.871695003440415311e-02
-5.683616292112441543e-02
-4.588646629272545574e-02
-4.132020123325850364e-02
-2.112487291906829309e-02
-1.845871358137986598e-02
-1.733847935666484388e-02
-2.926622723661363723e-02
-4.631980792600630392e-02
-2.457644665816344220e-02
-2.052695952703506577e-02
-3.859824767150946828e-02
-3.243838435762153027e-02
-3.634531137915080617e-02
-3.545123455041351845e-02
-3.239010071642195454e-02
-3.669446046444587578e-02
-4.155248841557299122e-02
-4.997768504240107656e-02
-3.668141227807069499e-02
-4.282334637663041260e-02
-4.412644346596306805e-02
-3.358080559022426359e-02
-3.347093134212703741e-02
-2.516771419108843055e-02
-2.461548938801116221e-02
-3.156073538412600826e-02
-3.269796264404803421e-02
-3.390292810283432323e-02
-3.954426992332745611e-02
-3.748826313890676193e-02
-3.050751965838195343e-02
-1.615573220405678440e-02
-2.480364435430734357e-02
-2.112617886720207297e-02
-2.176283860693574435e-02
-3.396028675441931793e-02
-3.950643770341346478e-02
-4.340025518703695406e-02
-4.015492786921549123e-02
-3.048673823057496471e-02
-3.126059063628041507e-02
-2.735051442840491509e-02
-3.027237732102698239e-02
-3.919436697069511588e-02
-4.087862419383396506e-02
-4.449520625287041453e-02
-3.538497864891863853e-02
-2.556708369588385488e-02
-3.635959257827723473e-02
-3.451050397440821871e-02
-3.349269928803134261e-02
-3.490168782732557679e-02
-3.595313207688494855e-02
-2.816864873896093163e-02
-3.253166035754767593e-02
-3.585153449252338059e-02
-3.731580292869325632e-02
-3.314516424267222039e-02
-1.979887814341018543e-02
-1.095403910298217362e-02
-2.573268260700466853e-02
-3.278504398051606400e-02
-1.928204913669948409e-02
-2.428373680090838843e-02
-3.303350551675166002e-02
-3.490620003583583958e-02
-3.846700680336565675e-02
-3.881570852228733576e-02
-2.939742780906262967e-02
-3.408859850343042008e-02
-3.648317884412770329e-02
-3.097502268361224456e-02
-3.506162093860230866e-02
-3.431314959702518042e-02
-2.723706730123408651e-02
-3.006829519422371880e-02
-2.618795775102306794e-02
-3.253112690032534948e-02
-3.411025419414243781e-02
-3.545509701968131699e-02
-3.122523231293220999e-02
-2.862503125359395009e-02
-2.788203221087149145e-02
-3.260886860442766683e-02
-1.961355914431684236e-02
-2.259974434955882780e-02
-2.866273507097899520e-02
-3.322856071535811029e-02
-2.954700476956610353e-02
-3.224657566055805918e-02
-2.900470881156251915e-02
-2.123128267274070752e-02
-1.607395297600491824e-02
-8.317106121359343907e-03
-1.739186965455724251e-02
-2.104323921876482748e-02
-2.101153437738104146e-02
-1.124576548216636024e-02
-1.893410711090148801e-02
-2.623321167069227536e-02
-3.120681635231287512e-02
-2.425426709886366328e-02
-2.487704540192100383e-02
-2.803814659900470685e-02
-2.734609978735511038e-02
-2.054568929199947214e-02
-2.242402583965350665e-02
-1.319148715553786731e-02
-2.284098492824119739e-02
-2.933497200432458665e-02
-2.649277289340854977e-02
-2.454788162644066032e-02
-1.872172134607549485e-02
-1.719118615707508277e-02
-2.037583603997558668e-02
-2.777006316295855745e-02
-2.741651325214567933e-02
-2.984776588237745068e-02
-2.123104428168201899e-02
-2.193523463600893786e-02
-1.610429136977041889e-02
-2.195245651963965983e-02
-2.282347161279196790e-02
-2.019379442439405564e-02
-2.321322833283961246e-02
-2.348076277938495118e-02
-2.255373770496516342e-02
-2.718839209010356917e-02
-3.064106475976692209e-02
-2.405064518009570815e-02
-2.127661210748871268e-02
-2.313641327012702642e-02
-2.428127771992067210e-02
-2.578182135721684629e-02
-2.359032038394764247e-02
-1.961152421265323700e-02
-2.391471866819609715e-02
-1.820377690590628192e-02
-1.471455439336615510e-02
-2.124655263495926066e-02
-2.588915573658953292e-02
-1.992160580134074918e-02
-2.338943306058468077e-02
-2.307131444547654703e-02
-2.434922985475244592e-02
-2.624167001632742025e-02
-2.020876137585190038e-02
-1.991686941751174764e-02
-1.807722205492844417e-02
-1.846347755942534877e-02
-2.270645915911644400e-02
-2.252809595474796617e-02
-2.184837629103479617e-02
-1.986791178191489940e-02
-2.481684051548512307e-02
-2.536561911782104009e-02
-2.615858825663009216e-02
-2.660635915297871953e-02
-2.652991351321845950e-02
-2.373402324310657299e-02
-2.002527259459939424e-02
-2.180559743433134814e-02
-2.326736604778312928e-02
-1.888524393757490955e-02
-1.190262073657643964e-02
-1.510156745794460735e-02
-1.702361401657735349e-02
-1.756112350530303692e-02
-1.677680592020212857e-02
-2.018201695551615979e-02
-1.775512728942839000e-02
-1.588770879266834801e-02
-2.037637936064554123e-02
-2.154794428736021838e-02
-2.164208583491256110e-02
-1.679084936558658536e-02
-1.332833390326483569e-02
-1.837992285234332779e-02
-2.016793319521874295e-02
-1.663993871135415956e-02
-1.699594036509319284e-02
-1.410641187318269728e-02
-1.495445660931758562e-02
-1.620076662705622478e-02
-1.975809789298924382e-02
-2.252195940882124880e-02
-1.697520836506374864e-02
-1.391458241720359285e-02
-1.179654937574808535e-02
-1.626752029966053309e-02
-1.889997548316386250e-02
-1.952666970368553689e-02
-1.740908549795560506e-02
-1.947988127308012893e-02
-1.797323392068537334e-02
-1.757387106550744107e-02
-1.364830063745745004e-02
-1.715195712876182998e-02
-1.958767551174787902e-02
-1.765217411225812258e-02
-1.346010762257050450e-02
-1.655846265181110805e-02
-1.784484613024693578e-02
-1.806686300393604838e-02
-1.805692883736548585e-02
-1.627279675829402389e-02
-2.024550503275972246e-02
-2.252747972421528105e-02
-1.679825954076820047e-02
-1.376661162517583276e-02
-8.697883804578440334e-03
-8.417443200950516791e-03
-1.115964785629797520e-02
-1.462780122647834580e-02
-1.495085901409458178e-02
-1.514920936738318145e-02
-1.821818181740339146e-02
-2.016326793789388269e-02
-2.132131583106582767e-02
-2.249248328707825068e-02
-1.983831938066285550e-02
-1.541215876523668177e-02
-1.882753581922206113e-02
-1.851319392019245766e-02
-1.422026361428308135e-02
-1.387169685413319406e-02
-1.357538516478637783e-02
-1.260646563908452561e-02
-1.557282878423057321e-02
-1.650556808754299193e-02
-1.014219299967422661e-02
-6.049676345030577385e-03
-1.208807237946569503e-02
-1.116796393103736129e-02
-1.023741660630618847e-02
-8.707884206356313050e-03
-1.100571523649457491e-02
-1.009458677792374713e-02
-1.089827351160407333e-02
-1.003778397696858914e-02
-1.222228517609275610e-02
-1.409517544279560372e-02
-1.576970968946793394e-02
-1.664474481494900016e-02
-1.337476733853296997e-02
-8.293443159993914987e-03
-8.003147320532687584e-03
-1.181658903820502135e-02
-1.426786253929480594e-02
-1.390776435744333836e-02
-8.946651686546531340e-03
-1.053811135434741704e-02
-1.445475252692175749e-02
-1.554213988884534277e-02
-1.706613044364188245e-02
-1.233229689043019960e-02
-9.958723685467142303e-03
-1.420622508787788146e-02
-1.238300236024507395e-02
-1.276687105339414929e-02
-8.114862615770462861e-03
-1.282501888778051630e-02
-1.384786864479433527e-02
-1.521787976493694031e-02
-1.485020981198380448e-02
-1.448206323637712782e-02
-1.126657128547352282e-02
-1.399856222678359623e-02
-1.320946683922965929e-02
-1.446629963185017652e-02
-1.047516902129510402e-02
-1.107837790114789452e-02
-1.395350734933070540e-02
-1.500327934596375722e-02
-1.084750309819719483e-02
-1.137671538173154646e-02
-1.363899823602366182e-02
-1.546482340780006709e-02
-1.580056025481732518e-02
-1.165177656411543056e-02
-1.236099261210317664e-02
-1.192153126023072149e-02
-1.190733270789768802e-02
-1.202555157400593197e-02
-9.145710482292958646e-03
-1.149302200149538572e-02
-9.095221108171631930e-03
-1.127557837233811658e-02
-1.190886040751169134e-02
-1.396399821707206695e-02
-1.124662282081756275e-02
-1.138081351917962294e-02
-1.071926217911092251e-02
-9.833931634621418533e-03
-7.918146675262202963e-03
-4.366613073501838388e-03
-6.826061290999029148e-03
-1.000466400203359196e-02
-1.081852154794256914e-02
-1.023185009897754731e-02
-1.087717164207302814e-02
-6.770630212444321387e-03
-5.285564923138088081e-03
-7.805589097976244235e-03
-8.925868219826726263e-03
-7.394797896162516419e-03
-4.076236332486149298e-03
-8.771975474962386693e-03
-9.803140505026260512e-03
-9.806708843893573863e-03
-7.438213564564466300e-03
-8.564068428146670228e-03
-9.991541919436557756e-03
-1.067009051441639676e-02
-1.197441704329411938e-02
-1.299450491583910988e-02
-1.249730530368161653e-02
-1.262066705802193135e-02
-1.307336199959025294e-02
-8.400272312442450678e-03
-9.643600243958593346e-03
-1.017870754117175362e-02
-1.213463713432961708e-02
-1.127401863364954279e-02
-1.201353330478670441e-02
-1.135960556721074717e-02
-7.009778086637016500e-03
-8.839170706249710116e-03
-7.692130787161174064e-03
-9.903234834948983559e-03
-9.754206283531498267e-03
-1.153358082196687638e-02
-1.113733226682309639e-02
-1.197808016368573196e-02
-9.243728247955919353e-03
-1.074440505571498325e-02
-9.963128427920978081e-03
-7.374960128939396335e-03
-9.827226436410388399e-03
-9.999218451862782256e-03
-1.188419886978306882e-02
-1.048556548952770534e-02
-1.051989922240186524e-02
-9.911722107111673244e-03
-9.480018504363486517e-03
-1.120131345796420395e-02
-1.072180539760329669e-02
-1.163516565654577894e-02
-7.303449499662639441e-03
-8.107290673269209116e-03
-1.004474449935781333e-02
-9.030995245106407388e-03
-1.000674914723674418e-02
-9.776415745967706114e-03
-8.030800536112017024e-03
-5.028280401918739165e-03
-6.755365424133901765e-03
-7.890824969340836173e-03
-9.624419838714331002e-03
-8.819904336802707190e-03
-8.445339693397196923e-03
-1.111851789295175558e-02
-1.231905543408096625e-02
-1.285177892480917142e-02
-1.187933621853251576e-02
-1.061934496738605425e-02
-9.957824548894678510e-03
-1.085583111644921120e-02
-9.681041587042258159e-03
-9.881391618956148273e-03
-7.679039302809407240e-03
-9.832377144291257545e-03
-1.103995324687010587e-02
-1.021670041315663087e-02
-9.454834031630081001e-03
-7.439132935159821318e-03
-8.615423795821350317e-03
-6.493825462142235883e-03
-6.115307315113970889e-03
-7.070290615507256182e-03
-8.104535983634895274e-03
-8.485352177882756960e-03
-5.029664340559557648e-03
-6.286942442032085639e-03
-7.814259903098513121e-03
-7.525604559701402387e-03
-9.007326646148276772e-03
-8.790183581487849215e-03
-1.076364728035257221e-02
-9.541808816419750094e-03
-7.303483025112040422e-03
-8.031091789717784840e-03
-8.185124828108923667e-03
-7.240422745001396342e-03
-8.805107923636094208e-03
-7.534192495771690513e-03
-6.202425229894339802e-03
-7.324689235631068156e-03
-9.908948630475202315e-03
-8.921223192477642158e-03
-8.623498296386367112e-03
-8.730343433965889050e-03
-8.347188613341435109e-03
-8.198479945024442217e-03
-6.377485303814960614e-03
-3.826801311200134573e-03
-6.690466609057943784e-03
-7.303530661113372298e-03
-8.719054539292725448e-03
-1.054025723681572581e-02
-8.268207201999049072e-03
-6.723878094380377618e-03
-8.677887811075745209e-03
-1.006391126580955322e-02
-9.523877467115879000e-03
-9.294255160918737935e-03
-9.661700511812669132e-03
-6.230036020077640499e-03
-6.968990078391520265e-03
-8.406230107798045442e-03
-8.212214206069677613e-03
-9.216755237292484360e-03
-8.771630177614113399e-03
-9.290984461521186247e-03
-8.504490471925097925e-03
-8.061786296693152290e-03
-7.991301548163919771e-03
-7.867887503734049756e-03
-8.286851568900676160e-03
-8.787152149592058689e-03
-8.265733204864317285e-03
-7.929608607355665209e-03
-8.312144151790604868e-03
-6.346438387101109233e-03
-7.981461337961058902e-03
-8.669389565325008595e-03
-8.445244138033805928e-03
-6.844967775272967764e-03
-5.342883577001155716e-03
-7.006484097805298905e-03
-7.887688142590949802e-03
-5.634394463746186452e-03
-6.227096476477939242e-03
-6.987724007843501735e-03
-5.272346937359149305e-03
-5.918757458068793151e-03
-6.301060200393606911e-03
-6.050437184758006293e-03
-5.589676256806288060e-03
-5.197932016597170413e-03
-6.356048836003648679e-03
-7.594168763667488720e-03
-8.503646011742830788e-03
-8.954593823966884580e-03
-8.648900545143828680e-03
-8.030362301413962456e-03
-6.863091764633231714e-03
-8.213575226380782912e-03
-9.464570128408331118e-03
-1.094508983502831372e-02
-9.468685033681464858e-03
-6.058734559505393052e-03
-3.660615535827914466e-03
-3.279601191184330564e-03
-5.025979100434541623e-03
-5.924708584161319895e-03
-6.487391004434215486e-03
-6.541483750670171703e-03
-7.645207543880243144e-03
-8.439859692279691114e-03
-8.183555233049833247e-03
-7.622653570695392053e-03
-7.567549715524233417e-03
-7.173480382453152789e-03
-8.521428626143096735e-03
-7.559410235674456427e-03
-8.207911874633742194e-03
-7.460817624239040463e-03
-7.061162450631958132e-03
-7.991768612414990036e-03
-8.287688092136169873e-03
-7.810618042704685349e-03
-6.152584738491324520e-03
-7.942281221030319735e-03
-7.370055705956279901e-03
-7.152892050144020984e-03
-5.428741659679241736e-03
-6.496574199934738655e-03
-6.500880134014585567e-03
-6.446868064119050043e-03
-7.407961430053538153e-03
-7.715749653061051462e-03
-6.971947939502317997e-03
-6.780164733847763789e-03
-6.100876116367504910e-03
-5.007111892728751019e-03
-4.345073632110296909e-03
-3.749131890657931253e-03
-3.123355520210388189e-03
-3.505128871222906468e-03
-4.931459731112383324e-03
-5.376277907443241695e-03
-4.816961659961103807e-03
-6.421504535189704807e-03
-6.707342514550813234e-03
-7.155405587002182204e-03
-5.618836913255835855e-03
-6.206809480760107703e-03
-4.852939841960082941e-03
-5.389240912589294066e-03
-4.635082121545698423e-03
-5.714127809370465015e-03
-6.440817625997741214e-03
-6.676648568064929602e-03
-6.188590036782568200e-03
-6.755064923668009993e-03
-7.100998794364656377e-03
-5.521797524592556190e-03
-5.842881699452131053e-03
-6.556861081528345472e-03
-6.576946308146346294e-03
-5.003138308241885865e-03
-5.371432493695064633e-03
-4.692632024706578329e-03
-5.654590686067789522e-03
-5.494938253691661854e-03
-6.631619887202270906e-03
-7.519497075734336324e-03
-6.764752357924819735e-03
-5.035707185939488142e-03
-5.701093219685387029e-03
-6.002784319356365729e-03
-5.805444405613183548e-03
-6.042041160481081280e-03
-5.866604505543327776e-03
-4.514910850610727271e-03
-5.798345740052052513e-03
-5.819345838440962565e-03
-6.134705296935548044e-03
-4.695950626940655591e-03
-3.707510218245241122e-03
-5.016533554138004683e-03
-4.930935310508058507e-03
-4.130552233261892449e-03
-5.753800036192763950e-03
-5.272522618744317040e-03
-6.376468426955655446e-03
-5.776521795771180461e-03
-6.183910868764738895e-03
-5.914194871169274961e-03
-6.406799171802811041e-03
-7.199432440928413106e-03
-7.342150549279767048e-03
-7.188142438888283151e-03
-6.115371583458514664e-03
-6.504044233839509880e-03
-6.848541548884021224e-03
-6.302882089162197693e-03
-4.931774376419334818e-03
-5.359464543199759026e-03
-5.458842978698104538e-03
-4.341094843741588952e-03
-5.933614613423242139e-03
-5.111959468400291765e-03
-4.529972214161741458e-03
-5.788412800138890632e-03
-4.383847776104399241e-03
-4.942736725619768789e-03
-5.285825477780089869e-03
-5.816553493032181402e-03
-5.607481644408658476e-03
-6.156489314235254369e-03
-6.682062709183193838e-03
-6.148270745459835304e-03
-6.168265771759180900e-03
-6.810951186200123013e-03
-6.794226356181524810e-03
-5.540274185140497097e-03
-5.084180629606780549e-03
-4.285059513217607217e-03
-3.369687699877699314e-03
-4.222530221754561275e-03
