5.107020968849138053e-06
7.734716660064109924e-06
1.302881472514411338e-06
-5.221404076030994271e-06
-1.124900431507620319e-05
-1.812122292442671569e-05
-2.875378920822977094e-05
-4.692491281052754985e-05
-9.220200559504800736e-05
-6.832383546337769545e-05
-1.310676238582094062e-04
-1.795760273598383293e-04
-3.059336052773788768e-04
-1.969747769685773278e-04
-1.198822785364936084e-04
-2.220833396176599304e-04
-2.711767474407577585e-04
-1.257116208097105265e-04
-1.887706434085086786e-04
-2.070450761018166011e-04
1.835056094061509073e-04
4.274975031244208044e-05
2.778383663503246749e-04
5.145427519437373049e-04
3.226051129432449312e-04
5.609573783855258773e-04
8.493148902620696779e-04
4.233897683446803412e-04
1.658377596376946032e-04
8.965563301428593527e-06
-9.649330109634565006e-05
-1.790494270219982734e-04
-2.472025007295403196e-04
-3.061703355691682959e-04
2.385889596019091102e-04
8.282611728677544843e-05
7.172630379845242651e-04
-2.603138580604178300e-04
3.925877580854729367e-04
2.178150577109362368e-04
2.420840728462965354e-04
4.636888840672884204e-04
-5.398656637453605901e-04
-1.978743716780705791e-03
-8.352065108185848180e-04
6.973958122666507097e-04
1.601632302456243613e-03
-1.029997799580894277e-03
1.495383527011075273e-04
2.570900837117881185e-03
2.679559959189810672e-03
3.448224502399008413e-03
5.758611153278231538e-03
2.347585011827820964e-03
4.098522266878731196e-03
2.839259585597828268e-03
4.362978684700744882e-03
3.164214972237952735e-03
6.876510942353682675e-03
1.438190061336466763e-02
8.971178756003058558e-03
1.114206705159279977e-02
1.390275350384690897e-02
1.616919473191709422e-02
4.727927572827981921e-03
-4.326242269164517172e-03
-4.641612490348227121e-03
-1.077378535675560696e-02
-3.363311616135548844e-04
1.093044103180045175e-04
1.209233929588636848e-03
1.458198156028518190e-03
7.233847225553142850e-03
4.285281880377407419e-03
-1.600950968405146987e-02
-1.620550193871728856e-02
-2.354030685077063145e-02
-5.462216564091002848e-03
-1.891565159700585655e-02
-1.337679779521260687e-02
-1.279517089837216640e-02
-9.878567374802190576e-03
-1.674188227872211790e-02
-2.361135630144745381e-02
-3.249011735547980423e-02
-4.350379418070050158e-02
-5.905497899902031195e-02
-7.304271366190229209e-02
-8.871978078531690681e-02
-7.987510160142620441e-02
-8.890302566615403135e-02
-8.461831686474352576e-02
-9.222691832755415542e-02
-9.103365620252323875e-02
-1.119171494505875053e-01
-1.088098790378474734e-01
-1.270281315503301867e-01
-1.363929288142221308e-01
-1.179277407693860441e-01
-1.290249242238634964e-01
-1.062102990962403848e-01
-1.332906948629128951e-01
-1.249659848938411144e-01
-1.197034598515877707e-01
-1.315865734761306194e-01
-1.195411456391777538e-01
-1.344136874251990466e-01
-1.449555863094403318e-01
-1.061996891850991165e-01
-9.498749936698781815e-02
-9.019512865225610965e-02
-1.152975542632471984e-01
-1.340685136350106554e-01
-9.248270319671327011e-02
-8.989584376206449789e-02
-8.809029992461936409e-02
-4.913025650150069923e-02
-7.630910646988048329e-02
-1.067206373599756397e-01
-6.217433073697239965e-02
-1.207357852359978584e-01
-1.010379213622143446e-01
-1.672037614047360843e-01
-1.030365289920723154e-01
-1.394492243642077300e-01
-1.304833367898017571e-01
-1.256973136172893912e-01
-1.062632332711190564e-01
-1.536353438482663814e-01
-1.646841992347457262e-01
-1.031682163581893047e-01
-7.015074643687851941e-02
-1.011684325867720918e-01
-1.235713395159581257e-01
-1.545059006491680542e-01
-1.878506191669446768e-01
-2.108775416424362448e-01
-1.781906587928117625e-01
-1.304619089656166020e-01
-1.167965053382035850e-01
-1.911950166177931731e-01
-1.949398509923541689e-01
-2.045199077796410470e-01
-2.060237488509043813e-01
-1.222025691271134279e-01
-1.589645185524532767e-01
-1.804724844524977501e-01
-1.506372561668356258e-01
-1.665108615926243485e-01
-2.417478509542355936e-01
-1.667404593727410678e-01
-1.883331533208262021e-01
-1.912934817863191639e-01
-1.569850958602288515e-01
-2.095214092701206399e-01
-2.016821449237998776e-01
-1.711610687206399917e-01
-1.560342081311862361e-01
-1.376997245669850933e-01
-8.159995763789257284e-02
-1.766250511701336623e-01
-1.054004319187694244e-01
-1.607154915663709938e-01
-2.145853505773955283e-01
-1.536966366578614851e-01
-1.067198045754569613e-01
-2.072738284246305185e-01
-1.659587820908696998e-01
-1.521763747365112163e-01
-9.411982455787371027e-02
-1.217599522089939101e-01
-1.170231491432237036e-01
-1.655663456886229401e-01
-1.950053003458578627e-01
-2.075941596811942680e-01
-9.196433177842060214e-02
-1.896326353071199344e-01
-1.296787622553230712e-01
-1.753923220811018369e-01
-1.680928586371982780e-01
-2.230092155166305823e-01
-2.234035882805424922e-01
-1.284144821757780275e-01
-1.273984048446320516e-01
-1.038550415886834166e-01
-1.054398201736676671e-01
-1.758374887640205275e-01
-1.886854101319165034e-01
-2.982375969821868256e-01
-3.039890583537123159e-01
-1.566668827896720573e-01
-1.665191470086967163e-01
-2.040440886382213215e-01
-1.158141595187076461e-01
-1.962312190916955246e-01
-1.490104759974067994e-01
-1.803295769249805558e-01
-2.283249420746941427e-01
-3.168610887109680752e-01
-2.974971553221275600e-01
-2.305893670184755162e-01
-1.555907666624759544e-01
-1.588250364358465005e-01
-2.248670260479694594e-01
-2.417150031612143868e-01
-1.506581302316877258e-01
-2.108094618112735796e-01
-2.062164631708006679e-01
-1.532801135291886330e-01
-2.115362733587777544e-01
-1.374079007634277927e-01
-1.979432128234620558e-01
-2.219406503215304860e-01
-2.135055455722583151e-01
-1.902283521478211892e-01
-6.148583032084559835e-02
-2.229506635407964288e-01
-2.319937373181783224e-01
-1.737641708772488802e-01
-1.441980588689208420e-01
-2.058859119524323600e-01
-3.099512552308278379e-01
-1.747917590094971441e-01
-2.213529572924360644e-01
-1.930659250506450431e-01
-1.088225032187516705e-01
-1.737369969382197010e-01
-2.883732114383344980e-01
-2.388494179485823876e-01
-2.507065508171600343e-01
-2.376388751945867350e-01
-8.535456370457632225e-02
-1.797779779621802021e-01
-2.177562659461923233e-01
-3.189322716469190078e-01
-2.917853667024118414e-01
-2.298598140276366386e-01
-1.113645915898429234e-01
-2.419938794429169204e-01
-2.498606992837788532e-01
-1.645585544730202021e-01
-7.456658672131144527e-02
-2.952665939028030762e-01
-2.128265211461719819e-01
-1.217437701096285713e-01
-1.859943235039898390e-01
-1.968092189209502962e-01
-2.288725230394752785e-01
-1.081768001173090410e-01
-4.891475375953528715e-02
-2.225367054988697801e-01
-3.483029891743578688e-01
-2.577033342518369463e-01
-3.834102029755416252e-01
-3.343805340111757340e-01
-1.202846044114728452e-01
-1.959933974415414004e-01
-1.436128114557396473e-01
-5.358902869676664127e-02
-2.431302005974920466e-01
-1.604266258922300847e-01
-3.205975647200090539e-01
-3.198047133425336308e-01
-4.091695584686590448e-01
-3.677903072799842410e-01
-3.521145384632088371e-01
-4.242526467207190510e-01
-1.127161863582079315e-01
-2.433027512095913836e-01
-3.006127551312967050e-01
-2.541147670334497066e-01
-2.296528087647451422e-01
-1.636396829253209673e-01
-1.440369688184049979e-01
-1.979240154919780226e-01
-2.178662811147891454e-01
-2.351260519508610314e-01
-1.602529016133642792e-01
-2.178270327162303288e-01
-1.928488805466969658e-01
-2.582281125506390995e-01
-2.522780197118991707e-01
-1.536433207187220262e-01
-8.504571611142643095e-02
-1.804835258173150547e-01
-2.894004820876072137e-01
-3.186077877809243009e-01
-1.768002058989241732e-01
-1.911328205210310605e-01
-1.597116362325387007e-01
-3.295614989330199474e-01
-2.775689431679886909e-01
-2.680081534940075283e-01
-1.839473816542209761e-01
-3.131987736119037913e-01
-2.914819157109097003e-01
-8.006533460489459464e-02
-3.756310951655504327e-01
-4.320337988966012621e-01
-3.488612849976733821e-01
-2.689390216478003137e-01
-1.793551810602351526e-01
-1.938344774696861283e-01
-2.798739742489059767e-01
-4.467997113969773282e-01
-3.883288123283515358e-01
-2.822960500445929055e-01
-1.916005458150168150e-01
-3.278167487747008502e-01
-1.862275898106989513e-01
-3.640434952425132820e-01
-1.743435277047062082e-01
-2.009637828789672398e-01
-2.190953788651928968e-01
-2.852032229244861883e-01
-3.246973433207974158e-01
-2.696397180258548465e-01
-1.668217102830390208e-01
-2.261400100774103861e-01
-3.514079083503406364e-01
-3.144925156990809878e-01
-2.532066448966974748e-01
-4.006122608455881529e-01
-2.817944760096073864e-01
-3.676808326551294082e-01
-7.447947170195584610e-02
-1.272908002239931946e-01
-3.863597436398751306e-01
-1.892773204855198454e-01
-2.434389570083327625e-01
-2.677258888628250566e-01
-2.423473241900729602e-01
-2.357780854414921468e-01
-2.535779231854315974e-01
-2.550491416824835489e-01
-3.881403300432064718e-01
-9.363078591775107762e-02
-2.380248263684990317e-01
-3.523273065367548140e-01
-2.849306186678696728e-01
-2.384236653712661913e-01
-2.494915251479387364e-01
-2.541908768119408579e-01
-2.975054255314460439e-01
-9.985939226436212068e-02
-2.824770400107618484e-01
-2.641640745501142584e-01
-2.396762792785044061e-01
-2.248317889677982073e-01
-1.590849636222543828e-01
-2.647258427738345410e-01
-1.703161779633320660e-01
-2.074083046052516699e-01
-2.977304290361169059e-01
-2.890754210823626713e-01
-1.696640651291140556e-01
-2.808086570173483065e-01
-2.558442993961426160e-01
-2.445295064271253427e-01
-2.573320513403681842e-01
-3.312436246979145738e-01
-2.308862506945349446e-01
-3.244459502977840581e-01
-4.038588118614856448e-01
-1.149694319878116627e-01
-3.898453159870813312e-01
-3.444044978934132639e-01
-2.952838937828926036e-01
-2.939662571369487387e-01
-2.693773904507509864e-01
-2.329828235876269249e-01
-2.833305499374540459e-01
-1.791601929275291605e-01
-2.252651823985213630e-01
-2.351086272673896249e-01
-1.183992939660312299e-01
-2.876167390819391323e-01
-3.782224094385534530e-01
-2.661090602226480195e-01
-2.438207280321506298e-01
-2.622099185125579268e-01
-2.943960553340574382e-01
-4.459069911098673122e-01
-3.868890382855060261e-01
-4.952565924155283295e-01
-4.851387376210462565e-01
-2.036985034158918795e-01
-2.907564388129651456e-01
-4.742080567598805363e-01
-2.152018364146903451e-01
-2.316112632523757431e-01
-4.099275662913505203e-01
-3.362465502019482133e-01
-3.938943409046545274e-01
-1.989177948589026246e-01
-2.372522444197608660e-01
-4.237138578828685276e-01
-4.403223362920232198e-01
-1.956446783240844145e-01
-3.592089331925887308e-01
-4.650048815340483421e-01
-3.797752690313239698e-01
-3.799179535848495881e-01
-4.499203528180277800e-01
-2.741816004067595958e-01
-2.362411916827548697e-01
-2.806687449325003247e-01
-2.102825169393679472e-01
-2.654427261835291540e-01
-2.826587280461874685e-01
-2.723792790135456388e-01
-2.589576862526365431e-01
-2.221534833189993674e-01
-2.144274770715400014e-01
-1.603681244532099981e-01
-1.440173516489635097e-01
-2.762385618000754231e-02
-3.600480051008732585e-01
-4.180449218220017027e-01
-2.840912183538327196e-01
-4.084179872259592892e-01
-1.046797706082555207e-01
-2.022728570970497852e-01
-3.426266375415912280e-01
-7.943067507835784025e-02
-1.836197758507464306e-01
-2.547595478273173009e-01
-5.252920743757478333e-02
-4.043824517213873704e-01
-1.939905735659758768e-01
-2.394832863641426501e-01
-2.073586435737355405e-01
-3.799879888477833423e-01
-3.637560782955978622e-01
-3.301431997259434148e-01
-3.836330484092392301e-01
-3.566520170497096132e-01
-3.169434705508027972e-01
-2.131256060698119292e-01
-2.952054526884651531e-01
-3.328465343508532071e-01
-2.858540170649348511e-01
-3.407526503494816006e-01
-2.780406937994414629e-01
-2.687883135880916874e-01
-3.978951350630505757e-01
-2.706395792996625915e-01
-1.654810472045820380e-01
-3.235408542511765129e-01
-3.022263352187146701e-01
-2.143897010116242730e-01
-4.178950002544424280e-01
-2.083580922479181530e-01
-1.744831178222126244e-01
-3.334136514234199988e-01
-5.988474803239634409e-02
-4.108614645000657761e-01
-2.748743499839504945e-01
-2.649451598327830504e-01
-2.701235421482002241e-01
-1.444376302708747506e-01
-2.787140787707774736e-01
-2.574228817065795649e-01
-2.666873432967927227e-01
-3.992148936420632510e-01
-4.262864546775875785e-01
-7.588276428402555840e-02
-3.811895544631494492e-01
-3.327804395316654729e-01
-3.710745189457713145e-01
-3.820343005992942742e-01
-2.985677371971136584e-01
-2.775672893660705021e-01
-2.892951502295725841e-01
-2.457111721292005169e-01
-3.717035072825855546e-01
-3.052387658756376410e-01
-3.806947029757056233e-01
-1.681914685190666892e-01
-3.854220043860784317e-01
-3.833097236840087851e-01
-9.669251893581772006e-02
-2.392788539680854309e-01
-2.520700565532293380e-01
-2.578632017726448789e-01
-2.649898174523639960e-01
-1.656778193164302471e-01
-2.569642007422828778e-01
-3.677088555206464715e-01
-3.186856198811425234e-01
-5.249998272243864283e-01
-4.752967156633736701e-01
-2.740093220267257323e-01
-6.997057502024005282e-02
-3.158971673011039538e-01
-3.732016630979864691e-01
-3.864871912758672257e-01
-6.319236558389028646e-01
-5.439899296238369653e-01
-5.347458713429755761e-01
-7.234496099500642430e-01
-3.493737444037953166e-01
-3.787179847323187132e-01
-3.565228888043855404e-01
-9.434203365249345385e-02
-1.453877617467216887e-01
-3.925010187014537077e-01
-4.522715537404276565e-01
-1.819459992247347280e-01
-1.829933068869728507e-01
-2.153530992906228236e-01
-1.599690211327676470e-01
-2.634432379730471396e-01
-3.935294361600297913e-02
-2.487586551810709312e-01
-7.578697415565437134e-02
-2.338676033627498374e-01
-7.091760298098845339e-02
-3.601511284900683063e-01
-2.220614450497482295e-01
-2.177243874544099733e-01
-3.303255987735224664e-01
-2.988804857322784891e-01
-1.758200510265206240e-01
-2.778976072485632720e-01
-6.092656968376991555e-02
-2.550482927854902382e-01
-2.806835684302510514e-01
-4.804567785123026180e-02
-2.293391204266486127e-01
-1.430619605722782128e-01
-4.124701428540428205e-02
-1.415495580730018466e-01
-1.910481463647858702e-01
-2.128625753808245369e-01
-1.339898078553183047e-01
-2.391147698001721278e-01
-1.227601725355170342e-01
-1.542515698852617856e-01
-2.093242275695843257e-01
-2.296796232880182476e-01
-1.845141467347072295e-01
-1.686497808152086220e-01
-9.801365386619015352e-02
-1.402491657259269386e-01
-1.044981084407199112e-01
-1.387695278196079407e-01
-1.142611334076476942e-01
-6.376680823762445605e-02
-1.172691437938223197e-01
-1.714901972052106927e-01
-8.767083454378964136e-02
-1.732438054072071298e-01
-2.022138524864161291e-01
-1.552464304774394122e-01
-2.149183162215415888e-01
-6.427342353601665781e-02
-1.111176307550155173e-01
-1.439245973681463342e-01
-1.229851277984606583e-01
-8.160859355749201793e-02
-7.266193164456004328e-02
-9.360706056580005152e-02
-8.916435229041178023e-02
-5.004695438998771340e-02
-1.398825146943750708e-01
-1.571946947223053781e-01
-9.939845625744492263e-02
-5.666491373475424087e-02
-1.121821115066498759e-01
-1.611278584394351399e-01
-8.414330030905969871e-02
-2.273662557825129049e-02
-1.139998842317523492e-01
-1.267695894509798804e-01
-7.278620804760821406e-02
-8.500559803072826881e-02
-1.185672017226661462e-01
-1.041403238232476297e-01
-6.024768012891870694e-02
-2.466389090316409294e-02
-1.201483972366770708e-01
-8.443578554812751491e-02
-6.548107146951279156e-02
-7.241488049442154629e-02
-4.520768670239583981e-02
-1.124916759406653088e-01
-2.477256216375677000e-02
-1.007586501752209540e-01
-5.962064596428798963e-02
-1.375915133639797269e-02
-3.824077801703780477e-02
-6.618150343726179885e-02
-4.257698751364908524e-02
-7.271726099376302210e-02
-6.948707202487522383e-02
-8.579016006419688811e-02
-6.251052254471674285e-02
-2.140457043762581876e-02
-6.496761163694010632e-02
-4.167918441459677464e-02
-8.221596926093954760e-02
-8.336627228231063835e-02
-7.029091551567248630e-02
-7.926053228006937901e-02
-4.867612747629681408e-02
-7.014547548785766973e-02
-6.294665350391535907e-02
-6.074330766110717927e-02
-5.392738642990406450e-02
-6.432084030029622257e-02
-7.073395329939857756e-02
-2.804229313478841940e-02
-7.465612098422216847e-02
-6.684330117214616618e-02
-5.970437100113364787e-02
-4.226753655254314457e-02
-1.955543101139220127e-02
-8.565273861431575708e-02
-9.199401951346487805e-02
-6.814620171211253907e-02
-5.120642937109452092e-02
-5.053035727222355417e-02
-3.253701805657363555e-02
-2.996056338598214117e-02
-6.055995663046986194e-02
-4.277616234515510540e-02
-1.877900640316141137e-02
-6.413293060753307018e-02
-4.899455812676353772e-02
-9.055062077640624318e-02
-7.745795990506303130e-02
-2.342601942491969944e-02
-5.545552169316951552e-02
-6.687381015959487085e-02
-5.905348246460084827e-02
-3.204212963240052336e-02
-6.242315667604608070e-02
-8.046715296957011876e-02
-8.200599668499747308e-02
-3.471867920323132295e-02
-7.271128950497042498e-02
-7.908719878281120219e-02
-4.145896708431407590e-02
-5.233367014241011722e-02
-8.767045888917111840e-02
-8.281456453740262957e-02
-8.848230980435684012e-02
-6.648767125658393284e-02
-5.777180977768235637e-02
-8.322025822673896622e-02
-7.621316843218667314e-02
-6.272929554113977624e-02
-5.964373328684470510e-02
-4.175728117355595459e-02
-1.931823327345226840e-02
-7.067489307104031504e-02
-4.560914571429344755e-02
-4.680508476722410743e-02
-7.088891931711910344e-02
-3.804766853835952339e-02
-4.166176589960606663e-02
-4.373603586240626395e-02
-5.897882114432296402e-02
-4.709684480173016025e-02
-4.722209044449744014e-02
-3.196906457002370722e-02
-3.046115241575390875e-02
-3.646303953668109804e-02
-4.654631272054215313e-02
-1.139087474390159532e-02
-5.027618737911628694e-02
-6.010022723450686444e-02
-5.540761647220310976e-02
-4.728222034902644644e-02
-3.829096528726712301e-02
-4.216979988616356007e-02
-2.609911521815539912e-02
-6.545470173721530498e-03
-5.400915758125780092e-02
-6.726684474801521152e-02
-6.538144246690234807e-02
-6.495812602135166147e-02
-4.581595144872033232e-02
-2.472454647061008218e-02
-3.321245799990258513e-02
-3.026712088290986480e-02
-4.850135684971423888e-02
-3.234449308787081673e-02
-5.425761297926148807e-02
-1.731244236080680191e-02
-3.858955988102624052e-02
-1.257765098000727076e-02
-5.137574782732919759e-02
-5.853468855154460998e-02
-5.042909798879086081e-02
-5.819968839828452284e-02
-3.112737720670278457e-02
-1.915390179102455931e-02
-5.626840471358008494e-02
-4.608481863075673118e-02
-1.278725106719125031e-02
-2.657215848921400461e-02
-3.428037824616023133e-02
-3.162766311584392503e-02
-4.133945135518125175e-02
-4.637889163106892476e-02
-1.116126432216481973e-02
-3.604492581226406700e-02
-5.361009209156358812e-02
-4.527007047574946319e-02
-4.340435640043147081e-02
-2.541915434882094024e-02
-4.128264256576531788e-02
-4.143681138580920104e-02
-2.354150781587805233e-02
-2.958021450035422037e-02
-3.247879111517566753e-02
-2.019520340512761733e-02
-2.586125870036921556e-02
-3.610021682994594971e-02
-3.978864072843825428e-02
-9.980205369824957790e-03
-4.313608736947681377e-02
-9.585331121434314747e-03
-2.432089316014483804e-02
-2.271530888882990554e-02
-3.991680992257968380e-02
-3.237209419806542920e-02
-2.889288455881779821e-02
-3.484341569665104499e-02
-3.528693556260659864e-02
-4.798870700234779407e-02
-2.668084157875193207e-02
-2.672116103245275945e-02
-3.507582433422329338e-02
-8.437382030629336088e-03
-1.787469943638275716e-02
-2.675723607073658000e-02
-4.491575449257705077e-03
-3.525226644349923472e-02
-4.354282637321411908e-02
-2.896372925334762122e-02
-2.130168449208550904e-02
-4.338425712366959092e-02
-3.790501061331382621e-02
-3.295969431872529387e-02
-2.780913169231022039e-02
-4.679079452894311514e-02
-4.157717479586141990e-02
-2.597870715883156267e-02
-5.112875605541402496e-02
-3.872944427709325982e-02
-1.607579766950820166e-02
-1.481521532943924462e-02
-1.722767514602235525e-02
-1.961132760920201307e-02
-2.058927712028255086e-02
-4.096284897254229285e-02
-3.263989261588261942e-02
-3.533056442069530678e-02
-1.461819750130914468e-02
-3.300248804203297776e-02
-2.600230868678049187e-02
-2.259481425788347972e-02
-3.977407949850016861e-02
-4.334630177147373586e-02
-4.023313086623204332e-02
-1.254743591080015319e-02
-3.505502671104594042e-02
-2.805407417782120050e-02
-7.876187408717939473e-03
-4.074244501820611236e-02
-4.220350589517370132e-02
-3.687244732335209080e-02
-2.932470918823067499e-02
-1.954950745209506693e-02
-3.072800045983390890e-02
-2.841715042721393650e-02
-3.441264482225812882e-02
-3.988288391000469751e-02
-1.732985873136752217e-02
-1.618005996681155106e-02
-3.749820025107962473e-02
-3.568530217461769044e-02
-1.782049778912081842e-02
-4.195498212189734816e-02
-2.934380197214495403e-02
-4.407575091498400904e-02
-1.826970379784491338e-02
-2.820530156833513449e-02
-3.478618138764860701e-02
-3.688961487338920237e-02
-1.073377973952550739e-02
-1.899226520106369470e-02
-2.921773968847874575e-02
-2.575263379802952488e-02
-1.519609618521521911e-02
-3.909093633727198785e-02
-3.292759071010836758e-02
-3.794054746085346458e-02
-3.307686022633348627e-02
-3.670538322590999325e-02
-2.116536022693964875e-02
-2.328090723569721868e-02
-2.596583420774304860e-02
-3.557454402014428169e-02
-2.609431618408003875e-02
-3.774139848485483922e-02
-2.914842265607509725e-02
-1.513076189458314666e-02
-2.881694264052670276e-02
-3.535319702847247725e-02
-3.238061960184728666e-02
-2.717235534514111928e-02
-2.191139298691473919e-02
-2.951259706353658724e-02
-3.141741237204744019e-02
-8.892411665316360403e-03
-1.934509167682246442e-02
-3.002726345933638685e-02
-9.653585600635741781e-03
-2.714501709300468774e-02
-1.190737387954828551e-02
-1.886825624518606234e-02
-2.437312836514098774e-02
-1.850075040811249155e-02
-1.922732136269236433e-02
-2.259324791790248699e-02
-1.694103301219410801e-02
-8.136158008489635315e-03
-2.394487366954401938e-02
-1.210640405828396736e-02
-2.942229616482147994e-02
-2.956894761157265183e-02
-9.392412596618063270e-03
-1.754923522792088686e-02
-2.732265060893195388e-02
-2.805873386442053752e-02
-7.012336419983281749e-03
-2.232865997077954773e-02
-2.768285750122464334e-02
-1.383568779909401594e-02
-3.102549763831924032e-02
-1.894085147080037945e-02
-1.133761203539950663e-02
-3.009103129094632331e-02
-2.240413980448158204e-02
-7.719431757974954192e-03
-9.395400175942002219e-03
-2.247462951432045719e-02
-2.417184359378570999e-02
-2.762709902708793130e-02
-1.659913386828960891e-02
-2.474030722433230231e-02
-2.631702829290738163e-02
-7.346207363353730348e-03
-1.990140828088216712e-02
-2.751084781634236670e-02
-8.612528302001700928e-03
-2.375386089913006024e-02
-2.425591499606973012e-02
-1.962883513715835485e-02
-1.864197840311571097e-02
-1.976865923370426520e-02
-1.473454116279119055e-02
-1.400655530103547645e-02
-2.890281595104015125e-02
-3.322625805377925345e-02
-3.052547161311473453e-02
-3.137275653254398972e-02
-1.208030811680866484e-02
-1.746889060428249638e-02
-2.219343418371393442e-02
-2.015545705778780047e-02
-2.744352644171610400e-02
-1.859643920936726938e-02
-3.072142785255643077e-02
-9.869108388187474920e-03
-1.436371080409475781e-02
-2.170555443626756564e-02
-7.285746761457478730e-03
-2.402853528270151862e-02
-2.747816348428374494e-02
-2.841716258812989476e-02
-1.613125855681301485e-02
-2.930612809087438514e-02
-2.487750902287442709e-02
-1.496600131819646705e-02
-2.332043050267212925e-02
-2.113828012282138388e-02
-2.357314890891072656e-02
-2.644492890408564958e-02
-2.614251078992002250e-02
-2.516090873134843933e-02
-6.633965689275686355e-03
-1.559629825510257251e-02
-2.917941987202007231e-02
-2.505441284047555187e-02
-1.482002813424579402e-02
-2.833214140329669978e-02
-1.778873990535586452e-02
-1.028868590276972757e-02
-2.585895195148057296e-02
-2.251907205703834389e-02
-1.325091635227178613e-02
-1.233992283757297075e-02
-1.492498255683047913e-02
-1.071597231786205334e-02
-2.473360730699667234e-02
-2.908330182158965979e-02
-1.653603932591423895e-02
-2.885877150639979197e-02
-1.623514838964511958e-02
-2.290121843631768087e-02
-2.243761831198372997e-02
-2.485796641932521214e-02
-6.994734763359419794e-03
-1.202975400923907666e-02
-2.347899818886007434e-02
-1.545987000313627825e-02
-2.073408297165751576e-02
-1.141947840468462809e-02
-1.205554206974986976e-02
-1.379486399027667239e-02
-9.436911466235851226e-03
-3.956143054742017849e-03
-2.104592691462727275e-02
-2.241332952741314014e-02
-1.851135010723180957e-02
-2.200171696178004552e-02
-7.202792506380962731e-03
-1.984545157528504883e-02
-2.313765600353476226e-02
-2.546665445942200220e-02
-1.874365223173317385e-02
-1.724431959560716876e-02
-2.235397631202262758e-02
-2.412282616150472278e-02
-1.703968872853479574e-02
-1.647780119404359395e-02
-1.719702905237803850e-02
-2.173839623411893268e-02
-2.389928749276781783e-02
-1.378030004736193088e-02
-2.104663335672894708e-02
-1.618210113908962605e-02
-2.082705923688052407e-02
-2.183339321715942541e-02
-1.587192924755779708e-02
-1.401649577456240414e-02
-1.541589439082637764e-02
-2.445131027347108993e-02
-9.628042896755535998e-03
-8.329765919842059552e-03
-1.317306310338902872e-02
-1.606978858969538432e-02
-4.831696511729179772e-03
-1.414173621393730908e-02
-1.116161232218141480e-02
-7.372413943082744246e-03
-1.932236016790100583e-02
-2.249983405888861948e-02
-2.500104712399662740e-02
-1.881524459747841924e-02
-1.605434538846658640e-02
-1.934978772338670841e-02
-7.755911214140552394e-03
-3.435520389177455520e-03
-1.023054881009827742e-02
-3.606866328625221892e-03
-1.608828218663669457e-02
-1.169120013570384108e-02
-1.847554658913103109e-02
-1.869235611917448650e-02
-2.174781783081190800e-02
-1.521344865512897979e-02
-6.178581186554509518e-03
-1.706776203679510884e-02
-1.736876654384237467e-02
-9.297135283110387338e-03
-1.495687583856738709e-02
-1.374538974129928780e-02
-8.902049726750117103e-03
-2.073589063536942709e-02
-1.655487937249605981e-02
-4.823711010546617890e-03
-1.158037746360901857e-02
-1.695200112931934122e-02
-9.150672414818171452e-03
-1.262700585590800784e-02
-3.955502506057227870e-03
-8.862849639915994227e-03
-1.222289362128696315e-02
-7.094222389172470146e-03
-1.132988281976138670e-02
-3.426442714581144720e-03
-1.444628382831427381e-02
-6.738181538219668691e-03
-1.477980490266219207e-02
-1.063010845894891802e-02
-1.583925505346857679e-02
-1.123573026543197260e-02
-1.027959677951326839e-02
-1.768329276082187401e-02
-5.909020161046309172e-03
-1.559494625421550124e-02
-1.168387243149078027e-02
-1.721432014416088979e-02
-1.853327387339844673e-02
-1.097448721393162741e-02
-1.672044613117649667e-02
-1.714442651762951991e-02
-9.622674400403655876e-03
-6.386809171479263317e-03
-1.511518126105075056e-02
-1.410186033224370382e-02
-9.467587342880830897e-03
-3.949011732214988829e-03
-1.544921406624206323e-02
-1.702599255227840377e-02
-9.879772056504067257e-03
-1.863279750062705672e-02
-1.631933018415987133e-02
-5.576585416162870013e-03
-1.431171005484126180e-02
-1.237272877920556589e-02
-1.337855153389748246e-02
-7.353157059399356883e-03
-1.761196011108256618e-02
-1.636196347526593445e-02
-1.746640414276142902e-02
-1.722962743285081158e-02
-7.024674896691967055e-03
-1.504435627619692822e-02
-1.684667350161206043e-02
-1.667997731128589151e-02
-1.349590418104609953e-02
-1.339216527163999103e-02
-8.021493463615095298e-03
-9.688903624127036956e-03
-1.598053899802704195e-02
-1.367207457569586011e-02
-1.625880093214607941e-02
-1.264918912283798103e-02
-1.731965703272895368e-02
-1.078283352927896822e-02
-1.154586961873689532e-02
-8.090245011817693774e-03
-1.492016256254760642e-02
-1.543538344504493884e-02
-1.737318374678811436e-02
-9.129687113482536781e-03
-1.560578452318233528e-02
-4.957069235043425406e-03
-1.477443600189114886e-02
-1.438064215054215070e-02
-1.595992485851427736e-02
-1.567398427778603220e-02
-9.290157621274270153e-03
-7.259357487303398290e-03
-6.511222948663253525e-03
-1.000969055547138754e-02
-9.673231200243945574e-03
-1.233822549514344488e-02
-1.198576577530262137e-02
-1.600142903551817972e-02
-6.944706742751939957e-03
-1.011975349328410496e-02
-5.761587075923947990e-03
-1.076440034429693160e-02
-1.400099994823084115e-02
-1.580029695155841379e-02
-1.536331361113290293e-02
-1.423652614498572243e-02
-1.204000657192787378e-02
-3.892342045680011881e-03
-1.239296361629475471e-02
-9.913999725302239871e-03
-1.382545286721676217e-02
-1.456400223046556801e-02
-7.622208946364782654e-03
-1.366471233977985256e-02
-1.481195320951973239e-02
-8.442215523714376862e-03
-9.479777456668803462e-03
-5.871051438003578246e-03
-4.401639382227179320e-03
-8.179432618204503583e-03
-1.388548757260036660e-02
-9.949634657710362470e-03
-1.102346428496755321e-02
-1.082595297345151537e-02
-1.445359743012233737e-02
-1.543922462186489951e-02
-1.567003920166096589e-02
-9.874752233680460928e-03
-1.337062072607890853e-02
-8.190134501819218080e-03
-1.303576680476546158e-02
-1.528554961482176365e-02
-1.154625326836532413e-02
-7.867530841882158787e-03
-1.729661086879878337e-02
-1.649253595180561263e-02
-1.027613726032294839e-02
-1.119276745643514766e-02
-9.601755942022567603e-03
-1.127658372914712263e-02
-7.828025347817894886e-03
-3.252775092856327512e-03
-1.294102079557397228e-02
-1.612293551832616467e-02
-5.515292805128856578e-03
-1.371984600039137525e-02
-1.512208600007740669e-02
-5.023944410874759368e-03
-1.479804071559772879e-02
-1.404829056578561601e-02
-1.108101230549519110e-02
-1.818233461016357383e-02
-1.080252360696662070e-02
-7.816674516567666264e-03
-1.494352795697360958e-02
-1.782024724814448846e-02
-1.453890333328363392e-02
-1.306615193839190218e-02
-1.057215691250119535e-02
-1.153343585921767778e-02
-8.953344159631997090e-03
-8.929006540869576306e-03
-1.363540052197377908e-02
-9.241149890167691880e-03
-1.376096372858952310e-02
-1.157694829988351569e-02
-1.221411106374181710e-02
-4.409612570902361230e-03
-1.381875769927050704e-02
-1.388031045454807440e-02
-1.784709762916040360e-02
-1.495895321899462678e-02
-1.648929439219350146e-02
-8.650643691513757241e-03
-1.342381278308764879e-02
-1.421331865338802854e-02
-9.362093466202463937e-03
-6.124531909402861941e-03
-5.198580628053966861e-03
-1.146482225754200980e-02
-1.077545293307288245e-02
-1.325137406482221683e-02
-7.066666522200256220e-03
-1.026934668841654463e-02
-1.187124718880583525e-02
-4.028180157785586808e-03
-4.683520433659529338e-03
-1.195667338674059714e-02
-1.324742761952307085e-02
-9.054282394325562089e-03
-4.150739709134187647e-03
-1.284685872769725408e-02
-1.017846670568348967e-02
-3.903286197439200574e-03
-1.146665057664993971e-02
-8.056356799337683477e-03
-1.027359411596618505e-02
-1.242757100405815149e-02
-3.914839872948796401e-03
-1.235858665808079425e-02
-1.195336403623832415e-02
-9.412984853024580767e-03
-1.258374721976435878e-02
-1.071098099648560946e-02
-5.321598013385667007e-03
-1.119142617152658371e-02
-9.573626806595876906e-03
-1.006015523185994041e-02
-3.247145830167572165e-03
-1.243862586010524747e-02
-1.478501261954625300e-02
-5.025099673507380828e-03
-6.439252317277770372e-03
-1.423663291976147091e-02
-1.502183810483651710e-02
-1.498265838204315518e-02
-6.795964062734529201e-03
-7.057877389632974049e-03
-1.304688255754945202e-02
-1.085971385177477225e-02
-8.012811051819610994e-03
-9.718536386710519351e-03
-1.345529227971045683e-02
-1.491055610605995091e-02
-1.253085500945425382e-02
-1.126171219128954508e-02
-1.328536476558660195e-02
-8.895715735522445253e-03
-9.906667862352338053e-03
-1.207491297085501458e-02
-6.389943312715904745e-03
-1.148463096368274039e-02
-1.223107983506669175e-02
-4.472693603175785168e-03
-6.171697863483820330e-03
-1.186353851126927331e-02
-5.834518428064109676e-03
-8.606295936953917147e-03
-1.179777736934408371e-02
-4.526328833400906915e-03
-1.075020430394607422e-02
-9.150919641985121727e-03
-5.824170559319101492e-03
-1.180497288364767451e-02
-4.624147601054083567e-03
-1.263872317786628521e-02
-1.188834550204115326e-02
-7.290212303023863721e-03
-3.630048515598370724e-03
-1.060918654433145279e-02
-8.832907878117675013e-03
-9.228155019669028597e-03
-6.250330911785794558e-03
-7.301254671980635276e-03
-3.573842788145560785e-03
-5.667799317032738010e-03
-6.113465322241399581e-03
-1.092644135624108379e-02
-4.791571704468366999e-03
-1.034679948997585183e-02
-1.355330083048025824e-02
-1.035357667211215214e-02
-9.628098790759194101e-03
-6.827489231237597600e-03
-9.927844807025468926e-03
-3.342573937674126871e-03
-9.602063532154260853e-03
-1.002142680070301252e-02
-4.584016391112859766e-03
-1.013912961837919527e-02
-9.009321332439241756e-03
-1.188422306393376558e-02
-1.132099944505069247e-02
-3.245790466161994556e-03
-6.905966036987351911e-03
-2.297351208529531310e-03
-8.535383461250035247e-03
-8.573921186483783249e-03
-1.110815058626282367e-02
-5.135744979394374875e-03
-9.854920580514209272e-03
-6.481946345998475245e-03
-7.962372323895934925e-03
-3.726434686565276242e-03
-7.198677011679712433e-03
-1.004426467057329027e-02
-7.016507215623080974e-03
-8.758080447745272834e-03
-1.251095108160354789e-02
-1.270904378579560366e-02
-1.007112918120725911e-02
-9.365353352483313243e-03
-7.035691732983919387e-03
-8.086694268914644199e-03
-1.284334045096772667e-02
-9.991993521052726368e-03
-9.469226856570060399e-03
-1.225663773372527576e-02
-6.428565778430758888e-03
-1.077714095067953785e-02
-1.045333963457346221e-02
-8.155493690482977856e-03
-8.587883580326607230e-03
-8.818876541435054575e-03
-9.934889276272491562e-03
-1.117958861971432051e-02
-8.844649944072134271e-03
-6.119633348145500466e-03
-9.598420673047784041e-03
-5.332017645978727634e-03
-6.677358015457815141e-03
-8.924638043390895406e-03
-7.726122642685189119e-03
-8.705660898455857069e-03
-9.929288740010040748e-03
-9.092026379261082189e-03
-2.938336945295506528e-03
-7.870106838654166923e-03
-8.362999975024876242e-03
-7.700750609863108061e-03
-7.899606005559368926e-03
-5.739722552742289492e-03
-9.053018467337446001e-03
-7.750798842435505619e-03
-7.606108270489689988e-03
-4.421693049765610013e-03
-4.638717376884930917e-03
-9.138347269099287781e-03
-9.149872390903018154e-03
-1.048669915773977300e-02
-1.106022528996914930e-02
-1.079220275468534274e-02
-1.054848997437479556e-02
-4.075906731555722050e-03
-7.835919929035191009e-03
-6.677695578201073810e-03
-4.350198621417280045e-03
-6.603922232058503407e-03
-8.694997829359731381e-03
-7.600354076600107471e-03
-7.181018767470733616e-03
-7.133966544600181189e-03
-7.195956530428227263e-03
-6.003403617787997013e-03
-6.117532251921579262e-03
-8.022974271661509685e-03
-5.918684972747092522e-03
-5.669739138922779559e-03
-6.819565678759704347e-03
-3.922958770783981607e-03
-4.321738941328000239e-03
-8.512230671465996490e-03
-5.341575954210842601e-03
-8.494855750721730381e-03
-5.044798555720931589e-03
-9.108263903971673681e-03
-7.363491252864455723e-03
-9.778239659431883432e-03
-9.612035365127282252e-03
-3.320115743816457431e-03
-4.693282369006473824e-03
-2.083190261761951045e-03
-9.391560640857100212e-03
-9.273970633238575595e-03
-5.786007665890992649e-03
-3.812150788865328356e-03
-7.020524341269850262e-03
-1.085561702838346368e-02
-1.123617205019143174e-02
-6.365474635411744360e-03
-4.206908855736097956e-03
-8.828545295475392560e-03
-3.519562688102096087e-03
-6.807696793438819220e-03
-4.671093512104009665e-03
-8.825563444516199701e-03
-1.074863363793423024e-02
-1.004764954379090691e-02
-4.875715715204857227e-03
-8.619988262602630916e-03
-6.059303791711811819e-03
-9.347319680634076644e-03
-5.344720039213338159e-03
-4.641148848571091320e-03
-5.720895865825395901e-03
-8.751442738781988612e-03
-7.636805368139441656e-03
-5.399319223904341762e-03
-4.602262947721802271e-03
-5.196247909673166847e-03
-8.183239397947765156e-03
-6.086733853649742461e-03
-5.597311771651456921e-03
-8.555597528651913766e-03
-6.551235987737233889e-03
-9.093954913819793720e-03
-9.527538198977321057e-03
-6.293433942089960917e-03
-5.389833642994663714e-03
-3.939002256429139683e-03
-7.491060521347079997e-03
-4.339068413172225344e-03
-2.821307871495697117e-03
-7.246268813431580059e-03
-6.149913482856074476e-03
-8.015699870934792429e-03
-2.838749653288232325e-03
-5.652640388100975410e-03
-4.502487823857074904e-03
-6.072753538971417155e-03
-8.882816169840079476e-03
-6.039569264174844167e-03
-8.538127846157633066e-03
-7.346221316289925675e-03
-9.316375419197995764e-03
-9.035626183359008259e-03
-7.594485502202026270e-03
-6.298875007059836009e-03
-5.672054250684157618e-03
-5.125200653677234632e-03
-3.796970566325269438e-03
-7.269791407070473090e-03
-2.222002293397783764e-03
-6.887034368659948266e-03
-6.799616689290015337e-03
-2.525896959695309030e-03
-6.770209034083077629e-03
-7.965248506357944583e-03
-6.661927084343524999e-03
-9.152294124949833520e-03
-6.296428189361785548e-03
-4.272925082057997884e-03
-5.300869189158498480e-03
-7.682788187207189277e-03
-6.670928793075634258e-03
-7.668258645604752663e-03
-9.529252745543165606e-03
-4.301987090233638442e-03
-6.010923474896828940e-03
-4.133413646571937328e-03
-5.925374042353714031e-03
-5.107521958923061899e-03
-1.805077327732934958e-03
-6.360301576302044560e-04
-5.431833307981991099e-03
-7.691753256185544091e-03
-4.761594184572452010e-03
-7.329938162918409050e-03
-6.036049332844376988e-03
-6.093541843190772474e-03
-3.763909103168428406e-03
-1.922727897803256595e-03
-3.584219632243879246e-03
-5.407405929249502544e-03
-4.106899657501856572e-03
-3.821594564034778291e-03
-7.455514858447724255e-03
-5.484857795246843304e-03
-8.487937341173517475e-03
-8.849039343441852598e-03
-3.451713664212685637e-03
-8.017216251337642291e-03
-5.494525502862951036e-03
-2.671742231503108304e-03
-4.307378514510999505e-03
-6.228481528661051689e-03
-7.617513926008764695e-03
-5.299648659699292275e-03
-5.145160496989102834e-03
-7.432592359213692663e-03
-6.708999300068468549e-03
-2.222854490740996686e-03
-4.776036702790779562e-03
-5.501656434602568077e-03
-8.459686237663611996e-03
-4.589766061870482160e-03
-6.451925938428390399e-03
-6.529717310660013325e-03
-4.839339308947049161e-03
-7.636293416294887178e-03
-3.775294453570519470e-03
-6.908340341059932693e-03
-2.431560056223710728e-03
-7.476819670136587714e-03
-4.083990533866088506e-03
-4.123595097206176133e-03
-7.913917390003525482e-03
-6.625954997773534673e-03
-5.622130030374743875e-03
-7.206135995840336206e-03
-7.462939123590801686e-03
-2.984708699842385411e-03
-4.492926198647915342e-03
-4.431583569486969958e-03
-7.684717627112007052e-03
-8.662415145599821828e-03
-3.327210486489867638e-03
-8.065493095171247587e-03
-6.954363532010875322e-03
-6.915790772275560126e-03
-4.273918449437295354e-03
-4.756850925227248950e-03
-5.763446189714117006e-03
-5.528900006735427974e-03
-5.679582652759159953e-03
-6.486375845322405777e-03
-7.474440745780612343e-03
-8.357923438557086221e-03
-8.223290553977139622e-03
-6.436441457387893396e-03
-4.621041725059659225e-03
-6.595703174873653388e-03
-7.341500588602212912e-03
-5.248985792023970129e-03
-4.766095731666718238e-03
-4.399736642904547752e-03
-5.208053080767353557e-03
-5.394558266805449080e-03
-4.994909231501265708e-03
-6.613865989723160220e-03
-7.731112658395311414e-03
-4.898416140314829255e-03
-5.722549569772661729e-03
-5.906342067548172974e-03
-5.740312306985156932e-03
-7.248562563720636204e-03
-5.849258473570085465e-03
-2.451439204169725099e-03
-4.656517039449106082e-03
-4.658963206945793308e-03
-3.009076206660537493e-03
-7.046228622449556174e-03
-6.094272972595124634e-03
-3.277801430309312813e-03
-6.778829017479834525e-03
-3.922954712951499251e-03
-7.191684942536618469e-03
-9.831137346757714765e-03
-7.260787144964188540e-03
-3.263151655383452095e-03
-7.469804435732280146e-03
-6.389665710477826846e-03
-2.615664131871830913e-03
-6.204352979064033623e-03
-7.124017534016924280e-03
-6.221638389576148939e-03
-7.731615863022577723e-03
-5.816471969859834078e-03
-5.393507581125255197e-03
-5.342015817555567821e-03
-8.739177907237147269e-03
-6.556223794028358601e-03
-5.724049756483055168e-03
-6.952549198825563360e-03
-7.347897496330512215e-03
-8.560690987932436519e-03
-5.612269755509213809e-03
-4.332141987210820326e-03
-4.586135497680731560e-03
-7.006613209722133834e-03
-4.642383044479875438e-03
-4.655981040815511569e-03
-3.156344878217289852e-03
-4.099026733667275775e-03
-2.443174100236712373e-03
-2.006315012794556048e-03
-5.637750741600534854e-03
-6.011524624094799138e-03
-6.140200486037779640e-03
-7.831588327486824555e-03
-6.426496427893419773e-03
-7.215288275343400247e-03
-7.582042590844158964e-03
-7.764864849843380358e-03
-7.241305395242071674e-03
-4.263143705280086557e-03
-7.149767402289097448e-03
-6.111760990997195699e-03
-4.580542916585128056e-03
-4.896023129196370831e-03
-3.942253664925410468e-03
-6.283758842853336135e-03
-5.758405692278907237e-03
-3.678689880444036865e-03
-4.739160362699440000e-03
-4.871050382025676750e-03
-4.591536934296669772e-03
-6.310975030203166275e-03
-5.423260498408487285e-03
-5.204183196601598095e-03
-6.553545962210585545e-03
-5.316050238538604783e-03
-7.117195204817720715e-03
-4.651976359413826333e-03
-3.467048695080764999e-03
-3.214367236844269549e-03
-4.840549592403280491e-03
-4.355375758412368369e-03
-5.112876134343824833e-03
-3.935673730986966046e-03
-3.434651121456994572e-03
-6.976697995123730400e-03
-4.946924764507076681e-03
-1.799110866995195937e-03
-2.235007535908395144e-03
-6.599147411753088742e-03
-4.662824309017489857e-03
-3.464938782881301759e-03
-5.700463096143688728e-03
-4.319357534740270524e-03
-3.387647140531985061e-03
-6.789222816594050330e-03
-4.101566049769742213e-03
-4.962675139535699560e-03
-7.246666055394854200e-03
-6.737749948704410512e-03
-7.254770348384418331e-03
-6.089461547316851568e-03
-7.132459410636903668e-03
-3.552400384836636778e-03
-3.471840057936471068e-03
-5.671528149958514689e-03
-3.926608443489197457e-03
-1.815779631970065909e-03
-2.667091570457615947e-03
-5.807461948109645354e-03
-5.388958993752104160e-03
-6.015671540262096557e-03
-6.692223299397281888e-03
-2.996495462902775634e-03
-3.540296452346554813e-03
-5.249311596307497732e-03
-3.867330093315665945e-03
-5.950033323625029090e-03
-5.131631129615343845e-03
-7.682911750284399446e-03
-3.477910620538459882e-03
-5.178351287381208548e-03
-3.689489080351833917e-03
-6.270048600121296695e-03
-5.345640519720177078e-03
-3.168527949335498209e-03
-6.461969154297369719e-03
-4.852444745744075028e-03
-2.937819252439848473e-03
-4.332711380293879228e-03
-3.448536332077508162e-03
-5.934789772489301035e-03
-4.440055324284136913e-03
-6.610662237079525071e-03
-6.257561421087061947e-03
-5.927405534372596693e-03
-7.422474406253948102e-03
-7.595859909079410652e-03
-4.108515338983587811e-03
-3.702001311846431827e-03
-3.535879580607987488e-03
-3.719912959695525437e-03
-5.607762395347379476e-03
-3.276751632674455850e-03
-5.602559689784828226e-03
-7.298856637944270594e-03
-5.989813226463930156e-03
-2.545640271946471474e-03
-3.473094064205560494e-03
-3.724861945536211277e-03
-4.819499923267305148e-03
-5.220091347427009525e-03
-4.974346370874074656e-03
-4.718823890948599213e-03
-4.565324845055237536e-03
-6.712439025361964864e-03
-2.854858610932115275e-03
-6.029932372398316177e-03
-5.353645960465813411e-03
-2.430379261770978464e-03
-3.096649638346161016e-03
-6.259590722596250836e-03
-2.639353645241368247e-03
-5.617150029136045580e-03
-2.544576806400121807e-03
-6.599537412368877698e-03
-7.201102933773444008e-03
-5.040157043085180359e-03
-3.934295567472407586e-03
-3.898115481519845004e-03
-2.694474339551703682e-03
-2.294337684980747062e-03
-5.580323365341244117e-03
-2.454230083580243808e-03
-3.254359769045159657e-03
-5.077568243127620652e-03
-5.643213046548923792e-03
-7.084704614988347401e-03
-3.083165645161718010e-03
-6.780780938777561904e-03
-3.511511066976103195e-03
-6.936308842762993476e-03
-7.741923935381659662e-03
-3.372493685083280315e-03
-6.342490982421860983e-03
-6.023067091435866695e-03
-3.717973995873254806e-03
-4.872120266177681208e-03
-6.181431543389289546e-03
-6.141753510794721420e-03
-5.812216364103460313e-03
-6.971136663546510445e-03
-4.892964971912374880e-03
-6.612035843032082992e-03
-5.589603230362777744e-03
-5.972503601547241373e-03
-7.015062106780780259e-03
-4.143606153605519128e-03
-6.389473762673659150e-03
-6.656389868320467147e-03
-3.031366567270878023e-03
-6.487345154126237211e-03
-7.127956614728678947e-03
-4.716299508665775485e-03
-2.298587373020486834e-03
-5.396739245213152091e-03
-4.755035214336615634e-03
-6.063636860951413313e-03
-5.575945614345265318e-03
-7.408495097291818016e-03
-6.605680810479136987e-03
-7.578989870044501240e-03
-8.090790796886904168e-03
-6.286740683771213992e-03
-4.394264466175233121e-03
-2.285638338582536132e-03
-4.021841751344059843e-03
-3.164120725806838109e-03
-4.453696763403610336e-03
-5.820424704279926302e-03
-5.263087596273859775e-03
-2.250783833767040776e-03
-4.993855500256744184e-03
-2.861319028506769183e-03
-3.022196561606047688e-03
-5.568965273231046668e-03
-2.477067675137712994e-03
-5.607542459239930020e-03
-5.206815110362950604e-03
-4.323937297943660982e-03
-4.551072600052082431e-03
-3.240370255919970341e-03
-5.097466089492136941e-03
-2.669341816202750340e-03
-5.129782002540983314e-03
-4.303112483881597547e-03
-3.969145312325905901e-03
-3.883366139198802299e-03
-4.112153462634405947e-03
-2.408204623334633202e-03
-3.185970933254611386e-03
-4.794148980481104973e-03
-5.829973538771775904e-03
-6.067847412613821059e-03
-6.588818696468496348e-03
-6.630790923362073555e-03
-5.527292504667657980e-03
-4.314126884855428237e-03
-5.757507387428262464e-03
-5.033628430043518218e-03
-4.741487889131513166e-03
-4.423028153395048255e-03
-3.686279810565887185e-03
-4.371661727920212598e-03
-5.818934576025543669e-03
-5.045920549491086926e-03
-5.588479680576122731e-03
-5.545498931636660446e-03
-2.244219213613826702e-03
-5.855681317760009011e-03
-6.437068316918846851e-03
-5.372815327803578088e-03
-6.304062128414764099e-03
-4.322148007955359944e-03
-3.909092264959391529e-03
-4.420170907232569626e-03
-5.310512828178960178e-03
-4.089917170557398271e-03
-5.760926854637027361e-03
-6.508873476849199972e-03
-7.511769917120362898e-03
-5.516907563543676715e-03
-5.900953528322921450e-03
-5.188332842381673457e-03
-5.700872540188128661e-03
-5.540771773531147013e-03
-4.452891848824666425e-03
-5.495918170368144749e-03
-7.232010768364496682e-03
-5.122622877125997988e-03
-6.478283987984394428e-03
-5.373000566273128387e-03
-5.034155961327163066e-03
-6.393406780614290137e-03
-3.613904274048891901e-03
-6.360078121833010606e-03
-3.842437261275490588e-03
-4.544755243915723705e-03
-5.703801141663435853e-03
-6.251141541536911657e-03
-2.940380413346148792e-03
-3.959705978633290720e-03
-4.981467770174404126e-03
-4.306090935808020749e-03
-3.947519592781905187e-03
-4.820656677699279059e-03
-4.777411642803379606e-03
-4.272956248724951722e-03
-3.791982406227634161e-03
-4.980658706466000070e-03
-4.914847595539691312e-03
-4.142780795609571701e-03
-3.489538414317109628e-03
-2.212570821523787874e-03
-3.931872812374281011e-03
-5.772863682730214850e-03
-6.171553821362451772e-03
-4.429522177898386100e-03
-3.286048554841975063e-03
-2.029264923122677932e-03
-4.537658023282532122e-03
-3.801595942181749781e-03
-4.862623386498410478e-03
-6.037072402493532525e-03
-6.298070250242992357e-03
-6.539068565163192598e-03
-6.309690777043754605e-03
-5.247878068281136912e-03
-3.581653426367266760e-03
-2.951235929119951952e-03
-4.857247375806126102e-03
-4.277557474071694635e-03
-5.551850922658353032e-03
-5.195502297772566433e-03
-6.333133936377911312e-03
-6.576429356037232637e-03
-3.665857505415632319e-03
-5.539414611363650126e-03
-3.187274983708833064e-03
-2.572348630540661259e-03
-3.853780200989589347e-03
-4.392147377024415052e-03
-4.241681745789974665e-03
-3.529281589414984700e-03
-3.871879104691999807e-03
-3.489369045337954289e-03
-5.362578369334785634e-03
-3.249073025774661377e-03
-2.797717531900060367e-03
-4.797861688154227665e-03
-5.215500702461598088e-03
-4.533645311712797277e-03
-3.708072238802236856e-03
-5.398691195328061618e-03
-3.040105990621613796e-03
-4.915435909505170078e-03
-5.329240336005419514e-03
-4.229896235972713074e-03
-4.184564452894327068e-03
-5.370959697869740097e-03
-3.537829696788801284e-03
-2.761953673688063819e-03
-2.365751306271097164e-03
-3.563976287309051933e-03
-2.027154454252205491e-03
-4.194413416527746456e-03
-4.251917779039349546e-03
-5.560091817982853839e-03
-5.558065705083095262e-03
-3.759913033943704762e-03
-4.438170535164881990e-03
-1.686787617018955599e-03
-3.408702460639578564e-03
-4.909681521491193919e-03
-4.365244710573899095e-03
-5.260800587209911276e-03
-5.679293817190402341e-03
-2.947114355009881545e-03
-4.516174128668483390e-03
-4.546275267225129840e-03
-4.181973187302068240e-03
-4.933800677926792298e-03
-5.286441239079589689e-03
-3.766149556505885097e-03
-2.867522252002696007e-03
-1.746795074342578523e-03
-2.380689126622506820e-03
-4.321121134217938663e-03
-3.927543426817076827e-03
-4.304200652995608320e-03
-4.350091098832925725e-03
-4.027901284904170098e-03
-4.200542826252351078e-03
-4.006743643486463009e-03
-3.471616850025157318e-03
-4.651788912479388506e-03
-5.567787477154429072e-03
-4.993124930605835274e-03
-4.050713753638962057e-03
-2.311755778099949896e-03
-3.170146906702412792e-03
-3.649362913071325758e-03
-3.767732091499993979e-03
-2.563482894677336296e-03
-3.799369947141039133e-03
-1.902126354262997270e-03
-2.459851645263208628e-03
-5.192792360196207824e-03
-5.747224046106080321e-03
-2.633741899289359333e-03
-4.834289023593205809e-03
-2.121696399063988624e-03
-2.737373736639535371e-03
-1.919865285656405197e-03
-1.330257393768648167e-03
-3.102248961477289870e-03
-1.970104931164082772e-03
-4.430480949049468882e-03
-3.526865497340850048e-03
-3.094572380234568518e-03
-3.761130963299861435e-03
-4.726907577862217956e-03
-5.177142662594932943e-03
-5.722404540271251727e-03
-5.953110906407468352e-03
-2.733999821434555336e-03
-4.596124666508561926e-03
-2.911859618466038947e-03
-4.777893837028165600e-03
-4.973530229749062101e-03
-4.223934178158551649e-03
-3.070025737190610737e-03
-4.415531446930767018e-03
-4.195497707542844047e-03
-4.819966704455424730e-03
-4.654238305874665652e-03
-4.096582425044311901e-03
-3.512769007565025650e-03
-4.762669333655178763e-03
-3.485475305699396818e-03
-2.309138378796094394e-03
-3.227057397890564002e-03
-1.573804795321222553e-03
-4.034073096249781581e-03
-2.274690132111532870e-03
-4.417781629757382492e-03
-3.333873093179025044e-03
-2.404563230942567340e-03
-2.589630226648918700e-03
-2.975793425384138519e-03
-4.676744930120223069e-03
-3.534337275558713676e-03
-2.465937945671359873e-03
-2.661362849413827919e-03
-4.975042065446414613e-03
-2.811358794989503394e-03
-4.135134323177146881e-03
-3.548570644009917466e-03
-5.339863893245306962e-03
-5.018671370427721205e-03
-4.138897343413011458e-03
-4.304215855721766140e-03
-4.056859727055656464e-03
-3.803382995986049394e-03
-3.647212977880755908e-03
-2.957136024193829631e-03
-3.880993864913181123e-03
-3.949885090189298939e-03
-1.607962377965911280e-03
-3.038803923621005709e-03
-4.289974692445917663e-03
-3.356589420398951428e-03
-2.905866322158881174e-03
-4.614342761015322383e-03
-2.503382019817292949e-03
-3.540808253818450522e-03
-4.470643692340904932e-03
-5.776924437000409071e-03
-5.667231230470624360e-03
-3.395362825903004266e-03
-3.392155328422909958e-03
-4.948785600165775400e-03
-4.585809219143301314e-03
-3.080278237205888274e-03
-2.539393986717640352e-03
-4.474495477344828803e-03
-4.024862989266275379e-03
-3.113164889989043695e-03
-3.919967446303873095e-03
-4.839719699056727574e-03
-2.746454801167046936e-03
-4.526320158201387230e-03
-4.044582762826733763e-03
-2.562971816818234404e-03
-1.907545483960335856e-03
-3.771155080577503864e-03
-4.649895788940554622e-03
-3.848793637434876243e-03
-2.810253457663985238e-03
-3.321038613284041287e-03
-4.484808641614248560e-03
-5.036493303569090398e-03
-3.310776481674878452e-03
-3.679462505288031565e-03
-1.598849911840681363e-03
-2.413890487465226737e-03
-4.535179476214218526e-03
-4.115948767673270788e-03
-4.391466543689525812e-03
-2.316185628589988773e-03
-3.147762378324809110e-03
-3.118962647814512833e-03
-3.219735637062672191e-03
-3.397703069227451210e-03
-3.279357637518809983e-03
-3.095435884204453692e-03
-3.189699188348430435e-03
-3.293913611840858669e-03
-2.477328660992560595e-03
-4.228247032487374851e-03
-3.475798777377646191e-03
-3.359992427955425451e-03
-2.238606760397309110e-03
-2.696138794035647396e-03
-3.530477621748504859e-03
-2.441630976840580836e-03
-2.191077132335963410e-03
-1.395657742347827758e-03
-3.380630676595438450e-03
-4.472777982239188252e-03
-1.817255769907157601e-03
-3.022510772351485672e-03
-4.569510504674708859e-03
-2.943763815964453405e-03
-2.203879110185577410e-03
-4.617633692226516887e-03
-4.136066119160271802e-03
-4.230446098562715834e-03
-4.769556410673189348e-03
-2.875534692819755028e-03
-2.776342762088478480e-03
-3.140973805209385742e-03
-3.620269930748952914e-03
-2.346782724530580445e-03
-3.692817767669524884e-03
-2.342295990508063037e-03
-2.698934593218441438e-03
-2.465852278797344733e-03
-3.878045638988553145e-03
-3.678866449992546951e-03
-2.179320919080885398e-03
-3.277357482037580264e-03
-2.637804277725553596e-03
-1.673530275090780129e-03
-4.111455408604016912e-03
-3.393499471597135816e-03
-3.174242570203478480e-03
-3.229832562193093049e-03
-3.010705056786505424e-03
-2.827511217416745198e-03
-1.728844602514977577e-03
-3.447790929312922678e-03
-1.967187233927929126e-03
-4.056639641191130477e-03
-4.218858707147257227e-03
-2.385111219951550118e-03
-2.193746488012924666e-03
-4.011366766433939468e-03
-4.513452870058441355e-03
-2.263653283483690534e-03
-4.110310705609643463e-03
-4.055424849845892625e-03
-4.949843404967772635e-03
-5.168255973596445722e-03
-3.742617770949266832e-03
-4.702398193415093831e-03
-2.192065656330394099e-03
-2.446734783891841951e-03
-3.314385920587992976e-03
-3.463642448013208412e-03
-2.675954180858388948e-03
-1.161387434948477028e-03
-3.893568802633981009e-03
-3.698045038994678645e-03
-2.616477545182498404e-03
-2.498273236632363951e-03
-2.344067790799886971e-03
-3.648752142466150320e-03
-4.457045048396532198e-03
-5.007352352301244237e-03
-2.181010720794035723e-03
-4.552437868834697220e-03
-4.747616407700090344e-03
-2.193738975204974698e-03
-3.637878226354189937e-03
-3.373719247150585871e-03
-4.070099583421124545e-03
-3.635452000361806893e-03
-2.787564092933855243e-03
-2.409942281204092117e-03
-2.183319856057118827e-03
-3.819742898347235245e-03
-4.116304509404441689e-03
-3.593517609646334782e-03
-4.520993347426442710e-03
-4.009035189835445309e-03
-4.592528248664349763e-03
-4.653699704704199365e-03
-2.014121518437828051e-03
-3.049151442777940993e-03
-3.803652884929569541e-03
-3.242516911531427570e-03
-4.105131118890652242e-03
-3.140573844105811960e-03
-3.304319658291996874e-03
-2.267863724261536765e-03
-3.587451981758171468e-03
-2.469692857752416298e-03
-1.073871246264181253e-03
-1.785729400761961166e-03
-3.591373655490967629e-03
-2.876610734515205967e-03
-2.898246680833892024e-03
-2.717039625169055065e-03
-3.972106665694603161e-03
-3.917181830427624717e-03
-4.218529804723088888e-03
-3.515255974202507409e-03
-3.804676316194261203e-03
-3.453334743803823832e-03
-2.795938489432791586e-03
-4.073559127402140087e-03
-4.352281304458254126e-03
-2.928896364427129376e-03
-3.268015118254370254e-03
-3.408338840460809795e-03
-2.381796297427248021e-03
-3.905509929448808867e-03
-4.239426190058811703e-03
-4.617566246087743964e-03
-3.060239814922591402e-03
-2.614930981387216836e-03
-2.937484826599852557e-03
-3.102821839170921952e-03
-2.876204465131248014e-03
-2.283635275223035773e-03
-2.929513050929538273e-03
-2.368299434857009701e-03
-2.929540227476525472e-03
-3.089672490656068197e-03
-3.156932117810061934e-03
-4.264336896549636262e-03
-4.544846561099100297e-03
-2.640051315224579975e-03
-3.843810206841814531e-03
-2.347568083082413742e-03
-2.362553911344301982e-03
-3.865049593298488205e-03
-4.098204249104728421e-03
-3.478771892043738215e-03
-4.489652479937426832e-03
-4.053000969912419656e-03
-3.065387069389416234e-03
-2.124226108051357250e-03
-4.437116697665447612e-03
-3.313053305172767530e-03
-1.938995185767412519e-03
-3.600285463449157033e-03
-3.305859286615126565e-03
-4.641982158162208383e-03
-3.781515206777103302e-03
-2.588351467824502247e-03
-3.231713638060289273e-03
-2.675957752985221993e-03
-2.746908230796115454e-03
-2.992742851256986834e-03
-3.918569159004789589e-03
-4.435661030604502904e-03
-4.399003463178196606e-03
-4.416134533123941205e-03
-2.285946862502368643e-03
-3.936291243551228412e-03
-3.998934902850092427e-03
-3.617707316096252859e-03
-4.460593027651534384e-03
-3.629997829323326416e-03
-2.832218774371045213e-03
-2.715985470668544691e-03
-2.732534875905222923e-03
-3.696512316663199023e-03
-2.045821950807907418e-03
-8.810502322626103788e-04
-3.596455996578282709e-03
-2.005845467327412469e-03
-3.726017362205015417e-03
-2.222973993013399423e-03
-3.042997898115900636e-03
-4.310798625633886945e-03
-4.601892306356226633e-03
-4.535540697124452146e-03
-2.244315269639807209e-03
-3.788185987181237700e-03
-2.541703846361993268e-03
-4.574287906357172272e-03
-3.506424120341287021e-03
-4.244731717158368133e-03
-3.808378245510485923e-03
-1.627321348767047727e-03
-2.044622861563140988e-03
-3.013881925654408097e-03
-3.130775404348579930e-03
-4.135279108231064253e-03
-3.883114950933914088e-03
-3.592167333312576167e-03
-1.407730137740782587e-03
-3.550939742921295581e-03
-3.749058397787563730e-03
-1.658181722747020109e-03
-3.669161538588510373e-03
-4.748695067322012374e-03
-3.463945673884364935e-03
-3.970010394690474259e-03
-4.641327122987111593e-03
-4.822262647772638383e-03
-3.883067478225227676e-03
-1.889826272346377053e-03
-2.767448054265065141e-03
-3.848341046789226054e-03
-2.216808234526815302e-03
-3.580058096892557024e-03
-1.466043685167377035e-03
-3.662044068885433098e-03
-4.368343363794434907e-03
-2.905953450420207390e-03
-3.807103778852770088e-03
-2.711888391629353051e-03
-1.642720002056881432e-03
-2.212563363691992611e-03
-2.959594235647359985e-03
-3.273833263992606286e-03
-1.196914241205317966e-03
-3.157479207882237827e-03
-2.654614747043605814e-03
-1.125695274817006299e-03
-2.649998244452948532e-03
-3.903782390849427214e-03
-3.084036294916156235e-03
-2.043429947538033965e-03
-3.646054518668747843e-03
-4.453851671720375494e-03
-3.297977068908349626e-03
-4.082425719767014856e-03
-4.298726375156411254e-03
-2.097873551190277980e-03
-4.187824183615239913e-03
-3.880829991588888393e-03
-2.395440122379020095e-03
-1.815209018262045441e-03
-3.617055239289627272e-03
-2.983817290220486685e-03
-4.433854451624471421e-03
-3.476950618760191441e-03
-4.128759463441708695e-03
-3.425612740612764013e-03
-4.411927450170525372e-03
-3.947336566797039065e-03
-3.579845488014099953e-03
-1.774795135702029927e-03
-3.003747232794929355e-03
-3.799265407637745628e-03
-3.408915003173868495e-03
-1.626488976178415164e-03
-3.250234410424874491e-03
-3.185051705308304323e-03
-3.762517633292089287e-03
-3.319931315435728243e-03
-1.526389507450232833e-03
-2.497040445189719141e-03
-2.073075666155897116e-03
-3.812473219069884879e-03
-3.328600777720584682e-03
-3.662892496793829222e-03
-2.980331118564020706e-03
-4.207719259627130948e-03
-2.100678530922192415e-03
-3.578760214352705998e-03
-4.133671889465273357e-03
-2.068112444859905846e-03
-2.701721396297160696e-03
-3.751327346241403651e-03
-4.054651419582464521e-03
-3.616125727558986997e-03
-2.609680755223886105e-03
-2.299680344848753413e-03
-1.592243140316599399e-03
-2.167721453175841528e-03
-3.159525283964199644e-03
-3.968262890305213411e-03
-1.967063136528172246e-03
-2.201236971973324387e-03
-1.605131551075160206e-03
-2.566915307678961644e-03
-2.093443272434955624e-03
-9.919590110668101684e-04
-3.090801940917883329e-03
-1.918427692758881836e-03
-3.812395320514994426e-03
-3.914004217390301514e-03
-1.588583831324293875e-03
-2.622911336844338786e-03
-2.866892773767079280e-03
-2.764334251308603937e-03
-1.278999777463214098e-03
-3.298786278172315210e-03
-3.914940945695701870e-03
-4.436151595212628473e-03
-4.424537797576321915e-03
-4.566641833935162868e-03
-3.413488433047419217e-03
-4.061407392284805719e-03
-2.455852155866384157e-03
-2.415730495496752617e-03
-2.839967773436435656e-03
-4.050207587216071888e-03
-4.365728322142103067e-03
-1.952138192276342164e-03
-2.697656466449994614e-03
-3.803468686372790154e-03
-3.287849578315279152e-03
-4.327362070574493694e-03
-3.098340998609585423e-03
-3.087239625662771027e-03
-4.343952457423428878e-03
-4.295670578056875501e-03
-3.685943993429936089e-03
-2.779304560003784032e-03
-2.445278502571210291e-03
-3.622743150446639405e-03
-3.289696336832395682e-03
-3.357619098748983871e-03
-2.149689402381180659e-03
-1.730456456398171434e-03
-2.520884674977749620e-03
-1.440824930442173883e-03
-1.552613540902047541e-03
-2.417068732886391413e-03
-2.600961198684158260e-03
-2.287622522469885070e-03
-3.318481275625854033e-03
-2.577426464630269871e-03
-2.800824298415017458e-03
-2.732205863734976908e-03
-1.046824388476120865e-03
-2.788092617301681821e-03
-3.306919614890895323e-03
-2.873686383193679774e-03
-3.015715793083904514e-03
-2.676765216525905065e-03
-1.770562340411972529e-03
-3.126449178383033933e-03
-3.033552803090622339e-03
-3.854255397937122497e-03
-3.661097637592913238e-03
-3.526086711017549415e-03
-4.029665455221116861e-03
-2.280914195918420581e-03
-2.723696452264503035e-03
-2.755215623502472837e-03
-3.645712342289072257e-03
-2.073706133860269037e-03
-2.493593103516506242e-03
-1.230411264894663327e-03
-2.297716342301178282e-03
-3.290801430824974103e-03
-3.254206944996303804e-03
-2.181495424653355324e-03
-3.630422707396592594e-03
-2.766046770758022379e-03
-3.779193925114669034e-03
-2.136572967359029462e-03
-3.064124488325956595e-03
-3.731510870267232358e-03
-3.015407365460642114e-03
-2.064859547464269716e-03
-3.245245742558702795e-03
-3.608829251760474477e-03
-3.961331234376299845e-03
-4.450459919812326491e-03
-3.520938849049095720e-03
-3.116870265589935345e-03
-3.145371733751052643e-03
-3.879642296308999459e-03
-2.333806733126646098e-03
-2.812183624480510923e-03
-1.098976271939742198e-03
-2.532107101688287586e-03
-2.969722244237321934e-03
-2.582073831441467592e-03
-2.999778273427287142e-03
-3.150068340116152481e-03
-2.309107797806267577e-03
-2.147583495605095809e-03
-2.389892035052151517e-03
-2.164018182422311389e-03
-3.373071161786513929e-03
-3.725587938113196756e-03
-3.201656370338691344e-03
-2.640408288274386905e-03
-3.401924768810076112e-03
-3.152221362834078510e-03
-2.393187077742226030e-03
-2.064288550222491761e-03
-2.433369946598985291e-03
-1.825111238404019537e-03
-7.784992508370752740e-04
-2.894462565586669936e-03
-2.913140227673765952e-03
-2.803326961833326175e-03
-3.520504798017620989e-03
-3.087444439500616408e-03
-1.316876123770184667e-03
-1.166438642271183396e-03
-1.175876314771130346e-03
-1.884480721881513993e-03
-3.335433704814998093e-03
-3.469636926814280604e-03
-3.686299444996945628e-03
-3.036750017080872693e-03
-2.731837417594813744e-03
-2.668651245694033010e-03
-3.710110211334854101e-03
-2.921185430057430827e-03
-2.602580133277876753e-03
-2.596505334760516003e-03
-1.844974218633230537e-03
-3.349072879875202892e-03
-3.875480717897144666e-03
-2.918257131804648415e-03
-1.894185349426106592e-03
-2.359866729011345608e-03
-2.314604272918264431e-03
-3.834019273023104267e-03
-3.239237440336242141e-03
-3.171174006394013051e-03
-3.524134462688599187e-03
-3.155723549703923041e-03
-1.717804786154981467e-03
-3.102441314792382752e-03
-3.608218813010257483e-03
-3.486756827651490889e-03
-2.618507980725028484e-03
-3.425587101778634902e-03
-2.980944914867188645e-03
-3.218670235168061538e-03
-3.551675098031912680e-03
-3.982704525088114587e-03
-3.248156068330493914e-03
-2.516381754804615338e-03
-3.470196420921208089e-03
-2.574970891408971587e-03
-2.294320778298803310e-03
-3.415856254144663748e-03
-1.844988997177613582e-03
-2.478106632293987019e-03
-1.966684618905469202e-03
-2.966220891063316330e-03
-3.247846193602081828e-03
-2.720142631690051008e-03
-2.132072099841883506e-03
-2.361822450249315229e-03
-2.593258318992648030e-03
-2.269314397434104430e-03
-1.730748439389976278e-03
-2.942494851937102387e-03
-1.668804602510562569e-03
-2.361793847587724017e-03
-3.249177122940433669e-03
-3.322068812927003126e-03
-3.057180692220253394e-03
-3.594092720615713922e-03
-2.503792902105719895e-03
-2.616600683005926731e-03
-3.599133846038846639e-03
-3.033336493383311395e-03
-1.266552408523302425e-03
-3.042944661590554593e-03
-3.058404427473612741e-03
-3.266416622913979363e-03
-2.466941917158521277e-03
-2.399886287254367808e-03
-2.261544180250560452e-03
-2.007332853202183510e-03
-2.559763987201388400e-03
-2.441792586591660149e-03
-2.873606945907216173e-03
-1.457513848830340776e-03
-2.794688980548399888e-03
-2.498238291624977053e-03
-1.219624142951757301e-03
-2.660610140769077269e-03
-3.086015816849568567e-03
-2.558568311718102933e-03
-1.179223605228158899e-03
-2.998988101765631253e-03
-3.141500867037766865e-03
-3.489800414210111890e-03
-3.729579975850667427e-03
-3.325713836303801924e-03
-2.828449366343693469e-03
-3.231031621836451782e-03
-3.731411629926660329e-03
-2.940741116580075209e-03
-3.809219939541677938e-03
-2.058015929589379709e-03
-3.598019729854719673e-03
-1.833169865574583741e-03
-3.167834961436683319e-03
-1.895633580145616743e-03
-1.791631171582396204e-03
-1.917697118435121193e-03
-2.517158528072820523e-03
-3.150972482873970991e-03
-2.827673116837189828e-03
-2.909154592934800818e-03
-1.943271578592486526e-03
-1.935605134091158931e-03
-3.463703026761784029e-03
-3.118595789364312244e-03
-1.939930984753796168e-03
-2.699512101442638409e-03
-2.084517208377218399e-03
-1.260610626482821031e-03
-2.716002811842724469e-03
-2.057538500261737666e-03
-3.114699141703471293e-03
-2.243133432178409832e-03
-1.719104094312596956e-03
-2.380263722476271167e-03
-1.599522413240623718e-03
-2.295213214746213374e-03
-2.089922987309427490e-03
-2.141240893362369307e-03
-1.425860273655462805e-03
-1.557076968981197700e-03
-6.176985151885881547e-04
-1.553080153440208108e-03
-1.259418660989608963e-03
-2.878941158106424533e-03
-3.243503120216017273e-03
-2.568341423724098370e-03
-2.632596056413102556e-03
-2.356063591196678672e-03
-3.451230416142972521e-03
-2.770579421657426867e-03
-2.898286087169340240e-03
-2.809187279313436411e-03
-3.124737299327290645e-03
-1.894335864900717047e-03
-2.812173238523002841e-03
-3.067360608422381799e-03
-2.329488718966659429e-03
-2.384752341543889056e-03
-2.308050087993792233e-03
-3.093727441197484471e-03
-2.804911288168870052e-03
-3.404338390370864782e-03
-2.083655534876319680e-03
-2.704067899419536347e-03
-1.819273833150996918e-03
-2.070068291698111840e-03
-2.462196413261623102e-03
-3.153425434986819632e-03
-1.929388703483397166e-03
-9.026732163954273970e-04
-2.543682670920976129e-03
-2.000345526561583560e-03
-2.018595841852872334e-03
-2.364223982870125498e-03
-1.448465506870692029e-03
-2.485710995173821304e-03
-2.284367492692724981e-03
-2.022761258429879583e-03
-9.921803914736909789e-04
-2.890376756221083639e-03
-2.869589763872015201e-03
-3.514786929059128453e-03
-2.977404228272851044e-03
-1.435616820406500132e-03
-3.261531113690363352e-03
-2.767144328313101993e-03
-2.794714741787575601e-03
-2.404948381460779265e-03
-1.561946157014235202e-03
-2.811265361297020805e-03
-3.408175934727762906e-03
-2.882812510191959648e-03
-2.887747610941966692e-03
-3.427616677726191222e-03
-1.852052844493684049e-03
-1.563273572670050710e-03
-2.326278013959740248e-03
-1.221708734784856176e-03
-2.015742864034959954e-03
-1.909805573858559509e-03
-1.838817857310939656e-03
-2.277864162810248026e-03
-2.277940963824756550e-03
-3.160563014304560488e-03
-3.401601143522602413e-03
-3.088810298369245536e-03
-3.736809151085569193e-03
-3.477043714464716963e-03
-3.022574309390687209e-03
-2.951037495133112566e-03
-2.287878729583075945e-03
-3.230973659445488064e-03
-2.026714370242615852e-03
-1.575224555245029277e-03
-2.808677416260365895e-03
-1.858776346164180788e-03
-2.210992883786144694e-03
-2.473003949395095186e-03
-2.436772788648560329e-03
-3.058617196933441796e-03
-3.507858777191843417e-03
-1.738857591934738758e-03
-1.864634342873916538e-03
-2.265181366373851621e-03
-1.938258527121758780e-03
-2.861703497597896644e-03
-2.174705493645076940e-03
-1.806262590487553920e-03
-2.318482170646367444e-03
-2.548686054196861502e-03
-2.917078939586130720e-03
-1.357008166848921223e-03
-2.690194164685875099e-03
-2.545523668443806439e-03
-2.210794469240336124e-03
-2.378479673761041933e-03
-1.930365375146656870e-03
-2.948621923414917242e-03
-3.570300532722812687e-03
-2.517900915319555826e-03
-2.930716865615059109e-03
-3.957026411864445099e-03
-2.710433085164645674e-03
-2.812439517050661746e-03
-3.366311955551343216e-03
-3.000450593088795949e-03
-2.090379511250056461e-03
-8.398200668695995040e-04
-2.629630498680511370e-03
-2.747815327669668115e-03
-2.904215027063237857e-03
-1.468666072969989841e-03
-1.780728573239992452e-03
-1.711748258973554756e-03
-1.832176201928409137e-03
-2.850997747321058848e-03
-3.214580119980169765e-03
-3.083540075539837905e-03
-1.925232264484465173e-03
-2.128471255004732877e-03
-2.598979897905666012e-03
-2.574474094050372731e-03
-1.945119176787291548e-03
-2.705273202953306297e-03
-1.609616708931082586e-03
-2.874727207565163940e-03
-2.349866953400675182e-03
-2.530470043185701484e-03
-2.944614178991697244e-03
-3.084985643595424508e-03
-3.150128664211407532e-03
-3.385840068082054087e-03
-1.702936306871308042e-03
-1.268483237434762326e-03
-2.375885751029700992e-03
-1.596348527141878580e-03
-2.381805353505722818e-03
-2.842651359884975845e-03
-2.544188852568374584e-03
-3.126996018605122159e-03
-2.472046789302982661e-03
-2.513849233745572235e-03
-3.240678478030737265e-03
-2.614816963296221278e-03
-3.530966368587822989e-03
-2.730575050049850391e-03
-1.295159791936481173e-03
-2.231779904748482871e-03
-2.812563459433356072e-03
-2.266385923903689766e-03
-2.226193467166498637e-03
-2.157284008680720403e-03
-2.498765205992311764e-03
-1.904232440248140087e-03
-2.364979858115577854e-03
-2.265087306070441391e-03
-2.262945254026308816e-03
-2.586014174787634214e-03
-1.733869924400101899e-03
-2.607514120148513980e-03
-2.552825524679715359e-03
-2.239388004865550379e-03
-2.832891751069027859e-03
-1.684204117362239845e-03
-2.469846455313691198e-03
-2.261096879891088141e-03
-2.136788215386862134e-03
-3.119706788765887109e-03
-2.249242873273370972e-03
-1.205489514642147817e-03
-1.477178158297708490e-03
-2.900442883451794830e-03
-3.050073547165731494e-03
-2.738428653011621555e-03
-2.862046853964364101e-03
-1.387037927928424456e-03
-2.915061356664172196e-03
-1.896239126340244340e-03
-2.401177167459432171e-03
-2.731352110923220521e-03
-3.347515617086545183e-03
-2.840563305149993324e-03
-1.488431968969061150e-03
-2.441150950403764373e-03
-1.510342279155208736e-03
-2.513687999209162586e-03
-2.819549875672618805e-03
-3.329405329611555189e-03
-3.495530296590771205e-03
-1.656606457115816691e-03
-2.565280905218726443e-03
-3.127784347828597294e-03
-2.987572823108474145e-03
-3.269217303875686376e-03
-3.290993034546454109e-03
-2.015091865415416517e-03
-2.565195744852807186e-03
-1.880245747743597082e-03
-2.925104303203613244e-03
-2.797192738159483619e-03
-2.587862630843420272e-03
-2.290252889981231072e-03
-2.976787732897361125e-03
-3.178093584452344050e-03
-2.737002502257763689e-03
-1.983665104920239938e-03
-1.840630063233995081e-03
-1.328337241067516824e-03
-1.949636996982796484e-03
-2.867894416804675148e-03
-3.204228730326713105e-03
-2.663308817055135870e-03
-1.608497125774567375e-03
-2.249631710455557865e-03
-2.848613500422804163e-03
-1.197407491592668207e-03
-2.575013368180867866e-03
-1.959533346823544558e-03
-2.326962288505375533e-03
-1.592928739989533373e-03
-2.100672792764767503e-03
-1.723284056298536203e-03
-1.634452091601451247e-03
-2.303366250404720664e-03
-2.889277760848200840e-03
-2.279902241774752012e-03
-1.857782822502395499e-03
-2.874200537283772092e-03
-2.282209963728364360e-03
-1.841152684992684732e-03
-2.838460182569422802e-03
-1.655271599860047528e-03
-1.139566614393353961e-03
-1.479807435841702440e-03
-2.611742386574070294e-03
-2.130957661380217250e-03
-2.152320568607130231e-03
-2.701698192177766095e-03
-2.531846949152019056e-03
-1.901515586261870320e-03
-2.116173460485302506e-03
-2.340937647790498725e-03
-2.071396855084138133e-03
-2.546186799987574644e-03
-2.428182762212658524e-03
-1.029094511140390359e-03
-2.146804107112174585e-03
-2.735514459493771245e-03
-2.973012818255669956e-03
-2.599913280323436042e-03
-2.606025786268035584e-03
-3.031252255328470077e-03
-2.664468501976583695e-03
-2.471588927204593743e-03
-2.885251431220941035e-03
-2.603485196294526641e-03
-2.555760405104797600e-03
-1.208827662614407128e-03
-2.596683744899705958e-03
-2.166521097457705779e-03
-1.003434735063560681e-03
-2.311529552125489960e-03
-2.725759555746911939e-03
-1.629214400193063723e-03
-2.266570151711351250e-03
-1.497448742289585232e-03
-1.939862687082595342e-03
-1.542489530674351871e-03
-2.628337761805156405e-03
-1.194535503453702163e-03
-2.379345080517590149e-03
-2.361910379986058729e-03
-2.325556420276752526e-03
-2.891306347244083919e-03
-1.472907768773740059e-03
-2.447410401744715309e-03
-1.522561743021247577e-03
-2.654907200498964840e-03
-2.142032847059558657e-03
-1.026306696862451040e-03
-2.314469980872824791e-03
-1.352886378736917455e-03
-2.062658513265048718e-03
-9.303166573986805651e-04
-2.349593256221422198e-03
-1.905164573880533578e-03
-2.593156919598775707e-03
-3.146864563254542484e-03
-2.607934252508998640e-03
-2.364045856551706681e-03
-1.673678473891324894e-03
-2.587854835233672265e-03
-2.129677222782333772e-03
-2.687962688822656369e-03
-1.698088696563248862e-03
-2.534931450811955724e-03
-2.222753573151311623e-03
-2.647799954683220224e-03
-2.565959547251129430e-03
-2.971421209574529737e-03
-3.129531052852305931e-03
-3.211457975907206636e-03
-2.912117044956660881e-03
-2.423590051185472733e-03
-1.265470997523035187e-03
-2.345191122857232576e-03
-1.859851872917190826e-03
-2.499776688931084918e-03
-2.837688671667469575e-03
-3.050820951307772234e-03
-3.474271923772153086e-03
-2.305571728302980607e-03
-2.417541828845779384e-03
-2.208859501711159679e-03
-2.124527934553552787e-03
-2.350884611072807506e-03
-1.530429499250536996e-03
-2.104459701651506358e-03
-1.289423732939374602e-03
-1.765201803229071460e-03
-1.672281756713020224e-03
-2.467091889743791913e-03
-2.461272446075722826e-03
-1.134618713850716167e-03
-2.522784699649391945e-03
-2.499979546607145227e-03
-2.693287610680990957e-03
-2.454086138562094378e-03
-1.965977005470167117e-03
-1.711909255017134103e-03
-1.264946469752916769e-03
-1.838155248660679458e-03
-1.859261603360740350e-03
-2.619581263046945503e-03
-2.821290443755951425e-03
-2.008245113764757679e-03
-2.579298967060558636e-03
-2.059551150333616826e-03
-1.417650886930753133e-03
-1.926242984008030758e-03
-2.689964659315161044e-03
-1.773380014753948028e-03
-1.934122793564358681e-03
-1.785172705723116248e-03
-1.955753807225154087e-03
-2.421911272277798514e-03
-1.299259626327482807e-03
-1.886671590945622652e-03
-2.523515249855148770e-03
-1.168866416867591837e-03
-2.432466176896646952e-03
-2.786016149313640545e-03
-2.262827993025779902e-03
-2.099655311285774251e-03
-2.223039075459503234e-03
-9.193446465046388851e-04
-2.057576124446390889e-03
-2.166232719555585828e-03
-1.439501788485168582e-03
-1.954935701972210921e-03
-2.036147409913072540e-03
-1.590693518276665736e-03
-2.283410148559341518e-03
-1.709498426944944293e-03
-1.605719010551948881e-03
-1.785996675486834200e-03
-1.641656218358644118e-03
-1.672841582386097245e-03
-1.640047191103514252e-03
-2.480590372785488641e-03
-2.311638724864532521e-03
-1.396696570874023406e-03
-1.413556965751474074e-03
-1.877679798596647949e-03
-1.590229456162693851e-03
-2.585234636484464582e-03
-2.464394966899254198e-03
-1.991266597506615148e-03
-2.102000937042278542e-03
-2.634336450090433383e-03
-2.237386119115065963e-03
-1.857391595184008535e-03
-1.891476016560241684e-03
-9.474786615296055875e-04
-1.880121349239164937e-03
-2.815649093793285568e-03
-3.132198380320458386e-03
-2.603531108050588082e-03
-2.407315586122648395e-03
-2.506455215172022008e-03
-1.961898252737331177e-03
-2.030675788509296066e-03
-2.803527127996638998e-03
-2.340863895473999957e-03
-1.913445488593890770e-03
-2.160273130210116441e-03
-2.723367146646559888e-03
-3.099965605927507920e-03
-3.123053351620029301e-03
-1.859634227570349050e-03
-2.487059544839736493e-03
-1.712357525559224684e-03
-1.953468495917068566e-03
-1.824412261560987795e-03
-2.047908113390102189e-03
-2.037683125120441120e-03
-2.370587825744228157e-03
-1.820830542551752935e-03
-1.941035551614087766e-03
-1.981099722462463606e-03
-2.388144383950403619e-03
-2.605519575439532547e-03
-1.163169863147985083e-03
-2.177030279550259614e-03
-2.154956370995595762e-03
-2.459277797245857603e-03
-2.104261643555057834e-03
-2.601491124980817408e-03
-2.030267338602195423e-03
-2.130070803801058232e-03
-2.503896158162769153e-03
-2.266079162064981063e-03
-9.214845126003910368e-04
-1.958408629238641684e-03
-2.816486450676327843e-03
-2.588927802626254937e-03
-2.890448223707522447e-03
-2.384268451127983211e-03
-1.427403683631869695e-03
-1.766473898792694092e-03
-1.281751901543580052e-03
-9.393688804520348426e-04
-2.311153187976873035e-03
-1.194532836132408855e-03
-2.465590473310944834e-03
-1.619403033445027508e-03
-2.011049562600682617e-03
-2.019000126476673714e-03
-1.376121990174793185e-03
-2.086569773484226245e-03
-2.513058291067357154e-03
-1.866587724321871859e-03
-1.720124446515897132e-03
-2.211861899243057050e-03
-2.673910875499810498e-03
-2.134366450303088174e-03
-2.776358166870227309e-03
-2.151868920893303810e-03
-2.601349234754872855e-03
-1.951896938863308334e-03
-2.449955964814104232e-03
-1.981757051585145667e-03
-2.064011522818850423e-03
-2.393865078618766240e-03
-2.448131740574588724e-03
-2.123525963750493711e-03
-1.692767940316683211e-03
-1.562268648252635285e-03
-2.661644970906180008e-03
-2.655672044945183840e-03
-2.454219570084007016e-03
-2.062036319217762630e-03
-1.395417002601008526e-03
-2.113924853683979074e-03
-1.854698147086024027e-03
-2.037636015029720745e-03
-2.086612053841400364e-03
-1.161563742203019101e-03
-1.461603936761085489e-03
-2.410449445119876560e-03
-1.967856576245153623e-03
-9.010771685693804789e-04
-1.987855424266492341e-03
-2.046825757381776599e-03
-2.356870063694615613e-03
-1.230848634928073324e-03
-2.334467581300962886e-03
-2.626307185090792553e-03
-1.642897838002293793e-03
-2.351127540474511231e-03
-2.788010208318445014e-03
