5.653777297625563182e-08
1.210994070699034970e-07
1.743143038199569525e-07
2.145127784469667646e-07
2.395912051870349005e-07
2.475042083461801197e-07
2.381020335790607708e-07
2.138641745094491947e-07
1.788018312552320814e-07
1.369411520631597833e-07
9.150319769769380789e-08
4.474415758757026543e-08
-1.910364828035887984e-09
-4.765975991672271919e-08
-9.214818344481801663e-08
-1.353284681234953485e-07
-1.773694427676257196e-07
-2.185950694087883095e-07
-2.594491646930210712e-07
-3.004743930202538720e-07
-3.423035569277284228e-07
-3.856551327361505611e-07
-4.313384564584766011e-07
-4.802554276656756446e-07
-5.334325791228363650e-07
-5.919633370055016872e-07
-6.570844138985635983e-07
-7.301610803799700549e-07
-8.127007619476262351e-07
-9.063614529844159182e-07
-1.012962440129507099e-06
-1.134494248762164052e-06
-1.273127902572346017e-06
-1.431226155506057148e-06
-1.611348969057450015e-06
-1.816263291079417187e-06
-2.048948755446386281e-06
-2.312602511118613410e-06
-2.610646284685283338e-06
-2.946723313709441192e-06
-3.324700383169719911e-06
-3.748671009386498140e-06
-4.222948516775116530e-06
-4.752059435047073133e-06
-5.340738049139906782e-06
-5.993912322163753414e-06
-6.716696495591287538e-06
-5.957381159895260325e-06
-5.841880680602240567e-06
-5.324784605862033254e-06
-6.834178716303221718e-06
-8.382738586883641088e-06
-9.965348080071431173e-06
-9.162370281903949135e-06
-1.126723381012112817e-05
-1.038596596073300827e-05
-1.304852320897310109e-05
-1.207084079836276863e-05
-1.534332963972525054e-05
-1.422688853328422690e-05
-1.331938614322065731e-05
-1.795573598926775038e-05
-1.583509922982344464e-05
-1.488307709597693762e-05
-2.048637102691138690e-05
-1.794218989097068313e-05
-1.689459397920192870e-05
-2.344550364402279145e-05
-2.463823561343649659e-05
-3.313328675631577798e-05
-4.040673034078590099e-05
-4.125478735415748693e-05
-4.241480181797414905e-05
-4.390559846999822290e-05
-5.346729493112359230e-05
-5.488564301390283230e-05
-5.668643345204876170e-05
-5.888562787891755572e-05
-6.148476469689682434e-05
-6.447967274108806052e-05
-6.786387829418982884e-05
-7.162963584841748545e-05
-7.576789289405518328e-05
-8.026785729386046284e-05
-8.511649332056373701e-05
-9.029809779581480340e-05
-9.579402052384219945e-05
-1.015825390600211801e-04
-1.076389045497685721e-04
-1.139355320315317311e-04
-1.204423178131775048e-04
-1.271270598417957619e-04
-1.377069706985367952e-04
-1.482638246020217968e-04
-1.678783367503357542e-04
-1.047247739385854284e-04
-7.031015897735730261e-05
-5.017177227969042458e-05
-3.749364059246376019e-05
-2.895217809839411208e-05
-2.282658529151579247e-05
-1.816884283622038820e-05
-3.022634128069999777e-05
-3.936518588111652926e-05
-2.247234843084077051e-05
-1.613014347070847813e-05
-1.125304417579226669e-05
-7.206846372879466949e-06
-3.623827399269785823e-06
-1.141136450431422351e-05
-5.682261814597964998e-06
-1.185306704699331486e-05
-4.682723418079063012e-06
-1.004114402291467542e-05
-2.140294900138464261e-06
-6.918770720262617720e-06
-1.089478525195754474e-05
-8.395807476924591896e-07
-5.152337647785431284e-06
-8.720278625317690757e-06
-5.196678761898495363e-06
-9.854528138229522689e-06
1.555751887614442630e-06
-3.247740751951403462e-06
-7.214624973681949813e-06
-3.466960165992970193e-06
-8.554497177396730149e-06
4.507833950685227606e-06
-1.060896372544304482e-06
1.171077096431923897e-05
6.533582960559033726e-06
1.826648112066336069e-06
1.670489330510188504e-05
1.065607528470422917e-05
6.695534704223166281e-06
3.350242288075034205e-06
2.270001826409659786e-05
1.643195124999480890e-05
3.940994840885264080e-05
2.949888694323282175e-05
2.399590703693803032e-05
1.957892376645229684e-05
1.446929120698438037e-05
9.895356097640320100e-06
5.998368447823003075e-06
2.900775050455965451e-05
2.416977279357208702e-05
1.806211778683622414e-05
1.270937845083281231e-05
8.181895095465649650e-06
4.430899417058746931e-06
1.065988960412931544e-06
5.569643618373959585e-06
-1.595866369955277372e-07
2.062962192305607255e-05
3.911451828388204420e-05
6.156600713864008841e-05
4.289397549222681517e-05
6.517084097343959635e-05
4.541137380989395056e-05
6.760883990660348922e-05
4.699716106611628619e-05
6.909845185899508044e-05
4.780831225235549647e-05
6.977185857694018190e-05
4.795263922504087789e-05
6.973672920032330418e-05
4.751893526352767667e-05
6.908869971660196087e-05
4.658266022734661204e-05
6.791177308438388403e-05
4.520593204164151646e-05
6.627666464713538423e-05
4.343674779125461364e-05
2.825046539933368390e-05
4.507876631921413054e-05
2.953142286068587157e-05
4.640508308106076923e-05
3.023514653748898549e-05
4.685876102268661807e-05
3.000053809230228728e-05
4.627135902920379192e-05
2.879758749641299438e-05
2.628447198656916665e-05
2.392847359534632185e-05
1.069310369371784846e-05
-1.296727705225133289e-07
2.558474655076901666e-05
3.714174608753671784e-05
1.686272095378202107e-05
3.005356479145395332e-05
1.058538380530605325e-05
2.408203857082691924e-05
4.478314199332530222e-06
-1.236006102792341903e-05
1.091973673710981909e-05
2.951933607859098867e-05
1.463411511618331803e-08
-2.113761098989394398e-05
-3.964631637306042584e-05
-5.427156546655059391e-05
-2.822819717054891197e-05
-5.697493280747075876e-05
-3.195816936645880653e-05
-2.037214155310018495e-05
-4.834088581430928851e-05
-2.470588908210868032e-05
-5.534509150922201342e-05
-8.646071268282891202e-05
-6.636935359581766600e-05
-9.764310436302049072e-05
-7.539524253983289563e-05
-1.072717426000567201e-04
-8.319202300647801510e-05
-6.368925457639344658e-05
-1.001102425568753439e-04
-7.716077131485858122e-05
-6.018537743771679654e-05
-1.016925131271261316e-04
-1.167301394605580806e-04
-9.319395811095774595e-05
-1.349019447275702228e-04
-1.634250752645025040e-04
-1.284360766068197662e-04
-9.958524708848482093e-05
-6.755725689510836632e-05
-7.133365976425855553e-05
-1.191534156390526648e-04
-9.347107764776374777e-05
-7.810687189670674371e-05
-1.280368215924560069e-04
-1.801885203704283779e-04
-1.689898971358689346e-04
-1.431432740462004272e-04
-1.359024988090733654e-04
-1.153340280285197625e-04
-7.123450540308558232e-05
-1.090898805039716533e-04
-1.084920778400524417e-04
-1.363738272116779982e-04
-1.633966764838398441e-04
-1.923601649517618390e-04
-1.612529665710571815e-04
-1.356097180092236598e-04
-1.142333914670932272e-04
-6.599387460773293343e-05
-1.063061737796791047e-04
-1.264130216946156380e-04
-9.409213267283642794e-05
-6.856571397058410238e-05
-1.170661903059121628e-04
-1.416811360553011951e-04
-1.066139756801467189e-04
-1.650827850735842289e-04
-1.223889112460049171e-04
-1.486144574629988347e-04
-2.054501336520727869e-04
-1.879661433972005494e-04
-2.131923800959326077e-04
-2.372654449859874423e-04
-1.895463859864800736e-04
-1.518450852900357021e-04
-1.213322951593454204e-04
-1.129433735072241248e-04
-6.504642349455578936e-05
-2.923351818957030680e-05
-1.493839249009566989e-06
2.100269138088169709e-05
3.988050935479789345e-05
5.600475235351546000e-05
-2.349153611158753309e-05
6.850310436764905938e-06
3.099310690377964463e-05
5.093245665725412474e-05
6.788770189922984147e-05
-1.437331922234005381e-05
1.779809449103934672e-05
4.351912826474762668e-05
6.488856739444023522e-05
8.309038967154918417e-05
9.878241338817807639e-05
2.791092085325782161e-05
2.192078656627159181e-05
5.141349717509337562e-05
5.066591513021831189e-05
7.473711993182339663e-05
7.418660702752007130e-05
9.718360324132468476e-05
9.603439941626734937e-05
9.834034708076455720e-05
1.218514265022518873e-04
1.219127682597848442e-04
1.250825396500808537e-04
1.151086145542293471e-04
1.330873185574754235e-04
1.464153785635595147e-04
1.564450373050844337e-04
7.703774624324458110e-05
1.622744668370132114e-05
5.722843967471378672e-05
2.502386268309739320e-07
5.038204764307250422e-05
-1.475994037046169440e-06
5.457972351678469936e-05
6.208746640705985174e-06
6.701479927909285473e-05
1.034236356928244118e-05
-6.452324598476705603e-06
4.780151223743997675e-05
1.898900262324184113e-05
-2.124650363276821001e-05
-4.192546890567177387e-05
-6.218109282630562222e-05
3.408003952578077288e-05
1.359802114336547190e-04
9.517991955351699502e-05
6.104440657895677483e-05
1.391247323473191182e-04
1.025447351882845584e-04
7.107927998087488466e-05
4.542686442223247187e-05
1.486557926208440189e-04
1.179984697144588067e-04
7.547270023428262497e-05
3.512067173705732479e-05
1.452902625179629747e-04
9.722187972289733561e-05
5.261555564072390557e-05
2.720160496509764920e-05
5.116201673492532573e-06
1.132783727604031604e-04
6.637390639514598731e-05
4.061978724162992915e-05
1.876725065023943017e-05
4.615919695677487294e-08
1.525417601209215233e-05
-5.666247861814786332e-06
1.088882676078958768e-04
7.959181564233601099e-05
3.490336757538226264e-05
1.448118800105080031e-05
-2.452717814369936419e-05
8.566880481261618906e-05
5.996198576759861605e-05
1.663606586659630728e-05
1.228159585141955549e-04
9.383597066712100665e-05
4.738591057028149678e-05
2.763383542567307577e-05
-1.245588623640913733e-05
9.097872434466090720e-05
6.630749640074170659e-05
2.247993188112616517e-05
1.215326330892507430e-04
9.382708009904495864e-05
4.741884751014195984e-05
1.403777858716986774e-04
1.108712726516353892e-04
6.282515630667540290e-05
1.510104597808036052e-04
1.204784236831921347e-04
7.145663044488023523e-05
5.075693888142030207e-05
9.078810704543268382e-06
9.901299106166649652e-05
7.445686544658088892e-05
3.009480521545014403e-05
1.131986154365822805e-04
8.653948582899247978e-05
4.070951857022282711e-05
1.188064659018997293e-04
9.100854043247971249e-05
4.441379791275127580e-05
1.184821241483412739e-04
9.010779097902434055e-05
4.318180544608055804e-05
1.138125506085310056e-04
8.519725590904661647e-05
3.820969624927280782e-05
1.058042637364075016e-04
7.714343167272855802e-05
3.025426671107215134e-05
9.511730244130172979e-05
6.651413780191666760e-05
1.980513009866552822e-05
8.219107346790035563e-05
5.368595164659230383e-05
7.182281555949686503e-06
6.732013732409184857e-05
3.891053642508075176e-05
-7.403879811109864505e-06
5.070282612243040267e-05
2.235671428445369489e-05
-2.381401980374976490e-05
3.247390426842287599e-05
4.140156428550682903e-06
-4.195270436272557625e-05
1.272828477290260677e-05
6.026616301375082219e-05
4.184356590884098673e-05
2.566350417055635548e-05
7.560493044898564357e-05
5.844343293641340653e-05
4.318802715835706605e-05
1.276083987907763502e-05
6.459845331733876563e-05
4.887595400956002561e-05
3.481107473473034266e-05
8.638281928896898406e-05
7.060635878753298970e-05
5.642740112904942406e-05
4.358102178233245664e-05
1.013113424731018587e-04
8.614589552060842920e-05
7.242205304386538042e-05
1.290977052908747218e-04
1.132107890839005246e-04
9.880747495907761958e-05
1.554506085605080953e-04
1.376003347924202244e-04
1.215310094994947229e-04
7.903701182258113125e-05
3.966109859392814559e-05
9.361781049668054780e-05
7.694571563951593850e-05
6.202727254855212131e-05
2.259960584799381120e-05
-1.442822846358753234e-05
3.687019411903752627e-05
2.144318371940739476e-05
7.720679086925261720e-06
5.759624511207575294e-05
4.236955526998748825e-05
-2.906674260054636552e-07
-4.036639091688008329e-05
-5.119573465216944135e-05
-8.621865419526026698e-05
-4.945990410242241913e-05
-6.086767264767733624e-05
-1.266522666310612067e-05
-2.573655163825353846e-05
-6.755773906392428091e-05
-1.073951319046754528e-04
-6.522110011893173149e-05
-1.138920493416016052e-04
-1.575896971385039053e-04
-1.134197592075093526e-04
-1.480783262943982941e-04
-1.120368767087085967e-04
-1.240036466702357774e-04
-1.600293266630647168e-04
-2.085346271411197086e-04
-1.694889949668960103e-04
-2.200338041008543816e-04
-1.818966694311466054e-04
-2.340817565229938782e-04
-1.964853861227335182e-04
-2.499991633444406105e-04
-2.126583687251172616e-04
-2.672540722731043031e-04
-2.299434606345382480e-04
-2.854227536535396603e-04
-2.479621695681446907e-04
-3.041629265977403417e-04
-2.664074111315013196e-04
-3.231947393316040858e-04
-2.850279936940971473e-04
-3.422875409005109431e-04
-3.036168697011462116e-04
-3.612500568266393945e-04
-3.220031747764254423e-04
-3.809242117953377652e-04
-3.409575051259316103e-04
-4.002524708984913997e-04
-3.595260136338627966e-04
-4.191365772209631590e-04
-3.776203139921246251e-04
-4.374903838776078840e-04
-3.951506467391952752e-04
-3.577236646244480369e-04
-3.569037444379646634e-04
-3.208480503271152391e-04
-2.787226646978791141e-04
-3.419029228331627989e-04
-3.408861482183364643e-04
-3.047351345364179105e-04
-3.624493330893359920e-04
-3.256972866352295581e-04
-3.255946847916931994e-04
-2.839904750630892595e-04
-2.445549484475289734e-04
-2.188034081508085055e-04
-1.955508434068273249e-04
-1.744820009430098312e-04
-1.553348341333467861e-04
-1.378892185696638944e-04
-1.219587031922596840e-04
-1.073840528438718028e-04
-9.402834782996086693e-05
-8.177322332356907401e-05
-7.021628695627491075e-05
-8.515249287878094806e-05
-1.613145355899577678e-04
-1.428238795004799970e-04
-1.262324563424894249e-04
-1.113018931784788204e-04
-9.783370872376670902e-05
-8.566088624363718247e-05
-7.464214869265337223e-05
-6.442893956811466313e-05
-5.516947986113178708e-05
-4.677195016699242560e-05
-3.915658793633052995e-05
-3.225385215051883384e-05
-4.944210574418169297e-05
-1.257199924685307459e-04
-1.117140900100450392e-04
-9.930231103867976261e-05
-8.828506164627662430e-05
-7.850632215658153248e-05
-6.959465564203661837e-05
-6.167464663682131114e-05
-5.464238902791378145e-05
-4.840880866609596761e-05
-4.289700446042126923e-05
-6.043629851072544485e-05
-1.330580373754395749e-04
-1.209204561441957126e-04
-1.103115452953501826e-04
-1.010394813628348793e-04
-9.275133608783165773e-05
-8.552617514168755087e-05
-7.924731597140599029e-05
-7.381515005510479990e-05
-6.914425994983607146e-05
-6.516109574979377659e-05
-8.314066949077855045e-05
-1.517447554609568558e-04
-1.415431739506288814e-04
-1.327873688690611785e-04
-1.252973290368443644e-04
-1.187464230793826352e-04
-1.132032811179116573e-04
-1.085579682210946055e-04
-1.047166035818157992e-04
-1.015988045926883177e-04
-9.913520490224033560e-05
-1.175985587722245976e-04
-1.818005913882040064e-04
-1.735425504616357726e-04
-1.666508931326271667e-04
-1.609572703836082005e-04
-1.561596688331476997e-04
-1.523180351252796118e-04
-1.493291906188505308e-04
-1.471051457161106138e-04
-1.455703675037879575e-04
-1.446596643830422052e-04
-1.443167234002619664e-04
-1.636752813726703964e-04
-2.233437724335783961e-04
-2.175791281336672490e-04
-2.130644426773549828e-04
-2.096483695490064633e-04
-2.072103374609893180e-04
-2.054846004496298771e-04
-2.045473210741246899e-04
-2.043185736772494402e-04
-2.047298778897720106e-04
-2.057220104032673113e-04
-2.072438521682691851e-04
-2.092509951165022117e-04
-2.117046642882427175e-04
-2.324347558953063133e-04
-2.869483131602774181e-04
-2.843839089671305995e-04
-2.829205800246384892e-04
-2.824273795552293396e-04
-2.827942530537239205e-04
-2.838011883907283397e-04
-2.855096999521412578e-04
-2.878506439921426838e-04
-2.907644643053670995e-04
-2.941998436997876392e-04
-2.981124100792975130e-04
-3.024636993172009837e-04
-3.072200246702452061e-04
-3.123519044828638146e-04
-3.178337676304468962e-04
-3.236428573629416172e-04
-3.297592947773956337e-04
-3.361653200317412651e-04
-3.428453603697055813e-04
-3.497856076478218974e-04
-3.729707563271033514e-04
-3.783227079971049540e-04
-3.841884096929887239e-04
-3.905152482241795709e-04
-3.972590957862328536e-04
-4.043821016489426864e-04
-4.118522963735479769e-04
-4.196422300780322740e-04
-4.277284694930401972e-04
-4.360909307601844548e-04
-4.447120497176546830e-04
-4.535769449085363123e-04
-4.626722693160436597e-04
-4.719867282552018335e-04
-4.815102537200276157e-04
-4.912341150273481132e-04
-5.011506230939781177e-04
-5.112531089119572852e-04
-5.215354563438513247e-04
-5.319923787683810378e-04
-5.426191797379925456e-04
-5.855022177914346324e-04
-6.093800941125833643e-04
-6.324743264324914462e-04
-6.369250823293201103e-04
-6.602440830076975473e-04
-6.566893265658365611e-04
-6.616480005674825081e-04
-6.594150984641281282e-04
-6.813680067833020144e-04
-7.028289482613037488e-04
-7.363017303906642603e-04
-7.341610420353365763e-04
-7.536922740912252276e-04
-7.722927027657511354e-04
-7.694259288977821657e-04
-7.882247139419699088e-04
-7.896026704097468480e-04
-8.079124592634041478e-04
-8.093706034973985504e-04
-8.271726583313091050e-04
-8.287250208737949797e-04
-8.460224581443617341e-04
-8.476776297388484383e-04
-8.644738396380708106e-04
-8.662635228989150685e-04
-8.825595172802376239e-04
-8.845048896638335297e-04
-9.003008953081030824e-04
-9.024237398221880658e-04
-9.177190086599690093e-04
-9.200406606494218945e-04
-9.348339393587096723e-04
-9.373752831037581584e-04
-9.516646443681020225e-04
-9.544451977617792295e-04
-9.682282371232949717e-04
-9.712662256564175232e-04
-9.845400497871866375e-04
-9.878521017155908121e-04
-1.000613443579255598e-03
-1.004214287990874439e-03
-1.016459994401348313e-03
-1.020362786912819546e-03
-1.032089141848469309e-03
-1.036305082138987404e-03
-1.047508462052839729e-03
-1.052046939790282545e-03
-1.062723864630847614e-03
-1.067592520359578580e-03
-1.077739468200537886e-03
-1.082944300079210576e-03
-1.081777760839131627e-03
-1.091618890050795581e-03
-1.100695401558238759e-03
-1.106751215752938954e-03
-1.115326302684149914e-03
-1.121713918555815705e-03
-1.129772105497494445e-03
-1.136484588496113708e-03
-1.144015373548089992e-03
-1.151048674740083252e-03
-1.158045248755711900e-03
-1.165396108258719447e-03
-1.171853684476879516e-03
-1.179519176798907729e-03
-1.185434731027863427e-03
-1.193411539051628979e-03
-1.198783419551071108e-03
-1.207067667867666371e-03
-1.211894962221390275e-03
-1.220482117663671722e-03
-1.224764805285956772e-03
-1.233649703274288271e-03
-1.237388340733141428e-03
-1.246399671851380767e-03
-1.249108957225829927e-03
-1.255330086458210197e-03
-1.231545004153602714e-03
-1.247582464606058605e-03
-1.248218308149473760e-03
-1.251530711718855122e-03
-1.253159952624152739e-03
-1.256050031468127024e-03
-1.258545456203769659e-03
-1.267158720430405436e-03
-1.283865657367944720e-03
-1.285867483019900552e-03
-1.287655851421893888e-03
-1.302157045661687940e-03
-1.315963587163499100e-03
-1.314573139926642625e-03
-1.328565804509834053e-03
-1.328560292418298240e-03
-1.353213480813559135e-03
-1.378156824615078433e-03
-1.403350373786192359e-03
-1.412010559576442476e-03
-1.405471828969019664e-03
-1.407693810860391644e-03
-1.379005003922758156e-03
-1.375728800189241581e-03
-1.401148802249754105e-03
-1.426739587713422418e-03
-1.431194669673534724e-03
-1.457941475655003373e-03
-1.447805957668196839e-03
-1.460100145760162603e-03
-1.474600332339632116e-03
-1.502207928343213044e-03
-1.489334692948048478e-03
-1.502781450294832363e-03
-1.468633270733190862e-03
-1.466352994690638860e-03
-1.479906952075863910e-03
-1.507044900464441861e-03
-1.493554330260439891e-03
-1.506651901969861124e-03
-1.472272266950371044e-03
-1.469376707880986569e-03
-1.482592428206145696e-03
-1.509269752167873490e-03
-1.495287025769740166e-03
-1.508065001159959121e-03
-1.473531338926040808e-03
-1.440538773118635839e-03
-1.444598044515418974e-03
-1.448115378960890482e-03
-1.422798881929311990e-03
-1.399993910013621300e-03
-1.379495102304024957e-03
-1.375776952240134179e-03
-1.372005784521080187e-03
-1.368266046815879875e-03
-1.342162250774669953e-03
-1.340603441742134298e-03
-1.338600347592449301e-03
-1.337279902369883488e-03
-1.335690542442072651e-03
-1.333653766415458623e-03
-1.332235295848521218e-03
-1.342480983246571898e-03
-1.340276774098607968e-03
-1.348217820901855468e-03
-1.346166542280222448e-03
-1.343750512486207010e-03
-1.341193407367704095e-03
-1.339079794082676531e-03
-1.314326240010305243e-03
-1.313888836667601989e-03
-1.313300219748976495e-03
-1.309722315274232211e-03
-1.309201471775473576e-03
-1.306844241451586737e-03
-1.306083215689302557e-03
-1.304904118394770727e-03
-1.281055628269612244e-03
-1.281735132640598150e-03
-1.281862990806610083e-03
-1.285165199473085407e-03
-1.285800028855385666e-03
-1.286159202384943917e-03
-1.286276479650977399e-03
-1.286180623421115344e-03
-1.280008255337180016e-03
-1.280154787172129924e-03
-1.275515017828219222e-03
-1.275737332690180187e-03
-1.275427618412660474e-03
-1.278542339975898478e-03
-1.278735836315988928e-03
-1.278669054685529181e-03
-1.278374352579577603e-03
-1.280559662539146066e-03
-1.280505301319477974e-03
-1.283875501636537941e-03
-1.283857653700355575e-03
-1.288168148913578209e-03
-1.287851901386323451e-03
-1.265675718364200767e-03
-1.266405903165832231e-03
-1.266754917404733704e-03
-1.270057776320100652e-03
-1.270364718707443557e-03
-1.274395425143667231e-03
-1.253530551868652218e-03
-1.262123252435331296e-03
-1.262500521863007619e-03
-1.262444316719398040e-03
-1.266725738846583536e-03
-1.245685117944863142e-03
-1.254384006562269489e-03
-1.254655380793158210e-03
-1.254511210920555148e-03
-1.258946371646991113e-03
-1.237825958546868738e-03
-1.246557423309518214e-03
-1.246740413464106356e-03
-1.246280301509657303e-03
-1.245764444221660657e-03
-1.224120968770146985e-03
-1.228231464286822514e-03
-1.208095268507581362e-03
-1.216417946151628201e-03
-1.217657914490126447e-03
-1.218469322786181266e-03
-1.222614124804947099e-03
-1.202391518697205983e-03
-1.210659776651597415e-03
-1.211519286507816047e-03
-1.191495437548628286e-03
-1.199159641492765580e-03
-1.200322361460720057e-03
-1.201084597159958250e-03
-1.204844611323995819e-03
-1.184883667230535219e-03
-1.192674942392965868e-03
-1.193766924496058668e-03
-1.198669130079485891e-03
-1.178435717183031525e-03
-1.170440397142542615e-03
-1.152063320451458166e-03
-1.159273675405791352e-03
-1.161745276682505518e-03
-1.166089271082920795e-03
-1.147329442010453946e-03
-1.141052580200087015e-03
-1.123943203685635493e-03
-1.119495442206621012e-03
-1.103824169452214407e-03
-1.108905657218150218e-03
-1.091800095481831618e-03
-1.098354472632702677e-03
-1.108748148573715508e-03
-1.092128474382717072e-03
-1.097901875848312364e-03
-1.101984853780778144e-03
-1.096297416387709018e-03
-1.102039594707026216e-03
-1.111151948732758913e-03
-1.092969334031370331e-03
-1.097037180312740792e-03
-1.100366724606777983e-03
-1.103154542239224729e-03
-1.097852793925440653e-03
-1.100502513922639635e-03
-1.102684009923059812e-03
-1.097272196413533272e-03
-1.099405375882250152e-03
-1.100843373038835936e-03
-1.103850031336134395e-03
-1.105451895757843901e-03
-1.108819908723319069e-03
-1.090358990939560482e-03
-1.092338826749402435e-03
-1.093856180583078694e-03
-1.085929220457653235e-03
-1.067985598864461087e-03
-1.070395555417479614e-03
-1.062603470589931678e-03
-1.070929830249879675e-03
-1.064354626911362010e-03
-1.058661706199855775e-03
-1.053779714147683177e-03
-1.043423667430354610e-03
-1.050191369471211019e-03
-1.045279897882135265e-03
-1.050391533926656705e-03
-1.058526392024262833e-03
-1.059785538215977365e-03
-1.063373084148777192e-03
-1.064738869831136341e-03
-1.068538409713799733e-03
-1.069378274191745649e-03
-1.069845713729747436e-03
-1.069968465637047500e-03
-1.069584975142147312e-03
-1.084890200991416248e-03
-1.099903524868491283e-03
-1.093912911413382752e-03
-1.097226503471502093e-03
-1.103805717681256675e-03
-1.109017490769432157e-03
-1.115131946199389998e-03
-1.113495557656453720e-03
-1.119480173505346546e-03
-1.115630428986874936e-03
-1.112913167242807156e-03
-1.110296217056081424e-03
-1.115901041656434901e-03
-1.122307294773931515e-03
-1.124701108821747272e-03
-1.120820004120269683e-03
-1.128271980632699093e-03
-1.136029379042342640e-03
-1.141999770860045163e-03
-1.148653878640137124e-03
-1.143744180105196523e-03
-1.150182410347208280e-03
-1.145041472470347639e-03
-1.139548210352726333e-03
-1.134058362380520628e-03
-1.141358996518726130e-03
-1.133115317931060028e-03
-1.138117664410411142e-03
-1.132944391446562326e-03
-1.147640343799369734e-03
-1.154863229651131992e-03
-1.145238150272980069e-03
-1.136108675699806260e-03
-1.143183480641902670e-03
-1.150723789903719454e-03
-1.141110109131359849e-03
-1.146363073970392164e-03
-1.154795785352683403e-03
-1.147762446328279111e-03
-1.140481096145106246e-03
-1.150753334920382245e-03
-1.140505429952812276e-03
-1.147988700393593993e-03
-1.137768346289561635e-03
-1.142945361341892200e-03
-1.151292276722656882e-03
-1.159839624204144068e-03
-1.151606912581940468e-03
-1.143208845188647309e-03
-1.153677642068347796e-03
-1.142376137796428416e-03
-1.149948439694072630e-03
-1.138725499533350385e-03
-1.143993356588984735e-03
-1.152346407111442270e-03
-1.156207787133575141e-03
-1.147156645416678306e-03
-1.137997655258928898e-03
-1.148389973639750514e-03
-1.145511969809916500e-03
-1.146194016426275823e-03
-1.155317585129688514e-03
-1.137185840118416433e-03
-1.128055810986874864e-03
-1.138434444961934503e-03
-1.135562714955508758e-03
-1.144610886521745668e-03
-1.134886266582022180e-03
-1.142460666267484850e-03
-1.139643325383332987e-03
-1.148523964771795908e-03
-1.130903728111522840e-03
-1.138624791249840144e-03
-1.135844791082549947e-03
-1.136446080214838835e-03
-1.143303387145964620e-03
-1.150448671052100051e-03
-1.140326909378097230e-03
-1.141282429967625496e-03
-1.131027796710008674e-03
-1.137585053829346781e-03
-1.144444351895722517e-03
-1.134038921986506862e-03
-1.134823634184392582e-03
-1.124393581912904371e-03
-1.106218258423399825e-03
-1.089565088686503475e-03
-1.074298131873578904e-03
-1.081574667956599831e-03
-1.089098026342877248e-03
-1.073711690425293522e-03
-1.081035065365618889e-03
-1.088595122006925540e-03
-1.073107360113075004e-03
-1.080467267667278852e-03
-1.088054981325089089e-03
-1.072480740053285801e-03
-1.079868090708641223e-03
-1.064906994134113801e-03
-1.072115489575283962e-03
-1.079577049747952036e-03
-1.064503631774640045e-03
-1.071777699878457158e-03
-1.079289618020650267e-03
-1.064106646779151713e-03
-1.073199694562919707e-03
-1.079889821612171853e-03
-1.056849580155499492e-03
-1.048147002126701300e-03
-1.054027528691189484e-03
-1.052597562097328920e-03
-1.045151036389739118e-03
-1.038455557716420332e-03
-1.016444862025675695e-03
-9.954225819994140870e-04
-9.839547710573989109e-04
-9.816900686547859727e-04
-9.878680544901817170e-04
-9.946105813710031437e-04
-9.749598748507641664e-04
-9.729753225061327487e-04
-9.830220235079061876e-04
-9.934842732737317588e-04
-1.004278783055265536e-03
-1.015338137732555573e-03
-1.039299050525405079e-03
-1.055109623849953722e-03
-1.069642960180118563e-03
-1.061320333408969415e-03
-1.067762403807441356e-03
-1.069246615039453436e-03
-1.082190061332099790e-03
-1.091234475873597643e-03
-1.060951071949114500e-03
-1.032817654948294060e-03
-1.027518156265489532e-03
-1.013012438171063002e-03
-9.993129487686535153e-04
-9.866146103952365496e-04
-9.722839784192884071e-04
-9.875960941721799100e-04
-9.924471195134360740e-04
-9.864688340653492322e-04
-9.637851626286853554e-04
-9.807009268732677382e-04
-9.731401591243641269e-04
-9.694777772580784846e-04
-9.608779629940912169e-04
-9.556348017284005923e-04
-9.482292438002655434e-04
-9.400454896287283252e-04
-9.325551073499160166e-04
-9.282061864421839534e-04
-9.387174012145196606e-04
-9.296051705432137888e-04
-9.244078102120153453e-04
-9.364985474259006348e-04
-9.161813441760697672e-04
-9.113648981705105246e-04
-9.062304773693714106e-04
-9.024399249389700303e-04
-9.005876711206446282e-04
-8.987503602807993611e-04
-8.824443587375509733e-04
-8.822620123196950456e-04
-8.808769273101954827e-04
-8.840454688632089697e-04
-8.815956293295503779e-04
-8.788120377110654729e-04
-8.755302162831126367e-04
-8.719060194657096263e-04
-8.529641645626617839e-04
-8.495033188901108655e-04
-8.504895498094456469e-04
-8.505632797626708555e-04
-8.496163868453681083e-04
-8.492342947921361577e-04
-8.472927084661812606e-04
-8.100641334274974459e-04
-8.110249779945796680e-04
-8.136477978828964962e-04
-8.175052825281221543e-04
-8.222846002431594874e-04
-8.277520251193346305e-04
-8.337305817410411643e-04
-8.400843576204263842e-04
-8.467078230197130732e-04
-8.535180941472698913e-04
-8.604494027360049197e-04
-8.674490935172928224e-04
-8.744746710825575557e-04
-8.814915679612935363e-04
-8.884716032931509484e-04
-8.953916158359601822e-04
-8.939430052487783163e-04
-9.160831486241410339e-04
-9.176514943932287350e-04
-9.202077693411531015e-04
-9.234778118269929134e-04
-9.272622619501627193e-04
-9.314141304862192522e-04
-9.269475240087635863e-04
-9.505842183483682265e-04
-9.494305339073689674e-04
-9.496377434631234505e-04
-9.508457230476647856e-04
-9.808458711897856137e-04
-9.816854608066130725e-04
-9.821664893943570993e-04
-9.826098154817899076e-04
-9.832055050268599748e-04
-1.009338434276359697e-03
-1.001621098735410538e-03
-9.967034081690231452e-04
-9.937962856189949505e-04
-9.923591817343235030e-04
-9.951707167249088885e-04
-9.904549470933084968e-04
-9.935570487987030897e-04
-9.869561280298286970e-04
-1.014348358989854756e-03
-1.014711623559711199e-03
-1.013692063531088008e-03
-1.012208811804922448e-03
-1.009685587256599869e-03
-9.864774784497612903e-04
-9.831527499435627031e-04
-9.599525285729555062e-04
-9.370331568467699318e-04
-9.144066800593242698e-04
-9.137773519492391238e-04
-8.912949644815169447e-04
-8.915926517589509246e-04
-8.692184417236197566e-04
-8.705476501725867202e-04
-9.046126035015904492e-04
-9.017377968721636359e-04
-8.450387086260895521e-04
-8.552371202450012502e-04
-8.617591027619303946e-04
-8.244160635103305827e-04
-7.991222613768484253e-04
-7.810274918521238098e-04
-8.096933149392615200e-04
-8.309123508237750352e-04
-8.027191675237649576e-04
-7.830297831319688604e-04
-7.693011830020134037e-04
-8.059002890483472339e-04
-8.335326496593389129e-04
-8.063680047067779515e-04
-7.876971223037305828e-04
-7.749672866259674220e-04
-7.665533329610836220e-04
-7.976435930694771069e-04
-8.300702292045285388e-04
-8.034883870510374764e-04
-7.747422135939365136e-04
-8.270794755587034062e-04
-8.092295629525202800e-04
-8.083779835472127383e-04
-7.985164737358701765e-04
-7.913228145848535738e-04
-8.472342131033539598e-04
-8.900317811523902802e-04
-8.597742511623267204e-04
-9.056954152279062930e-04
-8.258629101063414335e-04
-8.780006000872202405e-04
-7.985284444247148661e-04
-8.559166663429068189e-04
-8.287713504675814531e-04
-8.134540255510494706e-04
-8.047310161465539733e-04
-8.007928588294098643e-04
-8.004306692931008457e-04
-8.028122806770692302e-04
-8.073492312895948556e-04
-8.136149624244032406e-04
-8.212936704301451686e-04
-8.301472238821439899e-04
-9.453060011761675943e-04
-9.400884766303476596e-04
-9.406284565682121587e-04
-9.576120734802775732e-04
-1.066832642510206260e-03
-1.177081550671770947e-03
-1.211759766237184349e-03
-1.268484672081709357e-03
-1.212820872240575644e-03
-1.123906571198005164e-03
-1.206631974495430424e-03
-1.180246222872924139e-03
-1.163030408550874565e-03
-1.168692306646770297e-03
-1.161077985899854753e-03
-1.268155840377463992e-03
-1.341695297829710717e-03
-1.319922322965753816e-03
-1.305444147707880221e-03
-1.385294459416816027e-03
-1.356407790177651621e-03
-1.340561412122056413e-03
-1.334002669182894575e-03
-1.334236878259799450e-03
-1.339555312543335265e-03
-1.348755957446218538e-03
-1.483943329360973328e-03
-1.471108559950229031e-03
-1.466177744995396902e-03
-1.469432498876128675e-03
-1.477365428205466760e-03
-1.618536247178111809e-03
-1.600091056944931943e-03
-1.593743657859084594e-03
-1.594530345074473806e-03
-1.600854203241638659e-03
-1.611614700231031941e-03
-1.625971753222802416e-03
-1.643295972452404972e-03
-1.663110593545097382e-03
-1.685051836639993739e-03
-1.708841063920528165e-03
-1.734264668518564192e-03
-1.761159171383665061e-03
-1.789400221192732985e-03
-1.818893932472756807e-03
-1.849570557131411568e-03
-1.881379299905708855e-03
-1.914284406372480192e-03
-1.948262061681410497e-03
-1.983297958241113813e-03
-2.019385268086693747e-03
-2.056523228982470343e-03
-2.094715852237090392e-03
-2.133971019661078886e-03
-2.174299614886981372e-03
-2.111686503274951433e-03
-2.063565218308561176e-03
-2.028605534438454594e-03
-2.066057415738082031e-03
-2.107632369782965007e-03
-2.149394973855357684e-03
-2.118973125666849880e-03
-2.160150091563042742e-03
-2.205584138266926571e-03
-2.254606190172830753e-03
-2.226290630591866611e-03
-2.273677083470960168e-03
-2.325529351992638820e-03
-2.381108813401516984e-03
-2.352909696516433755e-03
-2.405960917848722763e-03
-2.463849858112099334e-03
-2.525741960194482268e-03
-2.495916054227384235e-03
-2.554537493433365301e-03
-2.618475723181188427e-03
-2.686771533794982732e-03
-2.653678403108445955e-03
-2.718027514259975779e-03
-2.788236190772455485e-03
-2.758200977182114454e-03
-2.824399697717489693e-03
-2.897640450522741447e-03
-2.976508987090555666e-03
-2.939634257484864156e-03
-3.013313906868913400e-03
-3.094317905464506399e-03
-3.058938268867489232e-03
-3.134716902330268729e-03
-3.219134635600955779e-03
-3.184220620127894107e-03
-3.242575749275236185e-03
-3.539081222415133964e-03
-3.451851733010548231e-03
-3.562141878608880968e-03
-3.688139391006674955e-03
-3.631637868882629534e-03
-3.837969225531736184e-03
-3.863299966832454534e-03
-3.916391432714247216e-03
-3.991748674442093144e-03
-4.082361627967801519e-03
-4.187173635299204499e-03
-4.302734465626839935e-03
-4.425369168405591733e-03
-4.553023696195182025e-03
-4.684397400417724885e-03
-4.813670761395642643e-03
-5.176021630014609326e-03
-5.254174132407614731e-03
-4.848088656166887715e-03
-4.954188933140851910e-03
-4.967195228451597687e-03
-5.090148038517033381e-03
-4.815326149076324183e-03
-4.871814450639115786e-03
-5.182356361339178139e-03
-5.136416232746666109e-03
-5.141010230239527641e-03
-5.111046021206670266e-03
-5.135200046220257143e-03
-5.211404163089013858e-03
-4.808712519873224039e-03
-4.939922214244531207e-03
-5.022858381805299886e-03
-5.271062563309345320e-03
-5.490354361587518849e-03
-5.399640464827808010e-03
-5.607241829755957307e-03
-5.591964159470777344e-03
-5.225531708441141961e-03
-5.064706143626133104e-03
-5.134469062275152061e-03
-5.245921523060475752e-03
-5.303051673552402687e-03
-5.416804793949670654e-03
-5.478173151483398985e-03
-5.523545362847976856e-03
-5.507687423670615777e-03
-5.554780433601477253e-03
-5.401281080314102555e-03
-5.587099600032745597e-03
-5.785233598378660726e-03
-5.807088840625908473e-03
-6.082632973690889344e-03
-6.180312093402485704e-03
-6.343232466488588073e-03
-6.520553561699853409e-03
-6.770993567202873535e-03
-6.922080711879522071e-03
-7.138227249911209375e-03
-6.927727460313917902e-03
-6.969765871577397222e-03
-6.782104442195307885e-03
-6.690433527476850363e-03
-6.821701051517919598e-03
-7.037358794680098270e-03
-7.166358511968117483e-03
-6.642542782394697184e-03
-6.894964337347580380e-03
-7.051458420445830093e-03
-6.535966793861321122e-03
-6.270147872618535810e-03
-6.162468009574959688e-03
-6.525091317324954732e-03
-6.430711179941842222e-03
-6.711299606398455318e-03
-7.012984375620192820e-03
-6.509556032929498214e-03
-6.800210707453886380e-03
-6.647436806172215412e-03
-6.806422326152668581e-03
-6.644900430612366536e-03
-6.541346250532316213e-03
-6.812687472619923662e-03
-7.063814487708081243e-03
-7.315332318265263013e-03
-6.761530791427703725e-03
-7.015598320375285822e-03
-6.503658425140583163e-03
-6.483617842586460352e-03
-6.727178137859669317e-03
-6.999897765853841866e-03
-6.464175992051049771e-03
-6.223993585265995103e-03
-6.414493084246996810e-03
-5.944916345298693894e-03
-5.787729147860476604e-03
-5.947095954524577767e-03
-5.948704187194376290e-03
-6.302677524834610252e-03
-5.802413126482918078e-03
-5.819225883178494665e-03
-5.919740747281060540e-03
-6.088986367709239150e-03
-6.280629742278901785e-03
-6.186971687859693127e-03
-6.386610549423658509e-03
-6.557207756829136480e-03
-6.279135085778271563e-03
-6.190828572613274287e-03
-6.352082955723744283e-03
-5.822728600117441089e-03
-5.843436012211372134e-03
-6.169597611167187794e-03
-5.658320944773757161e-03
-5.918939394795493837e-03
-6.125062244194465558e-03
-6.377901970077978072e-03
-6.646108851788028529e-03
-6.085902412672376111e-03
-6.322779433125656594e-03
-6.504739868091703389e-03
-6.789232420511705397e-03
-6.996084137243072446e-03
-7.291351905470446620e-03
-7.495411696914159629e-03
-7.112991957116744299e-03
-7.211561123527507680e-03
-7.148808908327670443e-03
-6.805492914013123659e-03
-6.922147328136667166e-03
-7.104430226215768460e-03
-7.236793901251608978e-03
-7.380717105816275193e-03
-7.490237990363983814e-03
-7.116475291915116790e-03
-7.203591057082414824e-03
-7.353874137265019491e-03
-7.464040538118569580e-03
-7.582800619089291767e-03
-7.191645739402613771e-03
-7.280300065916072046e-03
-6.875549581201993547e-03
-6.971043203548108608e-03
-6.946677935110355528e-03
-6.365339794430006394e-03
-6.580262730355513831e-03
-6.736116674976188982e-03
-6.492062019212943569e-03
-6.662962407639800091e-03
-6.857880652535061801e-03
-6.991622437980374478e-03
-6.722702122487535410e-03
-6.908541879040821718e-03
-6.269300605661983460e-03
-5.748909292931184481e-03
-5.675757390733330264e-03
-5.431982033847457952e-03
-5.676490638078704638e-03
-5.496802743930508627e-03
-5.621016343980914445e-03
-5.466770251473765559e-03
-5.590935902951641411e-03
-5.389509119836127793e-03
-5.512339836764039783e-03
-5.670765008681770934e-03
-5.878179912837571894e-03
-5.610455002473687357e-03
-5.793340213420017891e-03
-5.968178290134471334e-03
-6.148751878191267145e-03
-6.309141346953107618e-03
-5.805317643373758725e-03
-6.006807290665379211e-03
-5.856815587417643632e-03
-6.284748874734053144e-03
-6.397845655001747379e-03
-6.521752191668611989e-03
-6.631122252404387900e-03
-6.748911810697791683e-03
-6.368353251303503389e-03
-6.451153525686388786e-03
-6.539612610614906063e-03
-6.642581157836044414e-03
-6.733759560226764904e-03
-6.212758411848699758e-03
-6.415919098004924451e-03
-6.505653868620395359e-03
-6.595329106231844103e-03
-6.216628468539330682e-03
-6.301734548533106765e-03
-6.398470520907415145e-03
-6.483119429089042804e-03
-6.257394850496581472e-03
-6.314259040034104521e-03
-6.016707637653819114e-03
-6.123920282633963687e-03
-6.412990719373471739e-03
-6.454887360193580122e-03
-6.108518414261051091e-03
-6.183833965825159991e-03
-6.260589648894971174e-03
-6.345191966348185525e-03
-6.550622185072492790e-03
-6.507625832742209779e-03
-6.217521217355411606e-03
-5.965980868389102881e-03
-5.455445059945588163e-03
-5.619093250560975097e-03
-5.359396942205592838e-03
-5.498143808108534557e-03
-5.616452986742830750e-03
-5.773272418844371812e-03
-5.865963837047067156e-03
-6.065807084720788861e-03
-5.739974932342536626e-03
-5.276184021343250687e-03
-5.401598871613190120e-03
-5.607572722358797682e-03
-5.359507548423685271e-03
-5.551370489499556256e-03
-5.082406840351397226e-03
-5.207963227332103144e-03
-5.346379082756163095e-03
-5.079995099123700043e-03
-4.928054836904634424e-03
-5.117777770538534457e-03
-4.878069543631526582e-03
-5.041158587420513718e-03
-5.178938882488159923e-03
-4.977102850516962156e-03
-4.786879944229673577e-03
-4.932653503714484571e-03
-5.035838753675929771e-03
-4.801625129004255532e-03
-4.946960909104922664e-03
-5.086316100829794615e-03
-5.284718800416809970e-03
-5.084882127470794107e-03
-5.165878329995309340e-03
-5.359888805081420952e-03
-5.083391509028509919e-03
-5.267834795275022804e-03
-5.008974069064393332e-03
-5.189309270125588153e-03
-4.932956792433862946e-03
-5.058876776993334601e-03
-5.215388953948320999e-03
-4.972908787689855024e-03
-5.130337292121653694e-03
-5.303392201878812801e-03
-5.029666090463945707e-03
-5.203675856974561247e-03
-4.936445097457624678e-03
-5.111422885966561414e-03
-4.849890307743597896e-03
-4.975211796474469060e-03
-5.129528388136786118e-03
-4.871203072791288786e-03
-4.626068208439528331e-03
-4.779227022680038878e-03
-4.949030051947350163e-03
-4.702992155805856521e-03
-4.876081771780376578e-03
-4.633032486599711515e-03
-4.767768723740174915e-03
-4.932776747703090242e-03
-4.698789768647233626e-03
-4.855419123597584131e-03
-5.026156120529798321e-03
-4.763006114288672460e-03
-4.935565429556807056e-03
-4.678418190817133955e-03
-4.852438822695480033e-03
-4.600560675220603454e-03
-4.775841999280078243e-03
-4.528658165305498966e-03
-4.663101169260398457e-03
-4.824934703949754732e-03
-4.588687611068842376e-03
-4.234247607590222069e-03
-4.071911052832153689e-03
-3.919871230891690435e-03
-3.739267201415801684e-03
-3.932032381556193994e-03
-4.005016214175239307e-03
-3.837600680102911527e-03
-3.702653512242980866e-03
-3.590936517305440539e-03
-3.668017999143818441e-03
-3.557990396304497056e-03
-3.889885194994258198e-03
-3.938303173144031867e-03
-3.797667306902359225e-03
-3.757614353270525946e-03
-3.803009615853693987e-03
-3.748594090686934149e-03
-4.108965712543557157e-03
-3.955533446236872766e-03
-4.228925419138745978e-03
-4.044436985483795474e-03
-4.297488725497546069e-03
-4.105357699237966590e-03
-4.411742507552825904e-03
-4.446828723852494329e-03
-4.540348881686647776e-03
-4.500114580703374646e-03
-4.683675003835995748e-03
-4.772031743566475248e-03
-5.094312982639053605e-03
-5.022182940249982942e-03
-4.749282789602767355e-03
-4.918876233738839025e-03
-4.646530615125847238e-03
-4.431368965181862150e-03
-4.528154553464722350e-03
-4.701464721881303682e-03
-4.773171674817913886e-03
-4.948825717707793816e-03
-4.678083731100245862e-03
-4.312281804930809780e-03
-4.100510923877877766e-03
-3.943827468034797994e-03
-3.834069283230876965e-03
-3.881943429043765905e-03
-3.758928357864376943e-03
-4.019469245587032821e-03
-3.861805417325513395e-03
-4.097744094237383040e-03
-4.171959326778325143e-03
-4.451728396272492533e-03
-4.508423373972978571e-03
-4.257910447861736579e-03
-4.336314704901803561e-03
-4.127320384275714842e-03
-3.962607887224440552e-03
-4.126099382235057234e-03
-3.958864544149980590e-03
-4.215499635728473492e-03
-4.261673982401605054e-03
-4.394129425346660761e-03
-4.087391827322893467e-03
-3.935072869885673438e-03
-3.817697001751817545e-03
-3.735332246402568116e-03
-3.603932952435026909e-03
-3.834035540433290961e-03
-3.692695574341153374e-03
-3.716948202210637424e-03
-3.817489796675789440e-03
-3.877276437426412613e-03
-3.741088084630187025e-03
-3.617261166660377860e-03
-3.504471588769242883e-03
-3.401610282631915925e-03
-3.642606287312745699e-03
-3.461373245218245243e-03
-3.688380581066998554e-03
-3.498515780343339644e-03
-3.326082776667938033e-03
-3.562684864542440231e-03
-3.789619098557917183e-03
-4.035020057339879646e-03
-3.872479695744088495e-03
-3.911797462057656737e-03
-3.763504954634453066e-03
-3.674607731366540987e-03
-3.540756713613046631e-03
-3.421733326656103795e-03
-3.634556025065070837e-03
-3.662286994995708495e-03
-3.530697061248057583e-03
-3.413534729928000607e-03
-3.308833116324112408e-03
-3.436647254384754720e-03
-3.333799997468384936e-03
-3.498710581759822535e-03
-3.598168841452552280e-03
-3.473654070328541666e-03
-3.362141622436656818e-03
-3.261959184083257791e-03
-3.171734479003494693e-03
-3.297051420909096701e-03
-3.245382228571718625e-03
-3.410846697297921590e-03
-3.246263454169793453e-03
-3.398587945445066642e-03
-3.293495252156829287e-03
-3.440136432318526786e-03
-3.234404010318295882e-03
-3.244487943094331688e-03
-3.268712856860462798e-03
-3.318561399263808467e-03
-3.224610592803117941e-03
-3.377260738479958158e-03
-3.180789781333260083e-03
-2.998567899782522087e-03
-2.828412799214777458e-03
-2.668651147809310113e-03
-2.837500986879749974e-03
-2.781902116455626552e-03
-2.943635468661041834e-03
-3.161443916944563573e-03
-2.974542033860265444e-03
-2.801097476316149505e-03
-2.639099150193680195e-03
-2.600674059275772526e-03
-2.674873899018693612e-03
-2.742523831256625348e-03
-2.894310459166989351e-03
-3.240807891384412959e-03
-3.140625015330055989e-03
-3.051191854214538486e-03
-2.971115605754776068e-03
-2.899252481091463274e-03
-2.931322638222406875e-03
-3.049526638188323254e-03
-3.247747776458987864e-03
-3.329588789078331834e-03
-3.436887652919542666e-03
-3.277422097282402507e-03
-3.178087068795400379e-03
-3.227040313007978074e-03
-3.133945353978180061e-03
-3.049469174129839852e-03
-2.972947016855995422e-03
-2.903670524579980705e-03
-2.840718010713935270e-03
-2.992713616152269974e-03
-3.138275643059432792e-03
-3.116812490130879080e-03
-3.313337889585446505e-03
-3.267818226898972292e-03
-3.167883874427603920e-03
-3.078270291386166636e-03
-2.997727740823458512e-03
-2.925208585244064470e-03
-2.859816990256773984e-03
-2.800775945296663134e-03
-2.814244394737587703e-03
-2.758262885045977952e-03
-2.775739313039954793e-03
-2.721991223004627345e-03
-2.673344834915339797e-03
-2.733576309491069205e-03
-2.787183988834559742e-03
-2.835266896989730237e-03
-2.878704557115998024e-03
-2.918206538082595853e-03
-2.954349631669040202e-03
-2.988560426424434740e-03
-3.122015069831129714e-03
-3.196260270602460825e-03
-3.105607949084495268e-03
-3.156647385863242238e-03
-3.071172611251887698e-03
-2.993926162757844147e-03
-2.990520175140377011e-03
-2.918142750750896651e-03
-2.852401842771855409e-03
-2.860407229063231631e-03
-2.798062068351018020e-03
-2.741462635340502062e-03
-2.758298370997084789e-03
-2.703477859519543350e-03
-2.653718201841248799e-03
-2.710386068440316740e-03
-2.760533752459418035e-03
-2.805249610627732083e-03
-2.845405284839751248e-03
-2.881704293791077093e-03
-2.914718585968899441e-03
-3.027068145306415284e-03
-3.135015729876997927e-03
-3.312307013749194503e-03
-3.199832584297995948e-03
-3.234190490348406478e-03
-3.131956456667303341e-03
-3.040118028430574375e-03
-2.957457246632906947e-03
-2.882932548430037871e-03
-2.882879031181360963e-03
-2.813897392441967044e-03
-2.751562694590126666e-03
-2.762846773120953767e-03
-2.703584606160080225e-03
-2.649959924695837604e-03
-2.669553355314768350e-03
-2.617263515613829725e-03
-2.569919235922865381e-03
-2.595681283692142551e-03
-2.548433272547942670e-03
-2.505655816149865000e-03
-2.559367575697658707e-03
-2.606832645934590003e-03
-2.447594003454982813e-03
-2.592055233737791935e-03
-2.759203653539453460e-03
-2.674849664178295672e-03
-2.610651829015083868e-03
-2.549239887308814116e-03
-2.567178579461210607e-03
-2.513061510760535022e-03
-2.461917281516117374e-03
-2.493742402105533947e-03
-2.340284571937882238e-03
-2.381467698622100667e-03
-2.236024196603299263e-03
-2.100762694948062580e-03
-2.163285669037447005e-03
-2.221544044567997506e-03
-2.468839556941961316e-03
-2.566476562186796508e-03
-2.417372398221712647e-03
-2.380178039626042186e-03
-2.348234532540299877e-03
-2.576984408524317285e-03
-2.581421933586411279e-03
-2.476228705569719860e-03
-2.333075438119966514e-03
-2.438484171008247804e-03
-2.517694157213526494e-03
-2.418322268614073785e-03
-2.279437580364439275e-03
-2.387428185944139893e-03
-2.481323591990285907e-03
-2.555053517676738120e-03
-2.641144899478733467e-03
-2.495228355787853548e-03
-2.568912629369479294e-03
-2.778693724794589412e-03
-2.668858462037185502e-03
-2.882787322366550924e-03
-2.956547889542241857e-03
-2.932669203366289681e-03
-2.824347099520771020e-03
-2.740202519756029624e-03
-2.690592845368387602e-03
-2.533951703169434570e-03
-2.532100911045320583e-03
-2.600094804828365254e-03
-2.664805468516764139e-03
-2.852073015646475976e-03
-2.887326147287001994e-03
-2.916493504710533386e-03
-2.952571732765702471e-03
-2.982894520386890087e-03
-2.813958692310760887e-03
-2.684599301064144287e-03
-2.706629697406589402e-03
-2.580537586244012038e-03
-2.628300540466503230e-03
-2.552944480001468827e-03
-2.432857822608605006e-03
-2.372767851541294527e-03
-2.320278679478550085e-03
-2.274034974685771628e-03
-2.352240319416417594e-03
-2.418279524376912726e-03
-2.594658771161841536e-03
-2.640613609133398224e-03
-2.554976968860614168e-03
-2.490901723180108038e-03
-2.528312390501446291e-03
-2.583513065499368905e-03
-2.612275355726360535e-03
-2.697531761609832466e-03
-2.709080142744278632e-03
-2.585692183229710596e-03
-2.624561805076427480e-03
-2.507165753103880908e-03
-2.550209549310527950e-03
-2.437896795130731382e-03
-2.467317199141676794e-03
-2.404750542136533352e-03
-2.255680517175702362e-03
-2.334062832310157456e-03
-2.460766025078700049e-03
-2.507446271234025671e-03
-2.397224824314067408e-03
-2.292541999610780805e-03
-2.352059487200297561e-03
-2.369496509735332952e-03
-2.408747140791327960e-03
-2.571242997259748364e-03
-2.631373841797293982e-03
-2.474883665316927623e-03
-2.596768505129534721e-03
-2.481546276680212000e-03
-2.518487828291554511e-03
-2.605974363446161672e-03
-2.485289137328569424e-03
-2.332170555382530493e-03
-2.379906241164978387e-03
-2.234943341442507600e-03
-2.338845422850486383e-03
-2.235752260923141305e-03
-2.221979664742221999e-03
-2.172547783319375876e-03
-2.161001596159903629e-03
-2.255148102129578454e-03
-2.299003152119007912e-03
-2.283836381583767214e-03
-2.363237265806837715e-03
-2.299433498151527439e-03
-2.266304201780794565e-03
-2.114031181174694761e-03
-2.173170995645409311e-03
-2.164745259867149538e-03
-2.254215870030903610e-03
-2.294053561210950432e-03
-2.281373961935030063e-03
-2.225090440591290328e-03
-2.215233740431712950e-03
-2.161915849505170132e-03
-2.250983921655589325e-03
-2.287850369166114037e-03
-2.277640133395764099e-03
-2.219047815825616297e-03
-2.170872521785274182e-03
-2.165982037218605258e-03
-2.118905541578002850e-03
-2.210974066683537263e-03
-2.066872481049992789e-03
-1.935477006540160024e-03
-1.955385128912595465e-03
-1.939676259763655018e-03
-1.924907328991636891e-03
-1.840531646754127752e-03
-1.906392162708891308e-03
-2.084678720078006735e-03
-2.059297039650311110e-03
-2.031487699568918642e-03
-2.009909801906107751e-03
-1.933954395536583402e-03
-1.860679002159819481e-03
-1.849206196354123005e-03
-1.838900663014883963e-03
-1.935324010152615279e-03
-1.861149631733903780e-03
-1.847496077761599581e-03
-1.835258109095116172e-03
-1.824332329051196787e-03
-1.814611577424568925e-03
-1.805989054860290387e-03
-1.798361097594243290e-03
-1.970565454581534384e-03
-1.946641492418117389e-03
-1.924868300576572247e-03
-2.086821260828892327e-03
-2.140972064488630682e-03
-2.171389293567349381e-03
-2.187713911648214802e-03
-2.265395648929145571e-03
-2.400386269130504787e-03
-2.350354523723072100e-03
-2.304218252973681737e-03
-2.262827094996918992e-03
-2.195783138829125909e-03
-2.248264442300490756e-03
-2.228341112392341530e-03
-2.280035909330816075e-03
-2.202976185297029609e-03
-2.318599950554478626e-03
-2.268238692502815620e-03
-2.358842833828840059e-03
-2.369384150480798382e-03
-2.378296328506501311e-03
-2.385560782972775701e-03
-2.391220469886585695e-03
-2.246732762669256724e-03
-2.279649162598553457e-03
-2.315217542099801736e-03
-2.248601381195168124e-03
-2.269646954270108843e-03
-2.179478467076336259e-03
-2.295891167495918168e-03
-2.427783783914021568e-03
-2.526172431998718621e-03
-2.434331228330399374e-03
-2.553393424003941054e-03
-2.455491155290313778e-03
-2.333499523304913021e-03
-2.292424225223375911e-03
-2.421060373649902304e-03
-2.487501801759632244e-03
-2.291728092418456389e-03
-2.164694701209763858e-03
-2.043686991288626992e-03
-2.084766642821909467e-03
-1.968532489810607706e-03
-1.858784656270867988e-03
-1.755287795229708379e-03
-1.715974448670002728e-03
-1.876233788677931927e-03
-1.917850672464866801e-03
-1.895200948711237270e-03
-1.789349125654532543e-03
-1.689274326694548091e-03
-1.808144114640755033e-03
-1.921836854836450658e-03
-1.893081404485149818e-03
-1.866117363261351808e-03
-1.916967605096366566e-03
-1.831147784397513505e-03
-1.758760143635132054e-03
-1.912308076128172059e-03
-1.948569339037259027e-03
-2.024957584062748658e-03
-2.068770029612152297e-03
-2.119170493728370769e-03
-2.027846733504982263e-03
-1.862310250291179976e-03
-1.774125877023369604e-03
-1.759860224305157808e-03
-1.682897999852711081e-03
-1.702319401426781020e-03
-1.774773866452985854e-03
-1.841265122167347768e-03
-1.898021922113186976e-03
-1.958187597152894529e-03
-2.013999456236069147e-03
-2.067885921118409187e-03
-2.100997530707100075e-03
-2.209775025956823690e-03
-2.109086624948128871e-03
-2.163205314438235074e-03
-2.266793789611038033e-03
-2.288278393378852422e-03
-2.218608989467935489e-03
-2.231041829825447086e-03
-2.166165983408155533e-03
-2.150534295932850660e-03
-2.056214993398537260e-03
-2.084639109791998953e-03
-2.091122769817323548e-03
-2.058400470273470933e-03
-2.048218752350385204e-03
-1.999379733905212557e-03
-2.051795191861144080e-03
-1.893093132181149045e-03
-1.804157398778012591e-03
-1.863776647473195649e-03
-1.844043322369706304e-03
-1.840365816276419127e-03
-1.910466950265046543e-03
-1.888418163081334459e-03
-1.848054415718919374e-03
-1.771132123494668399e-03
-1.902869549231328127e-03
-1.922098658396520585e-03
-1.917663994063354208e-03
-1.959388711018256700e-03
-1.862777186732722089e-03
-1.911114224121480271e-03
-1.935500781450449643e-03
-1.899153094840118610e-03
-1.854223580386396173e-03
-1.916131048022499776e-03
-1.828923115131867892e-03
-1.719118581152796407e-03
-1.799641263196502397e-03
-1.829633454230644631e-03
-1.775737916906737707e-03
-1.809452122354616044e-03
-1.802479048847027395e-03
-1.860716162326636613e-03
-1.851323455068993760e-03
-1.884363758117374660e-03
-1.859623978714625538e-03
-1.829890370593865740e-03
-1.820711003183612476e-03
-1.850363369194867871e-03
-1.876775002679084833e-03
-1.911912049026739686e-03
-1.837524205065249605e-03
-1.769744562174574648e-03
-1.762077954599993368e-03
-1.756748902859091343e-03
-1.731318114552092991e-03
-1.707187318404599762e-03
-1.649833041183928952e-03
-1.583541595647146565e-03
-1.620645858226971679e-03
-1.654134707951071927e-03
-1.684395564715144645e-03
-1.711750608831989545e-03
-1.789789551428186930e-03
-1.784050651016000138e-03
-1.760127694524094922e-03
-1.699966834665685329e-03
-1.704292765149609517e-03
-1.553785813943331373e-03
-1.557977017387614672e-03
-1.595284144377060419e-03
-1.627945969404266278e-03
-1.656851119739980284e-03
-1.682610292315326857e-03
-1.705652298865109519e-03
-1.777728275807020572e-03
-1.778537930635414824e-03
-1.781698401181156400e-03
-1.805677936226313595e-03
-1.763143193584501079e-03
-1.689056492176495283e-03
-1.859454598974532918e-03
-1.826546233488688092e-03
-1.761319313755554212e-03
-1.764135970482963315e-03
-1.760112682881519652e-03
-1.761297812090588562e-03
-1.803518483293765516e-03
-1.827523954887836288e-03
-1.996532256029357084e-03
-2.099511230682084631e-03
-1.957658821702593695e-03
-1.988197518402587058e-03
-1.969254400462948969e-03
-1.856245425172586448e-03
-1.923300675741610854e-03
-1.889600070200486660e-03
-1.902187384835256822e-03
-1.919701372365077143e-03
-1.908120654989435214e-03
-1.930564623463536288e-03
-1.948936467844860580e-03
-1.970206916176957604e-03
-1.963836655216628837e-03
-1.986983706038971970e-03
-2.005663252976383742e-03
-2.021965547954024302e-03
-2.044628501091582014e-03
-2.039810005692078727e-03
-2.061974839919561257e-03
-2.079945506620974917e-03
-2.104569205416501228e-03
-2.008209678139767380e-03
-2.128561232270621741e-03
-2.216865796613959848e-03
-2.285989416088487439e-03
-2.243788269080418570e-03
-2.147248990656958414e-03
-2.270145324628284646e-03
-2.183402993282434253e-03
-2.185543455679173509e-03
-2.185259655346464321e-03
-2.329307849477383480e-03
-2.299811460595424344e-03
-2.205738596057163752e-03
-2.129139312994798427e-03
-2.121961314613664013e-03
-2.128741051290810975e-03
-2.025959474330495808e-03
-2.029312098074438023e-03
-1.998607938452559487e-03
-2.032256513596708211e-03
-2.185403979318173689e-03
-2.180873811166677070e-03
-2.296094020653584138e-03
-2.319766122736022750e-03
-2.343433900062262803e-03
-2.365914956267721903e-03
-2.370920075732200344e-03
-2.285972272404476844e-03
-2.317453895005928011e-03
-2.362027485079848301e-03
-2.168716903623899885e-03
-2.148733313260839037e-03
-2.149056334896386981e-03
-2.160451007987756588e-03
-2.091255704844462073e-03
-2.127221508022596533e-03
-1.885539251008804765e-03
-2.104997855481750054e-03
-2.150810998899814388e-03
-2.516428929449434325e-03
-2.393527129014056710e-03
-2.391174808404807322e-03
-2.490546043156850655e-03
-2.229046138633677607e-03
-2.255240486385422759e-03
-2.302275690017900785e-03
-2.235129278538796390e-03
-2.459978928910471797e-03
-2.478207512936478948e-03
-2.516328473343607333e-03
-2.441078602196646019e-03
-2.503824497658694182e-03
-2.565447262944277242e-03
-2.608471412784048923e-03
-2.658606993080854086e-03
-2.708200894128239781e-03
-2.764900414883710109e-03
-2.827747439152177977e-03
-2.871394025029566730e-03
-2.930395064924800046e-03
-3.136913873369197997e-03
-3.201244353060928374e-03
-3.150199817133301355e-03
-3.213979851623415072e-03
-3.241047008312332531e-03
-3.313335950078117459e-03
-3.460100572863665600e-03
-3.461959419324831932e-03
-3.441124559268355851e-03
-3.441691497454484917e-03
-3.366297209946648040e-03
-3.476233569957083713e-03
-3.747494884559748884e-03
-3.738186929522963921e-03
-3.366554582867305537e-03
-3.444093022760663647e-03
-3.512286105156051715e-03
-3.493758524138885092e-03
-3.610725214190127833e-03
-3.547295009489832320e-03
-3.624862438755768225e-03
-3.689300736313206111e-03
-3.758393528049460124e-03
-3.802734476638753962e-03
-3.843451685948802432e-03
-4.108966489243966007e-03
-4.244156823439529033e-03
-4.079931455928065449e-03
-4.092139087027072027e-03
-4.108134590363651459e-03
-4.141926706222813503e-03
-4.178165893509741199e-03
-4.265068826665211442e-03
-4.582174687987054969e-03
-4.749518079463999932e-03
-4.432442219223835245e-03
-4.198492842002088561e-03
-4.185697476930034903e-03
-4.063706421360924713e-03
-4.063975666122664025e-03
-3.955457272266572899e-03
-3.988529385554640504e-03
-4.011634201463585431e-03
-4.400501120841299879e-03
-4.301620105356926231e-03
-4.293258704596448344e-03
-4.255792761620560451e-03
-4.277140248183702344e-03
-4.413686352265647206e-03
-4.469697098018956573e-03
-4.540814065319161326e-03
-4.600937496754989829e-03
-4.669278330918831196e-03
-4.732553128100156804e-03
-4.834286812978146747e-03
-5.014125325296325819e-03
-4.893829882603083214e-03
-4.626328007447622244e-03
-4.645744934884114830e-03
-4.674561518660643768e-03
-4.725934109288829066e-03
-4.847177701079861956e-03
-4.855383827603088932e-03
-4.834126035096963751e-03
-4.866615932716532832e-03
-4.689693250951602367e-03
-4.537045199363591574e-03
-4.403259167804414106e-03
-4.559494358872474146e-03
-4.798911512722540962e-03
-4.633108840109951589e-03
-4.555490283615175329e-03
-4.604349130303146513e-03
-4.828142916691321486e-03
-5.003926958514871327e-03
-5.495054355167281086e-03
-5.634006258607906353e-03
-5.975237934330450244e-03
-5.875675823824730130e-03
-6.081958794149894439e-03
-5.913058733984096274e-03
-5.645351637566077899e-03
-5.208095952292426598e-03
-5.427705298129806115e-03
-5.925981106783895398e-03
-5.986775611622648097e-03
-6.022459578903541395e-03
-6.059987212254164084e-03
-5.561638267312702180e-03
-5.843365892853003007e-03
-5.852239317110301091e-03
-5.452659600080730223e-03
-5.597338607414429831e-03
-5.688664386205905324e-03
-5.785274327967086620e-03
-5.912903169193347436e-03
-6.203077727256690183e-03
-6.306683635722043144e-03
-6.434729793268546480e-03
-6.758019897979475159e-03
-6.669457069350868961e-03
-6.770633028582866836e-03
-6.959809710498972984e-03
-6.824819670216634125e-03
-6.751476535319355862e-03
-7.108392337536962625e-03
-7.418625884943724075e-03
-7.573640635350726430e-03
-7.749421442692238163e-03
-7.509907359636382868e-03
-7.347409281055135820e-03
-7.665137844749931283e-03
-7.453592009614321695e-03
-6.874694618725966065e-03
-6.934585131901293761e-03
-7.088909777524528277e-03
-7.172777247478026759e-03
-7.303842342361581419e-03
-6.948132973339301612e-03
-6.965217861831698130e-03
-6.107259798135047067e-03
-6.600439917782916117e-03
-7.114846508129392053e-03
-7.164396710157719915e-03
-6.265617674484471114e-03
-6.459734351424844916e-03
-6.692149966202252422e-03
-6.894719989807694682e-03
-7.083755470166317077e-03
-7.262686118857945156e-03
-6.908722823492332438e-03
-7.495761117694876505e-03
-7.483192080336519177e-03
-7.527410023105989348e-03
-7.603564721664048121e-03
-7.693095819701952637e-03
-7.786648951873428350e-03
-7.818272867184096475e-03
-7.857617814237639886e-03
-7.878544389208824369e-03
-7.938439645064169006e-03
-7.763184864889356544e-03
-7.617512458014444841e-03
-8.382513529120274795e-03
-7.936328724071484500e-03
-8.018832631722403598e-03
-8.151049938095046576e-03
-8.648484535864656153e-03
-8.423975208203222237e-03
-8.389271220297716061e-03
-8.815065233578020173e-03
-8.488341917100071174e-03
-8.382155913245240356e-03
-8.390147545660414999e-03
-8.821447075800398566e-03
-8.647031906096861939e-03
-7.698706186637868827e-03
-7.324464064244104976e-03
-7.921224633892328532e-03
-8.402479584200924639e-03
-7.448154071302776416e-03
-7.324932900263854060e-03
-8.017508796178993841e-03
-7.627428820405612701e-03
-7.769003874874742983e-03
-7.947038129106652471e-03
-8.124425111033783953e-03
-8.234083246056081440e-03
-8.335081096049917412e-03
-8.466013138198962354e-03
-8.535595899097964470e-03
-8.637466919460034045e-03
-8.720441456848318507e-03
-8.746341356899417496e-03
-9.093036225674066761e-03
-8.780472189312334141e-03
-7.790356239281728996e-03
-8.293775822174370010e-03
-8.386585725667264346e-03
-8.459703982524911098e-03
-8.327478296953301495e-03
-7.855411659767136401e-03
-8.038933182815684308e-03
-8.177554941460270926e-03
-8.297922168622594297e-03
-8.722724564620537233e-03
-8.845524170304180922e-03
-7.892238459897935043e-03
-7.844778054170891898e-03
-7.791038555750621000e-03
-7.736024252875194941e-03
-7.682301746630842976e-03
-7.631043494025870240e-03
-7.582646788741061357e-03
-7.537097132145961255e-03
-7.494178318532739892e-03
-7.118758984259690448e-03
-7.430405696562344432e-03
-7.263203614445008956e-03
-8.131584912635879056e-03
-8.888733729093515820e-03
-8.544398602300846274e-03
-8.084263040512089729e-03
-8.452156144812856750e-03
-9.004359311103934255e-03
-8.625549279474882189e-03
-8.412999047915615050e-03
-8.164558373330341179e-03
-7.847268188917342832e-03
-7.143897410147799151e-03
-7.263175185097776702e-03
-7.034223846380328708e-03
-6.964297514417591359e-03
-6.920440092157096983e-03
-6.859769821331341416e-03
-6.987485782976312135e-03
-6.962387674092772490e-03
-6.843441370516762691e-03
-6.756041033721705072e-03
-6.940823056125143206e-03
-6.855593055746040700e-03
-6.781770968063542855e-03
-7.606678532799766509e-03
-7.669274219783068711e-03
-7.725178705984085507e-03
-7.966087193086973661e-03
-7.604070173024578272e-03
-7.323324649851340254e-03
-7.102402615143975535e-03
-7.257514639498856279e-03
-7.233255205763687405e-03
-7.018513641889591488e-03
-6.852509391929343698e-03
-6.721423576296150365e-03
-6.616370015998932971e-03
-6.530975086285613698e-03
-6.721981917385506239e-03
-7.677837734375624404e-03
-7.532022630096732799e-03
-7.333017789929959819e-03
-7.292977281586772963e-03
-6.965261437288839189e-03
-6.819070541305064133e-03
-6.434925019091756147e-03
-5.847140602992638263e-03
-6.167880430288944817e-03
-5.897368807609991957e-03
-6.848059212628576295e-03
-7.163356311448059247e-03
-7.386980313367071463e-03
-7.334982242873372763e-03
-7.363308644724698808e-03
-7.462611784084795426e-03
-7.318364582385467922e-03
-7.870231447282920872e-03
-7.466506197865207216e-03
-6.356704295397271227e-03
-6.499712194009106894e-03
-6.604550811268362215e-03
-6.679587278004583614e-03
-6.606096358937356069e-03
-6.617561784290293403e-03
-6.537656554424896814e-03
-6.179566205952875466e-03
-5.586439067456499055e-03
-5.960122288843672060e-03
-6.221082861312184943e-03
-6.394230959120032406e-03
-6.502691062809189820e-03
-6.614119036774612770e-03
-6.384434055103602700e-03
-6.635944806879475084e-03
-6.588151584849887693e-03
-6.613089803744441608e-03
-6.627447258028661657e-03
-6.631714598729530723e-03
-6.513911966904551917e-03
-6.248816895290223820e-03
-6.195620486714867835e-03
-5.970268614887370116e-03
-6.654954918878924590e-03
-6.255987572214519003e-03
-6.488681962078620379e-03
-6.250581805356459318e-03
-6.388894617046415696e-03
-5.912341158493570475e-03
-5.771755546677605035e-03
-6.234931673480124080e-03
-6.362637074893059616e-03
-5.964775766720242269e-03
-6.165926191133644894e-03
-6.229346734934474578e-03
-6.033928118790085442e-03
-6.081828312606261250e-03
-6.347985408523603400e-03
-6.388728583731725919e-03
-5.734340592135007790e-03
-5.887758218177890565e-03
-5.973649709722498799e-03
-5.819774912398312933e-03
-5.474083394977144121e-03
-5.541637758998020115e-03
-5.478784293793738901e-03
-5.387648824692899130e-03
-5.782965697999258373e-03
-5.643635508151776878e-03
-5.706658178806604809e-03
-6.211199225849207972e-03
-6.302514560372366945e-03
-6.007778928322903868e-03
-5.964227519223109716e-03
-5.926186837940669062e-03
-5.891703467194655229e-03
-5.859652376714395705e-03
-5.829386732999410937e-03
-5.800532579346280755e-03
-5.772869512091651119e-03
-5.746261702125116631e-03
-5.720618495555344386e-03
-5.695872339825056377e-03
-5.671966785044745864e-03
-5.648850294658998121e-03
-5.626473312650711635e-03
-5.331212960740508953e-03
-5.031911442714382537e-03
-4.664967883481848342e-03
-4.716478573962374667e-03
-4.269987371540927626e-03
-4.293216919806409730e-03
-4.078666866421423211e-03
-3.795862058105178329e-03
-4.250401709614222423e-03
-4.793329050699862530e-03
-4.821233168072953414e-03
-4.288102742858790339e-03
-4.281949715461056891e-03
-4.390080261426451864e-03
-4.753900164272377091e-03
-4.890849573204614047e-03
-4.777510117815782741e-03
-4.691219264296956661e-03
-4.601569975463350518e-03
-4.755721335249250316e-03
-4.930428750713490224e-03
-5.398159750762235830e-03
-5.519466581897125752e-03
-5.471293978407967828e-03
-5.321099661910465815e-03
-5.541609508824346664e-03
-5.664597216707425824e-03
-5.644877026475137588e-03
-5.174751257842636135e-03
-5.181369680276423639e-03
-5.276160699473606865e-03
-5.245286406357805957e-03
-5.216601950655340436e-03
-5.189651342398200057e-03
-5.164147152001465242e-03
-5.139898817468529016e-03
-5.116770870724314350e-03
-4.802277992098047572e-03
-4.622450502824467129e-03
-4.598793484287996315e-03
-4.819888741075060296e-03
-4.688963317243519634e-03
-4.728562025267858508e-03
-4.758035877694848093e-03
-4.779053425968608597e-03
-4.793144131433129188e-03
-4.801640993460132983e-03
-4.523888195069123395e-03
-4.376986891078335495e-03
-4.447615028196951099e-03
-4.322921379597024355e-03
-4.316994164006811817e-03
-4.209435770222673921e-03
-4.253559766088071958e-03
-4.280465274852170328e-03
-4.434108870651591594e-03
-4.507332797858628302e-03
-4.719250694356837139e-03
-5.113861813692938477e-03
-5.181487179970635862e-03
-5.234058566718938904e-03
-5.189688947561172348e-03
-5.071250655244063238e-03
-4.807708877221933061e-03
-4.620923497198130628e-03
-4.166865504693804609e-03
-4.415805498319347669e-03
-4.378090746227684960e-03
-4.490941610635553437e-03
-4.515155044460045751e-03
-4.123255775057043868e-03
-4.088410865040809604e-03
-3.899487667708665360e-03
-4.237335336759335755e-03
-4.285572857664198855e-03
-4.387183376800367178e-03
-4.355312805243270573e-03
-4.516167718024144233e-03
-4.430002580711777001e-03
-4.510060638272213492e-03
-4.259986784281113471e-03
-4.252326890092620118e-03
-4.641351289829560682e-03
-4.778175247368845850e-03
-4.671969725231921167e-03
-4.474673235745718278e-03
-4.120827553726667467e-03
-4.224677735759718375e-03
-4.367667953895936622e-03
-4.403879456052404474e-03
-4.560098462695209680e-03
-4.722114616210261982e-03
-4.542802303229257974e-03
-4.718759174769965314e-03
-4.835685574229493106e-03
-4.551512298668211436e-03
-4.586654754535976139e-03
-4.532059109710204203e-03
-4.538348593678225712e-03
-4.567462014055312901e-03
-4.413921106135505236e-03
-4.491741882764535565e-03
-4.690522504369370842e-03
-4.570692402747509285e-03
-4.924324021762373042e-03
-4.259686084043584099e-03
-4.055700801543695756e-03
-4.054411866814597483e-03
-4.113478350432071655e-03
-4.174541048848961697e-03
-3.936065510691928726e-03
-3.776495056996553249e-03
-3.929969108025535736e-03
-3.883366704996465794e-03
-3.955351709547579725e-03
-3.945522204552429600e-03
-3.895324287869539760e-03
-3.757995586774759075e-03
-3.644782859538056672e-03
-3.347118965571231966e-03
-3.369434888686395884e-03
-3.076131097316752924e-03
-3.270439669510715082e-03
-3.487213884276319561e-03
-3.756962959981181328e-03
-3.640002789969044427e-03
-3.726870647061036011e-03
-3.652453053786118738e-03
-3.610974203733541190e-03
-3.703589537440898829e-03
-3.703951660991774367e-03
-3.869599670781369728e-03
-4.083117803465578614e-03
-3.958804266800145140e-03
-3.572257025499503674e-03
-3.343805414810549232e-03
-3.140996464410222584e-03
-3.398278091065553771e-03
-3.508248997730875618e-03
-3.505731611674477340e-03
-3.577985378072088066e-03
-3.653572741219914335e-03
-3.786013527102906860e-03
-3.484383112706726949e-03
-3.465048853925824669e-03
-3.613242641854186137e-03
-3.560110789541649952e-03
-3.261823646309883282e-03
-3.395816080342888010e-03
-3.555641636155397901e-03
-3.484065013768425801e-03
-3.212501022401306923e-03
-3.233570022129682916e-03
-3.246555697684751045e-03
-3.361463907339493334e-03
-3.487417473862452350e-03
-3.203022192127548493e-03
-3.302812738780064490e-03
-3.280818603115095208e-03
-3.266758945955247108e-03
-3.256259654656636689e-03
-3.537569912332645151e-03
-3.261385667102210170e-03
-3.443144794549213728e-03
-3.198636967390622397e-03
-3.379214639152143280e-03
-3.072064721287928474e-03
-3.261045133454981183e-03
-3.128058881195178425e-03
-3.121152300466078968e-03
-2.913881158862068142e-03
-3.134458260660904008e-03
-3.221793610153489938e-03
-3.018840688830925090e-03
-2.944928921157553749e-03
-2.698173502294632861e-03
-2.866457426825560345e-03
-2.678356391807602214e-03
-3.024046538436435481e-03
-3.129066600799645936e-03
-2.839364803708395446e-03
-3.038196373729265369e-03
-3.357636317795694054e-03
-3.331308498701876942e-03
-3.567620058536057157e-03
-3.428718515037743227e-03
-3.661912695766174515e-03
-3.610268979930419606e-03
-3.651375115275930401e-03
-3.673287149633288305e-03
-3.907979293817908165e-03
-3.549848163022024244e-03
-3.058128300065522144e-03
-3.324183496521422587e-03
-3.395875786338009485e-03
-3.266794752457079232e-03
-3.161084293291838068e-03
-2.824223695118990417e-03
-2.729626754895236353e-03
-2.928265317843395041e-03
-2.871887692938743762e-03
-2.698108458916451558e-03
-2.975245324402276802e-03
-3.078544392993347398e-03
-3.179397923114038807e-03
-3.243709170521753404e-03
-3.230052353100158237e-03
-3.308721242955247645e-03
-3.363866080625146828e-03
-3.401297220217400046e-03
-3.421881337437650619e-03
-3.516635161654003711e-03
-3.537342581135942930e-03
-3.547069241278797639e-03
-3.547388012314159084e-03
-3.631513964338827817e-03
-3.813671642072686500e-03
-3.930329411000541527e-03
-3.814537805562904799e-03
-3.773510383735223604e-03
-3.500682034406776225e-03
-3.510861099445168349e-03
-3.687429859734550359e-03
-3.650467571486505809e-03
-3.642597195738171787e-03
-3.383423878024837718e-03
-3.343709945099971638e-03
-3.329828363702008569e-03
-3.128229222668255094e-03
-3.127669062461268384e-03
-3.325603015065224134e-03
-3.386706153914382286e-03
-3.169785937354557305e-03
-3.169438061160406283e-03
-2.986546581664855250e-03
-3.000184044972466213e-03
-3.234716942550728766e-03
-3.338029718225479260e-03
-3.154408505315709453e-03
-3.149618452198337231e-03
-2.961171989050732662e-03
-2.819944359726440919e-03
-2.851710549584911790e-03
-2.901106008170870748e-03
-3.079207815839457227e-03
-3.176817778002361935e-03
-2.957549938562319732e-03
-2.902049459563424069e-03
-3.105843625259416350e-03
-3.250806400091563794e-03
-3.272425230405232033e-03
-3.314998576639990521e-03
-3.255260522348314613e-03
-3.043390671997181409e-03
-3.080616208887933857e-03
-2.881481149989615752e-03
-2.768620684362901700e-03
-2.980512719481355401e-03
-3.084266433023505512e-03
-3.071172125331635746e-03
-2.830752314579789482e-03
-3.150720316841362258e-03
-2.881576857883772543e-03
-2.868129170032306888e-03
-2.949460456194104296e-03
-3.208088003491296226e-03
-3.210295549601965229e-03
-3.274735234384301436e-03
-3.092681831034291631e-03
-3.039620564527268937e-03
-2.838599698082431080e-03
-3.204428631747904908e-03
-3.044210921029538979e-03
-3.182167468776140370e-03
-3.082955767054164180e-03
-3.160758383047819649e-03
-3.219643246574033658e-03
-3.182588083527585106e-03
-3.301006862665762601e-03
-3.532753704500734247e-03
-3.627123344149296193e-03
-3.622902335784483879e-03
-3.494722041836147847e-03
-3.388980150758308385e-03
-3.320914073252126918e-03
-2.986553223646526509e-03
-2.748445190967837865e-03
-2.733130440022166555e-03
-2.343983567635978590e-03
-2.517454525708795205e-03
-2.654096755520434295e-03
-2.897564937751288122e-03
-2.829152143478679601e-03
-3.040087988840383185e-03
-2.897619316210715747e-03
-2.934446189162203105e-03
-3.010233390383846522e-03
-3.127412269272049523e-03
-3.101994812169419236e-03
-3.015283820766551624e-03
-2.805780172707425957e-03
-2.773077153974649531e-03
-2.773785470061990166e-03
-2.890495366498926997e-03
-2.857977297420437931e-03
-2.811891639022693658e-03
-2.902525330750293023e-03
-2.910747806751376628e-03
-2.673075290508948945e-03
-2.671701472176964912e-03
-2.638732046107725247e-03
-2.772831854992551057e-03
-2.848111059844740233e-03
-2.905657213074862300e-03
-2.844112106140699297e-03
-3.028141926750837348e-03
-3.193857676727962329e-03
-3.006182548712880726e-03
-2.806312199952573205e-03
-2.992990960028956132e-03
-2.975246328999910615e-03
-2.734795046209700931e-03
-2.757133754877987963e-03
-2.703943778280220971e-03
-2.893262997159414245e-03
-2.599536531740866564e-03
-2.428380055925623456e-03
-2.259134923768748009e-03
-2.405432212897164624e-03
-2.416228345829693307e-03
-2.509007712147920659e-03
-2.796717081367311973e-03
-2.806729990372374382e-03
-2.995172565566980773e-03
-2.930528851840039431e-03
-2.922080456014690495e-03
-2.832417871341644938e-03
-2.788750230463597421e-03
-2.604768299493589144e-03
-2.649926876637516849e-03
-2.609270637948810003e-03
-2.580524588283513755e-03
-2.767209551851757075e-03
-2.600412121530906728e-03
-2.744316380076774423e-03
-2.542068388628408726e-03
-2.575747458152806250e-03
-2.536892540837749812e-03
-2.657228401518127534e-03
-2.505267424620568999e-03
-2.566154323052590933e-03
-2.428465572667723449e-03
-2.415568234819407724e-03
-2.468277507619665110e-03
-2.568325630631719796e-03
-2.523152127114190995e-03
-2.280742695520439518e-03
-2.278294800557033577e-03
-2.295373192657962792e-03
-2.404623933837459881e-03
-2.265155430928743677e-03
-2.364522523800888926e-03
-2.377094729619978319e-03
-2.510392370061162014e-03
-2.310033413151597534e-03
-2.488944121295532091e-03
-2.526847351645647530e-03
-2.354137364821888047e-03
-2.509511275650432895e-03
-2.725394978449698340e-03
-2.797729664503314020e-03
-2.875112804768208651e-03
-2.779363610765390492e-03
-2.853779984409136536e-03
-2.764191435310038060e-03
-2.831202710400636431e-03
-3.028093171600491993e-03
-3.044467775007655194e-03
-3.015394214983873385e-03
-2.884554393206662654e-03
-2.859978347587657007e-03
-2.921916982319507951e-03
-2.870456929217568304e-03
-2.648269259458479845e-03
-2.657774780285386985e-03
-2.595308579322680703e-03
-2.665741505581493021e-03
-2.773741767165824497e-03
-2.732584857248619454e-03
-2.609068837433349206e-03
-2.686345963033620870e-03
-2.768904906821388796e-03
-2.725288092924611771e-03
-2.789376768236729968e-03
-2.592668656458691455e-03
-2.591937283740962036e-03
-2.650831880604294540e-03
-2.586152231557978503e-03
-2.592849908977911105e-03
-2.528768133403223178e-03
-2.372099181655384220e-03
-2.427576793733074792e-03
-2.536448630684160453e-03
-2.651375877497062945e-03
-2.586497488331348550e-03
-2.549924295402448016e-03
-2.617387189476520076e-03
-2.623757601939937564e-03
-2.659957020240934916e-03
-2.627043578042366056e-03
-2.556606423289426409e-03
-2.329618587488124001e-03
-2.299271232792023372e-03
-2.165237202361747996e-03
-2.328203432762968299e-03
-2.188733334939730463e-03
-2.351778446510312346e-03
-2.381019565525973550e-03
-2.545062481307136786e-03
-2.472315891103725634e-03
-2.331096017193599358e-03
-2.305399765899810664e-03
-2.417145969039853886e-03
-2.537580016766921402e-03
-2.617660944303290462e-03
-2.653325358609202444e-03
-2.721042586740937859e-03
-2.666548627691538859e-03
-2.626570665493470607e-03
-2.562518412915936426e-03
-2.580007460624203757e-03
-2.516920099164900431e-03
-2.361628857282661257e-03
-2.490292493079837664e-03
-2.535047702138242855e-03
-2.584213227783367390e-03
-2.644507953350016920e-03
-2.669057895433445127e-03
-2.482056401473899977e-03
-2.530305474450061758e-03
-2.480445069467151608e-03
-2.555656060792338945e-03
-2.622569385800605380e-03
-2.533498720875442152e-03
-2.566066452414440639e-03
-2.571482110201551811e-03
-2.559186163671254687e-03
-2.472703432803953841e-03
-2.544360147417600547e-03
-2.556928463093552633e-03
-2.371846021662979941e-03
-2.200562620504387546e-03
-2.274296090238461104e-03
-2.373912841658853013e-03
-2.460663510795841474e-03
-2.387955333527952851e-03
-2.423743800724584632e-03
-2.568069386793628891e-03
-2.356855077913848698e-03
-2.448286022010616458e-03
-2.558936641393730598e-03
-2.524048611643088698e-03
-2.566050379241916791e-03
-2.525759736381507671e-03
-2.572120841231720356e-03
-2.667459609946933301e-03
-2.698123851380153631e-03
-2.557720040770825824e-03
-2.507034056263187250e-03
-2.460429246131544487e-03
-2.288562474743898335e-03
-2.349911446755048421e-03
-2.423000482923644023e-03
-2.243576723521887532e-03
-2.080052133270642988e-03
-2.034776790639222354e-03
-2.131151029212091045e-03
-2.191092763306924998e-03
-2.249949584055792231e-03
-2.307430858327853742e-03
-2.363340580193232666e-03
-2.359007533405573821e-03
-2.299839993454753061e-03
-2.101270558308714065e-03
-2.211216372392209306e-03
-2.399371883790853838e-03
-2.237569638799606977e-03
-2.243639761029138108e-03
-2.090446041403153619e-03
-2.146870601132856542e-03
-2.127903671781334986e-03
-2.234150017845629339e-03
-2.240788505395323749e-03
-2.245381750072160051e-03
-2.219961838242955846e-03
-2.131756169242212534e-03
-2.110125054073516086e-03
-1.968072488452565685e-03
-1.942056878292146857e-03
-2.121928489914631354e-03
-1.950586025656500825e-03
-2.019449874560293092e-03
-2.034049682936031524e-03
-1.921313480987211445e-03
-1.993626075688308564e-03
-2.017946599672675295e-03
-2.070308757121060595e-03
-2.135834748494668672e-03
-2.186801735266000364e-03
-2.097037267555962141e-03
-2.188673753258761276e-03
-2.195368010816193920e-03
-2.180478071468246702e-03
-2.017335302470932290e-03
-2.090219073220889352e-03
-2.194441637308574070e-03
-2.008352006935247656e-03
