4.014978093662015264e-06
5.081969399908588805e-06
3.040325999799723093e-06
-4.451385852092254262e-07
-4.191863442129395925e-06
-7.706195940566633808e-06
-1.099670802290354845e-05
-1.055000615607201441e-05
-1.109183927689175121e-05
-1.217883522763515122e-05
-1.364662467631368517e-05
-1.545867976017934500e-05
-1.754636201932722304e-05
-1.970553427666886113e-05
-2.158184297352532614e-05
-3.952673891995573432e-05
-3.725347067777688194e-05
-8.632959789184461487e-05
-5.204548946047651056e-05
-3.398155469967831260e-05
-1.775534708970259953e-05
-1.196394910724300218e-05
-4.696487442284372324e-05
-4.173530079428742130e-06
1.461137338472491409e-05
-1.858039956761945789e-05
-3.654553499118326802e-05
-5.589464091248499359e-05
-6.862506703344627265e-05
-7.054271098678909966e-05
-6.913818533404117873e-05
-6.623643269547493018e-05
1.386480769830572763e-04
7.260892198082753344e-05
2.761771348097484901e-05
1.607127866528108189e-04
2.667689539013400968e-04
1.478622917787750658e-04
2.412456447774090210e-04
3.613048581425376158e-04
1.727506621865227895e-04
2.865195058305563679e-04
1.067603722989826322e-04
2.184943764583418884e-04
1.569376422370455599e-05
-1.425080514173132358e-04
-2.811225512472138063e-04
-4.165579596238078424e-04
-8.922705190711672542e-05
1.228310201585376302e-04
-1.535264065705160710e-04
-6.061440510033753266e-04
-3.363256123386960277e-04
-1.636882526854242564e-04
2.028059252170584786e-04
1.220600142820578839e-04
1.174346302473329337e-04
1.444492095369136165e-04
1.628390513877528488e-04
1.778912264993688294e-04
1.968837445668690891e-04
6.396701047815303012e-04
4.802869237247791375e-04
4.700324803182511575e-04
5.110593987629707914e-04
5.846052429984852430e-04
6.909313527706783262e-04
8.338373237446114472e-04
1.017029604161362455e-03
1.243254698892419692e-03
1.513932735543888118e-03
1.828828955866833392e-03
2.577428563970275092e-03
2.464207919098789640e-03
2.531505502625625015e-03
2.735138747375818590e-03
3.108163285218680429e-03
1.672818126470612373e-03
1.194433766347177727e-03
1.623171018366802512e-03
2.056642689301660908e-03
2.997156764255985272e-03
1.861749624344112867e-03
3.012735081583073522e-03
4.920189902224075124e-03
3.435644652334596347e-03
3.675560722156039420e-03
2.634230684148683877e-03
3.014590861707827640e-03
1.937213105719368935e-03
2.284370796194727313e-03
1.043676166517792502e-03
1.416977048011060659e-03
-1.027075686469754997e-04
1.536463829023724734e-03
-1.377189023375384545e-03
-9.921786813607291495e-04
-2.312673716818588326e-03
-2.391222888027766478e-03
-3.091832474660966435e-03
-6.891893042175645419e-03
-5.250181146441667418e-03
-8.373577724701319891e-03
-9.574605527466965860e-03
-1.180276533776685073e-02
-1.770177874406135554e-02
-1.522387001923937618e-02
-1.026810332508728586e-02
-7.895797352248067058e-03
-5.722565476008218723e-03
-5.228026210306498112e-03
-8.962675100472895437e-03
-1.738173411010269023e-02
-1.169297298618334272e-02
-1.676482519897166956e-02
-2.012606714559682028e-02
-1.394703029065091741e-02
-2.090505233592808432e-02
-1.975232070432350953e-02
-2.897754374735195954e-02
-2.524995985997802520e-02
-2.935062610525426829e-02
-2.662693846089318056e-02
-2.433154802505153522e-02
-2.568756241012910488e-02
-3.578323958078971634e-02
-4.469572842196493923e-02
-5.231380245497627840e-02
-4.850792531540873420e-02
-5.579776783158971187e-02
-5.817474763017358580e-02
-6.361786022612479774e-02
-6.220234317420549053e-02
-6.720311678659150745e-02
-7.369916024572413515e-02
-7.638889396837110490e-02
-8.394702077839143184e-02
-6.351930700792664253e-02
-6.465870439592913410e-02
-6.793718727250008804e-02
-6.486797433259908208e-02
-6.862859295108628133e-02
-7.603201002168845368e-02
-7.901941245185477303e-02
-8.691898170026482462e-02
-8.184028813440921701e-02
-9.344674459168640646e-02
-7.128793942692887575e-02
-8.028263709628789824e-02
-8.314054882695776083e-02
-7.540151310685586084e-02
-6.559477153773794755e-02
-7.146335744066958928e-02
-6.979610929972149269e-02
-8.732762942347506441e-02
-6.213292702601030948e-02
-6.280270590696772348e-02
-6.354325171285388207e-02
-6.297513136874711981e-02
-7.647569680763977029e-02
-6.496131655322671949e-02
-7.027657555209416984e-02
-6.164201530183431588e-02
-6.885392688706259978e-02
-8.169104354767818543e-02
-8.553372745422659074e-02
-7.196960454698339560e-02
-6.311991765714287939e-02
-6.646050881028151003e-02
-5.562389961309421177e-02
-5.102396139055408869e-02
-6.293362057145834854e-02
-6.104887102183760572e-02
-3.957582094024200692e-02
-4.896351324650011216e-02
-6.307031918045104268e-02
-6.495775353252578044e-02
-5.382690559044252254e-02
-7.212206807262526442e-02
-6.789765356057268775e-02
-7.118231894802247439e-02
-7.052999223379269322e-02
-6.008210832378742261e-02
-5.726245498708205928e-02
-6.140886336900081705e-02
-7.115588835641606380e-02
-4.462797512512650666e-02
-5.210804380728556451e-02
-6.776811666680612745e-02
-6.738982118444357405e-02
-5.893455555495679538e-02
-6.884108508114974989e-02
-7.145857478210441982e-02
-7.320513470624041841e-02
-8.749081008530730508e-02
-8.337445010014302160e-02
-8.304567096564446915e-02
-8.819786175810949425e-02
-8.982482343670492031e-02
-8.838403768705628549e-02
-9.462487234817622272e-02
-9.629154287826381664e-02
-7.679674214907450391e-02
-6.660485428341537950e-02
-6.531878277861728754e-02
-8.043030737288131560e-02
-7.167996002714445425e-02
-8.498297497206157292e-02
-6.172941251428976095e-02
-9.558787878371249880e-02
-9.177629025775062288e-02
-7.876185148556055782e-02
-1.052290577332717081e-01
-6.881837616708497141e-02
-7.521973643313971392e-02
-1.255780152198289479e-01
-9.383370997208953512e-02
-9.602437665217329610e-02
-7.886845829981542488e-02
-9.825501997648933283e-02
-8.394918747278599935e-02
-7.787620124834210289e-02
-8.185251417339482749e-02
-7.968703745256461302e-02
-9.817033823288914829e-02
-7.220094047231007117e-02
-9.190553808634520372e-02
-9.413715012233273005e-02
-9.428263094185465598e-02
-6.159106418893667279e-02
-9.629142334073313714e-02
-1.337704863676825728e-01
-1.138941158679427496e-01
-9.785615996572724629e-02
-7.197466839421140516e-02
-1.284590144504449694e-01
-7.727767703753661566e-02
-8.380207322883419241e-02
-1.122160793521497918e-01
-7.858606616614255413e-02
-6.540754037723131575e-02
-3.709740117954227895e-02
-8.834289964493530212e-02
-1.024098898139080976e-01
-7.608587839265144870e-02
-6.876038734317595214e-02
-9.661226326982118306e-02
-1.102947721455666136e-01
-1.130918893135804543e-01
-9.350621404960070271e-02
-7.402772953720866689e-02
-7.581629985823284956e-02
-8.689840702151328811e-02
-8.672355149305395472e-02
-9.925779649836002916e-02
-5.384831980252939576e-02
-9.189701424248293560e-02
-6.685437658893088331e-02
-6.283264927776727182e-02
-5.513005636425214601e-02
-4.845225117218648903e-02
-1.068349790216057138e-01
-1.033285055919555412e-01
-8.649986547571025808e-02
-9.787104105424408729e-02
-9.870124054416297421e-02
-1.104931130475421130e-01
-1.211342721164918729e-01
-1.103514214249789738e-01
-8.613055279237301354e-02
-1.486813962305194581e-01
-9.521562145090442519e-02
-1.147255834155062604e-01
-7.399437453782653495e-02
-1.230933026486920462e-01
-1.222923259347953040e-01
-1.010593396618710282e-01
-9.840828224049001649e-02
-1.189821473145197400e-01
-5.593195007649143236e-02
-1.267827757647184417e-01
-1.247678722505086296e-01
-1.629732000913115542e-01
-7.888291071881686767e-02
-1.043270724119749887e-01
-1.040324401019409178e-01
-1.191671212526810714e-01
-8.236396016728726732e-02
-1.335877481213987861e-01
-1.110794195318438177e-01
-7.167248188911008733e-02
-1.144129470394358028e-01
-5.193867398095947802e-02
-1.080141818711042589e-01
-1.361242431475871428e-01
-1.002966176111389912e-01
-7.202690482919081594e-02
-9.263909094856553894e-02
-9.160764627497267054e-02
-8.643160145414713336e-02
-7.521738165529394393e-02
-4.898706230859113664e-02
-6.381843850726111322e-02
-8.374834503954384224e-02
-7.171242916846347348e-02
-7.656294396125576385e-02
-7.592240204515569857e-02
-5.174198319689096021e-02
-6.515166498068486467e-02
-5.300446956596242820e-02
-8.177103352343589870e-02
-5.700320919110962031e-02
-6.569152212178212824e-02
-8.638697208734748278e-02
-9.340161503190964887e-02
-9.374623498409481726e-02
-9.241237777203697989e-02
-8.920461956837368034e-02
-8.589654674253495437e-02
-8.241215941695514968e-02
-7.958607264492154054e-02
-8.597339737501341617e-02
-7.222383020387290742e-02
-7.191061365133845362e-02
-5.754226071201947595e-02
-7.178175787082713422e-02
-6.334795033482402971e-02
-5.294761713631716132e-02
-4.595048373712194711e-02
-5.279396943773068812e-02
-7.163042571958416760e-02
-6.621427704593137176e-02
-6.018655746272479068e-02
-3.923330139010276774e-02
-5.927653140369067847e-02
-3.615259204436466894e-02
-3.561005478933876311e-02
-5.108323604699927661e-02
-2.296971189556589951e-02
-5.082052923319937965e-02
-4.895253068535507235e-02
-3.546248300128589798e-02
-4.912372683734400614e-02
-5.859039427868463490e-02
-4.043593957752654455e-02
-5.111452021181384781e-02
-5.677498305082716995e-02
-3.628496496386234699e-02
-5.557779835064157598e-02
-5.364171749916823301e-02
-5.745870491185466750e-02
-4.788037853352614809e-02
-2.721443500396729734e-02
-5.067902235999741795e-02
-4.333043080197888919e-02
-3.399595813395780985e-02
-5.502622839804362925e-02
-5.759959137103997512e-02
-4.558262363545466378e-02
-5.696124312756868646e-02
-3.454460466746599179e-02
-4.548232797922574511e-02
-2.252542168209030818e-02
-4.591600052420594796e-02
-5.014573614093499609e-02
-4.653108697985998410e-02
-4.879176731469146711e-02
-5.148419573936224153e-02
-2.942690885803425291e-02
-4.041764788442833711e-02
-4.450012061252719281e-02
-2.908497726113339413e-02
-4.113470459963705639e-02
-3.817566555347186308e-02
-4.896970043509867032e-02
-3.250483434916843356e-02
-2.361380381209600421e-02
-3.969926566206236074e-02
-2.182267693760078439e-02
-4.079837934684549944e-02
-2.823996715293605395e-02
-2.669694414451209696e-02
-3.887887353016390712e-02
-3.403321423323481254e-02
-2.550249875365111912e-02
-2.558192833746973996e-02
-3.102784623413740867e-02
-3.709263810614234214e-02
-2.389197248003640736e-02
-3.461062310218479543e-02
-2.901158604207116840e-02
-2.433930135333108730e-02
-3.642072238476577045e-02
-3.329900709798945535e-02
-1.885429249557034684e-02
-3.082244615034674534e-02
-2.597374516440466297e-02
-1.286625130668117567e-02
-3.086270514009731986e-02
-2.256279248865637743e-02
-1.359273362257646701e-02
-2.359050693763623321e-02
-3.502305363727871435e-02
-3.925521960005366046e-02
-3.704904798497198060e-02
-3.765049232699476528e-02
-2.155218192492148674e-02
-1.852377181920757815e-02
-3.057260558590781455e-02
-3.408147758535052391e-02
-2.942570423512913882e-02
-2.963324359883726111e-02
-3.036924860930710970e-02
-2.635459907625927953e-02
-2.833972413865295387e-02
-3.432151794375642301e-02
-3.072236962384610609e-02
-3.307690662073942134e-02
-2.847417441624064058e-02
-2.381364343236211725e-02
-3.031871875168091340e-02
-3.489687051806992374e-02
-2.864292759418420389e-02
-1.641548021200753271e-02
-8.436135974319901656e-03
-2.632978603140855370e-02
-3.209595571117307422e-02
-2.893029584498294643e-02
-2.903519162878048787e-02
-2.214402693634207747e-02
-2.473791155458738428e-02
-2.214492774249330470e-02
-1.683799306377012361e-02
-2.123482287195622986e-02
-2.856568832252584511e-02
-2.647435925819536032e-02
-1.388940624272143320e-02
-2.545997021110505548e-02
-3.012431800660197653e-02
-2.377150384504651479e-02
-2.508222692799383716e-02
-1.668145510179105950e-02
-2.431853735335810437e-02
-1.887846144877935312e-02
-2.396491456146767479e-02
-1.689997123524481989e-02
-1.969928455647240381e-02
-2.069347582836154539e-02
-1.897555222697077867e-02
-2.097075338910399031e-02
-2.215383951754181999e-02
-1.095379623918388626e-02
-1.680407164088470323e-02
-1.637014116463100799e-02
-2.375167983328386329e-02
-2.485739565038824067e-02
-1.554234929969212746e-02
-2.459912213363171438e-02
-1.311317646837155577e-02
-1.712686317548506310e-02
-9.981332146886874937e-03
-1.779974355368401165e-02
-2.365200732752234872e-02
-2.399388509728173080e-02
-1.521972199656685884e-02
-8.609014591978150430e-03
-1.958248250735242571e-02
-2.008490946758165890e-02
-2.431368236677176539e-02
-2.304930406885396035e-02
-2.755212812746426002e-02
-2.698099402992468199e-02
-2.465056587910485070e-02
-2.035732356273259325e-02
-1.443705139679499726e-02
-1.971321271291302107e-02
-1.109538347482734444e-02
-2.025085892621768593e-02
-2.227182157740686952e-02
-1.416463595363728206e-02
-7.985670862539713533e-03
-1.680557768501670865e-02
-1.654128829776623302e-02
-1.165844336042582557e-02
-1.876692434935414711e-02
-1.745660094582757865e-02
-2.177539000147458992e-02
-2.162568828062189086e-02
-1.619451068046333375e-02
-1.763507095085174031e-02
-1.888866527388291180e-02
-1.053253738521858426e-02
-1.689703708283038855e-02
-1.780754181089048635e-02
-9.544987239618909353e-03
-5.694483313882735959e-03
-1.511843066758698437e-02
-1.852391840290965735e-02
-1.273753989022084060e-02
-1.465473722019732146e-02
-1.801808856311058055e-02
-2.207775220288280688e-02
-2.112779410581093822e-02
-1.122990730742515902e-02
-1.686241691971447978e-02
-1.234081491688017972e-02
-1.889918945847881768e-02
-1.723186779049185047e-02
-1.738241107960982607e-02
-1.609538475081077891e-02
-8.635539973975540212e-03
-4.616224871900838356e-03
-1.166416449045684818e-02
-8.599937508056413119e-03
-8.754559588775370771e-03
-1.503414996102812699e-02
-8.550466116131928349e-03
-1.191562856795925010e-02
-1.400265367909063127e-02
-1.219936403831797973e-02
-1.564286338119011757e-02
-1.740918410221192411e-02
-1.355769560430901410e-02
-1.455413481461019856e-02
-1.743364083986918486e-02
-1.373925298508478499e-02
-7.378495804613095441e-03
-4.379900963333545685e-03
-1.239224234812122405e-02
-1.183070888716094247e-02
-1.629421432754352833e-02
-1.258574243889456871e-02
-1.452855913672328018e-02
-1.621377108301797973e-02
-1.541141423816612746e-02
-7.772820913265796050e-03
-1.056665101793013810e-02
-1.376748310465847509e-02
-1.318148370144541295e-02
-1.587429791363599921e-02
-1.713482211844720091e-02
-1.684233515809754195e-02
-1.635821874015055619e-02
-1.373951538540597178e-02
-1.413584654310297978e-02
-1.533884041019684119e-02
-1.259449371630826618e-02
-1.474412256077745065e-02
-7.872308768249331942e-03
-1.305034057834780423e-02
-1.593019139847165477e-02
-1.105881709442017337e-02
-1.379014085658571316e-02
-1.571960740414887411e-02
-1.460243005857586075e-02
-1.633378932422911017e-02
-1.414928227250225774e-02
-1.366911719532570325e-02
-1.081129619960870432e-02
-1.303772659767882605e-02
-1.227987926082821368e-02
-1.417956740306933368e-02
-1.313679270932753725e-02
-7.902112917200930856e-03
-1.273726534784188312e-02
-1.312870803466157157e-02
-1.511544958741862371e-02
-1.307792777125334205e-02
-7.295408365973398909e-03
-9.532736359673516652e-03
-1.057134663131278560e-02
-8.411377212958866950e-03
-1.197214662942681918e-02
-9.641325828512938012e-03
-1.075775868766072965e-02
-1.297581385022515861e-02
-1.138747809254790112e-02
-8.761730691564308116e-03
-9.544205961289749240e-03
-5.157208260802768202e-03
-8.222107038704401863e-03
-1.166827111582601460e-02
-1.536468748963911411e-02
-1.059370110861234011e-02
-9.308731540465594798e-03
-9.981347723594845289e-03
-1.211764798077002124e-02
-1.313201798364677444e-02
-1.401781429092511903e-02
-1.238755375209441706e-02
-1.074767840799405530e-02
-8.651454086723140216e-03
-4.935149545058938741e-03
-9.956765215902491431e-03
-1.010253713175968820e-02
-1.208142668149185875e-02
-1.102721866478059004e-02
-9.117933665978374819e-03
-8.005716829100655713e-03
-9.688608568972009727e-03
-1.194574937007771530e-02
-1.123421734159303284e-02
-1.211519526787629628e-02
-6.627800457050272293e-03
-8.390169628011718422e-03
-1.123750032707696890e-02
-6.249869714137391494e-03
-8.410506096158875886e-03
-1.117422066269363468e-02
-1.246749284344807022e-02
-1.091081464663040158e-02
-6.858196313882048388e-03
-3.868824379263573112e-03
-5.328581485086777807e-03
-1.011936808398507595e-02
-8.745270309281504353e-03
-1.131341689861898626e-02
-6.642037685543456145e-03
-9.949229583336258176e-03
-7.526286046400647300e-03
-1.063794456532432715e-02
-1.058950351353549028e-02
-1.153617800114880611e-02
-8.516024061563348679e-03
-7.707393933715086035e-03
-8.751481083754536483e-03
-9.863346351046999028e-03
-9.805939492684909858e-03
-1.092858980539088490e-02
-6.174442798406013649e-03
-5.114987517053244497e-03
-6.938717474455209124e-03
-6.293346011463624330e-03
-7.491243411599964909e-03
-7.681591436381637189e-03
-5.945042256018074137e-03
-6.083526058056562720e-03
-8.709380648983635134e-03
-1.077848789587706677e-02
-1.140235918216033623e-02
-8.731266486516349457e-03
-1.063461697381980035e-02
-1.013221597868601935e-02
-1.227154829441180761e-02
-1.196963383810246279e-02
-9.116475166854933268e-03
-9.819862743087208468e-03
-8.098592892284981956e-03
-1.020038049721529692e-02
-1.173879366864049104e-02
-1.044455981988631939e-02
-1.084866371479372045e-02
-9.252256311812945624e-03
-5.841030145135029522e-03
-8.312607775170293908e-03
-1.008540843977517171e-02
-1.198368766971976904e-02
-9.238171934027067378e-03
-9.722346994257608302e-03
-8.384997822783114146e-03
-1.053407366972522984e-02
-1.250780021546318149e-02
-1.058334793715148305e-02
-1.038706138638223302e-02
-9.883750101690373310e-03
-1.108759528459372749e-02
-1.065257237457757807e-02
-1.148169024506192140e-02
-6.838146839798682659e-03
-8.638542018293862007e-03
-4.895931959025072097e-03
-5.282367776890929678e-03
-5.562437475591766427e-03
-8.738787976692060158e-03
-9.636942532826797345e-03
-8.381253037371617920e-03
-1.032260438928584052e-02
-1.124509558842505356e-02
-9.110044814118657339e-03
-6.939286165062905423e-03
-8.957539128954078791e-03
-6.985900029128827571e-03
-9.286485337058713110e-03
-8.131897442156570815e-03
-7.511743900787816279e-03
-9.457499842708678300e-03
-7.659631250494668489e-03
-8.272782690898343103e-03
-9.527830993527506079e-03
-8.790868527975396335e-03
-9.584319504136401893e-03
-9.412040573802404886e-03
-9.185466139375935909e-03
-1.073931757830306165e-02
-1.247608796990972053e-02
-8.533353731118157801e-03
-6.483343160099368577e-03
-7.946216140796436012e-03
-9.086410894525479356e-03
-9.201290878679451238e-03
-1.072331653394928593e-02
-9.851745719762054071e-03
-8.065929007469784667e-03
-6.585897200166559821e-03
-7.695263530803024728e-03
-7.739591274402659975e-03
-9.419523995520722240e-03
-7.139688178626930025e-03
-8.706645716749880637e-03
-6.464631309024499763e-03
-6.092779974870106939e-03
-8.384708851916698041e-03
-1.014779318107445101e-02
-1.000992057681105406e-02
-7.864071303682258415e-03
-9.586021347018478314e-03
-1.023394071040649098e-02
-8.885346517567496369e-03
-7.985590832589387067e-03
-9.340216478114464829e-03
-6.835038237810055380e-03
-9.120044953395637505e-03
-6.398248094696094325e-03
-7.684502903671065234e-03
-4.836108103709556121e-03
-7.377279855622726791e-03
-9.120176213967637682e-03
-8.381730573036092966e-03
-8.080308539554634933e-03
-8.104399997462792896e-03
-7.532820518257617344e-03
-6.412793673727053279e-03
-7.430341655369790584e-03
-6.011831404993811523e-03
-5.553466752992632614e-03
-6.216196186340647127e-03
-6.641508625403158041e-03
-3.867571970585045264e-03
-5.640525325846703318e-03
-3.481222955808756323e-03
-5.656563695766668107e-03
-3.715851141527222717e-03
-5.824043128157053648e-03
-7.779143536778065221e-03
-6.226143650494312884e-03
-7.859999033241662353e-03
-6.662159527832938778e-03
-5.487161740805026645e-03
-8.017543580400531694e-03
-8.211204624737436855e-03
-8.708159994937656606e-03
-9.221204629397034697e-03
-9.067365936021209299e-03
-6.723959352828175369e-03
-6.181483519499895996e-03
-7.973640324000675836e-03
-9.028466105925359378e-03
-7.876832524581498310e-03
-6.209904632387421540e-03
-8.078786717841700271e-03
-8.768409298208899860e-03
-8.029551157204065093e-03
-9.104784966925408979e-03
-7.904619389102441121e-03
-7.075860630976847816e-03
-5.311206594261508665e-03
-7.913836785422668357e-03
-7.689984806381049143e-03
-8.041160700521294072e-03
-8.872786467134498312e-03
-5.940755546966687908e-03
-4.569378691011677374e-03
-6.265236204093855080e-03
-7.625597844037356951e-03
-4.693091527085847987e-03
-7.300334320958032190e-03
-7.975987779207122791e-03
-6.663567020233187102e-03
-9.217741316248985115e-03
-8.924073330977952759e-03
-1.049614865405686277e-02
-6.603088301491744777e-03
-6.024587168739711958e-03
-6.984183077496202742e-03
-7.156245179957016617e-03
-7.165587506984364384e-03
-7.213457120773020433e-03
-7.674850942876893303e-03
-7.131782646186053155e-03
-7.303566754438682584e-03
-7.038495543619397408e-03
-4.339118846062729740e-03
-6.400712017929971118e-03
-6.944296829325896127e-03
-5.887344010991621759e-03
-5.365352618547425401e-03
-7.039860024847755145e-03
-7.456752927404819258e-03
-7.271108981729275215e-03
-6.754272117109604533e-03
-4.912856025091540992e-03
-5.765439058111060042e-03
-5.831037196461271582e-03
-6.705690477170668691e-03
-5.656545453904059106e-03
-7.229262188704163594e-03
-5.503134735014677398e-03
-4.226592507445093259e-03
-2.645456357902478510e-03
-5.626855805444493271e-03
-3.519119480117838521e-03
-6.069059150393356535e-03
-6.524477558778379351e-03
-6.018934532117821250e-03
-7.684007839544999136e-03
-7.708963471134076297e-03
-7.895007352424571190e-03
-9.058715817490726324e-03
-7.384843443161304838e-03
-6.659628752665702235e-03
-6.559854243746436608e-03
-5.029825749978301605e-03
-6.075295261989049032e-03
-6.776534777749271959e-03
-7.464883452682768289e-03
-5.430008387613812632e-03
-6.271554585451176618e-03
-5.129914341164543840e-03
-4.368315380873398143e-03
-6.129659787319502971e-03
-7.640839979780856238e-03
-7.673631831696858287e-03
-6.775493441194657684e-03
-6.610072929065802412e-03
-7.754789906319385639e-03
-8.838796645011656392e-03
-6.317446797546643310e-03
-6.584460934394559435e-03
-6.203956486559836746e-03
-6.021744463300100422e-03
-6.344531817874304348e-03
-6.381078918490119128e-03
-6.387658713906078402e-03
-6.873005773841764712e-03
-7.257633337871394370e-03
-6.030335109113535430e-03
-7.128552264910529082e-03
-4.607738679040024841e-03
-4.280469979077369813e-03
-5.083127600553341216e-03
-6.344463355785001993e-03
-8.163457677104529395e-03
-6.794089054438159393e-03
-4.506830830334064390e-03
-6.483521025089681103e-03
-6.511739070085899653e-03
-6.131694866183469601e-03
-6.280200570058103691e-03
-6.918245584982805202e-03
-4.617303846401446012e-03
-3.927842739259187685e-03
-5.693882803530813871e-03
-5.156876943777056847e-03
-4.213127174767457121e-03
-5.674564624458156188e-03
-6.705624484981720021e-03
-4.559947836031694353e-03
-4.371949947441185376e-03
-3.931619661091532991e-03
-3.478177314383849947e-03
-5.689719720441796698e-03
-5.978509981620256340e-03
-7.438948400169588353e-03
-8.519628477234036587e-03
-8.442804826081234601e-03
-7.514810323466993014e-03
-8.093112286414750819e-03
-7.937348675860883204e-03
-8.430637610001262550e-03
-6.110052510959930981e-03
-4.749814584101701674e-03
-6.508797176779145335e-03
-4.156111100445318389e-03
-5.581521403618265424e-03
-5.353978378313182553e-03
-5.444637567914054760e-03
-6.336891021024146711e-03
-5.108053920735415414e-03
-5.343161546540203637e-03
-5.585316728291054092e-03
-3.592298583034391011e-03
-5.415326887987109879e-03
-5.343510764232451728e-03
-6.474845213322204425e-03
-7.036376072396798194e-03
-6.769065022509794700e-03
-5.960759474960793287e-03
-6.527711288060085611e-03
-4.989844345899301613e-03
-5.976528873718407568e-03
-5.708688227155468871e-03
-6.338145281571653904e-03
-6.865993882821557967e-03
-5.878291931985779248e-03
-4.672622545136441603e-03
-3.766595810075926230e-03
-2.483706960936765077e-03
-3.700053986336645628e-03
-3.891321591769593500e-03
-4.741257077336170044e-03
-6.409006177599693710e-03
-6.787843025528711959e-03
-5.155869821203068644e-03
-5.334477785961036500e-03
-4.224717874559088572e-03
-3.993637191104361904e-03
-4.845928648251238494e-03
-3.913480304756527736e-03
-5.560616000609582693e-03
-6.285109246063237155e-03
-3.978705430698131588e-03
-5.516159475547917530e-03
-5.332545348324020835e-03
-4.953070937656755580e-03
-4.929829597448480601e-03
-5.475241537921026781e-03
-6.283914851138856263e-03
-6.768256084990425560e-03
-5.456213870201799196e-03
-5.256970696047638496e-03
-6.103248902636428629e-03
-3.939822029918715884e-03
-5.153780989907201515e-03
-5.124829383040203738e-03
-5.560570355860596121e-03
-6.300640797005551547e-03
-6.742217427301450301e-03
-6.794464808407537151e-03
-6.879027073179261494e-03
-4.405878214958996140e-03
-4.724310740187052937e-03
-4.437429069864245144e-03
-4.576474969206661622e-03
-5.936798133404560911e-03
-7.010574861638411981e-03
-5.981250459893792774e-03
-7.102001727325359809e-03
-6.029098428271250157e-03
-4.923014292265041024e-03
-5.830012376947829589e-03
-6.072788128812779858e-03
-5.639077654610825767e-03
-4.492570044836959216e-03
-5.178881763930065669e-03
-3.924478404966125211e-03
-4.019851304602617068e-03
-4.993076531330609656e-03
-5.161039566546297801e-03
-4.202473466347100665e-03
-3.925831317730561765e-03
-4.950541773560931599e-03
-3.957053667779564590e-03
-4.493685738615488083e-03
-5.110755905665474719e-03
-3.606098265390562246e-03
-4.473609641974964427e-03
-3.516791096508123122e-03
-4.653909989362666789e-03
-3.224613226691130149e-03
-4.198187883420534568e-03
-5.163461471954183465e-03
-4.565177841431887831e-03
-5.597502751381604365e-03
-5.065854997125690887e-03
-5.472615723704675299e-03
-4.734639909971336685e-03
-5.405046231544086144e-03
-4.352543452248024136e-03
-5.389922904174940764e-03
-5.296803509517569730e-03
-5.670991780435744901e-03
-4.642913577896896384e-03
-5.456830326718144046e-03
-6.139960710144028513e-03
-4.630010558045775763e-03
-4.171029778867837989e-03
-4.577336000543330563e-03
-3.095755738326345322e-03
-4.958543569578569357e-03
-3.270435165228359562e-03
-5.172992865235531181e-03
-4.424250772000619045e-03
-4.275323179843264557e-03
-5.297354872721120843e-03
-6.000700611609658189e-03
-5.472359315620936929e-03
-4.994429333170319341e-03
-4.978242940612991052e-03
-4.319617777222882829e-03
-3.684658087286550327e-03
-3.140325411173373795e-03
-4.161432815456258573e-03
-4.483377879637077783e-03
-4.347508598484683615e-03
-5.214956442991924151e-03
-5.208631967992346894e-03
-5.695577338990753281e-03
-6.268926855074672712e-03
-5.104789808697430403e-03
-6.523750398169512153e-03
-5.924012739570958495e-03
-5.381295174556442566e-03
-3.930485626645801277e-03
-4.004346701277099532e-03
-4.788014679055607910e-03
-5.220785207083763688e-03
-6.983373582434468027e-03
-5.427618293073842477e-03
-5.602877152905540691e-03
-8.250511302879943651e-03
-6.883182937119726279e-03
-7.787886224217055453e-03
-8.726264416728227516e-03
-7.517298014976301831e-03
-8.503550642979978633e-03
-8.301188777113858649e-03
-5.913419066498522454e-03
-1.031174492152675363e-02
-1.246315585177149195e-02
-1.390303370149100458e-02
-1.445229610384660829e-02
-1.459859355081753046e-02
-1.522163912096046595e-02
-1.569563145486859920e-02
-2.301442176071774592e-02
-2.135069720841430499e-02
-1.470958652773537816e-02
-1.358300913603655534e-02
-6.819752421665683378e-03
-1.204174295800871514e-02
-1.519937803112284165e-02
-1.191830335598262867e-02
-1.004131846334079502e-02
-2.131560363955280549e-02
-2.330782715110997841e-02
-2.233586624587638458e-02
-2.261798171677287250e-02
-3.046697268047382154e-02
-2.709804596945353597e-02
-2.673377776825021368e-02
-2.814177060731365074e-02
-3.226881842718334198e-02
-3.878352770407975103e-02
-4.031605278952322263e-02
-3.514750367607692716e-02
-2.901249739799598160e-02
-3.302177909576083786e-02
-2.838395885365212895e-02
-3.858187693627114501e-02
-4.454348003262403183e-02
-3.670603904362871456e-02
-3.683606221502152417e-02
-3.569987220407493111e-02
-4.054284397992755778e-02
-3.410142290414486937e-02
-3.069132861694528341e-02
-4.442564593975925624e-02
-4.748342690640972030e-02
-3.968098665049861473e-02
-3.863555661210895525e-02
-5.250356335007846931e-02
-5.076655107858207838e-02
-6.148303947326710234e-02
-4.867722894444598963e-02
-3.494463924394414917e-02
-4.622438349990048989e-02
-3.664662555283865891e-02
-5.756826903278710467e-02
-6.374871798920647703e-02
-7.319035567320950064e-02
-4.323419806709817570e-02
-5.608754271939595665e-02
-6.259420863032999494e-02
-6.971792325737551088e-02
-5.620608573522651447e-02
-6.412403025901142195e-02
-6.470776923475062004e-02
-3.996671347746905134e-02
-3.275609568823571738e-02
-3.838961365361365230e-02
-6.523696633042037896e-02
-6.488386577604006444e-02
-7.853416061974266560e-02
-5.296978398129952026e-02
-6.512824051430142480e-02
-7.102139299882923029e-02
-5.423613215012643846e-02
-6.568887651020519081e-02
-6.834431343715351159e-02
-6.759812512942547924e-02
-7.212017447386726010e-02
-7.454728809150210078e-02
-7.750858842146553240e-02
-4.713043727588640125e-02
-7.088830808719742693e-02
-7.943581475498856515e-02
-7.706944399820563063e-02
-6.807730933709940646e-02
-8.412093417190667777e-02
-9.475814980632579765e-02
-6.198215703687998818e-02
-7.807075142298101900e-02
-9.156688977232188553e-02
-8.616303625797064325e-02
-8.378505189969780165e-02
-7.558130125768314223e-02
-8.297127522721264858e-02
-4.528294202053248507e-02
-8.820192339114228675e-02
-8.222462004250050138e-02
-1.050124337258799834e-01
-7.793618722595721526e-02
-8.093429287845892162e-02
-5.534640181225500277e-02
-4.482733407221180244e-02
-7.218583052553194379e-02
-1.042644843083848916e-01
-8.883413109492423188e-02
-1.108494338576160032e-01
-9.839674433784147134e-02
-7.428028429035621327e-02
-1.048883333217011105e-01
-1.036666711736160401e-01
-7.569646871982459169e-02
-8.239980871951917141e-02
-9.662538990313042364e-02
-9.691322212495573352e-02
-1.191370818465102704e-01
-1.307426551927672598e-01
-8.450446834750405256e-02
-1.018621450156473318e-01
-6.653207210474930411e-02
-9.951996641865826221e-02
-7.154029824373872581e-02
-3.175233096735704391e-02
-8.920439950700008447e-02
-8.422326779346517300e-02
-1.238029145793670543e-01
-1.255351159154579621e-01
-9.645084520195772171e-02
-5.052311250865991477e-02
-4.482643941856000874e-02
-9.004613936876114388e-02
-1.420736666311400165e-01
-6.283133990943959302e-02
-1.292522611244362463e-01
-1.137969582887424919e-01
-5.052188678293454555e-02
-1.206741036421854069e-01
-1.007309247587372114e-01
-8.751257310723357941e-02
-9.245834424824925235e-02
-7.656252192031619275e-02
-1.080289168226717250e-01
-7.815007043773745943e-02
-8.873098973983384319e-02
-1.197959345278480914e-01
-1.423127990408462884e-01
-1.082412556406339432e-01
-1.317124925383866829e-01
-1.217078069134512608e-01
-1.286226815819632996e-01
-1.344089181983079140e-01
-5.662479541026745056e-02
-1.348763429646941958e-01
-1.714827525477480297e-01
-6.505927028019130309e-02
-8.607064111832117559e-02
-1.557343024933513509e-01
-6.268075734586237013e-02
-1.419196001864350687e-01
-1.775120122124515254e-01
-1.443353592396941776e-01
-1.816030851956359493e-01
-1.366723913984089489e-01
-1.303409916137391600e-01
-1.851201377856188657e-01
-7.963740167878664844e-02
-1.336397074528395124e-01
-7.128960262659310432e-02
-1.333794402674400581e-01
-1.288626102474867141e-01
-7.493825674294884998e-02
-3.175272381686138762e-02
-9.024468549317168908e-02
-9.086273293938565421e-02
-3.677729873341445410e-02
-8.982553755468268564e-02
-9.567382185297865216e-02
-8.805089560029660811e-02
-1.542451216569969696e-01
-8.563942051556992785e-02
-1.031457173328424737e-01
-9.059063099203830405e-02
-1.303399095530712870e-01
-1.602633697408954172e-01
-8.229781052983972667e-02
-1.193091956306879392e-01
-1.409831256971433022e-01
-6.544439351171700558e-02
-9.362827678751274585e-02
-7.440283421622707893e-02
-1.507761502457364011e-01
-9.683665905233203308e-02
-1.081318904278816828e-01
-1.414344995398429117e-01
-1.249892096918940460e-01
-1.483260103588362466e-01
-1.040002092062543432e-01
-1.722794192951861980e-01
-9.531686777476772177e-02
-1.668755931257016878e-01
-9.702703548126577482e-02
-1.079726209261515357e-01
-1.009563572011703408e-01
-1.404984865498090374e-01
-8.744714359893705768e-02
-1.321805733285333628e-01
-1.664601865536911307e-01
-9.145516332192032971e-02
-3.036136415405352521e-02
-9.200828243594727507e-02
-8.863628532088255185e-02
-1.601855274678894714e-01
-9.979131571512889209e-02
-1.081922365956115434e-01
-1.114026879180146368e-01
-1.494275081479166101e-01
-1.218382367081000395e-01
-8.740087386546163684e-02
-1.047184132096395104e-01
-1.607928704472786352e-01
-1.570701660369432651e-01
-9.531183057247070989e-02
-3.044027204943929032e-02
-1.260287558695984411e-01
-1.141265699327286692e-01
-7.444470492817754914e-02
-8.953813791347531303e-02
-9.822863949357811542e-02
-1.132749079193118846e-01
-4.399066165484722540e-02
-2.057738743538812046e-02
-1.226262026656126519e-01
-6.087574171563336911e-02
-6.939337096159638174e-02
-9.945210399212633945e-02
-4.036714079039516873e-02
-1.501908949932417026e-01
-1.574120607390069593e-01
-1.550497684001874987e-01
-1.455915677733396474e-01
-1.596662477700752369e-01
-1.939312473136332593e-01
-1.340317295467662595e-01
-9.029352570028616187e-02
-1.072827419643739705e-01
-7.203254732580958997e-02
-9.649333505517673770e-02
-9.493244044348475574e-02
-2.914262460823593970e-02
-1.088588777268809510e-01
-1.196744331079688112e-01
-1.794382578928151450e-01
-1.569325660508480158e-01
-9.997003460179486323e-02
-1.830652179068974483e-01
-1.069742249015105257e-01
-1.738633014072847871e-01
-1.613713169793311863e-01
-1.361902732106170799e-01
-1.330337447307089749e-01
-1.200644024924927694e-01
-8.393543549670634540e-02
-1.118163504730849550e-01
-7.655701446374063579e-02
-6.098623886081618733e-02
-1.105326219548565525e-01
-3.765772425302681137e-02
-1.267384480208435527e-01
-1.163106630834691568e-01
-7.021073784343380420e-02
-5.879256509834975691e-02
-1.197066470172985647e-01
-6.331552495550563098e-02
-1.258276323481427317e-01
-8.251195890756871099e-02
-8.875877580810329071e-02
-8.418103101286010526e-02
-1.060340300817802645e-01
-1.046633839804468197e-01
-8.996534842256102837e-02
-9.490070170962307261e-02
-3.138031129552983078e-02
-8.728913979130158152e-02
-2.479570835767157255e-02
-8.162326226722844968e-02
-7.181570264869720222e-02
-5.833837971539890949e-02
-5.679108256754668294e-02
-8.874512804542890321e-02
-9.197395680574449450e-02
-6.569753227111470306e-02
-8.297789835004180936e-02
-1.048486890318266473e-01
-8.110841369220951613e-02
-3.014378743567030020e-02
-7.938098380615943306e-02
-3.000536882542265138e-02
-4.173414618016593053e-02
-2.817284739681209099e-02
-2.644811920310557313e-02
-4.895673712082462131e-02
-7.654987579475810988e-02
-8.580974803914893922e-02
-7.733947411841399222e-02
-6.186599367620566198e-02
-7.165740713603888090e-02
-3.247491941631974743e-02
-6.852045964370601094e-02
-7.971476638620653143e-02
-2.608042191270998345e-02
-6.266325134474776126e-02
-4.688835686413130727e-02
-4.643861140157082984e-02
-5.020917432164246491e-02
-5.227661239723501579e-02
-3.158665444744596790e-02
-4.356150034430224249e-02
-5.469260918806930633e-02
-4.958988924759773903e-02
-5.118772905800712120e-02
-1.898346784011949520e-02
-5.206340979780316874e-02
-6.232211565427973193e-02
-2.614418688396738175e-02
-5.546627969947404840e-02
-6.577658171556553801e-02
-5.895081096310319374e-02
-6.234897872661250562e-02
-5.682482214329936249e-02
-6.791887305332244829e-02
-5.357149842458711758e-02
-6.406547952438436389e-02
-5.851507020313927165e-02
-5.917526201918128781e-02
-2.000381702043969520e-02
-5.003867541837297289e-02
-4.982835813076381959e-02
-4.497775162692451562e-02
-3.272711569328367459e-02
-9.431783283775510909e-03
-4.185218074508287311e-02
-2.909000234029340479e-02
-8.324965526037697919e-03
-4.074349710978594774e-02
-2.884325859047960627e-02
-3.349632231811719429e-02
-3.806948739331646875e-02
-3.578244563176306153e-02
-3.669724317990806506e-02
-2.124791258365081245e-02
-3.846972056516127780e-02
-1.776031730075454049e-02
-2.784773847735215122e-02
-3.106550691381972096e-02
-4.525217556476022335e-02
-4.964748091325903862e-02
-5.422365536387899893e-02
-3.243565463838833651e-02
-3.497001115456119247e-02
-5.007785185541240719e-02
-4.626260939550062845e-02
-4.930829045120359994e-02
-5.265865240450293139e-02
-4.162575037390974647e-02
-4.932378947361758248e-02
-4.834652835414537941e-02
-2.008442897525150594e-02
-3.063000734318839166e-02
-4.184601252340446748e-02
-3.354300660201831735e-02
-4.160802826476976690e-02
-4.467394966835729758e-02
-1.771413687396378167e-02
-3.411239688482687465e-02
-3.107121164967433999e-02
-2.204385502345511047e-02
-3.039538385403704399e-02
-3.413515188670294270e-02
-4.430439210657899363e-02
-2.999357230288569875e-02
-4.139293564812048659e-02
-2.492054187152147049e-02
-1.865839634303026809e-02
-2.282140558011067424e-02
-2.709606143871976652e-02
-2.954136184261338394e-02
-3.643276027377660015e-02
-2.243566827915262699e-02
-3.366310158869391389e-02
-1.633398197485443071e-02
-3.234262652145453859e-02
-3.020810774191596410e-02
-3.784824404761244487e-02
-1.690894391008935724e-02
-3.098065287035956308e-02
-3.386353065954560843e-02
-3.835331444183182059e-02
-2.234195072756441081e-02
-1.734047195900291147e-02
-2.813603402550213586e-02
-1.098783839901049456e-02
-1.493515914144400748e-02
-2.216269249785186510e-02
-2.191147417055004654e-02
-1.981762178128859339e-02
-1.611626756049160461e-02
-2.267730179103740612e-02
-2.018946424106967882e-02
-3.088699954423831939e-02
-1.946522204743219783e-02
-1.577810240446220202e-02
-2.907640305380889204e-02
-2.538518532791031457e-02
-1.648422802280356120e-02
-2.902113338136358064e-02
-1.926953846705253132e-02
-1.204744621360819522e-02
-5.181583240045556371e-03
-2.242149212746673975e-02
-1.956120905318104938e-02
-2.546041632983470429e-02
-1.547433194494565213e-02
-2.538833975993168290e-02
-2.359441933063500044e-02
-2.405302543915210922e-02
-1.607785062552415795e-02
-2.474615570167666700e-02
-2.175430761836972052e-02
-1.194661095142921479e-02
-2.281846072645248372e-02
-1.509583386641344394e-02
-2.277678840016188547e-02
-2.149016228811385584e-02
-1.588812256178098042e-02
-7.320771120968360551e-03
-1.087935534030356859e-02
-2.343943518296772235e-02
-2.068051109587465755e-02
-2.620010953900879166e-02
-9.845151371479453004e-03
-1.758382565045694956e-02
-2.209299979721481011e-02
-2.261911230274689030e-02
-2.623401464043534359e-02
-1.749516374436783581e-02
-1.323370546599315217e-02
-7.768153441012141600e-03
-2.590303334862257070e-02
-9.108623320693830586e-03
-2.673580260891153179e-02
-2.332960576951561768e-02
-2.172051783355877924e-02
-1.515456565293014750e-02
-2.364896807650695640e-02
-2.716296075653971964e-02
-2.215673455485216853e-02
-2.608510320895558038e-02
-2.775203411756720431e-02
-1.391063375426564337e-02
-2.210664036829208118e-02
-1.963533491000044040e-02
-1.868605561692569111e-02
-2.526343564040094483e-02
-2.742082941340467581e-02
-9.961975586416770695e-03
-1.203318356953143355e-02
-1.667122762720781373e-02
-2.180299084139970811e-02
-1.225282961810865434e-02
-1.919405435043270922e-02
-2.190465836253594270e-02
-2.406330610535043629e-02
-1.908856375161243138e-02
-2.369677878775367300e-02
-2.288390533999060811e-02
-2.483231765463219179e-02
-1.058345230010180466e-02
-1.192897778185832668e-02
-2.052794117834589108e-02
-1.803996302747052499e-02
-2.139092614627451788e-02
-1.666180203738035562e-02
-1.255795736355310409e-02
-1.085887044465949462e-02
-1.937252399838901643e-02
-1.095617606338932827e-02
-1.866855289355553657e-02
-1.288455897358202658e-02
-2.096838807414376504e-02
-1.216329138122696461e-02
-8.346024528673239365e-03
-1.801236403937815644e-02
-8.822285333414675232e-03
-9.772349927359215080e-03
-1.205820706638834582e-02
-9.177938517672488278e-03
-1.176545312967892422e-02
-1.854694142981137134e-02
-1.280451838545977258e-02
-1.176042968193457931e-02
-1.740997683359581799e-02
-1.390334113144298979e-02
-1.359355631358103410e-02
-8.979578456244708892e-03
-1.588957387557186907e-02
-1.504300890499196165e-02
-6.681942574929241110e-03
-1.866492222069451520e-02
-1.350790622690257667e-02
-1.837456924245341877e-02
-7.262475238101696352e-03
-1.595376342533404157e-02
-1.566865384258642538e-02
-1.780925822417507923e-02
-1.444744845326254544e-02
-1.614205554874478463e-02
-2.195223558475607045e-02
-2.144086436943857740e-02
-2.165156361015855430e-02
-2.029937893395828905e-02
-8.608772764149811782e-03
-1.897812649533986082e-02
-2.041083247528387504e-02
-1.064182108925668634e-02
-1.636051127073658365e-02
-2.245679568074049337e-02
-1.568071543423487507e-02
-1.022507864638753407e-02
-7.019803365168135120e-03
-1.038461415434018160e-02
-1.311628221930684172e-02
-4.491005169190043222e-03
-1.625899708223987883e-02
-1.285021787756867283e-02
-1.925258549273212161e-02
-1.926762512552286297e-02
-1.331667809048444132e-02
-1.759907521543278494e-02
-1.741242536695860460e-02
-1.101204260379572489e-02
-1.364595091889268634e-02
-1.636218869339807480e-02
-1.156065804833875110e-02
-8.329239789576668371e-03
-1.197153080400796543e-02
-1.288092052038903451e-02
-1.208593540893862159e-02
-1.383168453808054227e-02
-5.275937845416887179e-03
-1.521763319275504928e-02
-1.144986596464194796e-02
-1.063487756965754254e-02
-1.547511666588599621e-02
-1.408122885925497565e-02
-1.353582139611587271e-02
-1.594448599193239863e-02
-1.128287465313678947e-02
-1.679612227140885039e-02
-1.213848350689554489e-02
-1.768673868747695083e-02
-1.488927856978426723e-02
-9.048799949190571359e-03
-9.165432891325639431e-03
-1.609648052008986682e-02
-1.190201648998135027e-02
-1.217782838382471498e-02
-1.472109822320086768e-02
-1.355630576196455508e-02
-9.163057893261508657e-03
-9.578356364324582331e-03
-1.457478916290977887e-02
-1.339523705504215914e-02
-7.951085166968845097e-03
-8.152328060606532298e-03
-8.634097485770006117e-03
-1.346361339027130760e-02
-1.264515601194853012e-02
-1.588788205870331552e-02
-1.320104858860832349e-02
-1.374472625508177566e-02
-8.493163864439904828e-03
-1.297563105789127820e-02
-1.610450687300096426e-02
-1.142331144486076824e-02
-8.544998958620989710e-03
-1.277574545791204490e-02
-1.697800541295661075e-02
-1.198248919216352883e-02
-7.803207541211695623e-03
-1.067532812789418785e-02
-1.420341745257924608e-02
-8.455975831717532643e-03
-1.298354865661861465e-02
-1.194260156740070168e-02
-1.444354785866577839e-02
-1.074292914508324405e-02
-1.262289693118918803e-02
-9.677771024750612960e-03
-1.478184311386473646e-02
-1.709685661424987374e-02
-1.583681557100087220e-02
-1.250839990621271068e-02
-7.669572870732762303e-03
-9.123114839082685154e-03
-1.089171344940581196e-02
-1.296288906831698055e-02
-1.455335958006951161e-02
-1.591414867451079046e-02
-1.281166207207104848e-02
-1.702957474068474142e-02
-1.547494986571298220e-02
-1.720162234202838106e-02
-1.275594664755070641e-02
-1.507604895916324524e-02
-1.230215254155661922e-02
-9.804363834070786363e-03
-4.841172729729823800e-03
-1.118582127280453101e-02
-1.373388716712873291e-02
-9.826958334670315987e-03
-8.258360704721539117e-03
-8.703004791013969899e-03
-3.599639975294927682e-03
-5.984589813412321234e-03
-7.927329545865396607e-03
-6.749096486376588745e-03
-9.386004580055827898e-03
-8.425440734688909722e-03
-9.956533341058197359e-03
-1.314237759139910700e-02
-1.615374227218096398e-02
-1.164355398903530250e-02
-7.574017722391184794e-03
-9.979388552610393703e-03
-8.280385449706330683e-03
-1.184027444340077576e-02
-1.036170354977708485e-02
-1.239632564202072622e-02
-1.160483898897958152e-02
-8.517995749079835047e-03
-1.125314926543049057e-02
-9.586071658630346271e-03
-1.286855868814621578e-02
-7.591924290382251993e-03
-9.208063012206257544e-03
-9.928975619404992181e-03
-1.278936136922919492e-02
-1.056000939042976358e-02
-1.052058437519556335e-02
-1.060812639405214058e-02
-4.221568961231724620e-03
-1.097206549571647441e-02
-1.044596555926527448e-02
-1.183329007770722238e-02
-6.445880536982582718e-03
-1.115529012584198613e-02
-1.497157298844529506e-02
-1.194212399973090290e-02
-9.255165486847155565e-03
-1.483994312277969914e-02
-1.483294531450843855e-02
-1.010719989391335727e-02
-1.061962792678736341e-02
-1.127457189540285662e-02
-8.772881268736534496e-03
-1.019330204727246329e-02
-1.246591991478429411e-02
-1.104580568716082706e-02
-1.433097346883101600e-02
-1.310826438115344529e-02
-8.960602726454764203e-03
-9.713452759935474815e-03
-1.238128911857247667e-02
-1.290212934842213839e-02
-8.025914403118818152e-03
-1.136671510992980777e-02
-1.045350761442423448e-02
-5.341925557829458812e-03
-8.122028977304754371e-03
-7.656416290601868180e-03
-1.137517524791490861e-02
-1.050536574699404563e-02
-9.772324409598871081e-03
-5.934118597126140579e-03
-8.589778959887774470e-03
-5.706566724582160487e-03
-9.497864086574440284e-03
-1.062574840286080111e-02
-9.563232046350936613e-03
-4.729196691923498279e-03
-9.420554154752909526e-03
-1.133702294936328112e-02
-9.415239531503827655e-03
-4.167092630736198358e-03
-1.054959865447140620e-02
-6.102000136659732794e-03
-5.719275302129562047e-03
-7.961015198345170255e-03
-6.060340895984105483e-03
-5.841478793878965813e-03
-6.588795134368571546e-03
-1.008005208773644218e-02
-9.084118479130810081e-03
-1.082612928601385180e-02
-1.033084694743896005e-02
-8.116049230421494565e-03
-1.042796955275985399e-02
-7.179729886910441936e-03
-9.098379614824930739e-03
-8.869149585218833245e-03
-7.682157783554559999e-03
-1.111708906313771568e-02
-1.066433133899322150e-02
-6.692012446321921916e-03
-1.042097305354357413e-02
-1.159911539589632105e-02
-9.305040843595496075e-03
-1.235634203575531817e-02
-6.086573668337647014e-03
-8.666749128319307938e-03
-8.793549541386645046e-03
-1.095075710907187500e-02
-6.570937279122790638e-03
-2.977721809720980817e-03
-8.916336521961816183e-03
-9.374923913103710982e-03
-1.055595148275341108e-02
-9.668029828935985684e-03
-5.889103198843388502e-03
-9.323795573009972110e-03
-9.054486977770117087e-03
-1.066045332557160989e-02
-4.698502560366084498e-03
-7.180460932540501037e-03
-3.376406116812040708e-03
-9.468302576091403369e-03
-1.159765721075900133e-02
-1.047042516079942434e-02
-6.425810527318322370e-03
-9.912420090513202747e-03
-6.960481091336514006e-03
-7.339311800807327840e-03
-1.032377290786185356e-02
-5.309279790342358481e-03
-4.952621375727108213e-03
-6.281293880065469577e-03
-7.584898176338852015e-03
-2.925828472835295766e-03
-7.802666640742108445e-03
-8.984238368340153810e-03
-1.027664933805372445e-02
-6.399213560656806521e-03
-5.689855426335302738e-03
-6.156590235540549717e-03
-7.613483139524864635e-03
-7.183816538878123534e-03
-1.040580601540321871e-02
-8.717131628784709554e-03
-9.578888713932460705e-03
-8.230977575197317292e-03
-9.916366839041075576e-03
-1.144745356464655674e-02
-8.900237335125923618e-03
-1.185560206911572163e-02
-6.863369228457935102e-03
-8.056235989474937881e-03
-8.047414391931049377e-03
-3.948844130553207966e-03
-9.910915431475283630e-03
-9.221343784853274286e-03
-6.021549836721384191e-03
-8.990769413076171376e-03
-8.797893014484832810e-03
-6.270372061993358115e-03
-7.346130360364870084e-03
-6.335765421661778557e-03
-7.912509730460764654e-03
-6.725917113499948682e-03
-5.920108407992718050e-03
-6.015689242455265345e-03
-1.110517883394381532e-02
-1.252620351485803953e-02
-1.215638082757940393e-02
-7.000634322859198948e-03
-6.567025074343723658e-03
-2.956756713533965908e-03
-9.847583943383371452e-03
-1.233768546374223660e-02
-1.068985599946507652e-02
-7.701139033968976144e-03
-6.762849254791484382e-03
-1.026349549227288140e-02
-7.561426358765815231e-03
-8.118356802003415251e-03
-7.141799230604611685e-03
-6.648601602989048093e-03
-4.382842796080048745e-03
-4.698260685823141443e-03
-3.607035924761221781e-03
-8.431935692838947449e-03
-3.559208767579223609e-03
-8.827037154044784992e-03
-5.220374005675676790e-03
-5.811725617430209614e-03
-8.061965440960220525e-03
-9.560941525686985146e-03
-1.091092292202842755e-02
-9.806619919417553302e-03
-8.380518296987597704e-03
-7.397481097731724645e-03
-9.169681387796181291e-03
-5.976879045010399967e-03
-5.530844984993111418e-03
-9.558666654383143543e-03
-1.123734733409251230e-02
-1.018363579924633743e-02
-1.092485324094951728e-02
-9.808603719834127141e-03
-8.316133271273040348e-03
-7.855716916897133306e-03
-9.040042409048199695e-03
-5.825635014021324914e-03
-4.571731542314409411e-03
-9.360477990968287323e-03
-5.005826162920667087e-03
-8.569066692003225738e-03
-8.310256841381910564e-03
-7.517559195020346273e-03
-5.731587069989733420e-03
-6.715844708354313901e-03
-9.604874658373086307e-03
-6.943518745466867141e-03
-1.027455573611030411e-02
-1.002097564206019982e-02
-8.962686473377234203e-03
-6.891666953608877912e-03
-4.971073777658889872e-03
-6.108135359996657264e-03
-8.163405179207746179e-03
-7.553399894853404621e-03
-6.147001307413853081e-03
-8.141649577013278238e-03
-7.836563396418368133e-03
-5.078353237439350160e-03
-6.189372022107198293e-03
-5.676473356697739510e-03
-8.208744761126764503e-03
-3.702789977688178847e-03
-7.589220447268719277e-03
-5.217111919060206382e-03
-5.314948482094682645e-03
-6.338550876846651798e-03
-7.889869660876111523e-03
-7.696013796893633359e-03
-5.986189929933951291e-03
-7.841017877997586566e-03
-7.642265691879515134e-03
-6.239213599667137525e-03
-7.444384755804625553e-03
-8.925467404865350743e-03
-7.701422147630649327e-03
-4.436188015836409204e-03
-7.323117993722290733e-03
-7.251540622722442084e-03
-7.866352267742206944e-03
-5.081055402641075983e-03
-7.645781926364012340e-03
-5.736902557902007031e-03
-4.325699742794132316e-03
-4.058360980587314044e-03
-4.413311227472122358e-03
-7.093465458240412816e-03
-7.226553897771044281e-03
-6.294964110232338129e-03
-7.672396382774818516e-03
-3.966287372733649265e-03
-8.764224206559954183e-03
-6.836903426345786877e-03
-7.764165254389400993e-03
-4.571538549953755269e-03
-7.380326947791656343e-03
-8.751129275052714832e-03
-5.562261780043515659e-03
-6.585760951676842764e-03
-8.862867928381630220e-03
-8.480269248505166446e-03
-7.667531385232845623e-03
-7.573179726150982422e-03
-6.808552234293503702e-03
-6.823540824604249801e-03
-6.211964864384879152e-03
-7.324776898081289747e-03
-4.410875143296873364e-03
-4.731534365120420790e-03
-5.925048153767708235e-03
-6.697273833749148829e-03
-5.376808800979340427e-03
-5.313630113891206971e-03
-5.424463311332608159e-03
-7.299472350449892621e-03
-5.486155203471047674e-03
-4.367205456650665070e-03
-1.640735806848971903e-03
-6.380194466683090232e-03
-8.682117522708896612e-03
-7.469330923490565856e-03
-7.020661081041268403e-03
-8.583922369318356185e-03
-4.635124248621766418e-03
-2.405748598311186273e-03
-6.929469810197958803e-03
-4.303713802402651077e-03
-5.559272199491179303e-03
-7.455371306100818003e-03
-7.116153780924696498e-03
-5.118839937845289303e-03
-5.777569614447585454e-03
-5.055511302725928038e-03
-6.166305111745983523e-03
-4.787231926559571554e-03
-5.804462651084943588e-03
-4.724841973538883647e-03
-5.688345425047204931e-03
-7.466467258560240995e-03
-8.694298896344028124e-03
-8.074123232341572087e-03
-5.811619983725869500e-03
-6.910610465847525676e-03
-4.722253234588583842e-03
-4.650961071984345031e-03
-5.940740996074875269e-03
-2.728651149574751796e-03
-4.732827019535737825e-03
-4.179258946877988275e-03
-4.116167977864367174e-03
-3.833394326744771815e-03
-5.034467487566455027e-03
-3.733273011948013385e-03
-5.825642764551042935e-03
-4.659035959165203598e-03
-2.565007711933415657e-03
-4.570277065224178682e-03
-4.160296693039329009e-03
-5.362776205422947404e-03
-5.429221691863618179e-03
-2.825499888572805592e-03
-5.773002768924227410e-03
-4.237461592050078760e-03
-2.504339148982397557e-03
-6.511130414619754718e-03
-3.399975360749764221e-03
-7.042655895741505370e-03
-5.868681114143996930e-03
-2.996682860952823869e-03
-6.738206140807788229e-03
-5.199835278518564856e-03
-4.816298936157431196e-03
-2.238426584545031260e-03
-6.364814749218048601e-03
-6.099894888268973803e-03
-5.155954957301881782e-03
-3.516668223823494598e-03
-7.274202231804429396e-03
-7.274952420931541687e-03
-8.538433577480299477e-03
-8.848652138189191246e-03
-6.724983735792123760e-03
-5.282035282286373125e-03
-4.453851421637475792e-03
-5.358473302853597117e-03
-4.666166513074916124e-03
-5.786685761234599407e-03
-5.376724326752187200e-03
-3.868550751440057861e-03
-3.057914060091440189e-03
-4.699219688426759314e-03
-6.505615800855372652e-03
-5.343476063738372868e-03
-5.208997216729882238e-03
-6.160871805458296470e-03
-5.488007168409405820e-03
-6.338021893432964869e-03
-5.562928687074625463e-03
-7.664915055692404257e-03
-6.137407845363018408e-03
-5.312703806097790298e-03
-8.423196963218715708e-03
-7.326568308536271501e-03
-1.175001061250303264e-02
-5.981111342267816412e-03
-6.289341608673421069e-03
-1.066365401314819938e-02
-5.126885258937606896e-03
-8.814821861013849222e-03
-9.219921460754947062e-03
-1.442166277559307937e-02
-1.614017154901188633e-02
-1.943468266889101723e-02
-1.702614783276883842e-02
-2.214696695423670411e-02
-1.865386204752126145e-02
-2.317514697223277409e-02
-2.196289385495985361e-02
-2.943433047263131416e-02
-2.554671445701657204e-02
-3.004700573205760367e-02
-2.308518911027766102e-02
-1.915882136450678189e-02
-1.630053005701644422e-02
-2.581804979362364513e-02
-2.317994387464517025e-02
-2.730116091692158867e-02
-4.063294405443632767e-02
-4.611462395542419157e-02
-3.285741906785900890e-02
-3.695649576801164626e-02
-2.309715845146181543e-02
-1.600623030972533195e-02
-2.807021297819455724e-02
-1.874196045072666975e-02
-4.822770445395564709e-02
-5.243261127709697433e-02
-5.960363682577852346e-02
-4.285970325088019062e-02
-3.957574112437441810e-02
-3.939514096889282224e-02
-4.986698707125956226e-02
-5.958052938970186813e-02
-4.781572000603399875e-02
-5.435303164207748450e-02
-6.462614417271735079e-02
-6.738046778673412174e-02
-4.385189192695709837e-02
-5.599746913513734686e-02
-2.766632738012033549e-02
-7.200944447499907364e-02
-8.149133383588891277e-02
-7.480349250566073471e-02
-8.424671863669953853e-02
-7.349394767881899104e-02
-7.654039723183636568e-02
-6.791778619876445711e-02
-5.299218567210776942e-02
-6.317743537609683824e-02
-7.800330658615577117e-02
-8.869353408613107892e-02
-8.241959298076018126e-02
-9.289852899079140136e-02
-3.681393912517658129e-02
-6.892062769736677363e-02
-9.019946255524202705e-02
-3.417564410191916563e-02
-7.062779513859895886e-02
-3.881111157866512507e-02
-4.553694573808683005e-02
-7.203151853713211927e-02
-4.823006778494958596e-02
-9.348285583561991019e-02
-7.069547707573019257e-02
-7.424914959932231440e-02
-6.669553979306377944e-02
-8.112167704779316146e-02
-8.255451424882780109e-02
-7.442738301434330406e-02
-7.483891580130398735e-02
-8.355723012903557012e-02
-1.190558877667843574e-01
-6.035058155276156605e-02
-8.874298129393855261e-02
-7.453373789863093624e-02
-1.168161381747921113e-01
-1.187159045631607929e-01
-1.140365474328125101e-01
-1.175386109664557505e-01
-6.169177679848136114e-02
-5.153176631084646631e-02
-4.832091912506896597e-02
-5.271939243218191212e-02
-8.982428868872685546e-02
-8.397406163052115180e-02
-4.458458712086715847e-02
-6.750746259300539898e-02
-4.453598345073225134e-02
-8.331431749679077403e-02
-3.149602315220707133e-02
-6.813709291667137402e-02
-7.755111920596997888e-02
-9.024878378514337995e-02
-1.028756952806121061e-01
-9.654597824921916371e-02
-1.203167259131633082e-01
-1.386021145224673734e-01
-5.442089500459433571e-02
-1.028301201192589054e-01
-4.932616904750448950e-02
-6.715459557843178606e-02
-8.826637991403707417e-02
-6.670230230990796538e-02
-8.281644185541334191e-02
-5.218844066798995762e-02
-3.143546412729100042e-02
-9.810587603326326178e-02
-6.703098105715361854e-02
-8.773847198522127799e-02
-1.029970207168576929e-01
-4.429479739867885069e-02
-8.325628056106544606e-02
-1.299053397807457266e-01
-1.126025434714355983e-01
-1.177722011465970331e-01
-1.396455660558423573e-01
-1.621335432893242223e-01
-7.897471873070686932e-02
-1.095023312220816669e-01
-1.325057100117955911e-01
-1.587328177115123196e-01
-1.079922715205355599e-01
-1.221395307340773506e-01
-1.088858526885346095e-01
-4.911695761558677181e-02
-7.860882598573064317e-02
-4.370302947741018518e-02
-1.199114688079932906e-01
-4.661012010652933885e-02
-1.194424259224496493e-01
-7.452628530784941030e-02
-1.533890833357265393e-01
-1.446692258083630278e-01
-9.286452148582304000e-02
-9.407323922691805673e-02
-6.874068302221171545e-02
-7.878803710813027383e-02
-9.806526002843640732e-02
-6.410001688084958349e-02
-1.420891232049156516e-01
-1.158675660014731740e-01
-7.773573331503511041e-02
-1.529712834606554717e-01
-1.010528919703819611e-01
-1.391747978285076404e-01
-1.640795804505144340e-01
-5.017466480676627955e-02
-1.253987465663818357e-01
-1.581578119939009153e-01
-9.571714760638762309e-02
-7.557848865396389615e-02
-1.287980098316594546e-01
-4.608068490140537765e-02
-1.287196845805369805e-01
-1.630856150713466401e-01
-1.579151757261932354e-01
-1.286869399797546942e-01
-1.405775192121442585e-01
-1.571669866328106735e-01
-1.822991980983712512e-01
-1.008396241604658239e-01
-7.747816915705915686e-02
-4.032495504693707489e-02
-1.481437506442816188e-01
-1.568697136079935661e-01
-6.761435674937739393e-02
-1.401829440668747873e-01
-1.547947098996307613e-01
-1.319150461667179808e-01
-1.626692625127847680e-01
-1.374733590370040281e-01
-1.930358955849503788e-01
-1.009024936314942694e-01
-1.104038545456935139e-01
-1.017799577687284462e-01
-3.131115780001604565e-02
-1.262877195236800643e-01
-1.257831899384138641e-01
-1.090649114343104492e-01
-1.218746923888262973e-01
-1.612675432975255174e-01
-1.523702305620281694e-01
-8.849098861407482530e-02
-5.820017126325043033e-02
-1.397206461962530455e-01
-5.257948860279781228e-02
-8.796595210675185739e-02
-1.539918848998433620e-01
-1.405730523109941232e-01
-1.714325394212576625e-01
-1.345907813712472756e-01
-1.193774726552393611e-01
-1.937647215101077347e-01
-1.592187077818099650e-01
-8.527316780301742727e-02
-1.481137984704816724e-01
-1.294344326096227571e-01
-8.067736767536545783e-02
-1.189506013845254978e-01
-7.652108870329611678e-02
-1.145934970974060996e-01
-1.267376583666910417e-01
-1.386113213579100167e-01
-1.264252481422160346e-01
-7.590902006005373348e-02
-1.573572746014445800e-01
-1.398242449399502429e-01
-9.241933935447428639e-02
-1.636044819222507440e-01
-8.213714262811741551e-02
-1.686988013181372204e-01
-8.979364117826574287e-02
-1.530885070944883186e-01
-1.047320691001884796e-01
-6.530716255095612988e-02
-8.571337640449901152e-02
-1.092636218435565076e-01
-8.026569993865007024e-02
-1.309231570780260701e-01
-7.099850628831050336e-02
-1.157710765589029245e-01
-9.666841479374460588e-02
-1.152543994722292353e-01
-1.072773119978342043e-01
-1.158320412325719306e-01
-1.435893073934926267e-01
-1.101072480515411650e-01
-1.736557929318821025e-01
-5.668841663371516904e-02
-1.451206771442845045e-01
-1.841404775603741328e-01
-4.600218087810753476e-02
-1.520586375196715245e-01
-8.890708863826934927e-02
-7.819586192970746918e-02
-1.691346759234319541e-01
-9.602269611349760481e-02
-1.295072632032389370e-01
-3.155076904061140941e-02
-1.436144283684875067e-01
-1.533515755049315588e-01
-7.806926249908183180e-02
-1.608476188509534721e-01
-1.474159717314810492e-01
-8.655297021416923087e-02
-1.177957776888118868e-01
-1.260028770827496258e-01
-1.604800389944000261e-01
-1.706870439912125670e-01
-1.640064577896727382e-01
-8.242865225655569839e-02
-8.535462142885148762e-02
-1.677850501819542484e-01
-1.082662249247958591e-01
-1.186583329033996936e-01
-1.287928571378024745e-01
-1.924260124663771110e-01
-4.717615226154522196e-02
-1.163037725739988343e-01
-1.428351674193447385e-01
-1.339440014826268621e-01
-1.448895470007026121e-01
-1.268838625184666724e-01
-1.439397809813199314e-01
-1.939914775610988296e-01
-1.289956961421119819e-01
-3.412621011500334423e-02
-1.636969517451433431e-01
-1.229445278887607990e-01
-2.287310182332640829e-01
-1.234961946781874126e-01
-2.794626459496920082e-02
-1.778072136029911765e-01
-4.798409091642255597e-02
-1.747741280299702771e-01
-1.377949530132528411e-01
-8.208742602461759075e-02
-1.588790353339487871e-01
-1.241363436385868046e-01
-7.215710254116015909e-02
-1.439125009012134915e-01
-1.135092307593000144e-01
-3.625078858003367294e-02
-1.201621523388778506e-01
-7.360230118480799721e-02
-1.123751478756482014e-01
-1.328542427298033957e-01
-1.356241378236519857e-01
-3.883481771325009851e-02
-1.048601790838335074e-01
-1.191509288966794700e-01
-3.218512756100939259e-02
-9.047708379868460438e-02
-1.258824846663446073e-01
-7.265103590379419496e-02
-5.136751433295859426e-02
-1.280608574000679789e-01
-6.810674564987100055e-02
-6.674242849054036475e-02
-7.534055045309857868e-02
-1.047598458753767198e-01
-4.835303169864463985e-02
-7.073886690632569252e-02
-7.815017436251638083e-02
-4.904182478639289994e-02
-5.995579421572493767e-02
-8.076016728820810398e-02
-3.790139029360165002e-02
-8.686155465153035105e-03
-7.186925831028398437e-02
-6.362339221735660577e-02
-1.825617583713404907e-02
-6.761615152732540490e-02
-8.193063316808053831e-02
-2.116159539233381653e-02
-7.175397108836903404e-02
-6.476930039382951254e-02
-7.809893806755342782e-02
-7.302530229449634425e-02
-6.381415775823352787e-02
-1.914093344747374095e-02
-6.417213113402317481e-02
-7.652070598392947398e-02
-2.066157235317596028e-02
-6.556427351075633236e-02
-5.968979732174032465e-02
-3.091424460326593765e-02
-3.568351777868652291e-02
-6.423178609439023079e-02
-5.306552283120657965e-02
-1.836417272261627043e-02
-1.559582359604363977e-02
-3.806152028344117477e-02
-1.417891373059771039e-02
-2.870346679340865514e-02
-5.956551224557605356e-02
-1.472272652650890440e-02
-3.109893784905400083e-02
-5.917885712580930185e-02
-6.624304361459829038e-02
-3.409398281693297450e-02
-4.408173939335129077e-02
-4.986150504898451130e-02
-6.418804545398502925e-02
-5.175612070344379201e-02
-4.469185600183297330e-02
-4.359149292830583056e-02
-2.221780875037226294e-02
-5.308790415380609112e-02
-1.763111882889666776e-02
-5.532848448550618109e-02
-4.440087535130113339e-02
-4.560104624085020708e-02
-4.044744930134601402e-02
-3.924764696436096323e-02
-4.520389963131130756e-02
-2.901303643745177518e-02
-5.204144788385399456e-02
-5.569461120076554805e-02
-5.134487669658381603e-02
-5.384747108786816505e-02
-3.888692087877858999e-02
-4.779054693443752361e-02
-2.864943269038367976e-02
-3.557078589312439448e-02
-3.709550455167332644e-02
-4.789644710344741207e-02
-3.804940508965930224e-02
-2.484676921180151501e-02
-5.398040853647240178e-02
-4.571323295689299487e-02
-2.204165507657003878e-02
-4.687679523759145928e-02
-3.499759487627453203e-02
-3.198517263432331531e-02
-5.098169444774450221e-02
-4.723826336968696415e-02
-5.233605212091133746e-02
-4.505865482501176383e-02
-3.978154668366845614e-02
-2.463523693569515810e-02
-5.342273457180695545e-02
-4.459411474012570098e-02
-1.494429340136768820e-02
-3.977267501164812036e-02
-4.742554271555615014e-02
-2.537291042830473048e-02
-4.974737494114441633e-02
-4.140947366568124843e-02
-1.399825741115664525e-02
-4.426542251507938758e-02
-3.803254258469330323e-02
-1.276376771356717635e-02
-3.632864327488198597e-02
-4.390011209510500528e-02
-2.335652634582388587e-02
-4.612355460203079044e-02
-3.844737471417095792e-02
-1.312600585710199837e-02
-4.137115124328690635e-02
-3.558307706688808997e-02
-1.203570603901774755e-02
-3.419179104667205427e-02
-4.145277442508846916e-02
-2.206253753443153387e-02
-4.351079623337923002e-02
-3.645817126243682677e-02
-1.247645484336704080e-02
-3.913492519268783887e-02
-3.402040445424604764e-02
-1.930993641511633344e-02
-2.163902492640753031e-02
-2.371487815649066938e-02
-2.464868165455003091e-02
-3.848290121325084051e-02
-3.008375933071274350e-02
-1.828485808312372077e-02
-3.340984902829136766e-02
-3.879256975678351677e-02
-1.181793625192880878e-02
-3.259390690427790838e-02
-2.961852236656902643e-02
-9.896610425434160252e-03
-3.061055039382979542e-02
-3.328219004567312816e-02
-1.298549345181441127e-02
-3.372177015510381681e-02
-3.012190467813028599e-02
-9.348131973456821203e-03
-2.951777354853804200e-02
-3.265035432716489883e-02
-3.559727304346068516e-02
-1.657842178547357451e-02
-3.340048308001422606e-02
-3.044248350605643569e-02
-1.558667215280338213e-02
-5.816023512789112414e-03
-1.558848570579688883e-02
-1.474925529446502979e-02
-2.277772399806145265e-02
-3.643521713656672906e-02
-2.156732788985457616e-02
-2.808854202783538784e-02
-8.767765577037294963e-03
-2.045471848846374535e-02
-2.169824763297841311e-02
-2.298876270526135912e-02
-6.711762968808401147e-03
-2.454080996642870466e-02
-2.770248881938531388e-02
-1.645229146677035931e-02
-2.381094819439114052e-02
-8.637853095047231394e-03
-2.494480350724716591e-02
-2.790681324994639945e-02
-1.718891931685241625e-02
-2.463208865829701749e-02
-1.845401598045767408e-02
-7.240218946155375056e-03
-2.517245315627343258e-02
-2.321796311821491127e-02
-7.154983952561087476e-03
-1.307469089642902642e-02
-2.712373078351750649e-02
-1.782670079575304073e-02
-3.165341561787129998e-02
-1.177236331593009902e-02
-2.476378927784846432e-02
-2.947590358881347836e-02
-1.488598815449988615e-02
-2.119584455102085582e-02
-2.963982136394393771e-02
-3.303206740188327495e-02
-2.769365554269839422e-02
-2.922905826227517254e-02
-1.423494817228123342e-02
-2.448447621648093542e-02
-1.876230179778907298e-02
-8.400713011148140327e-03
-1.575854672147053090e-02
-2.490155328986978431e-02
-1.045503654626482072e-02
-2.127700388905580733e-02
-1.051047179415952847e-02
-2.522806043968429252e-02
-7.980371921633630516e-03
-2.043125444157472409e-02
-7.392912502753591977e-03
-2.104312033744976107e-02
-2.583802978435496833e-02
-7.801899284969453577e-03
-1.777326215830538070e-02
-1.372981425309895663e-02
-2.300607344241062044e-02
-1.407844124262036881e-02
-3.549715824215657258e-03
-2.095635057123734768e-02
-6.304806965185815425e-03
-2.155511638499333152e-02
-2.038126346289642968e-02
-6.902329095004480428e-03
-2.313936436219034970e-02
-2.092692464357577553e-02
-2.417409914324360198e-02
-2.367342834653668460e-02
-7.861023019878368018e-03
-2.197388606927569085e-02
-2.395778708716701788e-02
-1.205794071975717363e-02
-2.147572690178852634e-02
-1.929719981042027355e-02
-1.073125518790978700e-02
-1.897864709570283928e-02
-1.940013809216608112e-02
-1.106930599071097483e-02
-1.969170046633634749e-02
-7.378653669583947090e-03
-1.259774018654637694e-02
-1.655449722968486623e-02
-2.219224279239404712e-02
-1.454096357368414756e-02
-2.500464264568385414e-02
-1.509142474373121635e-02
-5.766329651904354876e-03
-1.906420946342936990e-02
-1.778653546244140030e-02
-2.321843186102160589e-02
-6.571200689360033598e-03
-1.812701710489900489e-02
-2.316586412853787608e-02
-7.138597857086781753e-03
-1.815697483656720373e-02
-1.669567203508911732e-02
-1.263601470121874203e-02
-9.270287326876031769e-03
-1.856452544746511196e-02
-6.165016142334599561e-03
-1.796812317389229890e-02
-1.471606850581031606e-02
-1.995171232729256103e-02
-1.792265621291623534e-02
-1.127354188667223887e-02
-1.537018473463576396e-02
-2.005582942621023795e-02
-1.749713977352024968e-02
-1.650317927330044801e-02
-1.343116133263581695e-02
-1.868621572619673377e-02
-9.587918906870452826e-03
-1.346422937730976099e-02
-1.768579380033515405e-02
-5.997276154431162472e-03
-1.601380035242306113e-02
-9.236460397702234149e-03
-9.941190820827141422e-03
-1.841507730072286519e-02
-6.357634313356033857e-03
-1.761733577773845136e-02
-1.650105654651383424e-02
-5.275028980385940147e-03
-1.704382728995731261e-02
-1.865468544925845754e-02
-8.423610815687527717e-03
-1.152185005240245405e-02
-6.892884298818921160e-03
-1.641794779471469207e-02
-8.268911449267148106e-03
-1.160412502319620350e-02
-1.765754591380492428e-02
-5.952245592213828429e-03
-1.462368626686888842e-02
-1.448673302816569190e-02
-4.412284920566139634e-03
-1.446740058048745330e-02
-1.789084479588409077e-02
-9.176757363604926346e-03
-9.255933035269045539e-03
-1.707583311978263033e-02
-1.202814202956555868e-02
-1.968289590335410219e-02
-1.124712931509909419e-02
-4.330696243635955359e-03
-1.207109863235019190e-02
-3.486129808174316235e-03
-7.363742733129986784e-03
-1.063862959499963651e-02
-1.647953802630421766e-02
-1.387533680093766195e-02
-6.661694063677725541e-03
-1.172969587286489500e-02
-1.664676087409588945e-02
-1.401973764037487379e-02
-1.487742554106736247e-02
-1.376021458883154580e-02
-5.940686492701780126e-03
-1.503453200712744076e-02
-1.426850494732079602e-02
-9.836671162769846169e-03
-1.086404115243289926e-02
-1.523409489531309287e-02
-1.522463801919390729e-02
-9.557844407195077371e-03
-1.445382342927272953e-02
-1.361301160649010418e-02
-1.564149808710944140e-02
-1.719794587349658330e-02
-9.278637788208792675e-03
-6.336486433811906217e-03
-7.700716605660855481e-03
-1.611717244009223601e-02
-6.105493325516436753e-03
-1.030621811338369026e-02
-1.646636256383457106e-02
-1.009645580694944547e-02
-1.549560779372904061e-02
-1.648548278010658619e-02
-7.994699798224928072e-03
-2.535442555715161986e-03
-1.277518781819573200e-02
-1.243563036569290958e-02
-4.588290472224625799e-03
-1.387157715816126485e-02
-8.929317017495025377e-03
-5.434666837963322318e-03
-1.396757503968959480e-02
-7.140488193055173800e-03
-1.332876936154895817e-02
-1.406723009424386099e-02
-6.562142034775548735e-03
-9.340788157506574665e-03
-1.010672482223822118e-02
-1.361833972969912591e-02
-5.311069581535271186e-03
-1.273287671153724813e-02
-1.466357433176111030e-02
-1.657764920620828294e-02
-1.768991850717149122e-02
-1.471764615225719733e-02
-1.327143581889926940e-02
-1.503245505142397284e-02
-1.612996132570294547e-02
-9.866433353570420312e-03
-1.524137482230853401e-02
-1.034122819491171442e-02
-8.383239472701069922e-03
-1.139374160903988166e-02
-1.444993093130855256e-02
-1.185664472233312859e-02
-1.329390540981038871e-02
-1.316198365509532384e-02
-1.559284643603079008e-02
-8.510449327699164471e-03
-7.967421020280808855e-03
-1.440940067284603686e-02
-1.642078830388271279e-02
-1.579841646453124249e-02
-1.185696158009066567e-02
-1.003688050601635878e-02
-8.073320589956505672e-03
-1.031722390776614214e-02
-1.369094265305498617e-02
-1.067066274090390163e-02
-1.143498931627260490e-02
-7.815657777326245198e-03
-6.675683222382497797e-03
-2.361687880922644627e-03
-1.105046135441473121e-02
-7.957066399549506813e-03
-9.747074105727865367e-03
-1.075452901527526248e-02
-1.425280229948630399e-02
-8.562813461611454638e-03
-1.066374848593966938e-02
-5.540802922124087211e-03
-5.959890959395530707e-03
-4.170458660792264807e-03
-9.953556722948106450e-03
-1.255899360691352558e-02
-3.804811878359819297e-03
-1.123208743893429687e-02
-8.230248065378805572e-03
-1.322366127808484448e-02
-8.523880866537202408e-03
-1.022185499805672998e-02
-8.283280875990154182e-03
-1.168391438169091683e-02
-7.572046151539350324e-03
-1.247610928930142742e-02
-1.038090318877635428e-02
-3.038303109619545223e-03
-9.224280513038701432e-03
-1.242431751502620640e-02
-1.285302074545670824e-02
-1.332785298133032023e-02
-1.115991716813392529e-02
-7.848169586288745309e-03
-1.101988121830978912e-02
-8.058153028898850517e-03
-9.314613927596623877e-03
-1.010558279080050505e-02
-1.294305432369522064e-02
-7.234746070240659875e-03
-6.734042926657092185e-03
-1.119645622745419657e-02
-6.974202372079536111e-03
-5.811096308787567534e-03
-8.522205073908892606e-03
-1.054324906103686760e-02
-6.637409710378847257e-03
-4.003137798383435246e-03
-9.281207780411715805e-03
-4.861892253015323573e-03
-8.133966792571509577e-03
-8.002631741662062995e-03
-4.205757576377943709e-03
-4.984972980722069368e-03
-1.055127597691369115e-02
-1.110857320732252726e-02
-8.180559156033700291e-03
-1.015288410020547677e-02
-7.862725783877824726e-03
-7.902517253988711535e-03
-8.280600607625279025e-03
-8.147308818604407157e-03
-6.458659197021274570e-03
-7.490692439973667058e-03
-7.989255108873776975e-03
-1.194476600459818370e-02
-1.288803399968235265e-02
-5.026587124794329280e-03
-7.796253404834120604e-03
-1.043458559999999730e-02
-1.141802098933446773e-02
-7.459894722220342458e-03
-7.005952342965261412e-03
-7.912458270807110061e-03
-7.866961794307958389e-03
-1.010716956111237796e-02
-4.862240250229224806e-03
-6.381980878519486963e-03
-7.732260261231173326e-03
-8.612271447693857149e-03
-1.083130727834776333e-02
-1.104732362411704576e-02
-8.599869725489281067e-03
-8.752509983236782254e-03
-4.314168912882602146e-03
-9.250580578196316781e-03
-7.331041256793611495e-03
-1.103339724621531411e-02
-9.323701224962212264e-03
-6.471298673968112550e-03
-1.018728098990717527e-02
-1.124428060247166863e-02
-1.057342248585735334e-02
-7.690568539644660612e-03
-8.547065308275338807e-03
-2.801942673596637210e-03
-7.672944902605081073e-03
-1.231911596048353326e-02
-7.977710970231536441e-03
-5.341598862281072418e-03
-8.236691985318986969e-03
-1.060415906685341705e-02
-6.157947187004001247e-03
-9.891952776190683638e-03
-9.215334707689443877e-03
-8.870678600611907327e-03
-6.212629843081071863e-03
-1.019928617718242857e-02
-9.112418430481689091e-03
-6.882928707254971565e-03
-7.869182480070856939e-03
-5.176026177522631382e-03
-6.395420629750331494e-03
-1.148456164076443707e-02
-7.731464127290235168e-03
-1.141719394401281146e-02
-1.083454976589570684e-02
-1.175026260785676235e-02
-1.289194940091795485e-02
-8.582077047274403597e-03
-8.340135481170090140e-03
-7.779399760570967527e-03
-7.886453655194846160e-03
-9.427166104606501257e-03
-7.942959016910692768e-03
-3.069981773865611621e-03
-1.008970514818153565e-02
-9.387854097646411086e-03
-6.701504927791460467e-03
-6.228989423915340211e-03
-7.487025039560764837e-03
-3.800042356732793915e-03
-8.633474027112595511e-03
-1.068971111624589763e-02
-4.449979709196700238e-03
-5.858490242737443045e-03
-3.692024705308525039e-03
-4.030181867091133137e-03
-6.743282444018639313e-03
-4.111115895779255715e-03
-3.646502464932497699e-03
-9.313888439996429250e-03
-6.958981727139977938e-03
-9.429802561077471959e-03
-6.172282659811526885e-03
-6.390452335642052804e-03
-8.961035153825517435e-03
-1.008659573039475885e-02
-6.049896485189272359e-03
-5.337942123707003876e-03
-8.587276952198501928e-03
-1.035353398072653107e-02
-9.417193644487290710e-03
-3.385509889024922777e-03
-8.702996634282965729e-03
-1.023448721232505902e-02
-7.471458980373150982e-03
-9.238970768332903372e-03
-9.547096205738922134e-03
-7.708525248623952948e-03
-5.057852695001812011e-03
-5.531582820581435432e-03
-6.475595292283661472e-03
-5.955015708687123877e-03
-8.632936885390575868e-03
-8.902647050268249276e-03
-8.613623413387810901e-03
-8.428353375447148604e-03
-7.349993757661022441e-03
-7.615076149162708363e-03
-5.472193092258323573e-03
-6.125983721461653216e-03
-9.756423855476209148e-03
-8.050409112171285839e-03
-6.152967612197795567e-03
-5.035630426318165806e-03
-4.556507447891672974e-03
-5.333745740645318492e-03
-6.525097077754796193e-03
-6.391863246056136635e-03
-8.392757120131410717e-03
-6.487693944339750600e-03
-9.275063422829108589e-03
-1.041574204489418252e-02
-7.050658600701991199e-03
-4.187842947803790093e-03
-6.435781729200627625e-03
-9.738089019587841885e-03
-1.074197536293565805e-02
-5.017868172032158465e-03
-8.687840387309695225e-03
-9.575019989767121278e-03
-9.682509758124090149e-03
-8.825775731202878741e-03
-4.047839112667042487e-03
-7.689105743843969824e-03
-9.728935730769451215e-03
-8.487507993288010907e-03
-1.188635465428838217e-02
-5.473419079852591754e-03
-8.200751342899754645e-03
-5.841335534295638565e-03
-7.456013500003388569e-03
-9.044692504678418857e-03
-5.520654226443441961e-03
-4.541129580212625860e-03
-8.986279368482695540e-03
-7.411156777552731743e-03
-7.515338040234967147e-03
-6.909232215536449326e-03
-7.491437082872125057e-03
-7.356102441006197486e-03
-8.693251112344752354e-03
-7.462768111380795044e-03
-9.439055732833233348e-03
-9.137896998371690394e-03
-6.903440989610033947e-03
-5.232917262245840619e-03
-5.865833884556132319e-03
-6.026264692850337792e-03
-8.154025493150486234e-03
-7.975526407618758334e-03
-6.867957588136041659e-03
-5.129594946231996744e-03
-5.401559380409917330e-03
-7.302321761832708535e-03
-6.080839850461625812e-03
-6.666970266685782326e-03
-5.992248293280534772e-03
-5.241851631012701788e-03
-9.093807316755920730e-03
-6.445169841687673276e-03
-4.193744190096070079e-03
-7.421475005712787308e-03
-8.322098826599285543e-03
-5.955643871809777196e-03
-6.021987351026836417e-03
-8.419627669526362143e-03
-9.040742260138994596e-03
-4.925494284958750052e-03
-4.467325989377384995e-03
-5.130225445839560992e-03
-6.103178452700786481e-03
-2.477161230710821834e-03
-6.908121877452891302e-03
-7.916905647535612059e-03
-7.521517244917634050e-03
-4.373789891509220068e-03
-5.139961823354796851e-03
-5.788655252058981515e-03
-8.571199397751753241e-03
-5.757073261298498168e-03
-5.376699550552241358e-03
-7.208321578170213267e-03
-6.791811010090359133e-03
-6.842076648835270988e-03
-4.778250693506977918e-03
-5.861195427225192323e-03
-3.873659041229695656e-03
-2.784664015289872296e-03
-8.468208980017493878e-03
-1.037641130318305883e-02
-5.812989459213584002e-03
-5.786890414235507270e-03
-5.866987911049332052e-03
-6.940635698404164916e-03
-5.605680199319107264e-03
-5.389794537555949241e-03
-9.104696247116843277e-03
-6.463379474243516852e-03
-6.443064741853342728e-03
-6.352811472306893990e-03
-7.248210173570179653e-03
-5.681497921748270355e-03
-3.598155597742246341e-03
-7.502784794372937410e-03
-7.177653740907676341e-03
-5.516713916329946295e-03
-5.138183372228706351e-03
-7.673665104105597060e-03
-9.294614762570820379e-03
-7.348554697712584953e-03
-2.674688087774361716e-03
-6.654381349146548490e-03
-4.009298270845651144e-03
-5.369135389188588181e-03
-4.419466443953717037e-03
-6.841580648191386733e-03
-2.512779498909079121e-03
-4.718705019690705785e-03
-6.907433980509082062e-03
-5.840758375928704546e-03
-8.193701353583991362e-03
-9.955905682614517999e-03
-5.815602683779950641e-03
-3.148897498328302562e-03
-6.960961288766377014e-03
-6.518085679298734302e-03
-6.035091243672075813e-03
-6.775012652291822514e-03
-2.403290888137832142e-03
-7.404378170048995372e-03
-5.742588316272829833e-03
-6.252716878616891225e-03
-7.258563534568438121e-03
-6.024415460048223453e-03
-5.224368922286888421e-03
-4.497983077816469083e-03
-5.072400485577688647e-03
-5.922001864362634940e-03
-3.112104359744938785e-03
-6.218632960205507966e-03
-3.370679015384067841e-03
-4.732124172280536070e-03
-5.932159961821614758e-03
-4.548085433961154660e-03
-7.642031447812338944e-03
-9.031857372719163599e-03
-9.483401305098584227e-03
-9.934389831803473389e-03
-8.292336110065898214e-03
