5.883765470878717964e-04
5.887508551074319921e-04
5.891793113134680647e-04
5.895610465853901158e-04
5.898945711045163126e-04
5.902163053294579671e-04
5.905553707930886022e-04
5.909241432308978952e-04
5.913309905355617138e-04
5.917338441799969507e-04
5.921411429720655232e-04
5.925600523460803834e-04
5.929924363053940255e-04
5.934371012649795191e-04
5.938922332695147598e-04
5.943813731877758749e-04
5.948641264237070764e-04
5.954685533171678391e-04
5.959363375100030537e-04
5.964329860904162830e-04
5.969832479438180782e-04
5.974567871801188387e-04
5.979455016442821120e-04
5.984833132492248676e-04
5.990575436470163551e-04
5.994119312278453756e-04
6.002002207796279304e-04
6.006366780067435088e-04
6.013883480682911042e-04
6.022077819994249613e-04
6.030170712553750440e-04
6.038231688951478356e-04
6.046151949122450598e-04
6.053869765480441104e-04
6.059108666541046864e-04
6.065780842106177325e-04
6.073464420182639323e-04
6.080167465624175321e-04
6.087810802238701607e-04
6.094152616339163333e-04
6.101842739825041623e-04
6.110040587900316062e-04
6.118611814773703512e-04
6.127452372856686960e-04
6.136476742725117820e-04
6.145768575615791814e-04
6.155156526633751317e-04
6.164585806682492276e-04
6.173312481384867975e-04
6.182027773336720277e-04
6.191527951453376860e-04
6.200969553531970446e-04
6.210316480865528182e-04
6.218923119194659250e-04
6.227527948223435380e-04
6.236130611677073677e-04
6.241205042756775654e-04
6.247966579871967914e-04
6.256253403720873820e-04
6.266850755684847188e-04
6.277334721227532206e-04
6.283445340954744171e-04
6.290555763359324294e-04
6.301317795914962048e-04
6.309215843051078779e-04
6.320143449260530759e-04
6.328671599719173967e-04
6.338291267904976219e-04
6.347328115088583149e-04
6.358692972704029075e-04
6.369945760802541313e-04
6.382726631112383949e-04
6.391452325265027526e-04
6.400934325159650991e-04
6.410749299511844671e-04
6.421827565266153724e-04
6.433267835898470342e-04
6.444787595364612643e-04
6.454629594889523415e-04
6.464864238540149726e-04
6.475849909287797719e-04
6.488156130653926828e-04
6.499167867582840126e-04
6.512207196664410126e-04
6.522444058276441253e-04
6.533279832003606328e-04
6.547913446215558467e-04
6.558803657501665512e-04
6.572099330083121726e-04
6.586654795055432460e-04
6.597359214031677920e-04
6.606212074254981265e-04
6.617465657771943576e-04
6.629915071147129968e-04
6.646237273033834625e-04
6.658497635940810195e-04
6.674229207954310945e-04
6.685613576012560321e-04
6.698136050915717973e-04
6.710014409662607478e-04
6.729101461732306172e-04
6.746969779415063319e-04
6.761542005356635868e-04
6.778389006063374961e-04
6.792088609381834218e-04
6.807006497465253663e-04
6.820599860490973504e-04
6.834952122514475386e-04
6.851584319791364369e-04
6.865321931552066789e-04
6.878842772141889302e-04
6.892334950422327172e-04
6.903087854903658307e-04
6.920176435781720493e-04
6.940946984495096261e-04
6.957295290749327017e-04
6.969995244152430141e-04
6.986722347652792736e-04
7.001758419198660013e-04
7.021291123390309939e-04
7.042733774383308585e-04
7.062877218533199523e-04
7.085856172722375217e-04
7.104317307093966109e-04
7.123696313564674551e-04
7.143855514380280511e-04
7.157732824897278506e-04
7.174301549401335522e-04
7.198546899801969157e-04
7.222864237034951843e-04
7.242229628426488782e-04
7.262540449672821386e-04
7.282666168128636803e-04
7.306039026146919982e-04
7.325986079854011684e-04
7.347280755708612311e-04
7.365064990612399777e-04
7.385611789659434021e-04
7.412580795170925193e-04
7.433565271473782958e-04
7.459070451810652412e-04
7.481638193174536570e-04
7.507448438692511904e-04
7.531005477539739427e-04
7.558593881134699662e-04
7.582702149623563080e-04
7.609283967422618899e-04
7.640782227043556741e-04
7.662865895480661018e-04
7.689885505852057544e-04
7.713528155749062179e-04
7.739701032512764705e-04
7.766534009898063340e-04
7.795444082603101774e-04
7.812420660514144723e-04
7.836577886901324036e-04
7.856366887681287244e-04
7.883384154624277799e-04
7.909532932756280135e-04
7.929891443117444323e-04
7.960810951551551551e-04
7.984626743328547462e-04
8.010180196478345954e-04
8.032399483463847911e-04
8.056912353363983531e-04
8.083022169403671466e-04
8.112526579996721552e-04
8.142802918290306842e-04
8.165012717905947718e-04
8.196648108808396926e-04
8.229046500064389263e-04
8.260889445351579825e-04
8.287293051425986346e-04
8.322669562826650507e-04
8.352518677911329684e-04
8.394691566703217037e-04
8.429577197614819420e-04
8.465480321602822768e-04
8.505297402963828308e-04
8.542415305854675388e-04
8.582130082157587254e-04
8.605102445835023086e-04
8.632168341471261382e-04
8.671867190876666239e-04
8.708343453269468517e-04
8.751512372027063806e-04
8.780807098225688282e-04
8.806030812576642105e-04
8.841171114456861406e-04
8.862907191542018738e-04
8.899428041351525745e-04
8.936071190760760778e-04
8.978908695088697826e-04
9.015212861813253452e-04
9.052991031574818314e-04
9.088388672512337464e-04
9.124408516102137023e-04
9.167806919290697734e-04
9.196018535093189190e-04
9.240890404357261735e-04
9.274482950096153569e-04
9.320113864006581653e-04
9.354171783559026574e-04
9.399329730544537295e-04
9.432629830971046413e-04
9.470764605011978672e-04
9.498340717933823150e-04
9.542328224749467179e-04
9.574590681838530092e-04
9.605232638438848019e-04
9.642479502830206750e-04
9.684451392691733034e-04
9.727259744647037210e-04
9.774888276771367783e-04
9.820818396914974234e-04
9.861329921662348279e-04
9.893488410041171785e-04
9.935403119015451777e-04
9.976390828390683217e-04
1.001736579105921236e-03
1.005853743764427780e-03
1.010012438150028648e-03
1.014780077820355694e-03
1.019965710884699912e-03
1.025680768683727515e-03
1.030372839486803308e-03
1.035471043838944241e-03
1.038837834555176188e-03
1.042950493934184522e-03
1.047463212420694095e-03
1.052232306053162798e-03
1.057577609458950187e-03
1.062073505835505177e-03
1.065537719734546999e-03
1.070897667019314907e-03
1.074843090766365366e-03
1.080202728279957549e-03
1.085653881780390033e-03
1.091164913491449954e-03
1.097309888434743180e-03
1.101330017434033358e-03
1.105493318732716796e-03
1.111453411386066582e-03
1.116349802000440221e-03
1.121039761809232991e-03
1.126510408930303303e-03
1.131272128057936874e-03
1.137524789449690299e-03
1.143222342529571492e-03
1.147434438377054619e-03
1.152638921070540251e-03
1.158614362086099470e-03
1.163303155571216796e-03
1.168354745534012484e-03
1.173851012472310572e-03
1.179488921324237192e-03
1.184164454428670611e-03
1.190019801845727679e-03
1.196656711152366531e-03
1.202314692053810209e-03
1.208052428455615212e-03
1.214907034673644911e-03
1.221824369213816031e-03
1.227916851453200167e-03
1.233816510126104762e-03
1.240849804296019357e-03
1.246850042613279743e-03
1.253858979463055422e-03
1.259311565166733229e-03
1.264529131661039406e-03
1.270831627802153406e-03
1.277794272465597892e-03
1.283691390194959675e-03
1.289035291487591666e-03
1.294429925803220480e-03
1.299535398301241915e-03
1.304646280659836535e-03
1.311643067139140091e-03
1.317218732428753489e-03
1.323800325144450620e-03
1.328927846006733781e-03
1.335768643213268870e-03
1.342886157352871567e-03
1.348812787871276914e-03
1.355679267248123630e-03
1.363940831766359031e-03
1.371284355156101318e-03
1.380019742714389463e-03
1.386105092034762296e-03
1.392861079953079759e-03
1.400420736161317545e-03
1.408340752476743354e-03
1.415980054134318615e-03
1.422805743907609635e-03
1.429676747626320394e-03
1.436447743945143320e-03
1.442428695789248639e-03
1.450550238636009927e-03
1.457041602223878470e-03
1.465940802720484696e-03
1.472225437093127717e-03
1.480257643915207843e-03
1.488429268637131734e-03
1.496855781673025196e-03
1.504666998369901497e-03
1.510760907721287773e-03
1.517301203529640820e-03
1.524281359436967112e-03
1.533264976319716590e-03
1.540425817828772583e-03
1.548533876206619787e-03
1.553282718785685065e-03
1.559834895580419246e-03
1.569265351530217288e-03
1.577886854052748360e-03
1.584980164878795018e-03
1.592882004532551526e-03
1.600043043585877307e-03
1.605890067358530654e-03
1.614424827107611071e-03
1.623463959434253085e-03
1.630313316362844113e-03
1.638745239014553854e-03
1.646141889332301865e-03
1.652652871567559341e-03
1.660784619299438989e-03
1.667634156619516054e-03
1.676554363011643987e-03
1.685975779014307419e-03
1.694193858291697568e-03
1.703547834361221524e-03
1.711857882374877380e-03
1.720464322491697517e-03
1.727364063720295212e-03
1.737393552070763724e-03
1.746781395615331928e-03
1.755482367339552706e-03
1.763469648741169222e-03
1.770579151224360498e-03
1.780422548416664115e-03
1.787555981324653615e-03
1.796844068919596941e-03
1.806163777944732240e-03
1.813292120262371444e-03
1.820833080806310645e-03
1.831725729473575705e-03
1.840948307221150449e-03
1.851138703733908389e-03
1.860223935488642538e-03
1.869048362785819071e-03
1.876921364547604922e-03
1.886276493131638704e-03
1.894716564265904683e-03
1.904194248226777136e-03
1.913097903259708020e-03
1.921345037993165989e-03
1.929340064347711929e-03
1.935985958493689459e-03
1.944582273299246770e-03
1.953340856348100528e-03
1.963416352197936993e-03
1.972857771451979290e-03
1.982120938760018481e-03
1.993011543613655220e-03
2.003101340012737337e-03
2.012623416987077956e-03
2.022301944273866350e-03
2.033061944787403763e-03
2.040985704626079207e-03
2.051609253689664573e-03
2.061931074215193806e-03
2.070982156529699650e-03
2.080394693130629014e-03
2.089554865569202662e-03
2.099385079451118914e-03
2.108365971703570971e-03
2.118515549715730469e-03
2.127680861106403913e-03
2.137678915052603629e-03
2.145968559273310223e-03
2.153456894126255881e-03
2.163518283955151184e-03
2.173076768761478435e-03
2.182825142366843357e-03
2.191738709416450430e-03
2.198626693997329622e-03
2.208410218450863362e-03
2.219133895609869556e-03
2.228689201352287551e-03
2.237400481652101949e-03
2.246533508622402218e-03
2.255803215901815758e-03
2.266173273751187749e-03
2.274659475189669787e-03
2.283952928181220369e-03
2.292400077017860398e-03
2.302289587963634709e-03
2.311107782964602186e-03
2.318044505113314464e-03
2.324904316180480268e-03
2.333271457864467303e-03
2.341723514839848252e-03
2.349517265695993604e-03
2.357399265076632559e-03
2.365629412257437558e-03
2.372012630410515622e-03
2.379992077227897299e-03
2.387320629171113713e-03
2.394974157918795029e-03
2.403430988742604087e-03
2.411746027582993383e-03
2.417919545934437558e-03
2.424656355208046864e-03
2.432604866950964680e-03
2.439651139812776953e-03
2.447336224178216831e-03
2.455098949392449815e-03
2.463478684150968365e-03
2.470065367250872963e-03
2.477292050345447725e-03
2.485753916503913395e-03
2.492614078604313364e-03
2.498633292938826512e-03
2.504840033548059227e-03
2.511731598913570333e-03
2.519549716427200384e-03
2.525680038852254079e-03
2.533082562874622648e-03
2.540354707935787992e-03
2.547459504797701217e-03
2.554860273683780877e-03
2.561272413363183380e-03
2.569269932673133496e-03
2.576241024945252409e-03
2.582886544742077784e-03
2.589644204157867148e-03
2.597122053204082952e-03
2.603414384480673069e-03
2.610406714438033050e-03
2.615219419039771422e-03
2.621277405108831445e-03
2.626797607391790669e-03
2.631530170187644339e-03
2.637089701108021478e-03
2.642395193641807090e-03
2.648082066916720382e-03
2.654363859094765674e-03
2.661370527935663210e-03
2.668812852610214642e-03
2.674151431045523539e-03
2.680056727492297411e-03
2.686601323931358566e-03
2.693483227119424384e-03
2.700859901432643272e-03
2.707959427311276875e-03
2.715416590247099905e-03
2.721668039305284292e-03
2.727813022581373776e-03
2.734778419952400320e-03
2.741219392287424800e-03
2.746687015848011532e-03
2.752184316627130298e-03
2.758988953352211823e-03
2.765295567265861967e-03
2.771403410670498883e-03
2.778349272755494242e-03
2.784668650201192492e-03
2.789942968281862359e-03
2.796172899665860020e-03
2.801311846610189844e-03
2.806371021388327520e-03
2.813393542291864162e-03
2.818891732470077665e-03
2.825368116371012196e-03
2.829936132580354157e-03
2.834888865759026787e-03
2.840156054421864081e-03
2.845999650995326320e-03
2.852515603160355774e-03
2.857730121614280010e-03
2.863881591955140266e-03
2.868080222901263267e-03
2.873029590780066828e-03
2.878703455771151973e-03
2.884053637907151718e-03
2.888926279992758573e-03
2.893536768506672300e-03
2.898862167683691465e-03
2.903745235961216822e-03
2.907613702098972141e-03
2.911852107625399408e-03
2.916824218753160704e-03
2.922716664913209243e-03
2.927744658343888872e-03
2.933132627314203374e-03
2.937715307907413139e-03
2.942720944650652204e-03
2.947493019673903814e-03
2.951880989223600645e-03
2.957274443955474567e-03
2.962342268467677529e-03
2.967355054498522961e-03
2.972290057634912296e-03
2.978507037577681881e-03
2.984007966642114769e-03
2.988332152666043229e-03
2.993933687999063373e-03
2.998303935168617797e-03
3.003611473046201817e-03
3.007902014017960635e-03
3.011862192613424041e-03
3.016906400261972626e-03
3.023096818216055529e-03
3.027920645642315136e-03
3.033305475404551258e-03
3.038011461119270555e-03
3.043175453720507306e-03
3.048923088266726217e-03
3.053946556819116514e-03
3.057353234414886441e-03
3.062938767866641657e-03
3.067844299574773535e-03
3.073223529317886758e-03
3.078042445829533465e-03
3.082941991710608665e-03
3.087655685938986948e-03
3.092510020937060383e-03
3.096004254217239564e-03
3.100300778988970395e-03
3.105438404514693738e-03
3.109331442491307818e-03
3.113338694502888141e-03
3.116750819371516545e-03
3.120374972488906221e-03
3.124260239385603585e-03
3.128373721038694728e-03
3.133293164107635569e-03
3.137785958876607162e-03
3.141828462945948225e-03
3.146377159004184066e-03
3.150789189394778700e-03
3.154892383771575135e-03
3.158826821040150359e-03
3.163113451621670999e-03
3.166962956746449155e-03
3.170669998397958583e-03
3.174408556286941515e-03
3.178764148658835397e-03
3.183697489758651692e-03
3.188097971745290551e-03
3.192603646956306256e-03
3.197464475106387080e-03
3.200948750898797469e-03
3.204911914571010462e-03
3.209382213272368722e-03
3.213682229805804418e-03
3.218197334832809814e-03
3.222356075086014234e-03
3.226943182251134235e-03
3.230787729822416198e-03
3.234233411411517687e-03
3.237622797558137918e-03
3.242551197486727693e-03
3.246262192279974253e-03
3.250353544222366921e-03
3.254433609583422520e-03
3.257906576715590297e-03
3.261961071693505153e-03
3.265754398688800776e-03
3.269398044021563053e-03
3.273889674586024940e-03
3.278007489349115365e-03
3.282226040131874887e-03
3.285679688203107032e-03
3.289940118871554405e-03
3.293823328875720036e-03
3.296884531558213170e-03
3.301116267629946623e-03
3.304891871462561307e-03
3.308016811575296978e-03
3.312229882935419090e-03
3.316235855840687658e-03
3.319885635529329533e-03
3.324141364361000214e-03
3.327577036823221954e-03
3.330590649850448219e-03
3.334296626287928250e-03
3.338134362877604247e-03
3.341469027725500404e-03
3.345155033058030102e-03
3.348891169141160386e-03
3.352668340005512948e-03
3.356561451623605360e-03
3.360035566008457049e-03
3.363757349755313025e-03
3.367622991031233009e-03
3.371400508254515389e-03
3.375904112598995550e-03
3.379956214099699274e-03
3.383144972060454954e-03
3.386584975866573088e-03
3.389723946823167047e-03
3.393358066853292831e-03
3.397000247187383689e-03
3.400390016354448274e-03
3.403567866022519893e-03
3.406788509996365021e-03
3.410947266559892325e-03
3.414294252293516383e-03
3.417025865249008476e-03
3.420831734621967036e-03
3.424365116078299277e-03
3.427264918258219641e-03
3.430868803565291676e-03
3.434823388406107233e-03
3.438648255765611693e-03
3.442564204027413841e-03
3.446071254314840657e-03
3.449163939209561568e-03
3.453230397469937013e-03
3.456503959285017399e-03
3.460078778899169233e-03
3.464055241511351021e-03
3.467205244451735877e-03
3.471386883119108140e-03
3.475035096593117202e-03
3.478932005799736243e-03
3.482502036858261402e-03
3.485637311914003937e-03
3.489214072042816188e-03
3.492319343506867287e-03
3.495744510958614677e-03
3.499110299202180113e-03
3.502732059477236658e-03
3.505569204520578904e-03
3.508191177966623123e-03
3.511390783015015758e-03
3.514169162665267254e-03
3.517024886955006941e-03
3.520476086388549773e-03
3.523014294494604577e-03
3.526096149172936421e-03
3.529438048761911802e-03
3.532749527356209441e-03
3.536248338933352386e-03
3.539279210574937471e-03
3.542561678827511190e-03
3.545471534051443385e-03
3.548410966490608137e-03
3.551579074785028885e-03
3.554828751721184326e-03
3.557998753626179841e-03
3.561062033266395969e-03
3.564854889897205083e-03
3.567649622608460441e-03
3.570968630532837199e-03
3.574218707503695920e-03
3.577548325917660321e-03
3.580914225274278544e-03
3.584081285990684072e-03
3.587141593991497335e-03
3.590178014278979333e-03
3.593020112037020007e-03
3.595843722605468560e-03
3.599448881900267974e-03
3.602721411885711003e-03
3.605832017579304119e-03
3.608703496598331898e-03
3.612071006586920364e-03
3.614928718912898721e-03
3.617555281053899067e-03
3.620500115517405124e-03
3.623153514751989348e-03
3.625899721996260656e-03
3.628780526298869789e-03
3.631258414514165669e-03
3.633887495403576376e-03
3.637205957893086591e-03
3.640589550132932763e-03
3.644076401556536286e-03
3.646568627252972858e-03
3.649882870527105388e-03
3.653073632288713745e-03
3.656406187565459324e-03
3.658722415369311965e-03
3.661523911694564756e-03
3.664666037813043512e-03
3.667685746672074386e-03
3.670734698560796164e-03
3.673456112922403923e-03
3.676481534887453880e-03
3.679548868217124864e-03
3.682830326696120461e-03
3.686136700973082544e-03
3.689225063898096419e-03
3.692277084981307900e-03
3.695687048287015462e-03
3.698423777738340471e-03
3.700859292952620849e-03
3.703601385200112634e-03
3.706154613063482924e-03
3.708869014573712517e-03
3.711668430073480733e-03
3.714504651365147132e-03
3.717533538989493958e-03
3.720462001911691626e-03
3.722726614781006905e-03
3.725035888168645639e-03
3.728128506580425869e-03
3.730835393268328547e-03
3.733526179975623412e-03
3.736219220815606076e-03
3.738768984259072635e-03
3.741228340120617956e-03
3.744120033030270446e-03
3.746632162199768547e-03
3.749162370151805802e-03
3.751617390369302481e-03
3.754490589791905936e-03
3.756521439293115851e-03
3.759545685062007977e-03
3.761328140037999406e-03
3.764400683300441180e-03
3.766949453576657475e-03
3.769658125236806118e-03
3.772352627806155670e-03
3.775350156148620309e-03
3.778322410066271061e-03
3.780625502306611367e-03
3.783117007203101734e-03
3.786044453163425749e-03
3.788947153076427377e-03
3.791043244893251962e-03
3.793610855255751847e-03
3.796421423751518594e-03
3.799013073892993243e-03
3.801266799126314794e-03
3.803714904732881635e-03
3.806685145962566009e-03
3.809651018783257771e-03
3.812298448935432654e-03
3.814896303405263932e-03
3.817704513948124399e-03
3.820358265202960981e-03
3.822860689461081516e-03
3.825191813676848043e-03
3.827645282816589771e-03
3.830200553203371317e-03
3.832755998893817677e-03
3.835646328137674432e-03
3.838475307299748628e-03
3.841163301752874727e-03
3.844175856950614659e-03
3.846612440489519114e-03
3.849351137713456078e-03
3.852009678530587174e-03
3.853962852010769068e-03
3.856225450081330729e-03
3.858467540363689531e-03
3.861054393079849101e-03
3.863706775506593576e-03
3.866045742299904948e-03
3.868458431834874683e-03
3.871023651533817261e-03
3.873230206470330058e-03
3.875824905078828660e-03
3.878513684654743589e-03
3.880689502699290281e-03
3.883150638370155491e-03
3.885581025043260799e-03
3.888077604954666422e-03
3.890617849190461299e-03
3.893315274030264249e-03
3.895458273658349967e-03
3.897592829355822370e-03
3.899732483807922048e-03
3.902008212057705809e-03
3.904136825985067994e-03
3.906469587590835450e-03
3.909001220465379949e-03
3.911435883002955909e-03
3.913999774573784923e-03
3.916370790576737503e-03
3.918151538853293508e-03
3.920465088627029041e-03
3.923331252826438992e-03
3.925858320374643433e-03
3.928260449916291981e-03
3.930730079847232460e-03
3.933308983360233463e-03
3.935880167538123239e-03
3.938460123279345464e-03
3.940278389984884846e-03
3.942360477467432567e-03
3.944775088203711887e-03
3.947042080528399485e-03
3.949363112647675915e-03
3.951759060363820714e-03
3.954064071398023100e-03
3.956115064805746338e-03
3.958184072112445363e-03
3.960374994919712600e-03
3.962611214236101513e-03
3.964865325929590317e-03
3.967453985786010238e-03
3.969615273266756568e-03
3.971778817454986107e-03
3.973838255138483627e-03
3.975813095649834324e-03
3.977879939498859922e-03
3.980300438368637381e-03
3.982203572082950588e-03
3.984190550154133488e-03
3.986039267055160353e-03
3.987984701375338857e-03
3.990424178501597412e-03
3.992148200455062322e-03
3.993899774373765171e-03
3.996032480893042457e-03
3.997982797901559679e-03
4.000412624664518094e-03
4.002819703254427257e-03
4.005016872244109537e-03
4.006900288643903789e-03
4.009174554507327973e-03
4.011309506904581039e-03
4.013280860245173852e-03
4.015188709358770772e-03
4.017390143815988655e-03
4.019418784412225575e-03
4.021440226358820834e-03
4.023167883921912463e-03
4.025215619400513908e-03
4.027305693978107740e-03
4.028837987083660858e-03
4.030951360277266853e-03
4.033028673551466471e-03
4.034888801395756543e-03
4.036920335875867315e-03
4.039130488658154022e-03
4.041105909498945471e-03
4.043370611124634528e-03
4.045420826448452301e-03
4.047492107664196759e-03
4.049921738953788514e-03
4.051748870799035292e-03
4.053519915605134465e-03
4.055304447542686964e-03
4.057559739410288718e-03
4.059561953181834403e-03
4.061751329090591313e-03
4.063949547552259470e-03
4.066027564952249748e-03
4.067935808198062247e-03
4.069666098716245677e-03
4.071685986600955681e-03
4.073491651496397893e-03
4.075390587885890058e-03
4.077519075060670288e-03
4.079787990471330471e-03
4.081614080241831310e-03
4.083399583625045570e-03
4.085441584173131295e-03
4.087234583209914743e-03
4.088940484848778423e-03
4.090754272777811888e-03
4.092839443434131454e-03
4.094927902815029275e-03
4.096956704467771132e-03
4.099171285490839714e-03
4.101140732952996554e-03
4.103431054001922124e-03
4.105614118777481392e-03
4.107730126870234345e-03
4.109150778170648360e-03
4.110925663907313322e-03
4.112604496406640359e-03
4.114320470483623718e-03
4.116016550296573186e-03
4.117701219728450365e-03
4.119570797874535888e-03
4.121481471768237079e-03
4.123549013374704780e-03
4.125367590782642001e-03
4.127266334650806293e-03
4.128928115860944562e-03
4.130834270442017633e-03
4.132853957608715982e-03
4.134842268426406654e-03
4.136803209615280523e-03
4.138644103181396069e-03
4.140804474773858782e-03
4.142360945931112398e-03
4.144147833097690595e-03
4.145902140390683374e-03
4.147946900786047761e-03
4.149913044083816324e-03
4.151332682484933784e-03
4.153165911491668930e-03
4.155130146801303687e-03
4.156995382834566266e-03
4.158780323046730801e-03
4.160804988259517341e-03
4.162357937305076645e-03
4.164074753191740995e-03
4.165872377179168258e-03
4.167557580598811769e-03
4.168985144039993526e-03
4.170587920744492708e-03
4.172400325190097660e-03
4.173942105406494227e-03
4.175781814550525925e-03
4.177813423919996168e-03
4.179339627919676121e-03
4.181160974228700922e-03
4.183403812336759960e-03
4.185068285953506655e-03
4.186911099621834845e-03
4.188365874625134787e-03
4.190152117155003519e-03
4.191875772973730450e-03
4.193489489772271248e-03
4.195485139276076449e-03
4.196903734551937597e-03
4.198430188834547348e-03
4.199886764404458031e-03
4.201373629604442800e-03
4.202955617769991818e-03
4.204692347945250194e-03
4.206285734138962874e-03
4.207570062605819720e-03
4.209414920616761507e-03
4.211055863559950117e-03
4.212805967922920655e-03
4.214423241137178928e-03
4.216035330356439174e-03
4.217790824585305326e-03
4.219302122916061305e-03
4.221111706920246780e-03
4.222861269280416170e-03
4.224175564502758058e-03
4.225907426310179099e-03
4.227408548908846535e-03
4.229185183306881715e-03
4.231039588931980247e-03
4.232767065027258011e-03
4.234472555823047719e-03
4.236217894385802853e-03
4.238083321967936815e-03
4.239663133938145582e-03
4.241113834224989783e-03
4.242637252649588374e-03
4.244121955763601080e-03
4.245659163534598775e-03
4.247103744592085374e-03
4.248802261089546124e-03
4.250373852848389131e-03
4.251602127802093720e-03
4.253180962597175215e-03
4.254681213727147700e-03
4.256218167183710432e-03
4.257749387172999299e-03
4.259398675482931919e-03
4.260758265369903042e-03
4.262458161304688575e-03
4.264129644626300439e-03
4.265651433805576175e-03
4.267177163528397890e-03
4.268653029703314318e-03
4.270116837644623818e-03
4.271576555922252695e-03
4.273323610208390640e-03
4.274761947179951845e-03
4.276246380777901437e-03
4.277719128569733992e-03
4.279076119066827291e-03
4.280474050647326868e-03
4.282060861726362001e-03
4.283382392083153779e-03
4.284984619616355114e-03
4.286390455765761234e-03
4.287767256452053657e-03
4.289269996220083057e-03
4.291077966131920905e-03
4.292432260698950813e-03
4.294186962515497176e-03
4.295572654468550640e-03
4.296840057767061655e-03
4.298623738479244449e-03
4.300033735859413314e-03
4.301744740625651660e-03
4.303103957760053520e-03
4.304832081296087673e-03
4.306444984848384686e-03
4.307932940808763787e-03
4.309307205188708106e-03
4.310890608984757101e-03
4.312388608734569161e-03
4.313542542726655354e-03
4.314892876937936189e-03
4.316212666252266725e-03
4.317839034498906735e-03
4.319182315183998228e-03
4.320677176993437466e-03
4.321742846167450289e-03
4.323239395275781279e-03
4.324762590686524223e-03
4.326457836703061569e-03
4.328092592846578650e-03
4.329697510638706205e-03
4.331193875785496750e-03
4.332805788209047847e-03
4.334122738482910388e-03
4.335634869916961051e-03
4.337426126900698412e-03
4.339054052208360206e-03
4.340407074969279168e-03
4.341796232080715953e-03
4.343134896952533311e-03
4.344469341789300096e-03
4.345839675412207712e-03
4.347237257973814509e-03
4.348716906834777275e-03
4.350317409418547922e-03
4.351503188208340027e-03
4.352858744962848601e-03
4.354259793965062179e-03
4.355923421924522490e-03
4.357338736195750725e-03
4.358779091006883578e-03
4.360206263131879284e-03
4.361667598231594965e-03
4.363176013977076301e-03
4.364875893667992737e-03
4.366340743469325839e-03
4.367640228630368000e-03
4.368742793095791409e-03
4.370217784170083060e-03
4.371499623718518718e-03
4.372457657066065352e-03
4.373972216890888338e-03
4.375389997536316064e-03
4.376874786515537810e-03
4.378401148728038213e-03
4.379364993281562209e-03
4.380694519907883319e-03
4.381749412842116283e-03
4.383134574293585245e-03
4.384517438166753850e-03
4.385803983807274112e-03
4.386801105194472125e-03
4.388297949305028020e-03
4.389586414051215198e-03
4.390934958158238498e-03
4.392447067215740630e-03
4.393684487593401550e-03
4.395129216070587860e-03
4.396334325837184497e-03
4.397751481793926026e-03
4.399153326873821677e-03
4.400601595372239869e-03
4.401682515007840704e-03
4.402854556231536841e-03
4.403996310291095201e-03
4.405635256832134312e-03
4.407173258413016152e-03
4.408404693292998847e-03
4.409830176939495174e-03
4.411032660134653165e-03
4.412177242583895445e-03
4.413656095424285837e-03
4.415029467810374642e-03
4.416293566941104261e-03
4.417608115882373961e-03
4.418963312745560930e-03
4.420177001525443794e-03
4.421469123521711876e-03
4.422895135198876004e-03
4.424301825308053077e-03
4.425459994596176762e-03
4.426674682585396425e-03
4.427913384360862917e-03
4.429042381077090244e-03
4.430267895613760991e-03
4.431476211799510387e-03
4.432702547153902217e-03
4.433948290987073035e-03
4.435343004008707006e-03
4.436670392402847392e-03
4.437569200047784476e-03
4.438758363994507392e-03
4.439971158655446441e-03
4.440913887473784891e-03
4.442049167827059539e-03
4.443232737651952625e-03
4.444499575689791170e-03
4.445530345442131985e-03
4.446761271913447951e-03
4.447871409387125705e-03
4.448970178338729209e-03
4.450171244050303565e-03
4.451084299713401783e-03
4.452267241743897673e-03
4.453545807914825044e-03
4.454765804171340916e-03
4.456001840169943398e-03
4.457147538255587516e-03
4.458286062402666908e-03
4.459480896339693481e-03
4.460591198731302109e-03
4.461848458996759900e-03
4.463073598930650428e-03
4.464058597027501137e-03
4.465382814204867101e-03
4.466688440026696412e-03
4.468015990720628459e-03
4.469049175452851144e-03
4.470358368072782120e-03
4.471441692099017463e-03
4.472754070602608621e-03
4.473875076884403779e-03
4.475089049593310164e-03
4.476185528583281024e-03
4.477353369194162977e-03
4.478385108592884342e-03
4.479475857896395539e-03
4.480762440584852568e-03
4.481818530746089699e-03
4.482945520079621195e-03
4.484121575171405930e-03
4.485052253126518666e-03
4.486338918157179063e-03
4.487698029066957209e-03
4.488894488329613075e-03
4.489839707685943510e-03
4.490916364817447264e-03
4.491918049341467670e-03
4.493051797928969068e-03
4.494004068053697454e-03
4.495029588784504870e-03
4.496119983100230373e-03
4.497071825692309718e-03
4.498189808977459334e-03
4.499497327548019829e-03
4.500780087462570404e-03
4.502065495270492559e-03
4.503238628844153518e-03
4.504298070435352325e-03
4.505574137470143813e-03
4.506763351098591608e-03
4.507807670975799187e-03
4.508870119881121415e-03
4.510000209699940692e-03
4.511099413152584378e-03
4.512116906447281861e-03
4.513345156118597420e-03
4.514474435891697827e-03
4.515530683258646948e-03
4.516649823957851785e-03
4.517706039757055092e-03
4.519054208231692085e-03
4.520121724112560052e-03
4.521110512608099256e-03
4.522110295134442251e-03
4.523412199029314823e-03
4.524298910837978339e-03
4.525209187951184653e-03
4.526415336926468275e-03
4.527591150102730673e-03
4.528616077902729471e-03
4.529645187625288248e-03
4.530655403111659256e-03
4.531852812717421415e-03
4.532960579767160436e-03
4.534070149816799011e-03
4.535301889943986822e-03
4.536594628332619138e-03
4.537661771818467769e-03
4.538801888990737221e-03
4.539803150170899394e-03
4.540869500372278662e-03
4.542054490242689556e-03
4.543318442342372115e-03
4.543884711153869070e-03
4.545133457014625608e-03
4.546138700424400686e-03
4.547395110423204517e-03
4.548777581283171279e-03
4.549826650030823309e-03
4.550855639059884356e-03
4.551709358831744837e-03
4.552932720495768935e-03
4.553997202639295701e-03
4.555001251951477405e-03
4.556169211570461341e-03
4.557150134513464866e-03
4.558560930650728919e-03
4.559504497031375073e-03
4.560613941792815429e-03
4.561506485421059146e-03
4.562452866906607958e-03
4.563377974520575753e-03
4.564324165425862057e-03
4.565434292177740494e-03
4.566341631696369495e-03
4.567357872169728987e-03
4.568353574551126117e-03
4.569328584606597611e-03
4.570337530694864626e-03
4.571224353765820057e-03
4.572177328203720463e-03
4.573139272724791038e-03
4.574110872804773055e-03
4.575191955923184513e-03
4.576202884533465270e-03
4.577253858802288709e-03
4.578352856381577574e-03
4.579209178028173684e-03
4.580164001133570952e-03
4.581210955542207482e-03
4.582361701000137351e-03
4.583375273964305011e-03
4.584366704109021397e-03
4.585478558091505771e-03
4.586440686399278349e-03
4.587427712318990075e-03
4.588501799651431914e-03
4.589478496881145737e-03
4.590538260859720887e-03
4.591410181879082737e-03
4.592425080147650475e-03
4.593447693350172917e-03
4.594294922639827888e-03
4.595201619248043615e-03
4.596161165990987098e-03
4.597139501394889236e-03
4.598041676468983888e-03
4.599047515303452023e-03
4.600036708386293256e-03
4.601013171717243007e-03
4.602006341088447916e-03
4.602840480986017044e-03
4.603722025507261430e-03
4.604612503247090816e-03
4.605204881909126351e-03
4.606161530360160412e-03
4.606999986923148750e-03
4.608023390879360283e-03
4.608736973099662043e-03
4.609692464288522862e-03
4.610420886485598960e-03
4.611429690946869386e-03
4.612427394315328326e-03
4.613385975873270442e-03
4.614381009467199458e-03
4.615279311331187302e-03
4.616152939740937947e-03
4.617205837082498897e-03
4.617979273164546025e-03
4.618971710756340429e-03
4.619945934760138519e-03
4.621079098904080397e-03
4.621979557936067157e-03
4.622855465740178561e-03
4.623794438936771993e-03
4.624651923153220989e-03
4.625522817158298459e-03
4.626345407397479924e-03
4.627255655802162831e-03
4.628347730260992839e-03
4.629343052094730612e-03
4.630257128541193784e-03
4.631183943929600803e-03
4.632261865658912105e-03
4.633215168886755699e-03
4.634236405751162614e-03
4.635145958599933176e-03
4.636085167066900971e-03
4.637074693804621103e-03
4.637890732136955643e-03
4.638620422952511105e-03
4.639511582230373965e-03
4.640318610947451530e-03
4.641279849679980779e-03
4.642002004514371623e-03
4.642921594454610910e-03
4.643709524115280027e-03
4.644307065077384750e-03
4.645215051655931550e-03
4.646086563964571016e-03
4.647024716396689833e-03
4.647953312243812210e-03
4.648844425818682465e-03
4.649924270638081981e-03
4.650707751660655177e-03
4.651651863943942998e-03
4.652475290289081501e-03
4.653398505223074744e-03
4.654254685990611567e-03
4.655120523308051844e-03
4.655871663266342685e-03
4.656747012992795351e-03
4.657551120669716632e-03
4.658371604639923759e-03
4.659286849435196123e-03
4.660273287901903205e-03
4.661169351169965232e-03
4.661855444026180746e-03
4.662682931508794169e-03
4.663624287369145735e-03
4.664697219686695685e-03
4.665452235806099961e-03
4.666337895934288132e-03
4.667063279173079560e-03
4.667971632294500538e-03
4.668698195605609606e-03
4.669408478803950373e-03
4.670470760475404354e-03
4.671236382444276386e-03
4.671952681847340791e-03
4.672608515002240476e-03
4.673361254491787894e-03
4.674216890592576383e-03
4.675077463413624020e-03
4.676000430509887756e-03
4.677096974348547535e-03
4.677775961747680962e-03
4.678464318759638710e-03
4.679175555605702766e-03
4.680050808406943652e-03
4.680907743718537919e-03
4.681945289913300688e-03
4.682901592523668749e-03
4.683733154844987347e-03
4.684459076698449000e-03
4.684946672740029211e-03
4.685800373948559999e-03
4.686568164053980801e-03
4.687461548979993814e-03
4.688480889102062885e-03
4.689471352405449184e-03
4.690261925332553893e-03
4.691069561039097960e-03
4.691843801244306375e-03
4.692793109427654229e-03
4.693669390901373910e-03
4.694503082585788946e-03
4.695261351705126013e-03
4.696036426194764163e-03
4.696844858398149802e-03
4.697673400011808699e-03
4.698418433830827377e-03
4.699211495423336049e-03
4.700036883113586916e-03
4.700634949063057719e-03
4.701355965821021193e-03
4.702313771079407421e-03
4.703105496245255784e-03
4.703658140846406904e-03
4.704239917253149120e-03
4.704979234039743073e-03
4.705774444708495964e-03
4.706501823835299546e-03
4.707454649974934791e-03
4.708173756303107339e-03
4.709012173625150115e-03
4.709596758286888930e-03
4.710401764819386120e-03
4.711085603771080280e-03
4.711823935882572360e-03
4.712472867613040108e-03
4.713350825362668667e-03
4.714064716445967237e-03
4.714786524800762199e-03
4.715737699790121910e-03
4.716504313822851222e-03
4.717192924858050647e-03
4.718062128976010725e-03
4.719000601459162961e-03
4.719754847199611296e-03
4.720615630284303102e-03
4.721260154851324164e-03
4.721908132681279513e-03
4.722597472864454443e-03
4.723176676104736370e-03
4.723928408391197230e-03
4.724500638007295833e-03
4.725370393017023010e-03
4.726187231776782412e-03
4.726854363536996465e-03
4.727481496628479184e-03
4.728187011909067497e-03
4.729018077203603516e-03
4.729767621285158909e-03
4.730295390885481781e-03
4.730985667377252471e-03
4.731633579036584152e-03
4.732490730136522210e-03
4.733264454626804132e-03
4.733965692702926838e-03
4.734545570832538082e-03
4.735194611023132126e-03
4.735931871109900874e-03
4.736711267004472571e-03
4.737326866374933637e-03
4.738028803872402703e-03
4.738814153650009429e-03
4.739702606735340940e-03
4.740400248760779853e-03
4.741021276685531902e-03
4.741616451677034896e-03
4.742338960750635754e-03
4.743079198950316162e-03
4.743693989237443044e-03
4.744312980160787264e-03
4.744949895403305362e-03
4.745729523806364349e-03
4.746495280696864938e-03
4.747284555047181880e-03
4.747981636032462885e-03
4.748675426414983997e-03
4.749460815561578828e-03
4.750289892615150618e-03
4.751084429527352090e-03
4.751962962506853065e-03
4.752573000972916580e-03
4.753333425119540476e-03
4.754085606891677446e-03
4.754694826777946734e-03
4.755631491379796842e-03
4.756423967117311656e-03
4.757229100282399543e-03
4.758074706560233222e-03
4.758757115391153841e-03
4.759574087118292537e-03
4.760151280071854389e-03
4.760917543902294657e-03
4.761639121134292503e-03
4.762425269123030970e-03
4.763074412224558261e-03
4.763813981193858356e-03
4.764484309173915022e-03
4.765125242356308029e-03
4.765813106271125400e-03
4.766489403317773765e-03
4.767124299429199505e-03
4.767855880289803387e-03
4.768578688423930588e-03
4.769348752627402752e-03
4.769919119736689382e-03
4.770721691513078039e-03
4.771516400128345339e-03
4.772307243418084238e-03
4.772945756809845487e-03
4.773556421086467758e-03
4.774131843711668273e-03
4.774901738165150331e-03
4.775645582876637818e-03
4.776341357396525489e-03
4.776928485334880521e-03
4.777583072142701712e-03
4.778249014085823691e-03
4.778869478444338660e-03
4.779456885252973859e-03
4.780191226355408850e-03
4.780903655780941244e-03
4.781521118664307061e-03
4.782171919966037368e-03
4.782848943002513016e-03
4.783634448888517653e-03
4.784453961864243779e-03
4.785059801470215209e-03
4.785859828065412193e-03
4.786500616886047409e-03
4.787186199105570271e-03
4.787962886159324513e-03
4.788499401407832201e-03
4.789150904437568940e-03
4.789915705748650984e-03
4.790656614702466787e-03
4.791217067246721605e-03
4.791849580858571246e-03
4.792492810735540960e-03
4.793234115866549377e-03
4.793981404766365501e-03
4.794662366533878652e-03
4.795267358455901872e-03
4.795918863129739265e-03
4.796452043378298009e-03
4.797110369024187339e-03
4.797868456359374173e-03
4.798464101924329768e-03
4.799220587098871997e-03
4.799694617738858513e-03
4.800263128545806737e-03
4.800966885680890001e-03
4.801429629500263835e-03
4.802137542819823537e-03
4.802693442737306258e-03
4.803333547608967628e-03
4.804000252219825864e-03
4.804654832257575572e-03
4.805273279073029105e-03
4.806025654004460190e-03
4.806706678269000860e-03
4.807253474934979412e-03
4.807812118507228186e-03
4.808501033118950038e-03
4.809140989671998809e-03
4.809801544548302984e-03
4.810493560731519264e-03
4.811189890837556070e-03
4.811781047994769835e-03
4.812254596220725752e-03
4.813022848630249539e-03
4.813654679950147945e-03
4.814283449146731890e-03
4.814855528672498837e-03
4.815436115738747774e-03
4.816030435843446193e-03
4.816591874510030638e-03
4.817202329036472143e-03
4.817920015919126969e-03
4.818384744182566473e-03
4.818936968183703574e-03
4.819555730928973269e-03
4.820375760327745215e-03
4.821009731020972286e-03
4.821630400219971239e-03
4.822163621218225268e-03
4.822778146783369968e-03
4.823437764852589113e-03
4.823999095206391204e-03
4.824534792761102538e-03
4.825114194842306491e-03
4.825647913739457111e-03
4.826099702707199214e-03
4.826701429088856542e-03
4.827335143266635840e-03
4.828048400331538467e-03
4.828631440491407134e-03
4.829169217634860130e-03
4.829703411636976536e-03
4.830262703313920221e-03
4.830840962137567841e-03
4.831297574332802693e-03
4.831873611881972591e-03
4.832482665688446997e-03
4.833066735066673773e-03
4.833621793715514939e-03
4.834220716559265232e-03
4.834787231988773790e-03
4.835368947131420646e-03
4.835950096216370259e-03
4.836577960037891089e-03
4.837279046818811733e-03
4.837892364157814033e-03
4.838482810805348061e-03
4.839149868261895596e-03
4.839728261569722217e-03
4.840313268503062399e-03
4.840904389768387744e-03
4.841496786049439768e-03
4.841978502699910598e-03
4.842355467869085932e-03
4.842953276840972557e-03
4.843491527596528214e-03
4.844017151581365456e-03
4.844694753138028588e-03
4.845182523522091958e-03
4.845732385016839755e-03
4.846351455745459211e-03
4.846875609764254335e-03
4.847393046184981374e-03
4.847989927701112575e-03
4.848517754280094218e-03
4.849159929811076679e-03
4.849833525186310682e-03
4.850319330092897098e-03
4.850843141081672902e-03
4.851355802859784634e-03
4.852044557997435385e-03
4.852591902565876053e-03
4.853228064993059775e-03
4.853797525295378348e-03
4.854443566045800462e-03
4.855015445391069363e-03
4.855568139346366253e-03
4.856096727672494159e-03
4.856650017818099976e-03
4.857242103018658171e-03
4.857731290894052451e-03
4.858319155502398116e-03
4.858767464049392609e-03
4.859373748860845027e-03
4.859927223543741674e-03
4.860488672246664199e-03
4.861093304796200790e-03
4.861711725764111466e-03
4.862175940510043808e-03
4.862840891585401212e-03
4.863343026702573318e-03
4.863914788667083461e-03
4.864422055931405531e-03
4.865042198900703177e-03
4.865560605337468196e-03
4.866078337980769483e-03
4.866710516843421146e-03
4.867162093873067703e-03
4.867735589370568612e-03
4.868269930067557413e-03
4.868856115292396688e-03
4.869455168310109737e-03
4.870145738702352962e-03
4.870756836865121862e-03
4.871272125302956654e-03
4.871836774155538334e-03
4.872277288298098447e-03
4.872882112082321110e-03
4.873306833013228700e-03
4.873957248606544147e-03
4.874510846536837458e-03
4.875000210862741323e-03
4.875613466440881574e-03
4.876158952132097352e-03
4.876663759320640050e-03
4.877197146217435511e-03
4.877746695508582662e-03
4.878269017698905891e-03
4.878796233868987024e-03
4.879323279179633051e-03
4.879794972887204624e-03
4.880351960062714010e-03
4.880836615031365622e-03
4.881358910655930576e-03
4.881904325446536318e-03
4.882380086884442749e-03
4.882992744203657094e-03
4.883462813623242436e-03
4.884039869664532837e-03
4.884663362466338220e-03
4.885197565829769301e-03
4.885755744943320877e-03
4.886194168256898819e-03
4.886755421977118617e-03
4.887359435335724041e-03
4.887960127572361750e-03
4.888482728810652871e-03
4.889001156220813653e-03
4.889653646914259022e-03
4.890193100359095310e-03
4.890842380881437780e-03
4.891327883260131702e-03
4.891894546308927713e-03
4.892503213923939630e-03
4.893031069738798013e-03
4.893599833183172841e-03
4.894077772301607364e-03
4.894592153918357787e-03
4.895242110585407320e-03
4.895873037929304901e-03
4.896481610077993603e-03
4.897189280575018656e-03
4.897729173004152642e-03
4.898135452739913777e-03
4.898540079898071505e-03
4.899047548033946473e-03
4.899636958683667790e-03
4.900121592780009444e-03
4.900646146666938832e-03
4.900959432551635873e-03
4.901353790710864626e-03
4.901790361482109490e-03
4.902184266495151869e-03
4.902667809607463845e-03
4.903240930947158453e-03
4.903746636306645021e-03
4.904363662673986990e-03
4.904994502301400321e-03
4.905474395635379438e-03
4.906053618495448930e-03
4.906562177857610313e-03
4.907078129989229064e-03
4.907661979092165644e-03
4.908221843009966459e-03
4.908735685417941162e-03
4.909212972804732206e-03
4.909771005180015545e-03
4.910274142874679164e-03
4.910781324082676841e-03
4.911320805214548085e-03
4.911869610135437096e-03
4.912382658629568279e-03
4.912751864236806175e-03
4.913316028540721039e-03
4.913885129012303225e-03
4.914445695317174422e-03
4.914901046025788381e-03
4.915514768300537941e-03
4.916027198780048742e-03
4.916583189332406068e-03
4.917057291216316538e-03
4.917547532136442960e-03
4.918126727375556582e-03
4.918697660304890279e-03
4.919292113787389689e-03
4.919823510715407716e-03
4.920261524643916411e-03
4.920849777288482420e-03
4.921425815480671810e-03
4.921861478153800873e-03
4.922246677875713808e-03
4.922738032651585716e-03
4.923431556429558494e-03
4.923996474356540955e-03
4.924374888139656029e-03
4.924823210035077052e-03
4.925253284710895581e-03
4.925825039190280356e-03
4.926359187098420037e-03
4.926904555209597227e-03
4.927375524892965361e-03
4.927912805228961204e-03
4.928509829070671679e-03
4.929014820514123450e-03
4.929679942260468614e-03
4.930218390299507224e-03
4.930561895513960700e-03
4.931153092198522006e-03
4.931680312559907561e-03
4.932232295175881069e-03
4.932712958299695361e-03
4.933075757484804355e-03
4.933578644274804609e-03
4.934211868917336499e-03
4.934602612103614928e-03
4.935106954904436641e-03
4.935567964001180176e-03
4.935985358412393019e-03
4.936387131243362078e-03
4.936924291076640742e-03
4.937492288546545954e-03
4.937919646066052035e-03
4.938366704892504198e-03
4.938873880465898848e-03
4.939406162318695295e-03
4.940033235745600049e-03
4.940509175365515558e-03
4.940973547945726532e-03
4.941501845160217905e-03
4.941942149109192391e-03
4.942432810241418305e-03
4.942944975045591473e-03
4.943407792078166434e-03
4.943829622099355815e-03
4.944334305237223399e-03
4.944904536763773152e-03
4.945479852422156319e-03
4.945973894968708727e-03
4.946417134088216920e-03
4.946994111843647755e-03
4.947468577440620498e-03
4.947960249168543816e-03
4.948406878403238847e-03
4.948817518723367531e-03
4.949271098274411924e-03
4.949810231220193833e-03
4.950308145789662946e-03
4.950768245023240768e-03
4.951332217142452585e-03
4.951711043252877108e-03
4.952097768878438271e-03
4.952580724085344464e-03
4.953020753044169375e-03
4.953425005210678259e-03
4.953807797377375241e-03
4.954272507004269313e-03
4.954723668753139090e-03
4.955092202621430401e-03
4.955622926524939909e-03
4.956038895618500653e-03
4.956459374736115267e-03
4.956873567637015178e-03
4.957354845919910262e-03
4.957828600174345179e-03
4.958274423154092857e-03
4.958699243910389722e-03
4.959205925730787549e-03
4.959720431836520463e-03
4.960182337953779157e-03
4.960624390024719402e-03
4.961175106806080433e-03
4.961649797944526694e-03
4.962067772141728721e-03
4.962484499112953737e-03
4.963022779032941548e-03
4.963486992469569661e-03
4.963939706507067805e-03
4.964330530381082240e-03
4.964752626707051066e-03
4.965096743370080341e-03
4.965575386916156950e-03
4.966131359861756210e-03
4.966575596362241690e-03
4.966990837604634210e-03
4.967560306924819098e-03
4.967944394801361054e-03
4.968304373516199517e-03
4.968720437941959861e-03
4.969228759917261075e-03
4.969704073235488122e-03
4.970109491595531975e-03
4.970572180623937172e-03
4.971118797685619012e-03
4.971493545979649951e-03
4.971945765437426300e-03
4.972507573743258774e-03
4.972894727081323372e-03
4.973281768023174974e-03
4.973775478594688777e-03
4.974233155668211608e-03
4.974695265499803030e-03
4.975149362885279876e-03
4.975519496790842267e-03
4.976062637927943823e-03
4.976514931498735375e-03
4.977058429495220121e-03
4.977589946306684200e-03
4.978010975398128313e-03
4.978434583382976807e-03
4.978937171724028346e-03
4.979406843110856760e-03
4.979941283594855814e-03
4.980443462816897850e-03
4.980841495874807970e-03
4.981227941765982437e-03
4.981683450280942511e-03
4.981983947666870916e-03
4.982510387850996869e-03
4.982878534157543331e-03
4.983320289525254750e-03
4.983777555983384330e-03
4.984137693906490890e-03
4.984491664754521142e-03
4.984952252237139121e-03
4.985329185060214698e-03
4.985716043402921294e-03
4.986178058177408168e-03
4.986535544700135963e-03
4.986938865198393619e-03
4.987366779372415584e-03
4.987833518049146660e-03
4.988359380421282518e-03
4.988846377921148274e-03
4.989185790674478295e-03
4.989548167212512833e-03
4.989953043336031908e-03
4.990320936254571613e-03
4.990616493937721256e-03
4.990995207771169000e-03
4.991428731600779968e-03
4.991920582920692136e-03
4.992337721275299373e-03
4.992774608359548671e-03
4.993219278499515246e-03
4.993507735505553491e-03
4.993946539520015444e-03
4.994417787810675330e-03
4.994784839336403708e-03
4.995219649671501887e-03
4.995703512701845164e-03
4.996197785850264167e-03
4.996688035720460441e-03
4.997140856005141511e-03
4.997494496326360981e-03
4.997849919159687987e-03
4.998274968054610898e-03
4.998770432875206636e-03
4.999283027146384298e-03
4.999728929952301087e-03
5.000090911208182262e-03
5.000552981402546157e-03
5.001042903940734578e-03
5.001536369514247328e-03
5.001965748251321724e-03
5.002354551225368824e-03
5.002773159044638859e-03
5.003252186292403078e-03
5.003722422371444621e-03
5.004169889118269612e-03
5.004531601021957460e-03
5.004905443845421818e-03
5.005301219418938075e-03
5.005766110803088961e-03
5.006168513339098736e-03
5.006539773326294449e-03
5.006979862087848968e-03
5.007373166640675076e-03
5.007737437323955647e-03
5.008035291404667848e-03
5.008462246356280845e-03
5.008802509563951497e-03
5.009111820170348423e-03
5.009575752502561617e-03
5.009993900005254262e-03
5.010438096501138548e-03
5.010826725850079169e-03
5.011233792889062053e-03
5.011751216614004564e-03
5.012132864135787971e-03
5.012492068140963694e-03
5.012837003190669105e-03
5.013309026714728167e-03
5.013618428891974087e-03
5.013995325238265396e-03
5.014332101481095046e-03
5.014698836287639558e-03
5.015075025775952468e-03
5.015462829945802233e-03
5.015803891920927841e-03
5.016196935412201366e-03
5.016622259757270476e-03
5.016890154862073230e-03
5.017324397315009975e-03
5.017715842343960057e-03
5.018077952729805766e-03
5.018359482798294413e-03
5.018719489237996080e-03
5.019147448125899948e-03
5.019556467933400032e-03
5.019920011069895632e-03
5.020218291153822308e-03
5.020672317782287793e-03
5.021064408475855133e-03
5.021455829775625136e-03
5.021811303383022854e-03
5.022284285814851944e-03
5.022726929557868106e-03
5.023048270442569824e-03
5.023572261918908023e-03
5.024029513069125548e-03
5.024363378182386888e-03
5.024767686817585739e-03
5.025115140320960717e-03
5.025502369121443748e-03
5.025845590139002041e-03
5.026178035186122314e-03
5.026523700639640678e-03
5.026862272160023681e-03
5.027231579155765073e-03
5.027621733919260781e-03
5.027994617823857218e-03
5.028429013478429369e-03
5.028879140734294866e-03
5.029209281421720759e-03
5.029601864719298633e-03
5.029937653453039025e-03
5.030313962087560459e-03
5.030623730331568351e-03
5.030913994925349277e-03
5.031316310517686304e-03
5.031632629413725424e-03
5.032083401207838348e-03
5.032473717309807019e-03
5.032825750220272509e-03
5.033117258671850579e-03
5.033582330181347528e-03
5.033956555384673168e-03
5.034375020619661148e-03
5.034736093820660167e-03
5.035154482279992003e-03
5.035500728176948472e-03
5.035871100217395070e-03
5.036220754135170216e-03
5.036608691028370520e-03
5.036931364981145701e-03
5.037205034144623221e-03
5.037693665763025644e-03
5.038077894945167633e-03
5.038444328790503933e-03
5.038877360453612037e-03
5.039284643952659203e-03
5.039623232843891756e-03
5.039996549450897687e-03
5.040336179949557287e-03
5.040708217399637002e-03
5.041058689612062937e-03
5.041329735054497080e-03
5.041688890181922865e-03
5.042028420536686685e-03
5.042415243944477210e-03
5.042635189919231556e-03
5.042987232980989179e-03
5.043305513003572445e-03
5.043698717363012847e-03
5.044061003180611014e-03
5.044381675901133365e-03
5.044789012076705999e-03
5.045303049612578916e-03
5.045833648943890380e-03
5.046515333761473002e-03
5.047307434549759032e-03
5.048004394823933129e-03
5.048745591032743896e-03
5.049626684716700641e-03
5.050553010011940222e-03
5.051322493836909316e-03
5.052218411646920357e-03
5.053131925182086093e-03
5.053991099563007010e-03
5.054882461081433576e-03
5.055969043553740910e-03
5.057068689250229440e-03
5.058088321899232610e-03
5.059214104048679640e-03
5.060136637397452328e-03
5.061227858606989934e-03
5.062578359646716791e-03
5.063653100155115529e-03
5.065128076562423406e-03
5.066378563042741624e-03
5.067384730399754865e-03
5.068718958542962720e-03
5.069889249128212150e-03
5.071124563141092556e-03
5.072277070153200992e-03
5.073804578747626547e-03
5.075286547595849775e-03
5.076726330853840140e-03
5.078207802768261100e-03
5.079997870763702621e-03
5.081645622056651934e-03
5.082919138903049631e-03
5.084235899462568979e-03
5.085790675206319431e-03
5.087471631273458514e-03
5.089301263916836369e-03
5.091308639026933050e-03
5.092939125091936262e-03
5.094842433246297812e-03
5.096985344974982665e-03
5.098555900626020217e-03
5.100438620803351107e-03
5.102310644123402711e-03
5.104258492943571784e-03
5.106030797023273886e-03
5.108102647950247925e-03
5.110182135410525246e-03
5.112091236288737739e-03
5.114318674236754611e-03
5.116395947512455793e-03
5.118783577396033777e-03
5.120861792633673096e-03
5.123037890361480280e-03
5.125346298585673789e-03
5.127867296301933872e-03
5.130297947127548074e-03
5.132386430138637448e-03
5.134615278799374571e-03
5.137549623115754242e-03
5.139882355246696774e-03
5.141965475424759534e-03
5.144474367444530974e-03
5.147091551773974941e-03
5.149159734039509238e-03
5.151507270648646337e-03
5.154481803307494996e-03
5.156852611662466300e-03
5.160327750168278334e-03
5.163167295908009657e-03
5.167045569050465921e-03
5.170428140433192335e-03
5.174018488037392463e-03
5.177405781333457510e-03
5.180404803135407570e-03
5.183307322310928660e-03
5.186716993517677919e-03
5.190280399836060335e-03
5.193039077510611633e-03
5.196090619375486226e-03
5.199604636785671967e-03
5.203282193011463629e-03
5.207447507731491863e-03
5.211203601046210387e-03
5.214846296754440010e-03
5.217806145444335575e-03
5.220847666153653754e-03
5.225266336703181941e-03
5.228499738908288889e-03
5.231523425116992899e-03
5.235867474944872445e-03
5.239818621862161845e-03
5.244254267980904237e-03
5.247994606122925038e-03
5.252364694910185636e-03
5.256376127520353755e-03
5.260376928976198685e-03
5.265435473071907770e-03
5.269884894393819276e-03
5.274146415559299167e-03
5.278075812055894010e-03
5.281718368241261619e-03
5.285786977940837468e-03
5.289467155397367670e-03
5.293233460233305078e-03
5.296441806239306042e-03
5.301400741241975301e-03
5.306876350720145935e-03
5.310779283244373983e-03
5.315197535944274007e-03
5.320078752579680652e-03
5.324009075954000240e-03
5.328141392935525911e-03
5.332635812432879284e-03
5.337770793424746404e-03
5.341915695955478174e-03
5.347191613749573136e-03
5.352472932261907040e-03
5.357587858906995466e-03
5.362377586185421152e-03
5.367079299230063764e-03
5.372082734231761574e-03
5.378241350519193283e-03
5.384660737874719973e-03
5.389319123232646364e-03
5.395001551507755226e-03
5.400545761339648095e-03
5.407073703363400596e-03
5.411362884532146603e-03
5.416940538981404943e-03
5.421223504589303688e-03
5.426187462197611631e-03
5.431591071490112811e-03
5.438002640198472300e-03
5.443412923696841141e-03
5.449792895764015224e-03
5.455487208945590180e-03
5.461584959631768377e-03
5.467163800933603005e-03
5.472959533359153181e-03
5.478589255757686585e-03
5.484899297618864127e-03
5.490830945904756795e-03
5.497357905191084006e-03
5.503299788716016668e-03
5.510091545713252312e-03
5.515826811907456780e-03
5.521744604257188861e-03
5.528398464732661548e-03
5.535000799556150444e-03
5.542147360291394681e-03
5.548638078050525078e-03
5.556787398287644716e-03
5.561505973218317141e-03
5.568996796846480829e-03
5.577187167237277789e-03
5.584056108169040133e-03
5.589999345608149747e-03
5.598986269604657416e-03
5.606367228449802599e-03
5.612909267061325438e-03
5.620402715425960698e-03
5.627280499606602746e-03
5.633421629846009117e-03
5.640926158560862456e-03
5.648630503653300459e-03
5.654720832786523134e-03
5.662810020550422367e-03
5.671135595407762915e-03
5.678936628279827349e-03
5.686220443647710225e-03
5.693423170213664751e-03
5.700512044082619093e-03
5.707286009707637255e-03
5.716262528095853238e-03
5.723711074163279934e-03
5.732738741033182109e-03
5.739537245067947990e-03
5.745619182579531775e-03
5.751943191152185907e-03
5.759001057473939374e-03
5.766014290268470580e-03
5.772763929594052976e-03
5.780021956393703586e-03
5.789210620007833631e-03
5.796280468472306963e-03
5.804367257308610563e-03
5.810883290451285613e-03
5.819018041589124959e-03
5.826959024623409693e-03
5.835436852155227727e-03
5.844413462606776362e-03
5.854003969496638336e-03
5.862406978229465875e-03
5.870140114222550942e-03
5.877826555834305723e-03
5.887518368811859963e-03
5.895166441573755287e-03
5.903326434706061485e-03
5.912363832050558134e-03
5.919677335864303308e-03
5.927515520952249609e-03
5.935898509813164990e-03
5.944585436775182488e-03
5.953195090087900349e-03
5.960711161937049321e-03
5.968292776866454888e-03
5.976077980776965497e-03
5.985603461643578330e-03
5.995505499647472633e-03
6.004959431483740916e-03
6.012996214771904741e-03
6.021568319288085266e-03
6.032660402819505635e-03
6.043098382768286904e-03
6.052896036602053303e-03
6.063053387889017452e-03
6.071923885363727548e-03
6.081115434929599065e-03
6.089311548325284512e-03
6.099157474619095777e-03
6.108206901839005956e-03
6.117367043688683170e-03
6.127631661973018638e-03
6.136660002592807424e-03
6.146821827820822537e-03
6.157263738369335784e-03
6.167274789173137796e-03
6.175657167343746694e-03
6.185998073251842803e-03
6.194977905668807260e-03
6.203640006215769068e-03
6.212479282816951200e-03
6.221565239438732811e-03
6.230295539403045944e-03
6.240129731667074658e-03
6.251695792910843576e-03
6.261843873624527330e-03
6.272115907806807139e-03
6.280452219616850483e-03
6.290814279753911484e-03
6.300835051616804870e-03
6.310112860665450032e-03
6.319610230597496638e-03
6.329109101518842241e-03
6.338523913939279712e-03
6.348069959442648180e-03
6.359946224386963873e-03
6.368764355917023133e-03
6.379235560653750449e-03
6.389202511077725355e-03
6.399655377529998336e-03
6.410438995722341458e-03
6.418865465051951102e-03
6.429433798507317582e-03
6.438357981203460950e-03
6.448026835505818108e-03
6.457867264668707037e-03
6.467790604802012462e-03
6.479301992030029982e-03
6.491357206932872430e-03
6.501573767492562633e-03
6.513247510168704811e-03
6.524379845690791990e-03
6.535910839722981931e-03
6.546517534687738490e-03
6.555466004616101149e-03
6.567093481688086529e-03
6.576639749240770563e-03
6.584376841141385134e-03
6.594908074104783094e-03
6.604393041299563664e-03
6.614329887487576873e-03
6.626995988156312092e-03
6.637253341959918791e-03
6.650916725769930905e-03
6.660256415556931563e-03
6.669278353022632666e-03
6.680847266131179768e-03
6.692195680376097217e-03
6.701208729575138315e-03
6.712269680952991785e-03
6.722100032899764460e-03
6.734363503616068274e-03
6.744048156772057892e-03
6.753878909407548883e-03
6.766219560736856653e-03
6.779202412435082412e-03
6.791020756497147086e-03
6.803804728390529417e-03
6.815562671632810834e-03
6.830224879291763723e-03
6.840976324901770766e-03
6.854226920819998965e-03
6.865538393278373432e-03
6.880283427595835534e-03
6.892387432213612809e-03
6.904950912984922015e-03
6.918617077055197462e-03
6.930501099334836733e-03
6.940409484525819454e-03
6.951137717165989383e-03
6.963680171192575610e-03
6.975716640915237410e-03
6.985439110872717662e-03
6.999403105090428075e-03
7.010644573861414888e-03
7.024545325942215153e-03
7.034943907574991821e-03
7.049057752006520489e-03
7.059556488345478456e-03
7.070118489270292052e-03
7.082920491966218125e-03
7.095226281077952196e-03
7.108918058097839568e-03
7.123463062140867989e-03
7.135878326328123390e-03
7.147098516167169936e-03
7.162155859017593947e-03
7.172293155575865282e-03
7.184651380756524632e-03
7.198568836315739558e-03
7.209689773527344636e-03
7.221817950915981540e-03
7.235476283540425747e-03
7.250201026202187510e-03
7.264167221630504941e-03
7.275745467237668823e-03
7.289035613391729035e-03
7.301492882983626025e-03
7.314767120619103911e-03
7.325574834792074504e-03
7.338011329804355887e-03
7.348176891965185406e-03
7.360642500679357055e-03
7.372911783457519568e-03
7.385589779610713355e-03
7.400899123485162046e-03
7.414856629008447809e-03
7.429645753452202885e-03
7.444055592635965245e-03
7.457568665421122206e-03
7.468629680476720177e-03
7.481667129767714808e-03
7.494203051591642045e-03
7.507460070795010133e-03
7.523006280834819426e-03
7.536173425114791637e-03
7.548681591524729166e-03
7.560269477585862020e-03
7.572239002648399435e-03
7.584212516980482627e-03
7.594655400373196037e-03
7.606637942305937566e-03
7.616931439055536247e-03
7.632956870860197959e-03
7.645580632356514285e-03
7.659654359850956440e-03
7.671644886646127211e-03
7.685918418150304229e-03
7.698083652207942697e-03
7.712596390842679783e-03
7.726124048531340417e-03
7.740106338572111389e-03
7.755637060320627954e-03
7.768011584264990568e-03
7.782281331511856429e-03
7.794218373727436477e-03
7.807266579260204245e-03
7.818128834002725097e-03
7.831299969098393446e-03
7.845872281628196721e-03
7.859428697654722087e-03
7.871894288935058978e-03
7.883767003961471634e-03
7.898369449316929719e-03
7.911276733529499366e-03
7.925715130206329936e-03
7.938043221477173936e-03
7.950363304033114878e-03
7.963680240863841783e-03
7.975347659838021713e-03
7.988677474616626834e-03
7.998304921899585668e-03
8.011959348596300184e-03
8.026069946576772085e-03
8.037277546278993184e-03
8.048717447009965872e-03
8.059322694348312194e-03
8.072423186414701829e-03
8.085379838921004023e-03
8.099087277776601673e-03
8.110618731196103659e-03
8.123777451837625035e-03
8.136741382122442481e-03
8.148421935762277871e-03
8.159593953431163588e-03
8.169393516788034729e-03
8.181941810016066241e-03
8.193375837478967388e-03
8.204748926908268444e-03
8.216740483301714776e-03
8.229867589506917325e-03
8.240858933550462839e-03
8.250435697550481326e-03
8.261164886854920758e-03
8.271129670937599210e-03
8.281038028389000466e-03
8.289426398621962608e-03
8.300638549790684273e-03
8.313699967711744854e-03
8.323015028901228213e-03
8.330175175182008215e-03
8.338919716952900019e-03
8.349563601220652206e-03
8.358960719377955123e-03
8.369017096128191641e-03
8.380733775993215451e-03
8.389659990606918374e-03
8.401409468939722430e-03
8.410381831441327005e-03
8.419677917820164031e-03
8.429881660586105094e-03
8.440469880072243303e-03
8.447224109002929651e-03
8.458697666466398826e-03
8.467400759106317662e-03
8.477120276300223467e-03
8.487366671122171385e-03
8.496335797300934300e-03
8.504704936928236467e-03
8.512121272394557528e-03
8.521671214595200744e-03
8.528020625470762728e-03
8.540402009187274962e-03
8.548290457000447956e-03
8.556919717604442518e-03
8.566221198947496229e-03
8.574935139369813109e-03
8.583533007270882642e-03
8.590292056854124947e-03
8.600081125899272649e-03
8.606995457778404690e-03
8.613670398745696538e-03
8.621885873989517182e-03
8.627891794749611987e-03
8.634633310682716598e-03
8.643399108231546515e-03
8.652089039298213949e-03
8.660160495225600191e-03
8.667976872853574988e-03
8.675024243600375912e-03
8.682936982599349582e-03
8.690398066469531488e-03
8.697552002226327517e-03
8.705125561877670448e-03
8.712416752488030824e-03
8.719492372813542752e-03
8.726570316117798071e-03
8.734810995652028676e-03
8.742548204580561852e-03
8.751396562123148204e-03
8.758164632504209304e-03
8.765219539923197606e-03
8.770298386275915056e-03
8.777501324655035547e-03
8.784365946518503040e-03
8.790417813563402433e-03
8.797101882456638891e-03
8.803998583318680196e-03
8.811784935068520466e-03
8.818203540538683410e-03
8.825222852362675854e-03
8.832418684741740605e-03
8.839350169834834722e-03
8.846319102257013678e-03
8.854075843066669740e-03
8.861020994614528593e-03
8.867655430236867295e-03
8.872267545296097860e-03
8.878308026392332450e-03
8.885913525671808658e-03
8.893884825102041716e-03
8.898622285707469964e-03
8.904844274459752101e-03
8.910567073395384702e-03
8.916291003534792051e-03
8.921495011594369334e-03
8.926358798730415697e-03
8.931550717764311434e-03
8.936710697166587100e-03
8.943126873186039993e-03
8.949397617787372902e-03
8.954223892474048527e-03
8.960251035855015811e-03
8.965849731157425964e-03
8.972073723956686814e-03
8.977996042773961696e-03
8.983672744648805997e-03
8.989145027305861166e-03
8.994549581780218739e-03
8.998935606203115056e-03
9.003526783362296448e-03
9.008444888995256750e-03
9.014439693848365007e-03
9.020115644333677116e-03
9.025035330358569322e-03
9.031295323945722625e-03
9.035996979818210206e-03
9.042388460556204446e-03
9.047647188595922541e-03
9.052961433942434064e-03
9.058339978166685125e-03
9.063519917336988405e-03
9.068674778910754131e-03
9.073850425489060276e-03
9.079381264892234099e-03
9.084898065064184181e-03
9.090617917429363870e-03
9.094666660138845879e-03
9.099180945067968443e-03
9.104455484941391744e-03
9.109470489383143105e-03
9.114411703394775799e-03
9.118600413553341888e-03
9.123357102018244888e-03
9.128172720109985899e-03
9.133461582113474447e-03
9.139748090964093519e-03
9.144648051420904006e-03
9.150437801103843832e-03
9.155251590985062637e-03
9.159275532507563794e-03
9.163121460421180114e-03
9.168130705218255350e-03
9.172810693207893856e-03
9.177095304420436472e-03
9.181841189127676675e-03
9.186053471655178035e-03
9.190500997373233366e-03
9.194995272444311113e-03
9.200878352921762135e-03
9.204680644316103749e-03
9.208312441618266009e-03
9.211791708510662022e-03
9.215241730704426537e-03
9.219142801566264367e-03
9.222624544280487446e-03
9.227277182452097576e-03
9.232168616525751256e-03
9.235729019715819069e-03
9.239607620964306392e-03
9.243323815367562868e-03
9.247404347573300737e-03
9.252439446333953627e-03
9.256941080307279357e-03
9.262829738166182894e-03
9.267225424040990284e-03
9.271428022056403540e-03
9.275224321051444426e-03
9.279249868669505949e-03
9.282772695708423061e-03
9.286508564690565751e-03
9.289385124157393397e-03
9.292809614260396853e-03
9.298052290207621182e-03
9.300686338654993654e-03
9.304421732174801909e-03
9.308731478672857204e-03
9.313244436658671063e-03
9.316689077750623174e-03
9.319376313239624218e-03
9.323005776105107792e-03
9.327161386438282895e-03
9.330690598899822955e-03
9.334248776639790524e-03
9.337375658824545455e-03
9.341787211542473476e-03
9.344601966047043698e-03
9.347781557348857490e-03
9.351299915192460427e-03
9.354942310766603195e-03
9.358804022314155813e-03
9.363466726559221617e-03
9.366243292511804500e-03
9.369458980610497964e-03
9.372643100543151876e-03
9.375710170513432140e-03
9.379484786291161086e-03
9.382840772331238824e-03
9.386648125836147966e-03
9.389374533665496153e-03
9.392989820372142640e-03
9.395937052114396171e-03
9.398645732510282208e-03
9.401532891947768020e-03
9.405105066281477244e-03
9.408854255677204584e-03
9.411898170826974233e-03
9.416200089449752730e-03
9.418588457666809272e-03
9.422004984104666997e-03
9.425254055685906504e-03
9.428339829819136139e-03
9.432392897176003141e-03
9.435559641184351753e-03
9.438921798148036668e-03
9.441885720004022237e-03
9.445241540954673470e-03
9.448337235853917354e-03
9.451842522187298840e-03
9.454676673123515659e-03
9.457712133785371733e-03
9.461005217917666313e-03
9.464361980346584421e-03
9.467957120890459904e-03
9.471459928761029670e-03
9.474552067927180174e-03
9.477713229697020542e-03
9.480497231288499693e-03
9.483107518744525802e-03
9.486272758423612561e-03
9.489084118761289058e-03
9.491987195246855483e-03
9.495408082784807108e-03
9.498488930840496072e-03
9.501377672290308579e-03
9.503220367004806476e-03
9.505032566933043978e-03
9.507994093603441485e-03
9.510278391386933761e-03
9.512984772068459882e-03
9.516069017552877818e-03
9.519474889210559343e-03
9.522025356831073303e-03
9.525475756827852386e-03
9.527599370934614065e-03
9.530276340809877567e-03
9.533033827260043239e-03
9.536156441328460381e-03
9.538990853790384541e-03
9.542312618004453878e-03
9.544754814609932372e-03
9.547992339256898553e-03
9.550751707023951223e-03
9.553041045147765697e-03
9.556005567188547226e-03
9.558742766706634225e-03
9.560850797421333036e-03
9.562951347054999413e-03
9.565242532099416453e-03
9.567443670398941349e-03
9.569798711837875990e-03
9.572929554687107864e-03
9.574897284937620989e-03
9.577542426549262577e-03
9.580567613258816895e-03
9.582851896867842015e-03
9.586036361563817984e-03
9.589284114602310283e-03
9.592675602739719407e-03
9.594950832431585128e-03
9.597548232870968185e-03
9.599676864694640238e-03
9.601768576417927387e-03
9.604819214842633818e-03
9.607471191125181026e-03
9.609866606693077615e-03
9.612467750945328029e-03
9.615239769591742147e-03
9.617160607378091863e-03
9.619306354053842878e-03
9.621399120528813589e-03
9.623113050108834596e-03
9.625620169442381663e-03
9.628041842347929632e-03
9.630730609781881779e-03
9.632925711302278010e-03
9.635415861616035069e-03
9.637896545746090643e-03
9.640375973766877535e-03
9.642365351241194080e-03
9.644379681743661323e-03
9.647114004071925125e-03
9.649555540586029698e-03
9.651841191109924306e-03
9.653659711194542692e-03
9.656631918042845458e-03
9.658654734876192041e-03
9.660923724727736236e-03
9.663545216244077279e-03
9.665480613554031097e-03
9.668565765294541772e-03
9.671224759886562494e-03
9.673687017653375547e-03
9.675692061498772714e-03
9.677726563665648221e-03
9.679402731909491492e-03
9.682037523532084980e-03
9.683903526664358608e-03
9.685715635207075430e-03
9.688383442878667831e-03
9.691383613510688028e-03
9.694353119619601722e-03
9.697635421944119857e-03
9.699287578200391224e-03
9.701430795737394849e-03
9.703677724095050375e-03
9.705847546772235213e-03
9.708095936631756448e-03
9.710397597976946557e-03
9.712458720678145835e-03
9.715452653922755644e-03
9.717566774656793971e-03
9.719729531351556373e-03
9.721657115940638902e-03
9.723464125423613574e-03
9.725369173401181636e-03
9.727155347333220695e-03
9.729130721164434489e-03
9.731434458211533564e-03
9.733584501920699433e-03
9.735276329270603143e-03
9.736971261728181309e-03
9.738748412198286117e-03
9.741319490627934133e-03
9.743783224783810273e-03
9.746048137590395885e-03
9.748282018122564688e-03
9.749946763316467979e-03
9.751308370302158926e-03
9.753716602435224051e-03
9.755636776541730046e-03
9.757349957243357727e-03
9.759421027167361137e-03
9.761284435268229726e-03
9.763161760394985927e-03
9.764957711552117031e-03
9.767386059946141230e-03
9.769212279097083326e-03
9.771095920417516983e-03
9.773126088604479692e-03
9.774903295178070939e-03
9.776458921616604236e-03
9.777899354453001290e-03
9.779980818917960103e-03
9.782040651147213065e-03
9.784055404503798348e-03
9.785795788630298128e-03
9.787679842784297729e-03
9.789848968363299569e-03
9.791329011903476126e-03
9.793526713413458831e-03
9.795414368806504984e-03
9.797584872321676505e-03
9.799994772573141985e-03
9.801794586195740344e-03
9.804592678489197979e-03
9.806209073102126542e-03
9.808029830707958377e-03
9.809429904797974109e-03
9.810984916073179143e-03
9.812546960798916237e-03
9.814080089360653625e-03
9.816161502987487061e-03
9.818161601628976401e-03
9.819945858841383490e-03
9.821914225073247531e-03
9.824607940359414426e-03
9.826196462258180234e-03
9.828225489633388851e-03
9.829975292431906292e-03
9.831779942086256788e-03
9.833239550948134899e-03
9.834903746866954441e-03
9.836842640361177434e-03
9.838692800477475547e-03
9.840984921945107600e-03
9.842950281805713797e-03
9.844352507903284324e-03
9.846180364387746922e-03
9.847675390200405152e-03
9.849224224435305583e-03
9.851483343595467471e-03
9.853483117326176238e-03
9.855288804695756452e-03
9.857015515515890614e-03
9.858523609337442595e-03
9.860261099661220621e-03
9.862261361843573104e-03
9.863399498858806819e-03
9.865279477547917245e-03
9.867202688980223832e-03
9.869252594921011992e-03
9.871174116701700307e-03
9.873271628137815503e-03
9.875409703605857528e-03
9.877075346465829034e-03
9.878703742580223837e-03
9.880177642084207387e-03
9.881936947448361971e-03
9.883711465197770815e-03
9.885152505747094726e-03
9.887747090527093316e-03
9.889703068362521929e-03
9.891202996779487056e-03
9.893065415980721589e-03
9.894164116682193852e-03
9.895768490749792465e-03
9.896749613272337251e-03
9.898484997804888122e-03
9.899848883477148365e-03
9.901932737519885883e-03
9.903081265767789063e-03
9.904447013809658529e-03
9.905921879094170546e-03
9.907627022490895011e-03
9.909632344741202414e-03
9.910670470673069860e-03
9.912629162446321210e-03
9.914455449910104801e-03
9.915533937670332684e-03
9.917130586344588897e-03
9.919324221437646194e-03
9.921291645031150505e-03
9.922820367972789990e-03
9.924893759237631702e-03
9.926367565618886973e-03
9.928233373516693119e-03
9.929365405767262565e-03
9.931444882335374244e-03
9.932955896387596351e-03
9.934555942985173749e-03
9.936221774372191659e-03
9.937959390269276647e-03
9.939372868066701991e-03
9.940668274806082130e-03
9.942095579498046523e-03
9.943415802009573923e-03
9.944870454875867627e-03
9.947252864541121162e-03
9.948765972381999612e-03
9.949676048421415495e-03
9.951376198280624183e-03
9.953208665267615149e-03
9.954478823285260389e-03
9.955902318218485397e-03
9.957664865678381161e-03
9.959291772140249632e-03
9.959801437370340363e-03
9.961548583608313343e-03
9.963150339159874275e-03
9.964689175162078083e-03
9.966458294691862146e-03
9.967694365231052900e-03
9.968661399167574183e-03
9.970439990847103362e-03
9.971565365670918835e-03
9.972941697886058762e-03
9.974096471461739444e-03
9.975739180699846539e-03
9.977960371276966764e-03
9.979545643108383643e-03
9.981049726146225265e-03
9.982628600345313727e-03
9.984059302030761501e-03
9.985873845896546530e-03
9.987362804897238766e-03
9.988521906200774347e-03
9.989920120738406475e-03
9.991136782830192450e-03
9.992672735088383579e-03
9.994162226264077797e-03
9.995783424980048820e-03
9.997551747206557399e-03
9.998949105198998849e-03
1.000025369111425151e-02
1.000094115655783024e-02
1.000197702170530639e-02
1.000420924398474042e-02
1.000570411718383450e-02
1.000687309715132291e-02
1.000810182866153537e-02
1.000989182694166438e-02
1.001140992778794953e-02
1.001292823700697041e-02
1.001408029800229457e-02
1.001551844224173905e-02
1.001670911967279462e-02
1.001814119826985316e-02
1.001946552387088241e-02
1.002121188118237048e-02
1.002207584288161354e-02
1.002323940631040869e-02
1.002464186936474419e-02
1.002576418579779159e-02
1.002748738537677202e-02
1.002829030850209933e-02
1.002915790981994369e-02
1.003052724398093183e-02
1.003171567836693388e-02
1.003296595439765598e-02
1.003455290971654555e-02
1.003618383046188216e-02
1.003702065697121767e-02
1.003841361380647910e-02
1.003991752885914981e-02
1.004151820360963190e-02
1.004298920891832231e-02
1.004375696269067461e-02
1.004516398462409685e-02
1.004603643660039770e-02
1.004734576245179360e-02
1.004846396530815859e-02
1.004999708379221077e-02
1.005143169455629225e-02
1.005275229713700237e-02
1.005350410086538158e-02
1.005483260842356466e-02
1.005617865664001909e-02
1.005709118968596723e-02
1.005785238186707176e-02
1.005909902148907284e-02
1.005999587628727751e-02
1.006101441546045604e-02
1.006202772668477949e-02
1.006277306920238569e-02
1.006424138728913807e-02
1.006518414059999478e-02
1.006662317583808565e-02
1.006781153910101499e-02
1.006875525052862083e-02
1.006943529147815396e-02
1.007005351603137804e-02
1.007124180359428994e-02
1.007225184121680363e-02
1.007328220021500541e-02
1.007467741484972291e-02
1.007577054581182754e-02
1.007676283040167577e-02
1.007822836985915009e-02
1.007914043150199591e-02
1.008059078808232201e-02
1.008159630701344414e-02
1.008290117668574071e-02
1.008418905067172411e-02
1.008517366889385806e-02
1.008687548664217656e-02
1.008849289560752489e-02
1.008948744624398736e-02
1.009044315881755909e-02
1.009159225876358514e-02
1.009249708993108924e-02
1.009322809842551870e-02
1.009425034458780353e-02
1.009559252611458638e-02
1.009641979554062353e-02
1.009755389060236486e-02
1.009898435879560789e-02
1.009963315227456818e-02
1.010017223980815872e-02
1.010094407345645331e-02
1.010197410741053847e-02
1.010308359486938173e-02
1.010396323389132177e-02
1.010440658638407825e-02
1.010549303297985160e-02
1.010610239099663660e-02
1.010673226261935703e-02
1.010739954370361987e-02
1.010817700551531161e-02
1.010919487976326414e-02
1.010996099500574216e-02
1.011128596150411875e-02
1.011215599975240007e-02
1.011256532006856758e-02
1.011315043534662984e-02
1.011411228359325974e-02
1.011510050405857626e-02
1.011631089251883477e-02
1.011758113276948340e-02
1.011853442769049954e-02
1.011980042610642616e-02
1.012084507929242663e-02
1.012215945113391705e-02
1.012350329906776605e-02
1.012457455591675957e-02
1.012599305332904757e-02
1.012700711476264767e-02
1.012780601030377134e-02
1.012870205058689563e-02
1.013007529410709338e-02
1.013064496879804641e-02
1.013192031043640313e-02
1.013309088726857370e-02
1.013389076971388074e-02
1.013518501016197858e-02
1.013671508837053932e-02
1.013742896925611155e-02
1.013821130557702142e-02
