3.309613907709277195e-04
3.317130770081463064e-04
3.325837689273548501e-04
3.334558021124446863e-04
3.342011154816352755e-04
3.347685493765844710e-04
3.352918822998205914e-04
3.358402375876429289e-04
3.364316188257326728e-04
3.370668579326382497e-04
3.377431073701956288e-04
3.384569154205805926e-04
3.392361080570598575e-04
3.400499492074423387e-04
3.404219776563258896e-04
3.414562629838826819e-04
3.424193056991056260e-04
3.433495808057176568e-04
3.435355174596008945e-04
3.447033800617086904e-04
3.449932362276169305e-04
3.454866127142593125e-04
3.475230033694408209e-04
3.480747924590139116e-04
3.495998644287668191e-04
3.497749167268367643e-04
3.502936315034321227e-04
3.517168429464163004e-04
3.522419308276672142e-04
3.530474749698204692e-04
3.544714407351346689e-04
3.552717616418031143e-04
3.563001454425002612e-04
3.576483754807560406e-04
3.587343259131947452e-04
3.600244864104813042e-04
3.612914293662861445e-04
3.623914733508370361e-04
3.633649869222243633e-04
3.635699901293779567e-04
3.649986668827100286e-04
3.663044419499596692e-04
3.665454835431930839e-04
3.680848214870285429e-04
3.694829037893664504e-04
3.697483714023195277e-04
3.713687197290503508e-04
3.725939177268842344e-04
3.738334715911846790e-04
3.744663459095826639e-04
3.765374078267276058e-04
3.781499510266531951e-04
3.805399206754844690e-04
3.809033463014987976e-04
3.817925054230040605e-04
3.838983723584699884e-04
3.853388733294579481e-04
3.874183005150487144e-04
3.885026396173532105e-04
3.900217218233957041e-04
3.915795336357939457e-04
3.918240938884460980e-04
3.922856626409204628e-04
3.938924476585465868e-04
3.952826006949522767e-04
3.966437299054339084e-04
3.976846308133485876e-04
3.988097565780490943e-04
3.999969651462184899e-04
4.012335615147654289e-04
4.025088108249719318e-04
4.038373843351664378e-04
4.051926500141069584e-04
4.065746925686048287e-04
4.079839163080408370e-04
4.094209578035497093e-04
4.108493673654676592e-04
4.115492989686412792e-04
4.138060301892800192e-04
4.175388069203670718e-04
4.197388358775148401e-04
4.213685884179537745e-04
4.231252006764439936e-04
4.261895853063964439e-04
4.289349918331862837e-04
4.315556244468396929e-04
4.342435822715990019e-04
4.356675862026006632e-04
4.367136432783475051e-04
4.370817000910278728e-04
4.390038912213383576e-04
4.408401665115792246e-04
4.422869064827006564e-04
4.455334355756646937e-04
4.470752995876652340e-04
4.483909146199271663e-04
4.516918232487518794e-04
4.534816545510313135e-04
4.555917743092414898e-04
4.589756824739437075e-04
4.600186660269705262e-04
4.618190659669345831e-04
4.639907518058428485e-04
4.659977751328288581e-04
4.673400798346109895e-04
4.691481038094351842e-04
4.707719556523702088e-04
4.724582874280278664e-04
4.742950173538578373e-04
4.767297374286053307e-04
4.791936606713019455e-04
4.816752153384241605e-04
4.841779373490513738e-04
4.866681107790306392e-04
4.891599036056959882e-04
4.916656332825820441e-04
4.941948027937865173e-04
4.967542296047057666e-04
4.993484460006996327e-04
5.019801227903608479e-04
5.046504044546153492e-04
5.073591708437814830e-04
5.102832236948196595e-04
5.132787255348036102e-04
5.156368706469220513e-04
5.185097216589715187e-04
5.214153039003780691e-04
5.243605488877364513e-04
5.273303299228889298e-04
5.304087655781991508e-04
5.337396456408212767e-04
5.366941359871678103e-04
5.396748099076645582e-04
5.399377665026603790e-04
5.396250418702593869e-04
5.392807214949960721e-04
5.435203197392427053e-04
5.431472930200874783e-04
5.449222373979696480e-04
5.485189673065200486e-04
5.501972082013636923e-04
5.529738945473465766e-04
5.559497180955158026e-04
5.590080376039681690e-04
5.620460639000509056e-04
5.650054783667105441e-04
5.679929574738538023e-04
5.710449891882176006e-04
5.740895183740931740e-04
5.771287642232234352e-04
5.804371158854633884e-04
5.836253012015923643e-04
5.867821217545448080e-04
5.898588020733634175e-04
5.931844618457329538e-04
5.950219210754691991e-04
5.988881080409923880e-04
6.024520252601364961e-04
6.060097900754847630e-04
6.071624867215925665e-04
6.098702490370122445e-04
6.126405036090559492e-04
6.145727538409309458e-04
6.196251051205215040e-04
6.237861995845187055e-04
6.278203037625278973e-04
6.296591822597723482e-04
6.309115938048605928e-04
6.358882193519407259e-04
6.404615728328122643e-04
6.410263461515414022e-04
6.425422645481676217e-04
6.470763249416078104e-04
6.513754128512816346e-04
6.524132299368017116e-04
6.543398687787389291e-04
6.560868190189581830e-04
6.580146338491239637e-04
6.629018147254702766e-04
6.670375150927696428e-04
6.712371957376664020e-04
6.723439520035115555e-04
6.753211690214847365e-04
6.788141478807114973e-04
6.833801259243600570e-04
6.869122869063359546e-04
6.907467927701642970e-04
6.943904359894314312e-04
6.970860919855477325e-04
7.014157203385514407e-04
7.053052114622194091e-04
7.088226521052274666e-04
7.112053414422142561e-04
7.127546561322981380e-04
7.143481605773281933e-04
7.159930041497464650e-04
7.176951532623291165e-04
7.194584228094061612e-04
7.212847981698938815e-04
7.231749841714409967e-04
7.251288577206819281e-04
7.271457722770478718e-04
7.292247549936295686e-04
7.313646342220362978e-04
7.368385903581227067e-04
7.419073216621275809e-04
7.461896876294683064e-04
7.522720947912003983e-04
7.569606484564629948e-04
7.610168239289828674e-04
7.661395484726253808e-04
7.725931608836472458e-04
7.766502428258274110e-04
7.809187501869499070e-04
7.877672582022635876e-04
7.912563988437896481e-04
7.944841564776937903e-04
7.986896563058645772e-04
8.041638607355671223e-04
8.093417455030646511e-04
8.132050073988311180e-04
8.189004588160976464e-04
8.222277123200599520e-04
8.243226065034039768e-04
8.315446839482830248e-04
8.392539809146651233e-04
8.397139479815528100e-04
8.481700508947220092e-04
8.552254972209974871e-04
8.598702582711252899e-04
8.671012652756987646e-04
8.714427118712132856e-04
8.782650250873933525e-04
8.830897202866526841e-04
8.884705471238907174e-04
8.941943850627086720e-04
8.983131970544045624e-04
9.065966781205122898e-04
9.065933178517092796e-04
9.109860359437360741e-04
9.165300769805309264e-04
9.227625745291092229e-04
9.311205576149026190e-04
9.355733102641284986e-04
9.416844692479087913e-04
9.497083765087765842e-04
9.555584199238758517e-04
9.619056855953077257e-04
9.706435406803604928e-04
9.755222202945260448e-04
9.818379436326730297e-04
9.887846607426057418e-04
9.981282298979472865e-04
1.003158622627464431e-03
1.010538617897490830e-03
1.015798728786172517e-03
1.025080861602822987e-03
1.027060001008968512e-03
1.033452181894196562e-03
1.044330000527614408e-03
1.052848628544740669e-03
1.061994671673907598e-03
1.069688632814041465e-03
1.073209294909116540e-03
1.077983358889041772e-03
1.080964457169444675e-03
1.088321482523327884e-03
1.096178757210136776e-03
1.100307428323401724e-03
1.107761101710209124e-03
1.119765573028992526e-03
1.123872926960727946e-03
1.137071525367104770e-03
1.144607082729396427e-03
1.153272303342278487e-03
1.162036023161451678e-03
1.171834571734996439e-03
1.176644765740483519e-03
1.186260329195718607e-03
1.193140923281093592e-03
1.201039180440860270e-03
1.210695475959881230e-03
1.219603365588211273e-03
1.229331516634091367e-03
1.227945334448127647e-03
1.232323017844308942e-03
1.243126686714775102e-03
1.245579252972695439e-03
1.251640098113862348e-03
1.256527309093886892e-03
1.261271138654654822e-03
1.268092348427273322e-03
1.275215771396240620e-03
1.284468661719621353e-03
1.291352076902549601e-03
1.299922674257172461e-03
1.308433655525723235e-03
1.316186930744478022e-03
1.328780799829165464e-03
1.337809654980666408e-03
1.350738647247678396e-03
1.357954687319910380e-03
1.369453526527224458e-03
1.374425030267199853e-03
1.386975494887090652e-03
1.391452610366555962e-03
1.392893333922606445e-03
1.400762151144990678e-03
1.412244824749386190e-03
1.414276659245314706e-03
1.423320189086141980e-03
1.432258683534113047e-03
1.448005220521950999e-03
1.453344510726539262e-03
1.464708474231253771e-03
1.474748058167638575e-03
1.475839877923934996e-03
1.488559045192786338e-03
1.496372382313637932e-03
1.503899862442105960e-03
1.518145679888305418e-03
1.521503525260953877e-03
1.534248388453768710e-03
1.548720364258728823e-03
1.557895347463627211e-03
1.563832917504765548e-03
1.575879984430543458e-03
1.586588829420839623e-03
1.593687342535321820e-03
1.605108931525800779e-03
1.612629486681943849e-03
1.625228043049717699e-03
1.635241261947587054e-03
1.644706501450762326e-03
1.655748114621606332e-03
1.665979752377722998e-03
1.678831458371004334e-03
1.692120688210324098e-03
1.706410690842784673e-03
1.713984439309301387e-03
1.730926305052972501e-03
1.736296370991751879e-03
1.742513706876706479e-03
1.751642714592443030e-03
1.765506808566770633e-03
1.777001173591937757e-03
1.789798211962922037e-03
1.800401066739987970e-03
1.806132329663114522e-03
1.815555664655953702e-03
1.828184923285196837e-03
1.842080279995646956e-03
1.853222873232238327e-03
1.863346109227607744e-03
1.876916002079917359e-03
1.890902501389402296e-03
1.904169551448072146e-03
1.923817862246491412e-03
1.932287174200790275e-03
1.943712045462444573e-03
1.958025933313797731e-03
1.967754980264376126e-03
1.978841261263416130e-03
1.990118631157612207e-03
2.001316139558473230e-03
2.014892168197690916e-03
2.018971203867866212e-03
2.030679004730660819e-03
2.045615424188364315e-03
2.057507513419926885e-03
2.073204362435723293e-03
2.085610112204673398e-03
2.090986975881689667e-03
2.100374275867000155e-03
2.109300462330471800e-03
2.126814399266756684e-03
2.139540034131654639e-03
2.154419328225459264e-03
2.164216975576930494e-03
2.174935197560865906e-03
2.189735802819855678e-03
2.204228903087570787e-03
2.218390498423850575e-03
2.231243097545525852e-03
2.236150371676770207e-03
2.251167492053013884e-03
2.262843191376397861e-03
2.270638650241241664e-03
2.288643072721012733e-03
2.303874404022504280e-03
2.313362960167470936e-03
2.323655651870683292e-03
2.333633511520922729e-03
2.351426319172609559e-03
2.370614084928704315e-03
2.381979581011218518e-03
2.396441285391038081e-03
2.409413819234006594e-03
2.424367178091516115e-03
2.439608027904381724e-03
2.446686570454619306e-03
2.462476956658651069e-03
2.478426995097454677e-03
2.492674446089618214e-03
2.502210996071962696e-03
2.519056358268222801e-03
2.539061522502703006e-03
2.558466077371094900e-03
2.570131715137854989e-03
2.585160217207746990e-03
2.604762965996429598e-03
2.614862007429704770e-03
2.632439937493694093e-03
2.643425772078983674e-03
2.663344611695199048e-03
2.680117319499919666e-03
2.701400111582567473e-03
2.712146815114164881e-03
2.724112497448830279e-03
2.735111384477332055e-03
2.756027663027480010e-03
2.769032820422054775e-03
2.792386922507754648e-03
2.805183946745776549e-03
2.811789359082386523e-03
2.832934249696182193e-03
2.848494472124589016e-03
2.855739019970475294e-03
2.873682001347300109e-03
2.897811939688817780e-03
2.909819755544684229e-03
2.925598226618694470e-03
2.940310950100514121e-03
2.959411997251520411e-03
2.973596515930461773e-03
2.986373677930827860e-03
3.005188270909072302e-03
3.022584048590007486e-03
3.037487620365357348e-03
3.049962031649258113e-03
3.068772384537495155e-03
3.087899443206616225e-03
3.104643863335935540e-03
3.125182426681928291e-03
3.147062696628035155e-03
3.158917021760512030e-03
3.175015046818582213e-03
3.196045472499561835e-03
3.207572056658220764e-03
3.228680097614127983e-03
3.246218973356495164e-03
3.264595353037576947e-03
3.282506715019225824e-03
3.302430930596043663e-03
3.322566534226050871e-03
3.342964505351759055e-03
3.360672013176277222e-03
3.381530758899263089e-03
3.402220446744567191e-03
3.425378568624664471e-03
3.439372947492658986e-03
3.458898643583402897e-03
3.475340619842230434e-03
3.492395837598047045e-03
3.503774542375848091e-03
3.517460849255900444e-03
3.548675902577800960e-03
3.551022789863936442e-03
3.570312776003906497e-03
3.593803536517959848e-03
3.604743160739653455e-03
3.633233246121010326e-03
3.646257745313589028e-03
3.664594567013376540e-03
3.677817239154771399e-03
3.693261409946784618e-03
3.713957085471560754e-03
3.732443990717495674e-03
3.759441407881500361e-03
3.776883123457846787e-03
3.792973063597396277e-03
3.810362562338862839e-03
3.824206948849895055e-03
3.852872982004412056e-03
3.869081500947394586e-03
3.894058357362017737e-03
3.921449855220185930e-03
3.948255335617865437e-03
3.955413584969444049e-03
3.967588482228276599e-03
3.991273012805410421e-03
4.012035870882062379e-03
4.038638393798180473e-03
4.049268752350919376e-03
4.067670606854953234e-03
4.085945809526825463e-03
4.096127199709048532e-03
4.124840279926361014e-03
4.143636387026119507e-03
4.162089493615563247e-03
4.183461723007819710e-03
4.204247146355295436e-03
4.233570811499336346e-03
4.258800606559383535e-03
4.277775419664193307e-03
4.293392137539721841e-03
4.317001916384690351e-03
4.329347987379599839e-03
4.349030764208161419e-03
4.367100881078556096e-03
4.390819048479152782e-03
4.403317390603351221e-03
4.426295099476488040e-03
4.453277963613540801e-03
4.476147936930885071e-03
4.499483911955049972e-03
4.516246802717959613e-03
4.544972155774845701e-03
4.560819463979224643e-03
4.587264980523729670e-03
4.607399268585495727e-03
4.614853126402466976e-03
4.635386323148741293e-03
4.663639642127789982e-03
4.686290637697100928e-03
4.704058466845353718e-03
4.735472716469471544e-03
4.752547825147453164e-03
4.781423767970120579e-03
4.782469297853503276e-03
4.804069208872371877e-03
4.825231733001218021e-03
4.832219533111854586e-03
4.854312490321700292e-03
4.882989884178384060e-03
4.893787679124313346e-03
4.914300427262364296e-03
4.920218940501740364e-03
4.939233979892739337e-03
4.960561698589844443e-03
4.986985622853849429e-03
5.003675028800284169e-03
5.026042329078776912e-03
5.041421690411863020e-03
5.061944433652786936e-03
5.082855449332092206e-03
5.107838573802519350e-03
5.124927469049913101e-03
5.139047684788846174e-03
5.160015708307238817e-03
5.176076184824706695e-03
5.190643477388431730e-03
5.209365853097126450e-03
5.225962527992595620e-03
5.248820026274525485e-03
5.268963081744534524e-03
5.292514398624343502e-03
5.313754029036520977e-03
5.334991359915286675e-03
5.351154007445802982e-03
5.372322531726730910e-03
5.392864548873947846e-03
5.403340158537961804e-03
5.423404036654003342e-03
5.440303326700141398e-03
5.447010069302968271e-03
5.469282482884895054e-03
5.473213083273811667e-03
5.490393313208529087e-03
5.495979567341619659e-03
5.509178826421770418e-03
5.520137426719348706e-03
5.533009115039216191e-03
5.550934950574112035e-03
5.559465778294205539e-03
5.577071092669189448e-03
5.590948698603043568e-03
5.613449131133864574e-03
5.632796783898018356e-03
5.642447370104547791e-03
5.664892199307243817e-03
5.669808111060631317e-03
5.685990793400808735e-03
5.706972953650538138e-03
5.715502309168751273e-03
5.734282795834177472e-03
5.746433084798086531e-03
5.772994157151808969e-03
5.780509798631922394e-03
5.784967552244972208e-03
5.808401963195811667e-03
5.825534438865768647e-03
5.843300684469517579e-03
5.852271389902495742e-03
5.863291259818617651e-03
5.874949465746837768e-03
5.890607436223992653e-03
5.899156860696488924e-03
5.911399884827603021e-03
5.931919149441369776e-03
5.945626567719150199e-03
5.955505108026850312e-03
5.968225484417357535e-03
5.980023871422796879e-03
5.991820919626894733e-03
6.004127890612743872e-03
6.019740535955772805e-03
6.035389328108085351e-03
6.049313592169339344e-03
6.063336902549257452e-03
6.079403736175396401e-03
6.084864589096465777e-03
6.100670991664337330e-03
6.110574730822471677e-03
6.126789362985681983e-03
6.137943952453876056e-03
6.147549675447140476e-03
6.161778105526568086e-03
6.175332664554953992e-03
6.192619697848700602e-03
6.211315685372210613e-03
6.225056203442632177e-03
6.232121168360595619e-03
6.248114161469955387e-03
6.261829946807958430e-03
6.279845559046915576e-03
6.296721254524262693e-03
6.301022417236933244e-03
6.309382611081467210e-03
6.315026126184953605e-03
6.328281694632957761e-03
6.342475766885459845e-03
6.356234228659551899e-03
6.373229034813568915e-03
6.381789348834959741e-03
6.389685934154672002e-03
6.403962114728817615e-03
6.410699592338868665e-03
6.424266672048113865e-03
6.430472226961819575e-03
6.438885521922823631e-03
6.446516116460596600e-03
6.456711347368557057e-03
6.468534415485712417e-03
6.480581752623353411e-03
6.491268092675891825e-03
6.498643319693910361e-03
6.507369280481857185e-03
6.516860759749850893e-03
6.527843073768585178e-03
6.537135333042795940e-03
6.549385098728493712e-03
6.563482322555533321e-03
6.567302209612753058e-03
6.579460687039877763e-03
6.586059981282489303e-03
6.596477045733903539e-03
6.606629790054072658e-03
6.618869279133572474e-03
6.633348171652850636e-03
6.647499596645864081e-03
6.658269749964185885e-03
6.667490603104398762e-03
6.679377160734023544e-03
6.695157761581365871e-03
6.710672144136445826e-03
6.726126391331183410e-03
6.739004746134480417e-03
6.748122721169000880e-03
6.751405418812073816e-03
6.760326761298900318e-03
6.767913520480879283e-03
6.779792793111763527e-03
6.792976086310684343e-03
6.801079273415581647e-03
6.809964640030819957e-03
6.821385048414202457e-03
6.834153525059753417e-03
6.847137635471715715e-03
6.857673309974211123e-03
6.870481094801613939e-03
6.879143276744026890e-03
6.889319886823053012e-03
6.898141411030813547e-03
6.906323738721841313e-03
6.918330334495041353e-03
6.928352232883994676e-03
6.938840716524554038e-03
6.949821134842615496e-03
6.961236751987119262e-03
6.973022183032267889e-03
6.987618186165499810e-03
6.994961129181007965e-03
6.998953289937282982e-03
7.004513694652547695e-03
7.015850189154515526e-03
7.023203520828425091e-03
7.035580106526334240e-03
7.045435738743313116e-03
7.052465720042284426e-03
7.059648991670398541e-03
7.069283851433051657e-03
7.073918003376987278e-03
7.086099328906076203e-03
7.097247381204528117e-03
7.108150209944099143e-03
7.120310855603716703e-03
7.122546750062360744e-03
7.126849861908144887e-03
7.135305297964861758e-03
7.146630104854368414e-03
7.151908415458652080e-03
7.155424847889624469e-03
7.162267800107213062e-03
7.173715504253826841e-03
7.178074974827568927e-03
7.187677120688137390e-03
7.193484304450620086e-03
7.203474873916116197e-03
7.210970668198576905e-03
7.219918444834762424e-03
7.228448566724269241e-03
7.238865535810985567e-03
7.249987425262053274e-03
7.255192384652348753e-03
7.261336837902691854e-03
7.267676691288099504e-03
7.272072119847322255e-03
7.281056337743793162e-03
7.286257762238203088e-03
7.289656091482262130e-03
7.297393913869905206e-03
7.303822348630101095e-03
7.310040564308309570e-03
7.316443904367427899e-03
7.324911007297756939e-03
7.334747397649155759e-03
7.339866177382543995e-03
7.348448066381030493e-03
7.353536906916457658e-03
7.358971782984908422e-03
7.367545369310646818e-03
7.375244426917952796e-03
7.382349881217677677e-03
7.389577282814462425e-03
7.400007546585337867e-03
7.406026484832908645e-03
7.412394193904883570e-03
7.418275483302774753e-03
7.426580788384393693e-03
7.434809847375700546e-03
7.440270045575422472e-03
7.448315223052082504e-03
7.455004650052928471e-03
7.463176326554131143e-03
7.472049487962253642e-03
7.478313492589291726e-03
7.487069802717791385e-03
7.494265499267742554e-03
7.500691525687523328e-03
7.509497928140924754e-03
7.517159353260998399e-03
7.524703352227662609e-03
7.529475360954770297e-03
7.537105419962941699e-03
7.545247418712658881e-03
7.550328431383457849e-03
7.557468645888464585e-03
7.563389237515746009e-03
7.571006697898969434e-03
7.576873882440186489e-03
7.586312081417413179e-03
7.595590722886844288e-03
7.604301097143514529e-03
7.612117299722135841e-03
7.619660278024791011e-03
7.626677502962080947e-03
7.633596444674127686e-03
7.641803371528977686e-03
7.649457195053495188e-03
7.656261120988427753e-03
7.660147704587299058e-03
7.666570017529869205e-03
7.674010217898376632e-03
7.681184098841023662e-03
7.688141489981365276e-03
7.692040896769575080e-03
7.700449032343893024e-03
7.704232507299138555e-03
7.712795653162573227e-03
7.717251442068866381e-03
7.724457209907623079e-03
7.732256324871707512e-03
7.739427133074498581e-03
7.742732706828256081e-03
7.752036150604751236e-03
7.755917147595731836e-03
7.764702218029248364e-03
7.773737780139369953e-03
7.781901157201601485e-03
7.787413621879252061e-03
7.793761713192537757e-03
7.801876570393552826e-03
7.806776105340371488e-03
7.812439781012154270e-03
7.814975665413734576e-03
7.823862790335884415e-03
7.831081516083381044e-03
7.838836921266733107e-03
7.842198242735583247e-03
7.851549445574815961e-03
7.858624494997638182e-03
7.861672457392840721e-03
7.867330201568318096e-03
7.875822367520260089e-03
7.882718223553844203e-03
7.889805932441840489e-03
7.891325291813746159e-03
7.898819530743740255e-03
7.901038167245525573e-03
7.908336577957621183e-03
7.917223682785365715e-03
7.924815621321404033e-03
7.933070690336075162e-03
7.934044562422484792e-03
7.942982302187429067e-03
7.944938085129533978e-03
7.950047379879896653e-03
7.953235997901061602e-03
7.956933068196191117e-03
7.961142869326880492e-03
7.965465117633204958e-03
7.971379502981426265e-03
7.978675171893911608e-03
7.984886343217629731e-03
7.989005668278776479e-03
7.994528940039217352e-03
8.000408561958558332e-03
8.005534010691411212e-03
8.010911970848603667e-03
8.015248114983820199e-03
8.020142340789486110e-03
8.024653459499288960e-03
8.030251729384109069e-03
8.038437449609850058e-03
8.043284306320690538e-03
8.048638353227791087e-03
8.053513166487349939e-03
8.058814445612381278e-03
8.064335657369737370e-03
8.070243825333224888e-03
8.076638675637974954e-03
8.083580703652755786e-03
8.088087090991109493e-03
8.094403461204545056e-03
8.099314332816041906e-03
8.105999125785214726e-03
8.111450646854402591e-03
8.116517041915046263e-03
8.122952177075697111e-03
8.128996016877169245e-03
8.136315133683675108e-03
8.142805891705200486e-03
8.147819816579724567e-03
8.154530332260597619e-03
8.160766691166594297e-03
8.167722650753692776e-03
8.173269252188097161e-03
8.178117024103644800e-03
8.184239096775227859e-03
8.188364011876272594e-03
8.193762672403041500e-03
8.198137010513657091e-03
8.204062388763141284e-03
8.207410338836590782e-03
8.211444396811554136e-03
8.218333733717823886e-03
8.222908366734012209e-03
8.229093736833434369e-03
8.234059793540561556e-03
8.239629926663053633e-03
8.245539879473174488e-03
8.252541236131064745e-03
8.257776233279390254e-03
8.262855671106116365e-03
8.268597207846123051e-03
8.275013313640691009e-03
8.280589926002545134e-03
8.287274002788181868e-03
8.290916734511110525e-03
8.297392906022689821e-03
8.300940729112596395e-03
8.307451991583860579e-03
8.313589238625242531e-03
8.319172945469622410e-03
8.325657291085006989e-03
8.331694127161401800e-03
8.338214947926062340e-03
8.345231564062768545e-03
8.347055246633920678e-03
8.349340039451829190e-03
8.352548288111459607e-03
8.359121410400559629e-03
8.362854385125644344e-03
8.368172575146434061e-03
8.371922811949882720e-03
8.377725341941973797e-03
8.382510677495855558e-03
8.387102131426567991e-03
8.393115447589178865e-03
8.396134179537734915e-03
8.400935046513964555e-03
8.405633744546310918e-03
8.411848445770329918e-03
8.415130200575122316e-03
8.418803532499815820e-03
8.423385998274478953e-03
8.428603243596359887e-03
8.435527678193012122e-03
8.441905484466254855e-03
8.445533891958853859e-03
8.449133221842776084e-03
8.451304469053946486e-03
8.456849638057326382e-03
8.460940971735171623e-03
8.464741637221299617e-03
8.467409239816019867e-03
8.472715489713105591e-03
8.477780325131103328e-03
8.481102921151941962e-03
8.484653270302431466e-03
8.488759688667050704e-03
8.493753199647697399e-03
8.499684297273497890e-03
8.503342046770142118e-03
8.508630118210734269e-03
8.514055383063136306e-03
8.517171105595985545e-03
8.520334662143559668e-03
8.526536957866467925e-03
8.531332841141438597e-03
8.535788686777200096e-03
8.538915656241877900e-03
8.541325419571522276e-03
8.547732625998517506e-03
8.552150200315529471e-03
8.556060589227970983e-03
8.561952302259352374e-03
8.565271579399649088e-03
8.568711490730929539e-03
8.571661431430207048e-03
8.575499836147967153e-03
8.579585064081967846e-03
8.584341104336172187e-03
8.589072002932723188e-03
8.592480371636198808e-03
8.596889788643509792e-03
8.601994667169082093e-03
8.607280947346411526e-03
8.611442088535519596e-03
8.616675572945920597e-03
8.621457389836505864e-03
8.625885705650551682e-03
8.630649233081242461e-03
8.634533577225956061e-03
8.638297783954404507e-03
8.643538994279921506e-03
8.647893395975969275e-03
8.653422182997085391e-03
8.657532359672551192e-03
8.661529962617568398e-03
8.664489435813662113e-03
8.669816732842571677e-03
8.675404099178768771e-03
8.679680207962409827e-03
8.684291400043083961e-03
8.687499328617318689e-03
8.691328938268686605e-03
8.694157378913625403e-03
8.699051031900460751e-03
8.701345245836310596e-03
8.705852919256552858e-03
8.710545569400552843e-03
8.715228673453947333e-03
8.718836895192745226e-03
8.722843104152984070e-03
8.727863359651000588e-03
8.731654006010476990e-03
8.733953538175935269e-03
8.738351678118049665e-03
8.742397746460198182e-03
8.746959103563834922e-03
8.751355054553834265e-03
8.756088441679949971e-03
8.759745423078333856e-03
8.764826195151490321e-03
8.768580607885873360e-03
8.772759179774984595e-03
8.777601466733120361e-03
8.782499884483893279e-03
8.786839498472791971e-03
8.790499202001941445e-03
8.794065553208023009e-03
8.797334345269944983e-03
8.800844225502696752e-03
8.804611491486674657e-03
8.808705066938550196e-03
8.812609156721639900e-03
8.816536209133127300e-03
8.820768071405074226e-03
8.824546654099622509e-03
8.829456236551432372e-03
8.832671528007103590e-03
8.837146899156574434e-03
8.840738269053129497e-03
8.843544790460851346e-03
8.846614393390546741e-03
8.849748904005043729e-03
8.852980693175348595e-03
8.855810542433204674e-03
8.858552152612249667e-03
8.862249830349652746e-03
8.865826757674423464e-03
8.868682892838179385e-03
8.870905784499859281e-03
8.874477004906327487e-03
8.878288222680696604e-03
8.882362616176161726e-03
8.886706745920420342e-03
8.890705687161255463e-03
8.894665597152238631e-03
8.899755435697117786e-03
8.903874595148441803e-03
8.907040853723921167e-03
8.909847936170641261e-03
8.912831187282350617e-03
8.915632429246405505e-03
8.918623295457431613e-03
8.922841073545738008e-03
8.926037444859612202e-03
8.930579920426956128e-03
8.933843784938867716e-03
8.937288752624145127e-03
8.941586725025115964e-03
8.945326115274626622e-03
8.949551489757708381e-03
8.952243926994537040e-03
8.956477824705887797e-03
8.958616671559177166e-03
8.962941198561599765e-03
8.966407769717136406e-03
8.968743784095508514e-03
8.972354611591909154e-03
8.976295482405026102e-03
8.977634892993904478e-03
8.982114782843081402e-03
8.986022521225670023e-03
8.990300567102036886e-03
8.991627646735670526e-03
8.995965180723927007e-03
8.996795231149854605e-03
9.000487575409865312e-03
9.002993528360083916e-03
9.006533323360495225e-03
9.009955969785361438e-03
9.013427159307403277e-03
9.016903213964281780e-03
9.019547753928550821e-03
9.024450957890693681e-03
9.028613551814137356e-03
9.032242466350235560e-03
9.036139149684237551e-03
9.038935659327059641e-03
9.039575209691726870e-03
9.043924044836367318e-03
9.047002026416440384e-03
9.048443177091266762e-03
9.050740193167471428e-03
9.053916434593706902e-03
9.056249128440409940e-03
9.059103354311374284e-03
9.062322920934340331e-03
9.066122922688657493e-03
9.067889377645311708e-03
9.069900479047328379e-03
9.072043621034309169e-03
9.074738197482850113e-03
9.078173936012016304e-03
9.081400180694554694e-03
9.082763280949816137e-03
9.084953069072679646e-03
9.088355694870403623e-03
9.091249589631519856e-03
9.094904439510656177e-03
9.097354346192366645e-03
9.099205492228370010e-03
9.102936150375986676e-03
9.106903858158680795e-03
9.110244851624713439e-03
9.112999471515647806e-03
9.116049141751224674e-03
9.119431797486613964e-03
9.122476930370614773e-03
9.124867229183005954e-03
9.128434759499658852e-03
9.132167664959865011e-03
9.135284974865586285e-03
9.139218823694800903e-03
9.142066156062481422e-03
9.144329243021567799e-03
9.147735753916013540e-03
9.151467341908227360e-03
9.155507942485197753e-03
9.159188949469010757e-03
9.162274695695873938e-03
9.165660364136124852e-03
9.169503327699609491e-03
9.172503760641834494e-03
9.175509772900108593e-03
9.179538813264387365e-03
9.182090401154299406e-03
9.185148767882117884e-03
9.188481492832053024e-03
9.192116772548735229e-03
9.194560151537137932e-03
9.197957926106637219e-03
9.201138200506121453e-03
9.204532442357239025e-03
9.207158774285861130e-03
9.209557355659968650e-03
9.212766733813928730e-03
9.216370137984443087e-03
9.219609884379680736e-03
9.223657994872420246e-03
9.227477210300979310e-03
9.230143194459947825e-03
9.233066067212991959e-03
9.234493641368711481e-03
9.237357840799291162e-03
9.240714815221762191e-03
9.243563624018916181e-03
9.246595069228674690e-03
9.249539088253096869e-03
9.252346466500875957e-03
9.255623539088672289e-03
9.257566990104824575e-03
9.260127269976168099e-03
9.263689935745120577e-03
9.266530907153144522e-03
9.269151480287037351e-03
9.272000384857738420e-03
9.275811933047580296e-03
9.279359964665749236e-03
9.282246291935134994e-03
9.284697914371432478e-03
9.287908066098592846e-03
9.290422195900763930e-03
9.294387895852362219e-03
9.298209360301104912e-03
9.300997549714673171e-03
9.304709986283837136e-03
9.307701247849168094e-03
9.311631680869448396e-03
9.313087110721115711e-03
9.314609318281950878e-03
9.316437306632256374e-03
9.319156442820445557e-03
9.322217876734059314e-03
9.325043709172885220e-03
9.327646076190708457e-03
9.328421847829448943e-03
9.330619427128858390e-03
9.333325725372605686e-03
9.336745730523357545e-03
9.340726436735235366e-03
9.341633637740551568e-03
9.344341893890660208e-03
9.345526375535420302e-03
9.346921232436232810e-03
9.350154379379445671e-03
9.352807762878945219e-03
9.356276111052571828e-03
9.357631839502049409e-03
9.360673198788518543e-03
9.363383742182805961e-03
9.365968580348897968e-03
9.369160601396198107e-03
9.371394369136963956e-03
9.372699751749100430e-03
9.374419191499909834e-03
9.376466891585142488e-03
9.379742804231617007e-03
9.382581109203034717e-03
9.385294663285737721e-03
9.387769700647625656e-03
9.390041267029011762e-03
9.392902855655554939e-03
9.396057809771391628e-03
9.399692015046177268e-03
9.403400512356597379e-03
9.404816526892186002e-03
9.405829361565126029e-03
9.408867958703307291e-03
9.410195315154286019e-03
9.412334616329041254e-03
9.415121238057960751e-03
9.418392264468418776e-03
9.420286558321996212e-03
9.421952669255453938e-03
9.424882992574743629e-03
9.427560688509403763e-03
9.429350874397619819e-03
9.431934097466688691e-03
9.434092051438910248e-03
9.436298824862779724e-03
9.438227447633120229e-03
9.440150325043635687e-03
9.442063269024884506e-03
9.444191306584673665e-03
9.446415644458175734e-03
9.448771921080421909e-03
9.450846540158435935e-03
9.453320178547577196e-03
9.455465915672908728e-03
9.457459971367659576e-03
9.459327423182173344e-03
9.462027241364861715e-03
9.463554894817930579e-03
9.465737949360227693e-03
9.468080415683330017e-03
9.470338184562372350e-03
9.472798686555384748e-03
9.473851559353105647e-03
9.476242362826138230e-03
9.478798275143859170e-03
9.480263775978884505e-03
9.481989940174193401e-03
9.483981537861278788e-03
9.486035717797065142e-03
9.487917085684352200e-03
9.490310136318904147e-03
9.492418995113282437e-03
9.493761550223179385e-03
9.495732655381160583e-03
9.498149765019685623e-03
9.499978403024437676e-03
9.501478759797623089e-03
9.502854470933526365e-03
9.504923929865509435e-03
9.506836126776451595e-03
9.508563994222812843e-03
9.510151763034879746e-03
9.512085645112293431e-03
9.514227321324553871e-03
9.516280040290748393e-03
9.519542128794121830e-03
9.521520283377661945e-03
9.523252024628453202e-03
9.525258568646850083e-03
9.527429822157235106e-03
9.529439642645194664e-03
9.531817956664681221e-03
9.534242793439132169e-03
9.536323627613071952e-03
9.537670501094837328e-03
9.539617739891089604e-03
9.542515642158936814e-03
9.544627204958400918e-03
9.546794289191338351e-03
9.548995937908038786e-03
9.551479384731378572e-03
9.553053422443228554e-03
9.554718530867256643e-03
9.556332532591556642e-03
9.558625729737797380e-03
9.560294527467040962e-03
9.562682196806726598e-03
9.564289075081312819e-03
9.566707961408843844e-03
9.568554067491163648e-03
9.570520130313451765e-03
9.572343002041822091e-03
9.574701944649727930e-03
9.575914676574781917e-03
9.578552952253046107e-03
9.579806729786196490e-03
9.581772466924107570e-03
9.584886853470224108e-03
9.585831232472506042e-03
9.587230506026710522e-03
9.589885000847583538e-03
9.593365797746618295e-03
9.594042269009077709e-03
9.596386170687185024e-03
9.598967396010491676e-03
9.600560431206450057e-03
9.602934898985825488e-03
9.604975457768680572e-03
9.606957680363953714e-03
9.608429763710880922e-03
9.610124289264877079e-03
9.611403707093478521e-03
9.613541435029345633e-03
9.615957819511468732e-03
9.618199656331935868e-03
9.619414232565052028e-03
9.620861767856453417e-03
9.622286940933748312e-03
9.624447826132344341e-03
9.625756703644544610e-03
9.628108449108290293e-03
9.629354288424254657e-03
9.631308965123343974e-03
9.632870463590107249e-03
9.633919524916831692e-03
9.636191199393271539e-03
9.637965162756128093e-03
9.639212660351585346e-03
9.641479959966376898e-03
9.643903031360619507e-03
9.645460621936554138e-03
9.647836127103357265e-03
9.649197384253281953e-03
9.651270563034769837e-03
9.653708031132902240e-03
9.655652251352451684e-03
9.657280945186476687e-03
9.658415907126894490e-03
9.660219741036009736e-03
9.662509543378518945e-03
9.664996104582672734e-03
9.667424513375254616e-03
9.669116590039501802e-03
9.671153616404212436e-03
9.673448538587883783e-03
9.675209577431958738e-03
9.677438135150727427e-03
9.677455764534216923e-03
9.678514236798179196e-03
9.680461487219856054e-03
9.680856799843297333e-03
9.682559362129613059e-03
9.683518360457625887e-03
9.685639704975965852e-03
9.686720613016864059e-03
9.688923273754855917e-03
9.690561428904089641e-03
9.691735922603066794e-03
9.693037507545821177e-03
9.695490393416973662e-03
9.696945956503753156e-03
9.698831565517691475e-03
9.701309364776361868e-03
9.703326131507367461e-03
9.703504568733882854e-03
9.704420855220550687e-03
9.705624628643307050e-03
9.706900133534089245e-03
9.708639702534700364e-03
9.710359796176508407e-03
9.712496279987386724e-03
9.714110023765721788e-03
9.715483868151859881e-03
9.716775371310725634e-03
9.719003129724993265e-03
9.720566155135014139e-03
9.722652567456269504e-03
9.724474786014028482e-03
9.726315430821481922e-03
9.727623838103556519e-03
9.729915884644089324e-03
9.731369132978340275e-03
9.732496155417271269e-03
9.734560246459734306e-03
9.736278752837718500e-03
9.737429117244735324e-03
9.739413836653195225e-03
9.741412481342144603e-03
9.742813952647809070e-03
9.745825354934340226e-03
9.746499512121788167e-03
9.748301503876028590e-03
9.749844070178285624e-03
9.751292537784977954e-03
9.752640415739345647e-03
9.754061748275465529e-03
9.755647858126922922e-03
9.757399834490546042e-03
9.759420853014483255e-03
9.760164581510652124e-03
9.761052157830137077e-03
9.763009290314639960e-03
9.764427399092300008e-03
9.766425563968037654e-03
9.767652536594471913e-03
9.768620079181437876e-03
9.768743524450677201e-03
9.769752667234430504e-03
9.771129724743731967e-03
9.772362638240991023e-03
9.774596094980906799e-03
9.776752101759947355e-03
9.778003832554334890e-03
9.780154123698498597e-03
9.780906435616231256e-03
9.782874909098094110e-03
9.784819666553788015e-03
9.786591317022370895e-03
9.788244727881551671e-03
9.789475063649260081e-03
9.791236380500518283e-03
9.792686650669972862e-03
9.793924874897805971e-03
9.796048374058624261e-03
9.797548309153547921e-03
9.798981722093463159e-03
9.800590226007398209e-03
9.801146259059522262e-03
9.801969191498295306e-03
9.803234754656929908e-03
9.804997136228775848e-03
9.806380891979346245e-03
9.808326634598837912e-03
9.809159174021073180e-03
9.810503411756515968e-03
9.811974783138527334e-03
9.812978444686789106e-03
9.814544233667774065e-03
9.816089527015101762e-03
9.817537374621898918e-03
9.818623460823676374e-03
9.819967038729462971e-03
9.821689877412139238e-03
9.822690309103447939e-03
9.824126717942326115e-03
9.825596147897500479e-03
9.826825737540468772e-03
9.827773206725337954e-03
9.829746664759348579e-03
9.830975540168946508e-03
9.831921501432921637e-03
9.833236502108561733e-03
9.835396321022741098e-03
9.836459900364450185e-03
9.837783054488903958e-03
9.839056482607513518e-03
9.840236095940828667e-03
9.841680391110286738e-03
9.842844832010887168e-03
9.844189657145044695e-03
9.845426032021110593e-03
9.846711963239152682e-03
9.847670255082369498e-03
9.849405759980544087e-03
9.850688919311732447e-03
9.852741629453879574e-03
9.854573444600720974e-03
9.855945350926030926e-03
9.857617148795272052e-03
9.859492064399901293e-03
9.861371333954774276e-03
9.862034540215522047e-03
9.863001955020232747e-03
9.864515636928998174e-03
9.866157193463639605e-03
9.868492330846178121e-03
9.869335730611307478e-03
9.870807005527188621e-03
9.871649063584155004e-03
9.873334941554475983e-03
9.875249101188312076e-03
9.877321926048461542e-03
9.879133935604978919e-03
9.880438006356150049e-03
9.881324904698432846e-03
9.882496944760954527e-03
9.884209874053327682e-03
9.885590744064115531e-03
9.887050962200874191e-03
9.887781161877063837e-03
9.889121681339867187e-03
9.890033736679029741e-03
9.890909020245726782e-03
9.891574246884568544e-03
9.893181191091567073e-03
9.894332375654745632e-03
9.895372748113660799e-03
9.896633801240216702e-03
9.897710411832294497e-03
9.898500817548795336e-03
9.899805662793940628e-03
9.900628668963257911e-03
9.901868423352598939e-03
9.902683923399692445e-03
9.904389014686064419e-03
9.905384796368104858e-03
9.906998106432507098e-03
9.908229209933621870e-03
9.909683927300409062e-03
9.910929605291487685e-03
9.912613431229936115e-03
9.913700166537987510e-03
9.914869602550458946e-03
9.915808311576969000e-03
9.916749649087137214e-03
9.918549488612727130e-03
9.919917275663202652e-03
9.921197069466420118e-03
9.921971443073801522e-03
9.922484826409318226e-03
9.923027664380407523e-03
9.924712227658756894e-03
9.926167433106375046e-03
9.927819595333217673e-03
9.928221535170339562e-03
9.929377076642844496e-03
9.931187181054014837e-03
9.931904443413913305e-03
9.932601370221028417e-03
9.933244885768398660e-03
9.935026817178196218e-03
9.936592437900635191e-03
9.937737366090573093e-03
9.939218418271996563e-03
9.940905497105991667e-03
9.942183605877837754e-03
9.942494264284876607e-03
9.943133663934584227e-03
9.944263236444974771e-03
9.945803279724007434e-03
9.946975078589772104e-03
9.948077733902918954e-03
9.949334493429802875e-03
9.951070048542415974e-03
9.952132653903109430e-03
9.952713219728650390e-03
9.952615804212791573e-03
9.954530915765612276e-03
9.955538370521852670e-03
9.956552338681128739e-03
9.957783183872730842e-03
9.958353787137542296e-03
9.959576397147484536e-03
9.960070820240817663e-03
9.961473322705211714e-03
9.962525807642419809e-03
9.964246123968494712e-03
9.965328265052376608e-03
9.966597579396442932e-03
9.967141726724193518e-03
9.968563932642908812e-03
9.969854448125222909e-03
9.970310934017579882e-03
9.971141757823506410e-03
9.972115611413806882e-03
9.972459697825383773e-03
9.973738292917670376e-03
9.974763436533199551e-03
9.975799854617935919e-03
9.977107714425304322e-03
9.977392539417737766e-03
9.978403220068442908e-03
9.979708165989446475e-03
9.980524699668169922e-03
9.981639202504796402e-03
9.982111774509874746e-03
9.982875142531356938e-03
9.983563057985356953e-03
9.984275062815146234e-03
9.985145937477903424e-03
9.986032643352547172e-03
9.987760664895522361e-03
9.989041103207264502e-03
9.990490813267107612e-03
9.991724422293195643e-03
9.992434817622583912e-03
9.993250752306830076e-03
9.994990207166801546e-03
9.995538260855580184e-03
9.996616393818756954e-03
9.997185412808832702e-03
9.998259604369194239e-03
9.999414157174235304e-03
1.000048440875579182e-02
1.000154433762736120e-02
1.000247190054971702e-02
1.000273538723728088e-02
1.000424835186428801e-02
1.000508825001925929e-02
1.000637852685107125e-02
1.000774703030353312e-02
1.000884820446879854e-02
1.001001546936239502e-02
1.001097432760785812e-02
1.001225695457129243e-02
1.001355758314433943e-02
1.001457497515743575e-02
1.001567150480248657e-02
1.001648646862513155e-02
1.001739112810346756e-02
1.001865855499417882e-02
1.002015940807919787e-02
1.002150566043898475e-02
1.002270560407784311e-02
1.002380321496475560e-02
1.002463857680783131e-02
1.002575515048263755e-02
1.002623779725701596e-02
1.002676610419182476e-02
1.002729436357198411e-02
1.002793677234166056e-02
1.002846751803805787e-02
1.002885345596830208e-02
1.002938951656279568e-02
1.003081909516662269e-02
1.003174456134914641e-02
1.003252924991511648e-02
1.003421430080952796e-02
1.003609549439739290e-02
1.003652202996352209e-02
1.003676821550008973e-02
1.003786892905154417e-02
1.003962507514702222e-02
1.004077378546986039e-02
1.004212359669697310e-02
1.004235962340493081e-02
1.004349993605764546e-02
1.004430664230397847e-02
1.004513074728718459e-02
1.004571891711085289e-02
1.004654615272123665e-02
1.004817986027029160e-02
1.004967137069218142e-02
1.005017482488772609e-02
1.005097337244095258e-02
1.005156033647645192e-02
1.005229063952539637e-02
1.005370810643236787e-02
1.005451412665925998e-02
1.005574587614930029e-02
1.005668867507256148e-02
1.005733503330719612e-02
1.005815697078913870e-02
1.005894682076337657e-02
1.005939617972887931e-02
1.006104872994638931e-02
1.006169780191894063e-02
1.006255836675620796e-02
1.006337711143554491e-02
1.006465312015874213e-02
1.006545403060392189e-02
1.006694493006612436e-02
1.006711685741316226e-02
1.006801031342713197e-02
1.006899009169063414e-02
1.006993964711144426e-02
1.007075402343074119e-02
1.007179716533962779e-02
1.007293546877057432e-02
1.007393703294024410e-02
1.007494770372336507e-02
1.007597599592346960e-02
1.007721515583365549e-02
1.007856022690391262e-02
1.007992741849849869e-02
1.008065847383208397e-02
1.008107555561566643e-02
1.008248031192609563e-02
1.008376771168950289e-02
1.008420607456211697e-02
1.008517467468961724e-02
1.008656402709116190e-02
1.008752382487057044e-02
1.008895110670202100e-02
1.008933465205708382e-02
1.009052339059628156e-02
1.009132472850457311e-02
1.009255016907451702e-02
1.009347264641065507e-02
1.009414635071582619e-02
1.009503481229991236e-02
1.009568901334528986e-02
1.009712383230717929e-02
1.009824937956073539e-02
1.009919316810545253e-02
1.010029979468125318e-02
1.010110087596665686e-02
1.010210676079680361e-02
1.010253961468323726e-02
1.010350464921311482e-02
1.010412620665277969e-02
1.010470068897719419e-02
1.010586221950448074e-02
1.010628847807730837e-02
1.010686799199401152e-02
1.010807592904717361e-02
1.010848560164652292e-02
1.010965740564799022e-02
1.011059242547067243e-02
1.011168768252281372e-02
1.011241141982984967e-02
1.011302754253617583e-02
1.011363758397685469e-02
1.011472486666944483e-02
1.011529496875969263e-02
1.011603757416351494e-02
1.011705885497668142e-02
1.011770403849755404e-02
1.011872684216646306e-02
1.011984684557172554e-02
1.012052187234260131e-02
1.012104266493763990e-02
1.012160172167001979e-02
1.012236936187849851e-02
1.012365894414839380e-02
1.012473457713854857e-02
1.012573366474223135e-02
1.012664995482565056e-02
1.012762709179933565e-02
1.012783085970844245e-02
1.012838418416058331e-02
1.012936242727983417e-02
1.012985910710659937e-02
1.013025852150378769e-02
1.013125606874656047e-02
1.013188253068252401e-02
1.013260843958344905e-02
1.013284952562595528e-02
1.013348803803039780e-02
1.013434855024406347e-02
1.013556232985868277e-02
1.013641196079257019e-02
1.013809938343235295e-02
1.013834373274406613e-02
1.013919952948638854e-02
1.013959662593279937e-02
1.014052390079673606e-02
1.014114065247292799e-02
1.014220126197996029e-02
1.014293888349511973e-02
1.014353988537963422e-02
1.014450329630229783e-02
1.014547801795811534e-02
1.014614325241411374e-02
1.014711961009162090e-02
1.014747728234101712e-02
1.014821013873897816e-02
1.014863682065008516e-02
1.014956461807755596e-02
1.014991638326209235e-02
1.015074318942130009e-02
1.015157360056803161e-02
1.015300725823260058e-02
1.015362837841011709e-02
1.015460282703567300e-02
1.015518524786650570e-02
1.015652299431654519e-02
1.015735353621105390e-02
1.015770550432315220e-02
1.015876586316946661e-02
1.015921727520136854e-02
1.015986336000671356e-02
1.016052627046467108e-02
1.016176903123799415e-02
1.016271406747934480e-02
1.016368874785619943e-02
1.016474917395090126e-02
1.016544614465590517e-02
1.016637438707774545e-02
1.016661139953144860e-02
1.016822265274679692e-02
1.016892658799489930e-02
1.016944703904215479e-02
1.017017296099379138e-02
1.017111016740921726e-02
1.017165917322906434e-02
1.017254159235242081e-02
1.017306179463257389e-02
1.017332838676242995e-02
1.017413474711665634e-02
1.017497127349269344e-02
1.017592442776958650e-02
1.017661541249362429e-02
1.017723837832803721e-02
1.017760465820238998e-02
1.017789881849899547e-02
1.017834070861555265e-02
1.017923484924625026e-02
1.018014845285112289e-02
1.018106252876316460e-02
1.018213348250426864e-02
1.018241017926660615e-02
1.018311153825396560e-02
1.018399846787517750e-02
1.018443383682296824e-02
1.018552927184430967e-02
1.018602968126116649e-02
1.018670487391444730e-02
1.018748484699708197e-02
1.018831670351117401e-02
1.018879884737948147e-02
1.018936901372314609e-02
1.019017162749901936e-02
1.019116881629921097e-02
1.019188114646530502e-02
1.019243456598064104e-02
1.019299135969799902e-02
1.019374965469925162e-02
1.019438332125608207e-02
1.019486286975368992e-02
1.019611420039462542e-02
1.019678154422837789e-02
1.019738015438549118e-02
1.019802741337024615e-02
1.019897680834531452e-02
1.019996701484484486e-02
1.020105876003787188e-02
1.020153991641280754e-02
1.020226891972149212e-02
1.020297128387734863e-02
1.020420237576559822e-02
1.020488655047743776e-02
1.020513969494574180e-02
1.020587322125990695e-02
1.020586642019029322e-02
1.020603695042944861e-02
1.020665538220829824e-02
1.020733880312358136e-02
1.020778087276904937e-02
1.020851511591281194e-02
1.020892035338130666e-02
1.020992650649250703e-02
1.021045934581088326e-02
1.021102968229460270e-02
1.021222245121661265e-02
1.021332145655646541e-02
1.021418783906577650e-02
1.021488740347867817e-02
1.021554213614480483e-02
1.021588317084859421e-02
1.021715639568462723e-02
1.021838314092716506e-02
1.021901230284935624e-02
1.021914509756662558e-02
1.021953490664676174e-02
1.022025432588085161e-02
1.022075371769404391e-02
1.022137284890700833e-02
1.022200538305748779e-02
1.022284762851281142e-02
1.022357795535672881e-02
1.022435600161950703e-02
1.022512689333217317e-02
1.022588316890146905e-02
1.022675293105459321e-02
1.022760320382260987e-02
1.022788031983361268e-02
1.022889605199706238e-02
1.022978572755844744e-02
1.023065108290986680e-02
1.023109780997311091e-02
1.023191392228093091e-02
1.023248261582792966e-02
1.023307935338966211e-02
1.023336234289676065e-02
1.023435877465159183e-02
1.023490455505515068e-02
1.023606614551954286e-02
1.023686419534891069e-02
1.023754569415011653e-02
1.023811844457765338e-02
1.023878288453871320e-02
1.023917901854883190e-02
1.023972620911192677e-02
1.024059370340090792e-02
1.024103441254997811e-02
1.024177704750578108e-02
1.024263967654075874e-02
1.024323223835242082e-02
1.024398272459106814e-02
1.024443005849866306e-02
1.024456999391901851e-02
1.024520815704841985e-02
1.024568930207766203e-02
1.024642312839949693e-02
1.024693942905078627e-02
1.024736590653930329e-02
1.024803486376609472e-02
1.024858541164701091e-02
1.024899959958536916e-02
1.024988332834192786e-02
1.025046594325602564e-02
1.025117609721713438e-02
1.025207371524587165e-02
1.025285556970662558e-02
1.025332016137013233e-02
1.025377297627073740e-02
1.025434519768862567e-02
1.025534631375312790e-02
1.025570405906532645e-02
1.025608467305782340e-02
1.025663108296690461e-02
1.025741821796483447e-02
1.025779171020178848e-02
1.025817559566061243e-02
1.025902838310172385e-02
1.025940141408484760e-02
1.025960909450604128e-02
1.026023724061203048e-02
1.026074628752953605e-02
1.026136782212593544e-02
1.026166208274413225e-02
1.026187406299792007e-02
1.026210558774903227e-02
1.026289306144389547e-02
1.026325228814294402e-02
1.026367548661274130e-02
1.026437225029212634e-02
1.026493386198265578e-02
1.026552723230208380e-02
1.026581716046789418e-02
1.026645042675895271e-02
1.026733501277481662e-02
1.026805378291051861e-02
1.026858363144426620e-02
1.026909816119212469e-02
1.027004155999616634e-02
1.027028694931140726e-02
1.027064616252435295e-02
1.027122807896253820e-02
1.027159200451455666e-02
1.027198084849812419e-02
1.027251906616755313e-02
1.027303041479664392e-02
1.027343534042094580e-02
1.027415416450171495e-02
1.027460131602803486e-02
1.027527651873789104e-02
1.027580803768654225e-02
1.027677367476849402e-02
1.027763534844894008e-02
1.027801929321786253e-02
1.027830010958572828e-02
1.027913176990997990e-02
1.027960569143001116e-02
1.028005069261905303e-02
1.028026403061403291e-02
1.028107518654928186e-02
1.028170871424817154e-02
1.028227067111540417e-02
1.028223008718232717e-02
1.028284848838206637e-02
1.028349656067065881e-02
1.028396768381677727e-02
1.028436314046011178e-02
1.028454146195022581e-02
1.028512516544442638e-02
1.028572942077088728e-02
1.028621935288210471e-02
1.028686984723078610e-02
1.028759198619501845e-02
1.028845521239426554e-02
1.028890654447430116e-02
1.028888726163487699e-02
1.028943459317223710e-02
1.028976407084073591e-02
1.029014228102650801e-02
1.029087932758934731e-02
1.029109502557820806e-02
1.029204805981207352e-02
1.029282058631861459e-02
1.029337008447291438e-02
1.029390818389411440e-02
1.029396436726462763e-02
1.029407337414046594e-02
1.029441610158359811e-02
1.029551243661351069e-02
1.029605558273525949e-02
1.029687755881623923e-02
1.029726877122944667e-02
1.029800873970328733e-02
1.029826527080560800e-02
1.029869167763687587e-02
1.029922196629846388e-02
1.029986210881402020e-02
1.030007385610552141e-02
1.030070179436724971e-02
1.030172824128958511e-02
1.030242187524524691e-02
1.030340278410727534e-02
1.030371878579337472e-02
1.030399794191889581e-02
1.030463392293931059e-02
1.030468996373488065e-02
1.030538349411891028e-02
1.030580027641982491e-02
1.030640750662721941e-02
1.030657134602720217e-02
1.030710336879756515e-02
1.030809430467299025e-02
1.030855054056216066e-02
1.030916784627788907e-02
1.030972746918900479e-02
1.031031356238980984e-02
1.031057897783569169e-02
1.031124567022554707e-02
1.031120596271590736e-02
1.031142298423108096e-02
1.031217667002613629e-02
1.031257597710705590e-02
1.031350146364719278e-02
1.031434422371050978e-02
1.031426809788082814e-02
1.031447373139396731e-02
1.031491401282384063e-02
1.031524151111048830e-02
1.031547169953225991e-02
1.031605902373212980e-02
1.031655057268674597e-02
1.031727088741335625e-02
1.031785170652696308e-02
1.031817429501975629e-02
1.031855745439834438e-02
1.031897494472733441e-02
1.031967686951798177e-02
1.032008693332978934e-02
1.032083072602248651e-02
1.032142832422570412e-02
1.032194386191937277e-02
1.032238681863378686e-02
1.032287215642913904e-02
1.032348186634604766e-02
1.032412455386939876e-02
1.032454474299450940e-02
1.032491356331726416e-02
1.032558473499410254e-02
1.032576535479596234e-02
1.032642129234087255e-02
1.032674430009170724e-02
1.032726608745440817e-02
1.032763414440353300e-02
1.032779530021571239e-02
1.032857748906884469e-02
1.032913873640432106e-02
1.032933928900347555e-02
1.032973870713354073e-02
1.033022238308973877e-02
1.033073220475537457e-02
1.033112584815028094e-02
1.033160144867152110e-02
1.033220705228181553e-02
1.033283434377620970e-02
1.033323960808744078e-02
1.033336399250838790e-02
1.033400641988616551e-02
1.033435805845805792e-02
1.033474560166010477e-02
1.033523375647829243e-02
1.033621917265436022e-02
1.033634902683505663e-02
1.033672376673895436e-02
1.033730606729943262e-02
1.033806954942340789e-02
1.033855236023865053e-02
1.033885590249103772e-02
1.033942238116139500e-02
1.034021041469510190e-02
1.034046221635171771e-02
1.034086363064281797e-02
1.034144161835165443e-02
1.034186677485264202e-02
1.034208550494717174e-02
1.034280124083973226e-02
1.034288023899632147e-02
1.034312370461422208e-02
1.034378233554493487e-02
1.034401430648296608e-02
1.034450659200653738e-02
1.034529069874545563e-02
1.034591111262378287e-02
1.034607117560517112e-02
1.034591270895646002e-02
1.034611771489220115e-02
1.034639092290942988e-02
1.034707245918221191e-02
1.034768406541458109e-02
1.034817088788932658e-02
1.034849231970078227e-02
1.034891277603177361e-02
1.034943550345131247e-02
1.034957129261481444e-02
1.035011296469334416e-02
1.035049732185709843e-02
1.035110974157004565e-02
1.035152306017333469e-02
1.035185619617446859e-02
1.035217293413711812e-02
1.035233351384588774e-02
1.035289978013455292e-02
1.035310787298751242e-02
1.035352602498909071e-02
1.035380268561648075e-02
1.035426800812150154e-02
1.035463986294734087e-02
1.035536667364628065e-02
1.035572558569486726e-02
1.035581080773064801e-02
1.035602596229443471e-02
1.035637142200327918e-02
1.035680657159450749e-02
1.035706971443712231e-02
1.035721910570743323e-02
1.035749032945866392e-02
1.035797661398544720e-02
1.035820994784603620e-02
1.035890906007926049e-02
1.035925187505300910e-02
1.035964929759294884e-02
1.036044616557618009e-02
1.036098786400327029e-02
1.036117645749291133e-02
1.036144806513411218e-02
1.036180287546731131e-02
1.036263088880082055e-02
1.036313542762258913e-02
1.036374238492634124e-02
1.036391401172872401e-02
1.036416872830960359e-02
1.036465938454078986e-02
1.036481096352821415e-02
1.036525651251002204e-02
1.036570679464375415e-02
1.036628203070987832e-02
1.036670626440460569e-02
1.036700458633600837e-02
1.036736855676152237e-02
1.036811738499841297e-02
1.036829378392272599e-02
1.036878259859038906e-02
1.036946863278312946e-02
1.037045596598872195e-02
1.037126561379404441e-02
1.037173678172220379e-02
1.037200084974296103e-02
1.037261987763278895e-02
1.037319752565281361e-02
1.037356893227052261e-02
1.037390409985790296e-02
1.037436820622975563e-02
1.037505051201217943e-02
1.037515157057152144e-02
1.037571683919632365e-02
1.037635404201003690e-02
1.037645253075113704e-02
1.037700911386472101e-02
1.037761786178710913e-02
1.037846489274472581e-02
1.037894743393105723e-02
1.037934283747751069e-02
1.037930017933608347e-02
1.037959138970883342e-02
1.037988538355112157e-02
1.038067519060538804e-02
1.038102893875626417e-02
1.038143570418908861e-02
1.038201211970357293e-02
1.038268493379850346e-02
1.038295524233188299e-02
1.038344534930888546e-02
1.038368412719403548e-02
1.038385364287454024e-02
1.038427947492356548e-02
1.038509540255777401e-02
1.038576676770816554e-02
1.038619808500249389e-02
1.038644072352602928e-02
1.038694306654384426e-02
1.038733626555735957e-02
1.038776241842691121e-02
1.038832139717792841e-02
1.038870953069312777e-02
1.038907991163253233e-02
1.038991321653878926e-02
1.038996562725253564e-02
1.039027880654267051e-02
1.039055193429542882e-02
1.039118560714323222e-02
1.039136889372298950e-02
1.039140613386984636e-02
1.039177956314582540e-02
1.039220960637443798e-02
1.039235376287407642e-02
1.039266836900994660e-02
1.039303695328333554e-02
1.039362250085479854e-02
1.039385395940796951e-02
1.039435992476868062e-02
1.039453808936422266e-02
1.039491496508944922e-02
1.039534551746649875e-02
1.039610095281665210e-02
1.039607869175589866e-02
1.039648814638837251e-02
1.039691010431210982e-02
1.039735098242094632e-02
1.039778674853378444e-02
1.039813820641159910e-02
1.039859902107889526e-02
1.039897908290242021e-02
1.039951348921330614e-02
1.039927976921241337e-02
1.039926966483791480e-02
1.039968806210747956e-02
1.039981332020596151e-02
1.040033403409831858e-02
1.040043134025747142e-02
1.040081171146724735e-02
1.040113181042371174e-02
1.040173978623708424e-02
1.040184752589008547e-02
1.040232622383384896e-02
1.040272756238763002e-02
1.040337101505476453e-02
1.040359252884155011e-02
1.040411863739348908e-02
1.040466113173944829e-02
1.040495333689782018e-02
1.040543380461341275e-02
1.040556859631188227e-02
1.040592212434284132e-02
1.040584986721360128e-02
1.040640056193832021e-02
1.040637971445177931e-02
1.040692692609358934e-02
1.040717508631673789e-02
1.040745695735185994e-02
1.040815168718155215e-02
1.040859369302243702e-02
1.040864354324411156e-02
1.040921621188551673e-02
1.040943311067621044e-02
1.040981765884876030e-02
1.041024679744525713e-02
1.041047413307467397e-02
1.041092342292364997e-02
1.041114164405492794e-02
1.041136885666861349e-02
1.041180360456108074e-02
1.041205227328338527e-02
1.041205697166253802e-02
1.041225328359356508e-02
1.041252490762306984e-02
1.041278947535073836e-02
1.041342425589000982e-02
1.041383615111199194e-02
1.041396224568989781e-02
1.041431560175682010e-02
1.041478667054750347e-02
1.041510464298897598e-02
1.041554844332980706e-02
1.041608408871053798e-02
1.041640228681219721e-02
1.041663712586437911e-02
1.041672444058236273e-02
1.041687949078284880e-02
1.041720074088460166e-02
1.041722984051614981e-02
1.041801034829279923e-02
1.041834254471598470e-02
1.041829032417941614e-02
1.041880010253334529e-02
1.041945148550362833e-02
1.041979303425157218e-02
1.042005114403010517e-02
1.042046451033241256e-02
1.042075695187933901e-02
1.042098662038873878e-02
1.042158876401831809e-02
1.042192697764671161e-02
1.042204982927061839e-02
1.042262723138839657e-02
1.042271765121044642e-02
1.042339481484316939e-02
1.042377226167891940e-02
1.042387222076895416e-02
1.042453099606644763e-02
1.042484698732034330e-02
1.042539013867590028e-02
1.042566033282587255e-02
1.042620169194739821e-02
1.042654679534758475e-02
1.042703107140830615e-02
1.042708683636380841e-02
1.042740294159053525e-02
1.042763286796271130e-02
1.042793542714092261e-02
1.042822507025468332e-02
1.042829281023475996e-02
1.042850623309899208e-02
1.042892231000890589e-02
1.042930862094507832e-02
1.042946308692186547e-02
1.042978645003994100e-02
1.042997243561087466e-02
1.043017925344730430e-02
1.043037448536129723e-02
1.043034088962201816e-02
1.043030145178584604e-02
1.043083779567984849e-02
1.043116743635969478e-02
1.043156621679475725e-02
1.043188501262982439e-02
1.043223834896005175e-02
1.043267873300519726e-02
1.043324298614788440e-02
1.043319336675472761e-02
1.043349104416704289e-02
1.043430160791365170e-02
1.043473449992283510e-02
1.043509239076957640e-02
1.043543985056243593e-02
1.043593355297850640e-02
1.043627653433637156e-02
1.043687367986413303e-02
1.043749721809757690e-02
1.043783998416072771e-02
1.043857181763494651e-02
1.043890353304221565e-02
1.043908143385375784e-02
1.043908903160334009e-02
1.043973967197849191e-02
1.043981671490801927e-02
1.043981415230436569e-02
1.044024268270431731e-02
1.044047249793444813e-02
1.044078557254957650e-02
1.044134703869704917e-02
1.044150088099400110e-02
1.044214537778791717e-02
1.044236445752008517e-02
1.044285321303559805e-02
1.044346035338437895e-02
1.044353873164089938e-02
1.044419002926345701e-02
1.044452015154109792e-02
1.044514815025174119e-02
1.044550618909551552e-02
1.044593871497908472e-02
1.044626035035004126e-02
1.044669144083158578e-02
1.044672937572312284e-02
1.044703885754985802e-02
1.044747141856008574e-02
1.044804490214243375e-02
1.044836643565404642e-02
1.044867556380844192e-02
1.044920298008917246e-02
1.044909893550541834e-02
1.044940379084374413e-02
1.044936599185330994e-02
1.044951890634654955e-02
1.044976216126229651e-02
1.045002747156612011e-02
1.045044839040235561e-02
1.045083384680518118e-02
1.045092014383471220e-02
1.045095740900481469e-02
1.045114918454695223e-02
1.045162123019266302e-02
1.045215684394136015e-02
1.045215295057226601e-02
1.045245905000501477e-02
1.045276088178706368e-02
1.045278161068444872e-02
1.045311235072178720e-02
1.045349556188978658e-02
1.045400193766302631e-02
1.045444472348120227e-02
1.045445318290955973e-02
1.045482059732301926e-02
1.045523167525633582e-02
1.045547703712367341e-02
1.045572039000942054e-02
1.045606868739075608e-02
1.045622172645617291e-02
1.045670194103879430e-02
1.045714265607375522e-02
1.045738916447039833e-02
1.045776749733429677e-02
1.045816928661862620e-02
1.045859691867774902e-02
1.045895552027045414e-02
1.045936577376951199e-02
1.046002001738617453e-02
1.046032392741255874e-02
1.046088806548063979e-02
1.046121892901533297e-02
1.046177816925898153e-02
1.046226804433333241e-02
1.046227394005619718e-02
1.046266235216301334e-02
1.046327485614863273e-02
1.046336953363093299e-02
1.046364790553174287e-02
1.046354925959083575e-02
1.046375456241174784e-02
1.046425795913518038e-02
1.046474066183206326e-02
1.046484519569758180e-02
1.046495738889715275e-02
1.046523892947022819e-02
1.046548292188756099e-02
1.046573388398840294e-02
1.046585597930695631e-02
1.046616994738901879e-02
1.046658602930098346e-02
1.046686303447720047e-02
1.046745186482055806e-02
1.046824130652665268e-02
1.046828817845231810e-02
1.046859032353339609e-02
1.046913576920725786e-02
1.046926680010432445e-02
1.046977754005440700e-02
1.047037780756661027e-02
1.047060995453919646e-02
1.047067384169349767e-02
1.047105158559480213e-02
1.047164292042582733e-02
1.047213609688246727e-02
1.047228516440959142e-02
1.047258247322315448e-02
1.047320112053966648e-02
1.047329981470440131e-02
1.047341246945596681e-02
1.047349740482647618e-02
1.047361856224141193e-02
1.047361566329999168e-02
1.047351836723434647e-02
1.047371212672886139e-02
1.047403739450710088e-02
1.047439373126436181e-02
1.047483609168710708e-02
1.047513984150168567e-02
1.047543974807346213e-02
1.047587229567455841e-02
1.047632832969347914e-02
1.047645946682468528e-02
1.047663241541771199e-02
1.047669483448373552e-02
1.047720016660837888e-02
1.047750504996362679e-02
1.047775068720964431e-02
1.047787998561689263e-02
1.047799007893699882e-02
1.047823383236268398e-02
1.047836814438781253e-02
1.047862577904940320e-02
1.047907505551094395e-02
1.047965092794895386e-02
1.047987906975084670e-02
1.048055748724138064e-02
1.048109218488536658e-02
1.048142537616394976e-02
1.048191193457344295e-02
1.048218855541080755e-02
1.048268761785418023e-02
1.048297976001088053e-02
1.048312795077454597e-02
1.048343269447886070e-02
1.048373977508730397e-02
1.048388134785065845e-02
1.048401227031957664e-02
1.048437978926719874e-02
1.048468137558904688e-02
1.048462572793069404e-02
1.048482545708486445e-02
1.048518026801199647e-02
1.048575768876040641e-02
1.048614236905544284e-02
1.048663376899901592e-02
1.048667715495951724e-02
1.048671427621826642e-02
1.048693479616381007e-02
1.048733304585337291e-02
1.048756175712307892e-02
1.048793232439350180e-02
1.048825868620123503e-02
1.048865534893481284e-02
1.048900503981637505e-02
1.048929007923480282e-02
1.048946635931499553e-02
1.048980563637615278e-02
1.048979809400771117e-02
1.049020413632368622e-02
1.049035778875505483e-02
1.049078285652970018e-02
1.049106314525289144e-02
1.049148925334545887e-02
1.049179749932382943e-02
1.049229891438435876e-02
1.049235246900739708e-02
1.049241904980849349e-02
1.049249723264170271e-02
1.049277669510284214e-02
1.049284864633583461e-02
1.049305282858999794e-02
1.049338353535543382e-02
1.049360650708157199e-02
1.049361407011889166e-02
1.049373395565091245e-02
1.049405075613302381e-02
1.049462473334985407e-02
1.049508522277429849e-02
1.049567278204379013e-02
1.049570940446575840e-02
1.049596415017783370e-02
1.049642605960437319e-02
1.049671597014480671e-02
1.049730492451193993e-02
1.049790465905746893e-02
1.049794379699256139e-02
1.049833867229052649e-02
1.049847929275791493e-02
1.049879501106612371e-02
1.049886792501121546e-02
1.049909660728188740e-02
1.049943915362018532e-02
1.049973282183421994e-02
1.050005145967453264e-02
1.050043375108750641e-02
1.050072601433939615e-02
1.050101388610834297e-02
1.050134239420870072e-02
1.050199673730747851e-02
1.050220500564161621e-02
1.050226928009532698e-02
1.050239564105379803e-02
1.050252776173680319e-02
1.050275784312136237e-02
1.050306471109670181e-02
1.050337015757691825e-02
1.050333475068137949e-02
1.050354297488182397e-02
1.050368484520701126e-02
1.050354718500298712e-02
1.050395057029169729e-02
1.050414301412329159e-02
1.050438244958942606e-02
1.050467579923872879e-02
1.050482242848690441e-02
1.050493894133082938e-02
1.050516289269488521e-02
1.050565898699799480e-02
1.050570535383556735e-02
1.050579862300099997e-02
1.050616355216691181e-02
1.050644076815757978e-02
1.050676257681508984e-02
1.050704259403179366e-02
1.050706229782893616e-02
1.050711702830276102e-02
1.050720447789777606e-02
1.050716208251802584e-02
1.050735156923860575e-02
1.050757996305575794e-02
1.050750002463272589e-02
1.050803637293469366e-02
1.050814477975945717e-02
1.050816505224793154e-02
1.050827335020575182e-02
1.050855915825494799e-02
1.050875699433959434e-02
1.050901211121494337e-02
1.050903246198698487e-02
1.050935357068603568e-02
1.050967320356545158e-02
1.050994693407493116e-02
1.050994697532286158e-02
1.051011224734375339e-02
1.051022122372073132e-02
1.051016789392127462e-02
1.051002861250933604e-02
1.051003326139132027e-02
1.051009537923202480e-02
1.051033734951770798e-02
1.051042100134767267e-02
1.051058322016143985e-02
1.051084502951817219e-02
1.051124945558271941e-02
1.051155091097826476e-02
1.051182675428602789e-02
1.051224669761460090e-02
1.051243883310601715e-02
1.051287785393049609e-02
1.051309618892155504e-02
1.051343555156411189e-02
1.051397684410179841e-02
1.051407631236498177e-02
1.051441139686731634e-02
1.051471783244576838e-02
1.051501731320640502e-02
1.051528493025891652e-02
1.051558898098694898e-02
1.051584896532773913e-02
1.051598698165473293e-02
1.051616047430421058e-02
1.051649906599642741e-02
1.051641143543727633e-02
1.051641149212677491e-02
1.051633066282777092e-02
1.051642695129030233e-02
1.051673500968913939e-02
1.051694313307705020e-02
1.051713359734855052e-02
1.051728979529980602e-02
1.051751318561477619e-02
1.051786870551285093e-02
1.051790666315749294e-02
1.051807315302205094e-02
1.051800124740512148e-02
1.051862717506481075e-02
1.051894102212986605e-02
1.051909137210396347e-02
1.051905889744000379e-02
1.051937907901515784e-02
1.051954450755198875e-02
1.051944362516115186e-02
1.051968015253405830e-02
1.051990932902856744e-02
1.052003702124532265e-02
1.052033221114916962e-02
1.052035322723602478e-02
1.052077750234094861e-02
1.052133749014495627e-02
1.052107165201376232e-02
1.052131426180860120e-02
1.052146365572730578e-02
1.052133317982130965e-02
1.052130069474707490e-02
1.052158957550016968e-02
1.052186189377149472e-02
1.052189627425755350e-02
1.052206020444817688e-02
1.052244450033380102e-02
1.052249361479218326e-02
1.052294089479118185e-02
1.052347000762936247e-02
1.052344632289241126e-02
1.052345133197329571e-02
1.052350123979928047e-02
1.052389341954330579e-02
1.052422360798817465e-02
1.052422582868959774e-02
1.052442860433676700e-02
1.052453305206679270e-02
1.052506779490801694e-02
1.052525606900398501e-02
1.052544129130449785e-02
1.052564007592425056e-02
1.052583891158102511e-02
1.052612563544863544e-02
1.052633034904539022e-02
1.052651015819896715e-02
1.052660301414923109e-02
1.052681691594357059e-02
1.052732713121323251e-02
1.052778667115139739e-02
1.052803288523837533e-02
1.052840182556387567e-02
1.052885441186071289e-02
1.052883462750237031e-02
1.052877450653529057e-02
1.052916634413424146e-02
1.052944109436221819e-02
1.052973149148219226e-02
1.053005056172329895e-02
1.053010269030586234e-02
1.053027322767420733e-02
1.053068763675417754e-02
1.053079639683691428e-02
1.053103488124582446e-02
1.053122815043275318e-02
1.053134192085964337e-02
1.053160074796564115e-02
1.053179974162203429e-02
1.053166486066484456e-02
1.053175333725916638e-02
1.053196259447989301e-02
1.053232349154771715e-02
1.053265857296240005e-02
1.053310330918735480e-02
1.053326717828529345e-02
1.053352262803881195e-02
1.053358741888122188e-02
1.053354516354108351e-02
1.053383521081549708e-02
1.053417088382130329e-02
1.053449014980212782e-02
1.053467828218991771e-02
1.053483298694267434e-02
1.053493661725564412e-02
1.053525076123662529e-02
1.053529549180137748e-02
1.053540298177215243e-02
1.053570960971696863e-02
1.053582823387997844e-02
1.053598663151895064e-02
1.053626587439567171e-02
1.053650550700441571e-02
1.053649256035900893e-02
1.053673533397875457e-02
1.053695060053611715e-02
1.053711835631887007e-02
1.053720720236031062e-02
1.053709644920994802e-02
1.053751581981518873e-02
1.053731722948764681e-02
1.053743250078314694e-02
1.053780727206240012e-02
1.053775189453147812e-02
1.053800516136781974e-02
1.053805349797894489e-02
1.053820051968393581e-02
1.053833475358697570e-02
1.053838563020312140e-02
1.053857253262069360e-02
1.053864290593471351e-02
1.053860323443380972e-02
1.053897313880251818e-02
1.053900446684799888e-02
1.053926389913853803e-02
1.053933324598366889e-02
1.053959193288651550e-02
1.053988712745065719e-02
1.053980423719341926e-02
1.053965681114826629e-02
1.053989292617460091e-02
1.054002917738848175e-02
1.053991612889808478e-02
1.053988029062126811e-02
1.053993510915708295e-02
1.054010208420807365e-02
1.054004423800757907e-02
1.054041216428757907e-02
1.054051475367898463e-02
1.054075293997137550e-02
1.054087193720067324e-02
1.054078572785736335e-02
1.054076796736281608e-02
1.054097477208307092e-02
1.054134037088320063e-02
1.054158632846293256e-02
1.054168344156776287e-02
1.054166756520258548e-02
1.054168627857257623e-02
1.054181818208268367e-02
1.054193317690615105e-02
1.054187886808952146e-02
1.054196124717441362e-02
1.054219586031817854e-02
1.054222976347263252e-02
1.054257055221291886e-02
1.054295553623506819e-02
1.054324698861545430e-02
1.054360327540316937e-02
1.054361570807467799e-02
1.054362030243796190e-02
1.054370212714686450e-02
1.054392354926065277e-02
1.054420567723494268e-02
1.054420163022844886e-02
1.054453375175519632e-02
1.054462027881130672e-02
1.054447730989893292e-02
1.054498722498024149e-02
1.054510602305212472e-02
1.054533745536330794e-02
1.054557197787463034e-02
1.054578703009832231e-02
1.054579465740443714e-02
1.054577450465483089e-02
1.054603528754748977e-02
1.054618570185540845e-02
1.054649103281086152e-02
1.054665951907368150e-02
1.054666412181107411e-02
1.054694354124268048e-02
1.054726778248840473e-02
1.054789261280474240e-02
1.054819300524435441e-02
1.054827996552112727e-02
1.054832933445888979e-02
1.054831828512482229e-02
1.054838092727141199e-02
1.054830083480875862e-02
1.054838894735249909e-02
1.054847832741848124e-02
1.054857697755799510e-02
1.054892815336384848e-02
1.054906497106515226e-02
1.054930333928385915e-02
1.054944323146465857e-02
1.054966436293099975e-02
1.054979383129901575e-02
1.055005651976018664e-02
1.055058020645309284e-02
1.055056999358311258e-02
1.055101531508278491e-02
1.055094690085702641e-02
1.055111533014210963e-02
1.055101585173803293e-02
1.055119869453302953e-02
1.055105373483151802e-02
1.055130800602235679e-02
1.055144545351833878e-02
1.055153970610149365e-02
1.055189560053163694e-02
1.055169796611045777e-02
1.055159786178393351e-02
1.055165508928272884e-02
1.055188382389009652e-02
1.055233377110158244e-02
1.055252800109802470e-02
1.055256786095111129e-02
1.055292441045501198e-02
1.055304978716788827e-02
1.055310985055252920e-02
1.055307417006204687e-02
1.055313850695690191e-02
1.055329059627952565e-02
1.055343796360519275e-02
1.055346794682033781e-02
1.055363338275029650e-02
1.055393674734726728e-02
1.055396327203037173e-02
1.055412903008399843e-02
1.055430479902617728e-02
1.055451357486556808e-02
1.055461137678802286e-02
1.055477395919163577e-02
1.055481055770551846e-02
1.055510514866098148e-02
1.055541134587375911e-02
1.055552466469984393e-02
1.055585396434112130e-02
1.055595172147673864e-02
1.055611339535092452e-02
1.055639120826951279e-02
1.055654521235684790e-02
1.055663542013948394e-02
1.055647694124471972e-02
1.055662252799882683e-02
1.055678191404971732e-02
1.055696113369840143e-02
1.055710018984727140e-02
1.055704992236485007e-02
1.055717071597793606e-02
1.055740009311763490e-02
1.055743496881182859e-02
1.055755925257483886e-02
1.055784763712206385e-02
1.055808550219495580e-02
1.055804904835344268e-02
1.055833775337784719e-02
1.055817733654119267e-02
1.055841003698951286e-02
1.055870136284816491e-02
1.055891002753450020e-02
1.055905016033371717e-02
1.055924898833453945e-02
1.055924893706491029e-02
1.055954709623459567e-02
1.055975735145320456e-02
1.055958292764321536e-02
1.055983535911701569e-02
1.056001568866080272e-02
1.056010014012543144e-02
1.056022377169615889e-02
1.056013983713324778e-02
1.056024524948795916e-02
1.056037425155941824e-02
1.056049272429606008e-02
1.056063046903333788e-02
1.056075332750378189e-02
1.056076330136248610e-02
1.056105928896853945e-02
1.056124195624648897e-02
1.056142745872321043e-02
1.056130389359027227e-02
1.056136674838466412e-02
1.056142446576825884e-02
1.056149503042489932e-02
1.056139130702348286e-02
1.056163522018737505e-02
1.056169725401309538e-02
1.056181584130536782e-02
1.056165504020330562e-02
1.056184039768096050e-02
1.056201936688660505e-02
1.056204536043135744e-02
1.056207622778890416e-02
1.056228724109892214e-02
1.056240608050087841e-02
1.056239392773397623e-02
1.056247729056229018e-02
1.056230731948314301e-02
1.056223979575623452e-02
1.056219284260714875e-02
1.056250028928878634e-02
1.056267171694300587e-02
1.056280676548158534e-02
1.056291094245394649e-02
1.056306551551434644e-02
1.056347378850976300e-02
1.056374623493645110e-02
1.056369397786643786e-02
1.056377210959658607e-02
1.056385956097830557e-02
1.056399705643807502e-02
1.056402516097018976e-02
1.056411660545690349e-02
1.056410727657832241e-02
1.056433094456201219e-02
1.056446664918157460e-02
1.056450933898855048e-02
1.056447608605970076e-02
1.056453068896267763e-02
1.056468915900547235e-02
1.056474580734527262e-02
1.056495829767101387e-02
1.056512747252268125e-02
1.056530139883108538e-02
1.056548992249252937e-02
1.056541006578320951e-02
1.056548239973877090e-02
1.056553628998965419e-02
1.056562902457383948e-02
1.056550919772256646e-02
1.056578937828252240e-02
1.056607674429158907e-02
1.056618690782577981e-02
1.056640758491585175e-02
1.056652529800827800e-02
1.056639625447183123e-02
1.056631520982720049e-02
1.056639368619605862e-02
1.056649253346408912e-02
1.056669346916247303e-02
1.056683855339748609e-02
1.056707732235942672e-02
1.056716126064198222e-02
1.056718883628340183e-02
1.056739542910325146e-02
1.056759206905078831e-02
1.056775475178869939e-02
1.056801651601895452e-02
1.056821616952283854e-02
1.056815473696029462e-02
1.056825198821448493e-02
1.056829375498276324e-02
1.056846272729051843e-02
1.056870627134414570e-02
1.056868313874549312e-02
1.056873412748773715e-02
1.056872437961067432e-02
1.056876908255883346e-02
1.056873729734702193e-02
1.056888185935625675e-02
1.056902941454987595e-02
1.056902307710952046e-02
1.056908161185537293e-02
1.056907272186422865e-02
1.056915115368925115e-02
1.056934202494481251e-02
1.056934765377836628e-02
1.056931647537900226e-02
1.056937951422464751e-02
1.056948045996255331e-02
1.056965187223865739e-02
1.056972691367854579e-02
1.056967427751047926e-02
1.056970367923185973e-02
1.056996329734827961e-02
1.056993952175920223e-02
1.057023846078197597e-02
1.057047469917637809e-02
1.057060488993516283e-02
1.057056525218740863e-02
1.057037595928138514e-02
1.057050813619384542e-02
1.057060856196345537e-02
1.057049635571634047e-02
1.057057715683629683e-02
1.057065301400384426e-02
1.057044827495270088e-02
1.057058719748215497e-02
1.057081197020674247e-02
1.057093554258525976e-02
1.057077287467639119e-02
