5.883192946108620897e-04
5.887690074907975333e-04
5.896519615655087046e-04
5.903277594964463941e-04
5.908924337880558028e-04
5.913878397137316755e-04
5.917613321863786661e-04
5.920601170441150071e-04
5.923249895318242943e-04
5.925824928335266190e-04
5.928475334212920250e-04
5.931277705806013234e-04
5.934267203085595230e-04
5.937455409616610065e-04
5.940840412185167041e-04
5.944412952946801160e-04
5.948160374528539338e-04
5.952069096814201774e-04
5.956276719901615899e-04
5.960693319832641906e-04
5.965200212115703837e-04
5.969793567371408901e-04
5.974467885748804830e-04
5.979217108277161971e-04
5.984035013128481770e-04
5.988915306224877307e-04
5.993851618317744571e-04
5.994675752874603679e-04
6.000691720348255709e-04
6.002881513571882129e-04
6.009248621892450968e-04
6.011562020900725837e-04
6.014780070607169370e-04
6.021883345746854767e-04
6.024314205763886629e-04
6.027582587550294520e-04
6.031389281658925848e-04
6.041746390927467880e-04
6.049068786604343403e-04
6.050431067535068461e-04
6.058107119678377960e-04
6.062059245874119092e-04
6.063788385543442084e-04
6.072507533761863476e-04
6.076936827060088831e-04
6.081808166780753666e-04
6.087071098670713849e-04
6.092677511591685366e-04
6.098587243501762088e-04
6.104768106102281258e-04
6.111194961392957996e-04
6.117848376980852517e-04
6.124414767129907240e-04
6.131234418149844774e-04
6.138023191737835291e-04
6.141445829758370454e-04
6.147480940473918666e-04
6.154801963496589262e-04
6.162824088863305075e-04
6.167952900581521450e-04
6.176354752302574405e-04
6.181372209105707007e-04
6.183704808997728336e-04
6.192205941248766533e-04
6.197670870402412430e-04
6.203179143873363598e-04
6.208723852835551288e-04
6.214300812470494170e-04
6.220297520749354945e-04
6.223285588807539676e-04
6.232071718010891680e-04
6.234967137151598568e-04
6.238679794393116188e-04
6.248599950035088006e-04
6.251849777145055851e-04
6.259615418235296930e-04
6.269002834203408038e-04
6.283402521892504037e-04
6.291238656718766168e-04
6.301118477943918033e-04
6.313508448214430859e-04
6.314953350655754753e-04
6.321280799700944872e-04
6.325711785125779415e-04
6.332891465791399806e-04
6.344540965399762160e-04
6.351397754083838287e-04
6.357396358503350237e-04
6.365684578201291459e-04
6.372682858340596255e-04
6.379199675555867867e-04
6.389955352665908743e-04
6.395068389774287345e-04
6.405728404739745481e-04
6.412278634304808319e-04
6.417851623609522336e-04
6.428324276397991968e-04
6.433224431452805531e-04
6.440363594046283032e-04
6.445014203329485838e-04
6.455879639622605836e-04
6.462516413253629631e-04
6.472496185675935456e-04
6.480936992538625799e-04
6.486746823338868919e-04
6.493795139031856897e-04
6.503629121895479958e-04
6.510430202499974464e-04
6.520046491391734856e-04
6.530488038507009955e-04
6.540872363106703868e-04
6.547046724860158600e-04
6.558260400362868727e-04
6.565615554281132834e-04
6.575305614409859617e-04
6.582275797024066816e-04
6.593857197497684283e-04
6.599513807721243182e-04
6.605259737850352692e-04
6.614859250075737522e-04
6.624241839716063941e-04
6.633588057832988773e-04
6.642835971450537780e-04
6.651980341278836617e-04
6.661012980431159011e-04
6.669931257532811086e-04
6.678739900512919601e-04
6.687449953731472744e-04
6.696076768627591070e-04
6.704637962296108302e-04
6.714738894451743184e-04
6.719713188326265811e-04
6.732258771586866744e-04
6.742297705131817262e-04
6.746347485878680366e-04
6.751621805172740732e-04
6.757126352282086549e-04
6.763943704851592366e-04
6.770498856109372207e-04
6.783463586707421137e-04
6.790792266136946821e-04
6.800993091899740607e-04
6.813082754404657269e-04
6.823696183304784517e-04
6.834104863913644315e-04
6.846399410167228932e-04
6.852477640581541418e-04
6.861733545582176293e-04
6.866492856553751186e-04
6.878159507516497587e-04
6.886658922811370867e-04
6.897925061729071354e-04
6.909609184560875630e-04
6.921372219532027827e-04
6.933093546179242440e-04
6.944731038893534221e-04
6.956279530198596290e-04
6.967843449477764944e-04
6.979544072570610614e-04
6.991197442289484327e-04
7.002831425298502305e-04
7.014471257218732412e-04
7.026138777268337498e-04
7.037852221501512051e-04
7.049626394867124484e-04
7.061472986967670413e-04
7.073400932476610987e-04
7.085416811784194750e-04
7.097525172527124676e-04
7.109728838483707217e-04
7.122029174890364550e-04
7.134426240718625507e-04
7.146918988732161400e-04
7.159505373391275400e-04
7.172182433642646567e-04
7.184946366715497593e-04
7.197792572323266202e-04
7.210715694490932347e-04
7.212623519132497010e-04
7.219277120540946438e-04
7.235754326984593756e-04
7.242792851429773540e-04
7.250877883971992149e-04
7.267312849305866034e-04
7.283475274994835038e-04
7.300641233774600447e-04
7.315495059966057928e-04
7.330197628511409902e-04
7.344779800384134685e-04
7.360032268120491163e-04
7.375495046516298333e-04
7.390957908128308529e-04
7.406437522780626821e-04
7.421945674278665776e-04
7.437491169717733424e-04
7.453080683437358087e-04
7.468719394072156166e-04
7.484411295358541286e-04
7.500159423330942949e-04
7.515966085766951060e-04
7.526279415528218907e-04
7.536870721308865052e-04
7.547696498092217000e-04
7.565410274867214553e-04
7.558963551634232357e-04
7.574717173541576417e-04
7.576711218475307803e-04
7.583457715913195958e-04
7.600507237063228042e-04
7.616231448201691038e-04
7.620957643631286324e-04
7.635829999251104398e-04
7.650766560285130391e-04
7.652787213013261631e-04
7.666075917888716916e-04
7.680175930349059750e-04
7.693131404614406404e-04
7.704294572137193511e-04
7.718919060673776200e-04
7.736804172315343755e-04
7.752942300970346815e-04
7.764766636415661909e-04
7.775319440766603057e-04
7.791730219411368164e-04
7.797867549711566407e-04
7.814512551219020752e-04
7.826558005862688759e-04
7.841217226827015873e-04
7.856605930515944691e-04
7.870223895087831521e-04
7.883399907072939682e-04
7.897163219900614440e-04
7.912509741638281248e-04
7.926227750263463651e-04
7.946171659064083610e-04
7.961498335906350057e-04
7.972202729712406233e-04
7.987309649191520582e-04
8.001118789912845409e-04
8.013114146998507117e-04
8.025897838973888778e-04
8.046453210953735885e-04
8.057568722844875081e-04
8.070416770610861108e-04
8.082219883713107110e-04
8.093330832812016757e-04
8.105644669376385657e-04
8.118764922081477247e-04
8.139704363423476852e-04
8.160031710176953801e-04
8.169329222244735766e-04
8.185370133651735918e-04
8.204153027483085305e-04
8.217948828284622840e-04
8.230654650336805033e-04
8.245920068877983511e-04
8.260863707010854609e-04
8.280964486762239490e-04
8.295440527986040150e-04
8.310291711795337113e-04
8.319228054328641972e-04
8.328588729729473079e-04
8.341777134244139115e-04
8.358364146333727325e-04
8.373573859844536541e-04
8.386014065494652248e-04
8.402565333700092376e-04
8.418445416275316829e-04
8.437820029946757486e-04
8.453110683043192977e-04
8.472525458017030400e-04
8.493505151747128036e-04
8.507567449812404722e-04
8.529193897331357891e-04
8.545280562519469089e-04
8.561586279464512231e-04
8.580358842139985086e-04
8.600935656928539218e-04
8.621611665848267310e-04
8.641740314857594175e-04
8.660860435146262165e-04
8.672180190797184945e-04
8.686398730428679686e-04
8.702870845127305514e-04
8.718371281639905775e-04
8.734431956363856780e-04
8.743057326037066744e-04
8.759226295174195364e-04
8.770709687951801226e-04
8.778147473788011895e-04
8.791942906724092366e-04
8.806871938388105689e-04
8.822504383932724265e-04
8.829416545562697970e-04
8.845294090055687806e-04
8.865037081810784149e-04
8.873168536393167584e-04
8.880120331080670502e-04
8.897347288844896463e-04
8.905951444578114832e-04
8.913251358862695709e-04
8.920629786865165922e-04
8.939660444961683048e-04
8.955218625577939960e-04
8.965174889931085871e-04
8.967609101263856325e-04
8.985478648574633971e-04
8.986815189228713856e-04
8.992623686639425375e-04
9.009920916099536546e-04
9.026497694946239957e-04
9.020205108778730054e-04
9.039420766643577231e-04
9.056843584728406287e-04
9.052134632488958218e-04
9.070399231950870009e-04
9.067938678965379792e-04
9.086943190392250897e-04
9.104117008394755056e-04
9.105366225466027946e-04
9.122854255409163990e-04
9.126498435696639606e-04
9.141175911186820956e-04
9.146228923920056951e-04
9.159172632557616243e-04
9.164390629054935435e-04
9.173235870680900494e-04
9.186241695419214556e-04
9.194567818794068415e-04
9.203031405603923467e-04
9.215199644276094804e-04
9.221378087975297747e-04
9.231702312506171381e-04
9.241969636001900502e-04
9.252715902100979968e-04
9.260291323089800495e-04
9.268722231815839166e-04
9.280045472309391254e-04
9.292995219742261788e-04
9.304899016872199540e-04
9.315195594543757398e-04
9.328198086472483256e-04
9.342632231086495662e-04
9.355417367260871657e-04
9.365333347418403932e-04
9.372987287620750292e-04
9.380482461419656706e-04
9.391102103253396631e-04
9.394642599706101325e-04
9.407520429353082980e-04
9.418015848304982967e-04
9.421231612033812699e-04
9.436636660312332789e-04
9.452303792949858560e-04
9.459897808986295585e-04
9.473242126257150342e-04
9.480346640693607498e-04
9.488552502279828330e-04
9.500089228784819838e-04
9.516153171288306307e-04
9.520831581186455081e-04
9.531751532033664502e-04
9.544633496877345108e-04
9.557715179668784889e-04
9.557213719294333030e-04
9.556699171894014961e-04
9.567948571346307019e-04
9.573691428098561867e-04
9.579066338847348630e-04
9.584201443426746151e-04
9.595726769574889877e-04
9.611120559497235557e-04
9.613216861588797218e-04
9.617742613427408349e-04
9.624662311844329630e-04
9.629319224152174369e-04
9.636391830600482067e-04
9.640311201103321211e-04
9.654356399707278349e-04
9.670421901206382965e-04
9.686179063194446911e-04
9.689649740664242009e-04
9.704134711214249063e-04
9.705703203998409081e-04
9.711200447988140852e-04
9.725681141264797946e-04
9.738103627625736445e-04
9.750355225681103842e-04
9.750431177609898518e-04
9.764001737294082358e-04
9.772573924505764155e-04
9.772113750083672064e-04
9.781762012616257267e-04
9.782758713982341904e-04
9.787037748691864315e-04
9.798389113804169010e-04
9.802636954810014461e-04
9.815030768948538719e-04
9.818910993174547949e-04
9.825822125897906798e-04
9.832846794612939371e-04
9.840319383636747519e-04
9.848144398807202621e-04
9.857746288178578353e-04
9.862749177912606170e-04
9.874796628754557888e-04
9.883556327778114919e-04
9.888292122563464934e-04
9.899798679182045258e-04
9.903255088776574764e-04
9.914382340899799070e-04
9.917382011408949934e-04
9.920183560990837070e-04
9.927751246939968757e-04
9.937627479082542393e-04
9.941414203565779231e-04
9.950946986314406460e-04
9.958771512614916603e-04
9.967156023175821090e-04
9.972357587662429405e-04
9.980535879125030166e-04
9.988703015685654850e-04
9.992814077928592435e-04
1.000138089324124077e-03
1.000603181424535850e-03
1.001535385864669439e-03
1.002671663571415381e-03
1.003492637186800427e-03
1.004350969987276472e-03
1.005242702735049129e-03
1.005728321780570726e-03
1.006741971911306877e-03
1.007662249070301590e-03
1.008673786642627418e-03
1.009250824623749440e-03
1.010183865740154263e-03
1.010963612671964516e-03
1.011344359000976474e-03
1.011722497804631773e-03
1.012620256266035619e-03
1.013613192464474493e-03
1.014468915545587184e-03
1.015211931324038960e-03
1.016342900402438746e-03
1.017122059399739762e-03
1.018147442019247438e-03
1.018897797232785375e-03
1.019748489405789991e-03
1.020355074540734612e-03
1.021432107322292181e-03
1.022066003558060607e-03
1.022807131984748794e-03
1.024015887362497799e-03
1.024870617301569227e-03
1.025582469895491584e-03
1.026374774678056549e-03
1.027003539570224512e-03
1.028092587892238995e-03
1.028659822182710279e-03
1.029605903745315623e-03
1.030143600691890184e-03
1.031283554579545941e-03
1.032441403930217660e-03
1.033331012457264783e-03
1.033789136376619868e-03
1.034665071644462215e-03
1.035336256579128152e-03
1.036012618209382775e-03
1.036625126543390136e-03
1.037765631753284840e-03
1.038135399798597799e-03
1.039186521891901109e-03
1.039483770244142239e-03
1.040649629044242738e-03
1.041728696211116547e-03
1.042791358220259822e-03
1.042855056624073786e-03
1.043147437857541585e-03
1.043293964522963493e-03
1.044376340870607637e-03
1.045399159613678202e-03
1.045163340535951429e-03
1.046178300095294139e-03
1.045946360411043313e-03
1.046307008365193747e-03
1.046762174211975484e-03
1.047601993149246220e-03
1.048643644548661767e-03
1.049028706904151995e-03
1.049064624052054983e-03
1.049587654591080605e-03
1.049855730552363975e-03
1.050722580281811562e-03
1.051544619489407214e-03
1.051981411358379227e-03
1.052775572131830345e-03
1.053307106572304221e-03
1.054282073395111305e-03
1.055320582945935230e-03
1.056184163853049777e-03
1.056528498227153265e-03
1.057330732987604412e-03
1.057771389243555892e-03
1.058052887763714619e-03
1.058996860063651140e-03
1.059817010483147777e-03
1.060192460658338463e-03
1.061235812100333161e-03
1.062187204111431993e-03
1.062173476645319591e-03
1.062468482579057233e-03
1.063493385828408709e-03
1.064258103868676465e-03
1.065054520664960756e-03
1.065487722456263161e-03
1.066032728560308614e-03
1.066815157492634857e-03
1.067086685869829323e-03
1.067655178585692928e-03
1.068260419168762330e-03
1.068717131979355674e-03
1.069669941956356103e-03
1.070580968046762988e-03
1.070783922458238982e-03
1.071169385242026935e-03
1.071872281620088550e-03
1.072449500911200381e-03
1.073142266967251927e-03
1.073737639277241125e-03
1.074426543782447526e-03
1.075023788295459111e-03
1.075702418137773966e-03
1.076288911223632254e-03
1.077180880867815169e-03
1.077935462930157233e-03
1.078819005503184455e-03
1.079056762335609248e-03
1.079726718782708953e-03
1.080488144019835445e-03
1.080841795473632847e-03
1.081340776929570020e-03
1.081966531786304406e-03
1.082699564356344978e-03
1.083189405260332697e-03
1.083448072601116401e-03
1.084121864442670396e-03
1.084791686133606626e-03
1.085607415462102807e-03
1.086368366023294672e-03
1.087153982059638896e-03
1.087525987297103440e-03
1.087937195989243690e-03
1.088518194785922759e-03
1.088966796420316437e-03
1.089757992239690377e-03
1.090558261676647950e-03
1.091258500185460006e-03
1.092011724676707684e-03
1.092646724388137433e-03
1.093224089705730319e-03
1.094054019645789889e-03
1.094828956940754883e-03
1.095282126140793063e-03
1.095801674222928986e-03
1.096580485342700051e-03
1.097361107007672511e-03
1.097956433588270298e-03
1.098776948555832932e-03
1.099648210643666951e-03
1.100378384325122021e-03
1.100956933618849271e-03
1.101656877524809664e-03
1.102250511716125567e-03
1.102998451044448535e-03
1.103806925259285350e-03
1.104256557192564298e-03
1.104904631159899821e-03
1.105425102748104019e-03
1.105990908517320024e-03
1.106772336542532782e-03
1.107223956313992900e-03
1.107849211035120312e-03
1.108361300170182962e-03
1.109054767638051808e-03
1.109834482550249406e-03
1.110265810242391880e-03
1.110909783896688215e-03
1.111610764193326530e-03
1.112259287605829117e-03
1.112757842262702534e-03
1.113237709657982329e-03
1.113910311269019531e-03
1.114714107038965521e-03
1.115150371076924912e-03
1.115973259154064883e-03
1.116574743826392576e-03
1.117278493346299121e-03
1.117863536911168059e-03
1.118205401193593041e-03
1.118885539140871506e-03
1.119544229352435359e-03
1.119971599258858235e-03
1.120879206335330521e-03
1.121793540397312237e-03
1.122313743350588982e-03
1.123204647675440015e-03
1.123382162170001195e-03
1.124236632482181024e-03
1.124573993673670495e-03
1.125447600475491068e-03
1.126322371237017820e-03
1.127194891793159917e-03
1.128063136605067431e-03
1.128925942655030013e-03
1.129492485698519117e-03
1.130406609066681887e-03
1.130427297856228652e-03
1.130942343580407629e-03
1.131510653010511401e-03
1.132374976642479790e-03
1.133202674606007812e-03
1.134025627105637044e-03
1.134661970450972102e-03
1.135332239619100134e-03
1.135849175687227760e-03
1.136107200131001313e-03
1.136359497930505402e-03
1.137062433538790036e-03
1.137437971263974236e-03
1.137873230474352026e-03
1.138177050968541869e-03
1.138905151306828564e-03
1.139192822613574289e-03
1.139950270039609415e-03
1.140267111271754110e-03
1.140619461339492701e-03
1.141088551434991591e-03
1.142010085160410134e-03
1.142819500934956706e-03
1.143476199705175181e-03
1.143906742317242270e-03
1.144376704078358233e-03
1.145218636578386288e-03
1.145542295328241290e-03
1.146070871203281293e-03
1.146585033010649865e-03
1.146922608113914565e-03
1.147314068170521284e-03
1.147557291368148146e-03
1.148371145996805818e-03
1.149208669828326139e-03
1.149525159367651437e-03
1.150030166231382194e-03
1.150397351300114050e-03
1.150974790144017627e-03
1.151545754658071189e-03
1.152142370368463425e-03
1.152649489539706463e-03
1.153195286265531550e-03
1.153791862739220056e-03
1.154458899551833980e-03
1.154817025049771975e-03
1.155149556965446699e-03
1.155991568735279884e-03
1.156500951588936748e-03
1.156938034824656547e-03
1.157594793924020564e-03
1.158319651733894168e-03
1.158789205843546331e-03
1.159513545782489986e-03
1.160020418815566751e-03
1.160838871717073499e-03
1.161336830829388586e-03
1.161882646266347227e-03
1.162668010353983894e-03
1.163219598024815707e-03
1.163709052096399427e-03
1.164083226877844855e-03
1.164227669197178240e-03
1.164780827741621581e-03
1.165542253203927757e-03
1.166287697080682900e-03
1.166946418724178246e-03
1.167436753504629996e-03
1.167794399045262756e-03
1.167948710972942445e-03
1.168722077060370314e-03
1.169087141378200240e-03
1.169458215276819330e-03
1.169837395121772934e-03
1.170592318763146985e-03
1.171345321005468152e-03
1.171726294957274855e-03
1.172118112891310220e-03
1.172832242018075240e-03
1.173542238145637399e-03
1.173926590141682966e-03
1.174328730055897337e-03
1.174902195492425871e-03
1.175632286608869039e-03
1.176362569623057080e-03
1.176935374696789702e-03
1.177638192866976245e-03
1.178202784450586675e-03
1.178821299345589801e-03
1.179402385251091629e-03
1.179960892751651114e-03
1.180699666214026985e-03
1.181033091420011488e-03
1.181204038039701965e-03
1.181713099407469270e-03
1.182354161823939275e-03
1.182899219946915775e-03
1.183431739535783069e-03
1.183972979535697278e-03
1.184654638709665498e-03
1.185324934391446348e-03
1.186007097221534632e-03
1.186690200170454441e-03
1.187285485715598981e-03
1.187945284171645563e-03
1.188395782509117041e-03
1.188995219889997469e-03
1.189343734313330885e-03
1.189845541200025038e-03
1.190425885142537554e-03
1.190905003229861606e-03
1.191567360273345375e-03
1.192070047069311274e-03
1.192678061861949558e-03
1.193288470552266887e-03
1.193949480661448499e-03
1.194570791195179085e-03
1.195221792831008528e-03
1.195878032596300487e-03
1.196537346152940634e-03
1.196964831330605715e-03
1.197626588560462332e-03
1.198052592121937867e-03
1.198483778003582535e-03
1.199085408779837145e-03
1.199749875189107988e-03
1.200294903064024138e-03
1.200840810528288043e-03
1.201365580796680092e-03
1.201835761935804870e-03
1.202352319659119768e-03
1.203022039218229131e-03
1.203598252911791070e-03
1.204267179035629605e-03
1.204837741469768015e-03
1.205441824029716445e-03
1.205749955612170224e-03
1.206297308905127661e-03
1.206616427359192938e-03
1.206974395130924922e-03
1.207158978168814669e-03
1.207698058091113405e-03
1.208270040202279226e-03
1.208807202074889484e-03
1.209339455708345655e-03
1.210029947939992830e-03
1.210587398146438509e-03
1.211252017029698083e-03
1.211937792600743021e-03
1.212435089023627651e-03
1.213151525391457973e-03
1.213652795332437672e-03
1.214265948974239213e-03
1.214735306088438006e-03
1.215453663506390692e-03
1.216004279097279922e-03
1.216413774386289641e-03
1.216827590208055141e-03
1.217113279839993545e-03
1.217602349198267878e-03
1.218005098911342310e-03
1.218420374373131460e-03
1.218844691872969250e-03
1.219292983930837923e-03
1.219714194924986740e-03
1.220224845575746796e-03
1.220876441341636927e-03
1.221431366422351481e-03
1.221696255691135562e-03
1.222270790782066692e-03
1.222811986168980541e-03
1.223328605384783841e-03
1.224008831287860333e-03
1.224579410434265946e-03
1.225145091413635959e-03
1.225280815501106997e-03
1.225847434065615443e-03
1.226552329855179089e-03
1.227252575702823161e-03
1.227953077708495181e-03
1.228652094311188849e-03
1.229348518932993914e-03
1.230041656677759989e-03
1.230387512791304965e-03
1.230935760278161449e-03
1.231653496492979196e-03
1.232385769090446181e-03
1.232701015835155562e-03
1.233262830422231790e-03
1.233883000707395152e-03
1.234202439750840341e-03
1.234556203918255697e-03
1.235179213940952722e-03
1.235868416804096872e-03
1.236330478278517379e-03
1.236566903601192058e-03
1.237200127387024905e-03
1.237768714739771259e-03
1.238086798991279826e-03
1.238771112104137010e-03
1.239103057199922612e-03
1.239354646932775165e-03
1.239644783015616787e-03
1.240035670793296352e-03
1.240720488919250198e-03
1.241287875567359490e-03
1.241869032908200299e-03
1.242330592733583610e-03
1.242795432532584716e-03
1.243369909824131861e-03
1.243514131323420705e-03
1.244166033475725772e-03
1.244653377541297349e-03
1.244916730277568877e-03
1.245186523926045683e-03
1.245501445657922878e-03
1.245848337542493659e-03
1.246190962757260084e-03
1.246762703455174754e-03
1.247057382351111259e-03
1.247670351187821214e-03
1.248139423707541598e-03
1.248819877963505253e-03
1.248974360448992620e-03
1.249426633705511555e-03
1.249975038482170966e-03
1.250510496981654864e-03
1.250756031068071946e-03
1.251190782281289774e-03
1.251800691219879472e-03
1.252340742508044856e-03
1.252600201959354386e-03
1.252838333452607148e-03
1.253295862266401699e-03
1.253666003339025522e-03
1.253967087806801472e-03
1.254388273168785713e-03
1.254695048991693630e-03
1.255347696744516873e-03
1.255990415833027314e-03
1.256633476965160132e-03
1.257300589073924012e-03
1.257428633757056054e-03
1.258087244068730034e-03
1.258260368234247759e-03
1.258583463925104680e-03
1.258963390155135509e-03
1.259274887140965837e-03
1.259894832543909582e-03
1.260206669080887742e-03
1.260845916981855920e-03
1.261153489921822829e-03
1.261679184001338397e-03
1.261997154324999990e-03
1.262582244448546415e-03
1.262955739203828207e-03
1.263471253633514316e-03
1.263863069806663107e-03
1.264508017312327912e-03
1.265069562772168886e-03
1.265611079354578283e-03
1.265861489644135203e-03
1.266267140384303965e-03
1.266680490235256749e-03
1.267029463900856776e-03
1.267499888320906039e-03
1.267913963083965511e-03
1.268294597217779025e-03
1.268623911450719993e-03
1.269164701905213131e-03
1.269703482276199075e-03
1.270266419273368991e-03
1.270823154111434036e-03
1.271261821333165851e-03
1.271825895515497559e-03
1.272396619768748766e-03
1.272719470336932442e-03
1.273054061406747334e-03
1.273671058942603927e-03
1.274083910489777613e-03
1.274598706544714279e-03
1.275136767653035604e-03
1.275354919144084873e-03
1.275891226541616980e-03
1.276510230404070186e-03
1.276916535785703249e-03
1.277376224290486997e-03
1.278021368276017382e-03
1.278419359235810192e-03
1.278676132209708750e-03
1.278998793812664413e-03
1.279411796284140451e-03
1.279861490341429112e-03
1.280119332299864627e-03
1.280534142595936850e-03
1.281038250948375330e-03
1.281524848836761979e-03
1.282139492257424775e-03
1.282740779483284655e-03
1.283336687301927549e-03
1.283710677359451921e-03
1.284314080545663830e-03
1.284754122477123209e-03
1.285368872485099633e-03
1.285910359670288912e-03
1.286245290095627738e-03
1.286761557535564138e-03
1.287063065284165843e-03
1.287574743275733159e-03
1.288075406097039964e-03
1.288404628989713984e-03
1.288914028381086272e-03
1.289373638180411636e-03
1.289674870360708403e-03
1.289958004332026828e-03
1.290430630345162531e-03
1.290963880585950085e-03
1.291455402211913028e-03
1.291715559892651476e-03
1.292031751411368799e-03
1.292535887984131793e-03
1.292909280736361530e-03
1.293179638812677005e-03
1.293718251056645433e-03
1.294086783530322502e-03
1.294624440090342502e-03
1.294991266552885344e-03
1.295474625010566974e-03
1.295790040840750059e-03
1.296218929761529725e-03
1.296819080044829108e-03
1.297331874921445281e-03
1.297844406976554708e-03
1.298226812491317479e-03
1.298517403591789663e-03
1.299085750259149682e-03
1.299447631114144901e-03
1.299854001339685984e-03
1.300266941613332670e-03
1.300833027442940219e-03
1.301407552510621107e-03
1.301912288803977165e-03
1.302400452791057685e-03
1.302614645314672040e-03
1.302998189444194580e-03
1.303423263737781565e-03
1.303851399874402872e-03
1.304425603343676351e-03
1.304943456256615853e-03
1.305460510877343942e-03
1.305815658940592512e-03
1.306281760481012647e-03
1.306704649902243245e-03
1.307146370497960352e-03
1.307517020257911028e-03
1.307985081720276386e-03
1.308375786892433017e-03
1.308790221819701709e-03
1.309312327953607172e-03
1.309834369322441724e-03
1.310317984512616041e-03
1.310750295262981665e-03
1.311190885181544655e-03
1.311573800902987065e-03
1.311993008424211429e-03
1.312533870366314453e-03
1.312920402848862531e-03
1.313311558006913628e-03
1.313719195115310495e-03
1.314081834112396921e-03
1.314594674779982200e-03
1.315130644983873677e-03
1.315565256833369770e-03
1.316069872089606048e-03
1.316591612279893655e-03
1.317014266920274977e-03
1.317459256678787808e-03
1.317926809999058141e-03
1.318443881818028409e-03
1.318844349209161593e-03
1.319235947886533786e-03
1.319640101884574958e-03
1.320125831504120450e-03
1.320677208610886296e-03
1.321060715455979386e-03
1.321787870492500397e-03
1.322463595439030831e-03
1.323301402412880613e-03
1.323845110712430903e-03
1.324487539123474656e-03
1.325209761427892895e-03
1.325875073020418501e-03
1.326669996587594288e-03
1.327572291257909671e-03
1.328495515819223555e-03
1.329322048346115708e-03
1.330076652980516361e-03
1.330934258864714583e-03
1.331788659229619226e-03
1.332811676321505679e-03
1.333572390428785321e-03
1.334615825898090085e-03
1.335492302455064655e-03
1.336373697348327595e-03
1.337446882325824113e-03
1.338381298459780794e-03
1.339323235790161387e-03
1.340349061513430862e-03
1.341246369885190333e-03
1.342379026066867946e-03
1.343565413706671041e-03
1.344642715657753170e-03
1.345642432084168984e-03
1.346723350266266052e-03
1.347962333446818626e-03
1.348969282684596861e-03
1.350200483577809708e-03
1.350997553168705985e-03
1.351895507486706397e-03
1.352965314861890710e-03
1.354112509662824078e-03
1.355376112164966267e-03
1.356647738898027937e-03
1.357802732038585966e-03
1.359106053785307704e-03
1.360188706941697261e-03
1.361423656106543287e-03
1.362674014662387974e-03
1.363888684048974315e-03
1.365127771474971847e-03
1.366523422895157391e-03
1.368016679020989286e-03
1.369224319072764352e-03
1.370422258595021311e-03
1.371872269217266210e-03
1.373044535175100764e-03
1.374446694291756770e-03
1.375594912197287056e-03
1.376480122000178210e-03
1.377549239508428112e-03
1.378580298916728735e-03
1.379817821028664739e-03
1.381170496728030377e-03
1.382537479744767438e-03
1.383961043110056282e-03
1.385400469973180337e-03
1.386770488723011556e-03
1.387975425445752689e-03
1.389645221095325758e-03
1.390642938456818209e-03
1.391927330378568955e-03
1.393509037640134523e-03
1.395092447827716436e-03
1.396502554917210910e-03
1.398005464937405757e-03
1.399464641612509002e-03
1.401037409634451518e-03
1.402738478990570676e-03
1.404445928285372874e-03
1.406173445878611955e-03
1.407495008134485633e-03
1.409183017060560480e-03
1.410622610190956838e-03
1.412103336650141197e-03
1.413805492567069564e-03
1.415529376191458416e-03
1.417288414353330781e-03
1.419061160209772422e-03
1.420496660910059361e-03
1.421902375838157533e-03
1.423667008396137072e-03
1.425242821982154609e-03
1.426981338171833544e-03
1.428783961769940257e-03
1.430530300418836028e-03
1.432151492265222505e-03
1.433831589264597181e-03
1.435341993586756191e-03
1.436754870826121439e-03
1.438572200633375306e-03
1.440448568305436553e-03
1.442157265442329042e-03
1.443827793656439788e-03
1.445823917590287333e-03
1.447887653967216233e-03
1.449955348781089030e-03
1.451675348701622625e-03
1.453759888649114795e-03
1.455660049926460215e-03
1.457454540574739874e-03
1.459107973682125664e-03
1.460253458662960808e-03
1.462264065367073745e-03
1.463486191335388459e-03
1.465359391046178357e-03
1.467325970821875807e-03
1.469256101679770020e-03
1.471179259149981832e-03
1.473044378434575303e-03
1.474933027986957039e-03
1.477160400564343778e-03
1.479175908567545742e-03
1.481038798532082314e-03
1.482739464169135048e-03
1.484658637166709179e-03
1.486381978177031505e-03
1.488823480534413922e-03
1.490535336130881239e-03
1.492779486635910889e-03
1.494912337062266920e-03
1.497195207004025676e-03
1.499372145067510639e-03
1.501553894130226111e-03
1.503984015464763461e-03
1.506192524663338547e-03
1.508709135911231710e-03
1.511209472586435166e-03
1.513336174416598677e-03
1.515608541739787464e-03
1.517146068071471886e-03
1.519099631617143670e-03
1.521598625154073781e-03
1.523350876231753092e-03
1.525819941579568311e-03
1.528392524776540093e-03
1.530250543223349476e-03
1.532696099681766806e-03
1.535000273433965697e-03
1.537191732343422918e-03
1.539518258990426680e-03
1.541365724168122656e-03
1.543098268692554009e-03
1.545450404126294790e-03
1.548394455886297708e-03
1.551200250868750444e-03
1.553667137002538333e-03
1.555872507228339436e-03
1.558653198349915173e-03
1.560843298456583792e-03
1.562862229124634128e-03
1.565269321943542997e-03
1.567632028612696640e-03
1.570146665737822420e-03
1.572338756826642536e-03
1.574523862725158872e-03
1.577253690818366085e-03
1.579608620410048996e-03
1.582079868792994485e-03
1.584894897767914583e-03
1.587245174113728575e-03
1.589500198352212026e-03
1.592130282077876876e-03
1.594220386918424959e-03
1.597392734319474580e-03
1.599410530162929294e-03
1.602338383918159876e-03
1.605499149149209725e-03
1.608328437057636407e-03
1.611206762025313736e-03
1.614364814998570444e-03
1.616876038528253234e-03
1.619438451716105013e-03
1.622364782998062058e-03
1.624849175797010671e-03
1.628078900795882798e-03
1.630387827224622638e-03
1.633669860644281673e-03
1.635966841296893895e-03
1.638833551588546236e-03
1.641153853080497748e-03
1.644750207025749136e-03
1.647422114958892831e-03
1.649367345847398570e-03
1.651952524751189267e-03
1.655494441993044354e-03
1.657996980528659691e-03
1.661023630809115633e-03
1.664138920319912411e-03
1.666850934188135371e-03
1.670400834628024082e-03
1.673890603147152375e-03
1.676387784873031687e-03
1.679239096354493517e-03
1.682113736568979475e-03
1.686087471560006497e-03
1.689782713655165044e-03
1.693503689466612557e-03
1.697273911377464610e-03
1.699623852536061427e-03
1.702249799141079996e-03
1.706419365553784326e-03
1.709636902694528773e-03
1.713361798398042174e-03
1.716217739482394289e-03
1.720100700806902541e-03
1.722863250645130778e-03
1.726385783424892436e-03
1.729733959543866897e-03
1.733758288405405851e-03
1.736197665547141574e-03
1.739768177666533655e-03
1.742536201377333687e-03
1.745618340947920066e-03
1.748519387750541122e-03
1.751996440709043066e-03
1.754733338166199327e-03
1.758813410510562739e-03
1.762088182990005723e-03
1.765437192671327152e-03
1.768663638311682553e-03
1.772071236704230932e-03
1.775313683077166379e-03
1.778475111506491388e-03
1.782618391807293126e-03
1.786065983672625651e-03
1.789810248957679961e-03
1.794185165272307782e-03
1.797699160568796148e-03
1.801265169411006735e-03
1.804954599558854711e-03
1.808378405486935070e-03
1.812873145197137085e-03
1.816264461418248604e-03
1.820559800068708139e-03
1.824335598023818896e-03
1.827193208849768385e-03
1.831963676924492626e-03
1.835799016292104756e-03
1.839413031088791726e-03
1.842114185974394469e-03
1.846716680941844343e-03
1.850120690082894277e-03
1.854053410333509830e-03
1.857858580899569107e-03
1.862130526256233288e-03
1.866020438505142922e-03
1.869663852605800989e-03
1.874592129768666527e-03
1.879130476313246780e-03
1.883349577062438940e-03
1.887076282350333553e-03
1.891024179162835222e-03
1.895220774455283735e-03
1.898210526320081052e-03
1.901745862440978917e-03
1.906093820114826290e-03
1.910171590575391112e-03
1.914368898826339154e-03
1.919119546708335667e-03
1.923812616524277165e-03
1.927186501458785957e-03
1.931251274822565894e-03
1.936079314670567002e-03
1.940203386504476797e-03
1.944221252021626758e-03
1.948736946921286349e-03
1.953685503254666382e-03
1.958115725006386813e-03
1.962911156370087361e-03
1.967299363077157793e-03
1.971122778020140565e-03
1.974848594499787474e-03
1.980462431571507805e-03
1.984874272588265515e-03
1.988498718500260592e-03
1.993822766269685853e-03
1.998045591659065433e-03
2.003484127900729325e-03
2.007674496195840149e-03
2.011485770348814175e-03
2.014966480679997955e-03
2.019150487564881202e-03
2.022392978237147129e-03
2.026723582866556475e-03
2.030432937399222898e-03
2.034537994223295596e-03
2.038795050317658824e-03
2.042412025440389339e-03
2.046320670727685542e-03
2.050149767423647875e-03
2.053869820603944872e-03
2.057469693432241453e-03
2.061533468471282108e-03
2.064610110322307422e-03
2.068974565003635357e-03
2.073028574769535115e-03
2.077042793990639593e-03
2.080428403126010489e-03
2.084438550187910077e-03
2.088487079608780921e-03
2.091612400120974619e-03
2.095256288648227050e-03
2.098578482776353431e-03
2.102864748893689979e-03
2.105964096308602686e-03
2.110085151429785203e-03
2.113391002652892717e-03
2.116576017555495473e-03
2.120779053892112281e-03
2.123651239999565631e-03
2.127107778614646325e-03
2.130718424396331641e-03
2.135071284853781292e-03
2.138950332675960270e-03
2.142799677814020975e-03
2.146130765640210086e-03
2.150275049021639281e-03
2.153244703647159107e-03
2.156354964660013411e-03
2.159306329239922811e-03
2.163683270957437923e-03
2.167347677479059421e-03
2.170785573826683815e-03
2.174856061972441253e-03
2.178017669880426711e-03
2.181840856535098485e-03
2.184980104827832174e-03
2.188343687738448801e-03
2.192681566519865451e-03
2.196282654613559461e-03
2.200198596841164162e-03
2.203518161254090606e-03
2.206805042108188949e-03
2.209952430023468493e-03
2.213655440917787660e-03
2.216853051307228831e-03
2.220237541350777912e-03
2.223362266902216902e-03
2.226473254134800090e-03
2.229371788313614863e-03
2.232441907689401879e-03
2.235894368911475576e-03
2.239462356200539340e-03
2.243475791609608142e-03
2.246604583197339515e-03
2.249714597305463217e-03
2.252840647791809654e-03
2.256497971140307597e-03
2.259299142618411641e-03
2.263131147534462768e-03
2.265415723788616071e-03
2.268164496074680930e-03
2.272015869128849678e-03
2.275130904783971911e-03
2.278285558985653023e-03
2.281580876328153339e-03
2.284502031095314578e-03
2.288226285543806457e-03
2.290875081891526489e-03
2.294100841775978221e-03
2.297001007281025946e-03
2.300000266731345739e-03
2.303682009196563255e-03
2.307080783575162636e-03
2.309891015438117912e-03
2.313146951163051399e-03
2.315549461969660088e-03
2.318020036309497572e-03
2.321415912277375454e-03
2.324383271481696243e-03
2.326979482462451787e-03
2.329596888404047127e-03
2.332236266592962667e-03
2.335390383940959876e-03
2.338087455149967173e-03
2.341498231454723893e-03
2.344552025352547499e-03
2.347402097393265930e-03
2.350856689421650537e-03
2.354050440018606947e-03
2.358277971441806974e-03
2.361033281096500906e-03
2.363327437098237949e-03
2.367053344286415822e-03
2.370404058468851723e-03
2.373844085821781927e-03
2.375616892890088355e-03
2.378446265397945580e-03
2.380650155789662201e-03
2.384687213552797325e-03
2.388535797167348415e-03
2.392007559456534732e-03
2.394221870032765213e-03
2.396857523254115451e-03
2.400384078831529610e-03
2.403825905428760672e-03
2.406683750880581410e-03
2.409855793388705671e-03
2.412547163639415515e-03
2.414318110456202277e-03
2.417757777690508758e-03
2.421377586941424447e-03
2.423312646239488520e-03
2.426000507577247799e-03
2.428563850848762442e-03
2.430790615130946995e-03
2.433351591126911139e-03
2.435797975722218695e-03
2.439710221289747259e-03
2.440893079543536657e-03
2.443941781196921209e-03
2.446556227280625214e-03
2.449288976337904173e-03
2.452235993234937531e-03
2.454771381976891213e-03
2.456734112996100238e-03
2.459619042087706712e-03
2.462972852222015084e-03
2.465205715816778508e-03
2.467881855962363383e-03
2.470491165951604028e-03
2.474205560615331655e-03
2.476654749201588363e-03
2.477797798458324964e-03
2.481696576974106762e-03
2.483443280080354417e-03
2.487014858498657211e-03
2.490095064872671800e-03
2.493331872247519544e-03
2.496640986660886297e-03
2.499368189721842479e-03
2.502187241656828130e-03
2.504948313311567559e-03
2.508167997585824659e-03
2.509485117251441730e-03
2.511696608845136961e-03
2.513244921064918761e-03
2.515769410785506904e-03
2.519786103898992696e-03
2.522066177261660536e-03
2.525457821635351818e-03
2.528322881788121201e-03
2.531695784062160722e-03
2.533671305799184079e-03
2.536506701179734504e-03
2.539246650875386351e-03
2.541805345635032160e-03
2.544736718368707535e-03
2.546697938153986464e-03
2.549481136806940051e-03
2.552252848958687717e-03
2.554967599347702546e-03
2.557975248402165683e-03
2.561078403620485177e-03
2.563581271458966523e-03
2.566475600574379644e-03
2.568579733264110543e-03
2.570309959421274854e-03
2.572678635695332863e-03
2.574701442015013119e-03
2.577709195548959047e-03
2.580742185127861410e-03
2.582705646554822512e-03
2.584884525930375605e-03
2.587205522208738898e-03
2.590125399882510331e-03
2.592445493733871575e-03
2.595048775592437469e-03
2.598534428431174652e-03
2.601627886056973905e-03
2.603335729122826809e-03
2.605702069145359682e-03
2.608824363082939621e-03
2.611819513380450163e-03
2.614228467717123836e-03
2.617139317068941512e-03
2.619384484679894518e-03
2.621600636664490631e-03
2.624510100080062764e-03
2.627058567379967485e-03
2.630154475179257920e-03
2.631974687268094030e-03
2.634402418321280057e-03
2.637283014861140345e-03
2.638971828987843587e-03
2.640453002326173613e-03
2.643267124151451632e-03
2.646279364799494511e-03
2.648718142801374017e-03
2.650299428446263768e-03
2.653177531349219884e-03
2.655823145066062759e-03
2.658185107815965332e-03
2.660876145359922836e-03
2.663674635581430791e-03
2.666710660760910050e-03
2.669465332365610934e-03
2.670550354513790119e-03
2.673213737363638702e-03
2.675732692776250539e-03
2.678331429660026682e-03
2.681219761818415519e-03
2.683437563354527846e-03
2.685989659345257383e-03
2.688501743188286344e-03
2.691016301784598247e-03
2.693809774481431378e-03
2.696617626945186849e-03
2.698806618112168428e-03
2.701310881378490326e-03
2.704164029870753227e-03
2.706638992795038813e-03
2.710041611046053872e-03
2.712825898517161154e-03
2.715698863520583060e-03
2.717329997733209518e-03
2.718821131112696392e-03
2.721448224518141935e-03
2.723345813816031771e-03
2.725374438812981637e-03
2.728280503766500331e-03
2.731585696762519992e-03
2.733418864867361367e-03
2.736477922817354830e-03
2.739573659394232280e-03
2.742780393169731799e-03
2.746073865237899474e-03
2.747383599893845913e-03
2.749357583581953611e-03
2.751697995084228555e-03
2.754716798793644013e-03
2.756762422994133051e-03
2.759109727385078859e-03
2.762309452713392934e-03
2.765442043143855576e-03
2.768443794477005657e-03
2.769618225407121954e-03
2.772637994758430247e-03
2.775427708300833799e-03
2.777833317685977303e-03
2.779683797293395608e-03
2.781236695323878634e-03
2.782825072461782290e-03
2.786422516502696720e-03
2.788805521671314323e-03
2.790015841212825816e-03
2.790725415965414000e-03
2.792413795269975841e-03
2.793552142061448470e-03
2.796571932358887444e-03
2.799083813735833010e-03
2.801541411217816583e-03
2.804275702487100345e-03
2.805517398921186442e-03
2.808513322981232799e-03
2.811367688447939227e-03
2.812734824893900042e-03
2.815449542362820703e-03
2.817785902299505679e-03
2.819318119457569615e-03
2.821196980057799012e-03
2.822982925720457677e-03
2.824768053742348316e-03
2.827281008083487070e-03
2.830627530537026260e-03
2.833335670066901464e-03
2.834807324920403035e-03
2.836468818739628587e-03
2.838271967776879751e-03
2.839941592061329990e-03
2.842298918289611932e-03
2.845666988906565744e-03
2.847909884716187494e-03
2.851043464840163043e-03
2.851933617612739235e-03
2.853821048238172012e-03
2.856195261053181417e-03
2.858043019885679690e-03
2.860993412148098245e-03
2.862902937075527919e-03
2.864415454116693398e-03
2.866369352805437764e-03
2.869573889753791306e-03
2.871978236185740527e-03
2.873815324210929421e-03
2.876651018723158041e-03
2.878749987238478792e-03
2.881892733037773324e-03
2.884797250147425485e-03
2.887008769045956193e-03
2.888511303027667485e-03
2.891473187665794670e-03
2.893016936018581644e-03
2.895426311671266042e-03
2.897238312925969322e-03
2.899120202867427106e-03
2.902071460435814033e-03
2.904627062505420014e-03
2.906956772939880539e-03
2.908495822289772388e-03
2.910210589429176355e-03
2.912304886981947633e-03
2.913967407276644214e-03
2.915822138602095718e-03
2.917995190349410763e-03
2.920296389266283880e-03
2.922020453221024511e-03
2.924609526195750056e-03
2.926661224866908186e-03
2.929412842393157128e-03
2.932048455455248202e-03
2.934024533821800052e-03
2.936405642038470570e-03
2.938672619891887633e-03
2.940931971586494345e-03
2.943209623063749482e-03
2.945299909114650928e-03
2.947687914567094850e-03
2.949750559815129264e-03
2.951945715404938938e-03
2.954082897186174981e-03
2.955991675798201081e-03
2.957880645076900288e-03
2.960396807097418967e-03
2.963055499915674424e-03
2.965550437457033228e-03
2.967622366672892191e-03
2.970114175899746418e-03
2.971886089048635191e-03
2.973829721848742988e-03
2.976320915162750883e-03
2.978544028436601234e-03
2.980370458539039185e-03
2.982574243457603892e-03
2.984803084884912749e-03
2.987120362849648124e-03
2.989482527184183364e-03
2.991472161074533714e-03
2.993396252869231361e-03
2.995577302952224640e-03
2.996885448636350639e-03
2.999164314005852480e-03
3.001920715647195953e-03
3.004053685076221464e-03
3.006094613581940852e-03
3.008276098159509433e-03
3.010884419969329408e-03
3.012109119229572623e-03
3.014576690845873711e-03
3.017145617837604585e-03
3.019940689636798660e-03
3.021682584103399256e-03
3.023681383003644710e-03
3.025916682733941019e-03
3.027832974562792712e-03
3.029919799903902505e-03
3.032093400993088154e-03
3.033693752186286847e-03
3.035800023227776864e-03
3.037507017528571530e-03
3.039955412268566942e-03
3.041909679645790360e-03
3.044075255247346082e-03
3.045715830431579892e-03
3.047646455596654796e-03
3.049143706290604380e-03
3.051192325086537864e-03
3.053800546071355412e-03
3.055572722092240057e-03
3.056953768176968490e-03
3.058540986026615175e-03
3.060869443358624035e-03
3.062041896114511743e-03
3.063922157270906107e-03
3.065515210458321337e-03
3.067515645053490048e-03
3.069445805801236139e-03
3.072091447296451065e-03
3.074195996234811278e-03
3.075789162307408613e-03
3.078193356493339090e-03
3.080321194315931849e-03
3.082272196089941210e-03
3.084950552532486276e-03
3.087601951590508795e-03
3.089804453716169918e-03
3.091111822245336607e-03
3.093956507756658904e-03
3.095585209245698983e-03
3.096863771822020838e-03
3.097588439257034035e-03
3.099075437672557231e-03
3.100488343727608644e-03
3.102631172377984074e-03
3.104776995838557079e-03
3.107312045942651688e-03
3.109591318122004091e-03
3.111122557928824254e-03
3.113667141543393409e-03
3.115068175957572214e-03
3.117043321677634513e-03
3.118178475975234148e-03
3.119944230899879441e-03
3.122575910659691582e-03
3.123970957737858857e-03
3.126233801294954831e-03
3.127769069229372097e-03
3.129899412613475727e-03
3.131423996820125507e-03
3.133472169048863009e-03
3.135516125827765392e-03
3.137633279853768980e-03
3.138707857997651354e-03
3.140993831582465558e-03
3.143574524735944040e-03
3.144748085619108752e-03
3.147122880366324139e-03
3.148567095282765304e-03
3.149877329134033108e-03
3.152110274240227383e-03
3.153874405718391696e-03
3.155207306582231540e-03
3.156480963820863534e-03
3.158782178890967313e-03
3.160962382789341257e-03
3.162218219656232499e-03
3.164480938224743887e-03
3.166610519397650148e-03
3.169138601743454273e-03
3.171510159715538318e-03
3.172400055393910945e-03
3.173540494324290136e-03
3.174634097075745408e-03
3.176688475295811817e-03
3.177762945915464220e-03
3.179999285379559587e-03
3.181833159752922927e-03
3.183101395706348143e-03
3.184561868594679070e-03
3.185979868278976303e-03
3.188302262653955940e-03
3.190156705227076370e-03
3.191696459364153863e-03
3.193207371014852945e-03
3.195359984926754351e-03
3.197566006314976096e-03
3.199800592734055021e-03
3.201382738610086733e-03
3.203626780721321576e-03
3.204975688515930999e-03
3.206283139073703384e-03
3.207871404208175337e-03
3.209459685175192201e-03
3.211655525102735057e-03
3.213721320847399976e-03
3.215579074921438938e-03
3.217788291575384135e-03
3.219449930505685186e-03
3.221393348563465330e-03
3.223013617515395855e-03
3.224808697232025602e-03
3.226919985241668599e-03
3.228827847315849948e-03
3.230405569543159591e-03
3.232107055069572289e-03
3.234018748148465017e-03
3.235877099394983414e-03
3.237477982491714177e-03
3.239384258277820238e-03
3.241391219281803369e-03
3.243196069947767036e-03
3.245119228076667663e-03
3.247059171162013872e-03
3.249154864451138467e-03
3.251254252763188281e-03
3.253478825219398643e-03
3.255611632309899153e-03
3.257005979152738373e-03
3.258320257186629511e-03
3.260138311712258100e-03
3.261812930866539884e-03
3.263556124407241375e-03
3.265388463870947441e-03
3.267482359275098325e-03
3.268913480689677759e-03
3.270639184033415775e-03
3.272833131095627141e-03
3.274579718210855056e-03
3.276712249092578362e-03
3.278332699129710408e-03
3.280197560481985363e-03
3.282286169512620665e-03
3.284365050366978411e-03
3.286132128404780500e-03
3.288369335518505961e-03
3.290392469156326691e-03
3.292152781801203649e-03
3.294256914354502883e-03
3.296560708648882225e-03
3.298880089767276640e-03
3.301204422712460812e-03
3.303348061843498860e-03
3.305408845666653155e-03
3.306341880699680252e-03
3.307775848244608879e-03
3.309629193333088384e-03
3.311462281610216309e-03
3.313014343267393219e-03
3.314383054568244193e-03
3.316498043963627199e-03
3.318685392235020543e-03
3.320199762720685462e-03
3.322407298352832335e-03
3.324641149267975725e-03
3.325420274370955147e-03
3.327746933372275652e-03
3.329904151590601033e-03
3.332298462308348318e-03
3.333900359341057228e-03
3.336151811366231019e-03
3.337978983680614520e-03
3.339321003892552642e-03
3.340440303412584629e-03
3.342475411905740119e-03
3.344619744079944858e-03
3.346935407941964164e-03
3.348939331632916870e-03
3.351186055423077507e-03
3.352249492056390712e-03
3.354597794210563162e-03
3.355802694550466363e-03
3.356999817249641058e-03
3.357760227974639165e-03
3.360116022271537276e-03
3.360967957540451304e-03
3.361699972996625655e-03
3.363760838915298267e-03
3.366052704482006604e-03
3.367712860416065355e-03
3.369763867575311950e-03
3.371888637636530350e-03
3.373597451074833182e-03
3.374681614885221767e-03
3.376551521701156872e-03
3.376992146261296145e-03
3.377546274011284516e-03
3.379729816889324567e-03
3.380957702002197231e-03
3.382978812328505704e-03
3.384429529017375909e-03
3.386356495251056833e-03
3.387508560589698806e-03
3.388777429815222411e-03
3.389989183564259649e-03
3.392274182958263801e-03
3.393393759148524615e-03
3.395485704389300530e-03
3.397116965624600617e-03
3.397982416116090282e-03
3.399222737089168701e-03
3.400420483551211143e-03
3.402449476960639051e-03
3.403364391481989923e-03
3.404428389928915253e-03
3.406302286369570793e-03
3.408332230029274303e-03
3.410381328435814225e-03
3.412062945761266172e-03
3.413758604233297321e-03
3.414922949998376762e-03
3.416510032183826557e-03
3.417288862867523189e-03
3.419539193663222697e-03
3.420839823140619639e-03
3.422770815569437398e-03
3.424585296044741628e-03
3.425688529613138151e-03
3.427735885395810818e-03
3.428225384725014889e-03
3.429643208416938236e-03
3.430941713346673683e-03
3.432883259681119344e-03
3.434111591557993236e-03
3.435218931486645495e-03
3.436982708639154185e-03
3.438787305321756600e-03
3.439683994056938563e-03
3.441389663367762190e-03
3.443200690850916398e-03
3.445327687858744988e-03
3.446886812137820236e-03
3.448328018586872563e-03
3.450147407454180401e-03
3.452112625053138824e-03
3.452941238065427351e-03
3.453996598897466318e-03
3.455706668071037088e-03
3.457644873362318398e-03
3.458851908451487846e-03
3.460832764721986747e-03
3.462094746577098082e-03
3.463376087978109388e-03
3.464683952135535865e-03
3.466694540326592262e-03
3.468531732174717080e-03
3.469727529229682354e-03
3.471445524902094532e-03
3.473475089304451160e-03
3.475094503126482503e-03
3.476511378785560481e-03
3.477547498746651287e-03
3.478784880704172740e-03
3.480433764936617311e-03
3.481357146831909073e-03
3.482320848035987907e-03
3.483622985958352309e-03
3.485251661998242656e-03
3.486564747684019888e-03
3.487916542644086109e-03
3.489041681031988633e-03
3.490162072298220574e-03
3.491466466593603525e-03
3.492635845257819043e-03
3.494002311917205564e-03
3.495604422012806890e-03
3.496974601959760599e-03
3.498365523723530931e-03
3.500049979451510217e-03
3.501420882226289298e-03
3.503094834559057711e-03
3.504696934283649430e-03
3.506544970853252285e-03
3.508187180182617375e-03
3.509591292619013495e-03
3.511455876019410356e-03
3.512934721667481525e-03
3.514789779676214584e-03
3.515847856958335786e-03
3.517162490278517763e-03
3.519078932016805883e-03
3.520506118951411724e-03
3.522366079169995945e-03
3.524058060048235533e-03
3.525009820336601988e-03
3.526215223937521383e-03
3.527203464817153973e-03
3.529186364931467985e-03
3.530443426997085989e-03
3.531509641114375514e-03
3.533132399790119872e-03
3.534577031222148249e-03
3.536278513619925141e-03
3.538044180653630681e-03
3.539524744690303835e-03
3.541206423664670488e-03
3.542841689474379198e-03
3.543989228388338183e-03
3.545147897609817866e-03
3.546778675471366337e-03
3.548072040407791033e-03
3.549644034316271415e-03
3.551118417154350369e-03
3.552624354012433837e-03
3.553971222631320450e-03
3.555750813016482145e-03
3.557249307019334176e-03
3.558732859224851639e-03
3.560164863824345598e-03
3.561928712774433455e-03
3.563601725052940004e-03
3.565108666689056818e-03
3.566659941007776276e-03
3.568402806030560037e-03
3.569959898669048618e-03
3.571560359279671217e-03
3.572842997697817709e-03
3.574305992932551995e-03
3.576103426393740375e-03
3.577443994398649390e-03
3.578759166493626111e-03
3.579979796519847102e-03
3.581632918253644954e-03
3.583176976316541917e-03
3.584721335921723945e-03
3.586349863053759496e-03
3.587789668604967046e-03
3.589100918901150933e-03
3.590638166530886900e-03
3.591978359827282564e-03
3.593692544907013935e-03
3.595325283759221759e-03
3.596599007756591613e-03
3.598242863906469125e-03
3.599515022379326870e-03
3.601099085934810883e-03
3.602514500191101015e-03
3.603979771004278427e-03
3.605112643108273392e-03
3.607116666374773559e-03
3.608853110061356704e-03
3.610648779007962460e-03
3.612725040034980763e-03
3.614143736180778013e-03
3.615779983010273830e-03
3.617701009917123189e-03
3.619526746457676133e-03
3.621263635062882489e-03
3.622943565436821493e-03
3.624762785631621513e-03
3.626590672929108986e-03
3.628920978733713755e-03
3.631115832917574619e-03
3.633013666176312939e-03
3.635206037431906734e-03
3.637446673511062368e-03
3.639332797789978941e-03
3.641705101497486052e-03
3.643810509687598481e-03
3.646199311340395880e-03
3.648086725396487272e-03
3.650492015600170868e-03
3.652721973628808051e-03
3.654757825061077416e-03
3.657101887290657456e-03
3.659551930835324221e-03
3.661465591870590331e-03
3.663561982724669076e-03
3.665913576141471147e-03
3.668367347098358804e-03
3.670894147442866576e-03
3.672789984016684196e-03
3.675144094652325454e-03
3.677014753775139245e-03
3.679059964773020736e-03
3.681311853058990245e-03
3.683986551240299272e-03
3.686329959269296283e-03
3.688043247448417883e-03
3.690531736836967676e-03
3.692543099935431845e-03
3.695261270623022721e-03
3.698171514632704170e-03
3.701067485875612906e-03
3.703709732862070416e-03
3.706384177207729461e-03
3.708415318412682567e-03
3.711103086262281490e-03
3.713827379986591511e-03
3.715576349309197834e-03
3.718741749993940016e-03
3.721666766188078471e-03
3.724659532397870971e-03
3.727691460139254814e-03
3.729976594351626373e-03
3.732658073919218646e-03
3.735498774814613367e-03
3.737641216076185470e-03
3.740662788361402268e-03
3.743884661247227821e-03
3.747070879794836724e-03
3.749992162108407162e-03
3.752875466177806128e-03
3.755296088826746287e-03
3.758710026872238118e-03
3.760944081577732422e-03
3.763364094754809413e-03
3.765609099226167270e-03
3.768813118252605822e-03
3.771438840743169315e-03
3.774106153219672355e-03
3.777359400786885982e-03
3.780788176594206910e-03
3.783846730890164795e-03
3.786555670133573675e-03
3.789616418526119135e-03
3.792508062910112873e-03
3.795433065234581158e-03
3.797838074354421053e-03
3.800560474272666849e-03
3.803313744592892991e-03
3.806289470626803180e-03
3.809592462612302732e-03
3.812245357926199226e-03
3.815183100763644159e-03
3.818255225052117133e-03
3.821478023533042816e-03
3.825157560000938452e-03
3.828782745883208254e-03
3.831897406249450654e-03
3.835039768791256073e-03
3.837401525513316290e-03
3.840837885095924227e-03
3.844515254512574382e-03
3.848075094622424325e-03
3.851703654302760134e-03
3.854964734530471823e-03
3.857406294080302066e-03
3.861084887113359638e-03
3.864595535102220963e-03
3.868117750903364137e-03
3.871755322527272412e-03
3.875640290712968963e-03
3.879476220934819676e-03
3.883138332713600115e-03
3.886287586443138396e-03
3.890417847007982596e-03
3.894317935410122628e-03
3.898492390588172846e-03
3.902971068582674133e-03
3.907442152763719763e-03
3.911492665485664759e-03
3.915978054014305695e-03
3.919176258134632503e-03
3.922300029352768572e-03
3.926721993381469301e-03
3.930783816070085833e-03
3.935017889101077339e-03
3.938004143284937891e-03
3.942619839748386784e-03
3.945256205555001255e-03
3.948092907276428733e-03
3.951156583266514019e-03
3.954709164483090171e-03
3.958690402521101472e-03
3.962434072340844174e-03
3.965904566200484198e-03
3.969570776345037258e-03
3.974355711239800290e-03
3.979545236457151733e-03
3.984451332609818992e-03
3.989497504879119250e-03
3.993278183852518558e-03
3.997933581729335231e-03
4.002695751358048386e-03
4.006613816692160962e-03
4.010826082804574283e-03
4.015377762300635471e-03
4.019797895088008353e-03
4.023140097398439710e-03
4.027473079274208889e-03
4.032527293206588509e-03
4.037164517757031897e-03
4.041885542541621273e-03
4.045291061839108825e-03
4.049501560174163621e-03
4.054502577471103680e-03
4.058633312370726366e-03
4.062234329150330760e-03
4.066395991559319453e-03
4.070658377647769395e-03
4.075852787856134099e-03
4.080443176523267795e-03
4.084422111751206258e-03
4.088239948941541253e-03
4.091643409693324247e-03
4.096475466588943293e-03
4.100298630750277146e-03
4.105992972896538654e-03
4.109567802644827073e-03
4.114215552082014712e-03
4.118851115876662194e-03
4.123995089020805575e-03
4.128609976159531778e-03
4.133686959000139848e-03
4.138495622993688602e-03
4.143866121469616005e-03
4.147730892205480149e-03
4.152557867357966996e-03
4.158624364829719040e-03
4.163237356575631189e-03
4.168587353546911872e-03
4.173093443747940418e-03
4.176671260718611486e-03
4.182050035189861965e-03
4.186288224085670841e-03
4.192130744501505225e-03
4.196546902918180978e-03
4.202117189152671829e-03
4.207117455010411962e-03
4.212699019054583736e-03
4.217809906783140210e-03
4.222822857262753179e-03
4.227634886742733140e-03
4.231982650571286531e-03
4.235955212499023168e-03
4.241524446514638620e-03
4.247365244658354681e-03
4.252450227463425332e-03
4.256520882976592632e-03
4.261878672310280558e-03
4.266582501637252237e-03
4.271789650498890659e-03
4.278077384466917425e-03
4.283370658246356613e-03
4.289180208816986348e-03
4.294271614311858873e-03
4.299406815740963034e-03
4.305583674596999769e-03
4.310225763174626787e-03
4.316124950285076499e-03
4.321869839697155442e-03
4.328501874698079815e-03
4.334050706930736921e-03
4.339822484359045184e-03
4.345514519395752076e-03
4.350448388956032995e-03
4.356093948268400552e-03
4.361514163514238103e-03
4.367750069826914321e-03
4.372046225679874186e-03
4.378443146754908664e-03
4.384816668435006712e-03
4.390488594020403729e-03
4.397350756902003270e-03
4.403319715189089531e-03
4.407690783466794611e-03
4.413936688364836734e-03
4.419140198005536667e-03
4.424917924718459357e-03
4.430442877423568411e-03
4.434874277178950906e-03
4.440498492593881671e-03
4.446192436816162954e-03
4.451655120896992612e-03
4.456515469884966309e-03
4.463276921499885475e-03
4.468650348532961399e-03
4.475029220366551555e-03
4.480850638533892191e-03
4.487012109967179752e-03
4.491893249736075844e-03
4.498223024839670230e-03
4.504208380891472005e-03
4.510671588475114943e-03
4.515998054421865686e-03
4.523281608353015189e-03
4.530521992853165161e-03
4.536378522043516687e-03
4.542506110972758734e-03
4.549164426969270342e-03
4.553878339443437687e-03
4.558929545013646820e-03
4.565626505424930787e-03
4.571964001446849127e-03
4.578266609265511412e-03
4.583865330484544580e-03
4.588809988895206290e-03
4.595199334325002910e-03
4.601828863323949304e-03
4.607203288028827171e-03
4.613558440205163362e-03
4.620551708185186360e-03
4.627751462461141690e-03
4.634983156456068225e-03
4.642630496784707142e-03
4.649500231429857036e-03
4.655075927268481455e-03
4.662945205050171224e-03
4.669086709460149726e-03
4.675604239409651697e-03
4.682154225910996510e-03
4.688698367331404701e-03
4.697283135705960372e-03
4.703500627612053689e-03
4.712142988376945285e-03
4.719166607486814657e-03
4.725062586069095523e-03
4.731954616396436518e-03
4.739052929580077518e-03
4.744874562944130167e-03
4.753816133229117960e-03
4.761415267776109191e-03
4.767071296866502196e-03
4.775133715220878164e-03
4.781139220186247062e-03
4.787623679074682302e-03
4.794899401976212769e-03
4.801710058504384329e-03
4.809667983501955332e-03
4.815513743051110657e-03
4.823556605566934816e-03
4.829982099764495301e-03
4.835698030889214183e-03
4.842469917526064094e-03
4.850394331333019241e-03
4.855987404020838463e-03
4.863230260332681264e-03
4.868210837546625355e-03
4.876277999213058691e-03
4.882993533598240649e-03
4.890132069213704372e-03
4.898533673609494626e-03
4.905321169897712032e-03
4.911339092409321323e-03
4.917472321135916459e-03
4.922874657188106712e-03
4.928381554424143655e-03
4.935543862431776736e-03
4.943118573521170477e-03
4.948985303982000525e-03
4.956498106693092015e-03
4.962562674415325892e-03
4.969633231028120456e-03
4.975785115497608803e-03
4.981874376234364694e-03
4.987869297338264930e-03
4.993563121807868821e-03
5.000255979016278961e-03
5.006435661494080050e-03
5.013070354945479805e-03
5.018648439315926205e-03
5.025146120068876149e-03
5.031684145542349683e-03
5.037963039501542131e-03
5.044582418367919881e-03
5.051683435961198954e-03
5.058910489669989248e-03
5.064172919177998070e-03
5.069923851288237436e-03
5.076705384194479115e-03
5.083292680757764935e-03
5.089785797831127868e-03
5.094541950024606032e-03
5.100927614452158317e-03
5.107304048015443194e-03
5.112662815676827753e-03
5.117197370695474729e-03
5.123989487913753471e-03
5.130397777235022952e-03
5.137099734601121258e-03
5.143684813962976811e-03
5.149448060959587251e-03
5.156333896072556357e-03
5.162365346983290547e-03
5.168564753407820130e-03
5.175616279996523433e-03
5.181957610828587420e-03
5.187753762535396614e-03
5.192856976861281136e-03
5.198951474572415486e-03
5.205731152324856621e-03
5.210298439539524061e-03
5.215294851125295769e-03
5.220672517968146659e-03
5.225942548519886544e-03
5.229398160302053435e-03
5.235324912211287811e-03
5.240311131118184987e-03
5.246168093004385281e-03
5.250956227081432851e-03
5.255724269333560475e-03
5.259658376106769381e-03
5.264602575042358519e-03
5.270091656695124679e-03
5.274330638117851779e-03
5.279851493366756639e-03
5.285378501603385862e-03
5.291099538483133580e-03
5.295953449260802984e-03
5.301351778394733372e-03
5.307212058792782662e-03
5.313178075213887200e-03
5.317719234317930775e-03
5.322606651045837592e-03
5.328112870707454353e-03
5.334689196620405818e-03
5.340268114193200480e-03
5.345820926793598722e-03
5.352005255479517706e-03
5.358033610090176188e-03
5.363756105708198177e-03
5.369244162213474870e-03
5.373446480611520672e-03
5.377869316937513959e-03
5.383324857362646251e-03
5.389543100361389449e-03
5.395225880860274499e-03
5.401121343224349163e-03
5.406012127611136905e-03
5.410572062228080972e-03
5.416605295963199812e-03
5.421529154088125524e-03
5.427635203145086788e-03
5.433116555380430868e-03
5.438542255298123122e-03
5.442581873383612115e-03
5.447742132007191845e-03
5.452549938559104678e-03
5.458703037901841901e-03
5.463486239186102385e-03
5.467613466874411167e-03
5.471737556271566091e-03
5.477543367803924985e-03
5.482512533930666322e-03
5.488038534252368678e-03
5.493086125469896080e-03
5.498445271338504858e-03
5.503477422881636501e-03
5.508826213363507071e-03
5.514027937901727107e-03
5.518456020409641567e-03
5.524083844222343886e-03
5.529516836312406425e-03
5.533468143705117838e-03
5.538508065873807423e-03
5.544160908170931053e-03
5.549142431124438196e-03
5.555056559460378254e-03
5.560242468352541607e-03
5.565076093628640828e-03
5.569342082860933955e-03
5.574241789162735772e-03
5.578624425044113530e-03
5.583582388083898479e-03
5.587895382413139191e-03
5.592011258176778597e-03
5.596296884336211634e-03
5.601436281444535648e-03
5.606147908164793060e-03
5.611493544633052583e-03
5.615889999321549766e-03
5.620648475821995310e-03
5.625342245435992032e-03
5.629883960023322580e-03
5.634264759313330900e-03
5.639182370043466751e-03
5.643221690564622327e-03
5.647041665298965438e-03
5.651023457849899297e-03
5.655419966300806803e-03
5.660583441314247580e-03
5.665490498967023537e-03
5.670558457582254228e-03
5.674709054784231842e-03
5.679088971280996274e-03
5.683433071352618146e-03
5.687146888421409918e-03
5.692194695446374346e-03
5.697496132669259070e-03
5.703057053147685129e-03
5.706859093133020283e-03
5.710468232268800341e-03
5.715010850908393628e-03
5.720450488558866294e-03
5.724718291642187130e-03
5.728700354250522778e-03
5.734137640590193132e-03
5.738820417693766239e-03
5.743887587922379655e-03
5.747904478952728900e-03
5.752274665984363940e-03
5.756616477020724994e-03
5.761787681276011285e-03
5.765959986116890590e-03
5.770693805912441299e-03
5.774983131624672993e-03
5.779208682700722431e-03
5.783778740345649205e-03
5.788071521527669676e-03
5.791681318669982675e-03
5.795949685226829164e-03
5.800874531079570212e-03
5.804781172451989497e-03
5.809802686517933842e-03
5.814805038764210739e-03
5.819041514285690046e-03
5.823463505324250403e-03
5.828596250739458834e-03
5.833505537910611133e-03
5.838262674161192461e-03
5.842251930630613065e-03
5.846602502025388497e-03
5.850887082549899136e-03
5.855522582169680676e-03
5.860191634543088050e-03
5.864532558131016655e-03
5.869333463961930522e-03
5.873187000675132892e-03
5.877021017690997606e-03
5.880951330293440749e-03
5.885929328930407899e-03
5.890701953219884893e-03
5.894909131684967878e-03
5.899296641802696979e-03
5.903958264802434269e-03
5.909322920673252752e-03
5.913414336916512568e-03
5.918006247323971160e-03
5.922220617630705002e-03
5.925378574313092117e-03
5.930501490881846804e-03
5.934447882914641384e-03
5.938731690025341597e-03
5.942467574116557134e-03
5.946446700677661922e-03
5.950729401382215747e-03
5.955423497712966814e-03
5.960414172598581944e-03
5.964554109287254977e-03
5.969182808154321201e-03
5.973301626145280027e-03
5.977186155849114647e-03
5.981132596230294418e-03
5.985895390526082584e-03
5.990256516522719787e-03
5.994276824068543209e-03
5.997395444981697306e-03
6.001888970664958495e-03
6.005258012594940145e-03
6.009305400471886931e-03
6.013660486072934172e-03
6.017385246386592647e-03
6.022158028055461278e-03
6.026037343331114987e-03
6.031055682058585402e-03
6.035776569039780215e-03
6.040026508774341656e-03
6.044073890948313023e-03
6.048433337236556150e-03
6.052596312540306500e-03
6.056642816976660904e-03
6.060214017103747637e-03
6.063782110876893804e-03
6.068091162038566008e-03
6.072637886776567628e-03
6.076410554329466848e-03
6.080439972457388903e-03
6.085020851772291600e-03
6.089168598850092616e-03
6.093159572565237311e-03
6.096851132475680085e-03
6.101149560389058230e-03
6.104596861311219723e-03
6.108344461998133253e-03
6.112294459385692567e-03
6.117377301098753800e-03
6.121424438020511664e-03
6.125106590218663827e-03
6.129130454477259640e-03
6.132912362003313522e-03
6.137238459729491176e-03
6.141300627432219605e-03
6.145954648775323742e-03
6.150503096209333775e-03
6.154101917703129997e-03
6.157899495630954345e-03
6.162031172284749073e-03
6.166304836192315099e-03
6.169693489957389296e-03
6.173988229005675579e-03
6.177699812917348925e-03
6.180659208151924322e-03
6.184770762770183845e-03
6.188121604023408100e-03
6.192308870556553595e-03
6.195618076070311467e-03
6.199728580043767194e-03
6.203703241589806835e-03
6.207487485742314674e-03
6.211025808041319846e-03
6.215564838975584129e-03
6.220204018273357664e-03
6.224869690093133741e-03
6.228480726510385486e-03
6.232468190789646791e-03
6.236644575422059349e-03
6.240820792076029987e-03
6.244558995406312811e-03
6.249019840997312343e-03
6.253055978902817731e-03
6.256552428804584148e-03
6.260558239157892543e-03
6.264313711285938654e-03
6.267609604635539927e-03
6.271030256702224068e-03
6.274860232437848642e-03
6.277522290647728764e-03
6.281204657400653313e-03
6.283407576710870433e-03
6.287455978486388222e-03
6.290166530134197638e-03
6.293050005740007113e-03
6.295873089644130234e-03
6.299119694920788173e-03
6.301929622852499129e-03
6.305854415188121356e-03
6.309340548428746080e-03
6.312878863289391428e-03
6.315564705720975655e-03
6.318852024814321407e-03
6.321992036200476013e-03
6.325227537193038423e-03
6.329115945726809973e-03
6.332858626167787996e-03
6.336835172121183489e-03
6.339782473368938201e-03
6.342775645802153223e-03
6.347181877735481870e-03
6.350660336206563616e-03
6.353726474429841412e-03
6.356835133833232607e-03
6.360196586226114779e-03
6.363447312325805350e-03
6.366504090505363880e-03
6.370038020513804806e-03
6.374099129015062780e-03
6.377626549742310656e-03
6.380572771732307552e-03
6.383917579958559713e-03
6.388046790567421078e-03
6.392111947885165991e-03
6.394806486911413373e-03
6.398043204382614091e-03
6.401115593509627485e-03
6.404606344114537400e-03
6.408256315593951341e-03
6.412316930886162794e-03
6.416163033662089510e-03
6.419163319258916478e-03
6.422005727339893770e-03
6.425815146241560180e-03
6.429569793063300356e-03
6.433595343174239312e-03
6.436381264634336713e-03
6.440415072077179844e-03
6.443710010029491189e-03
6.446982399205711430e-03
6.450368901677096430e-03
6.453855434949854440e-03
6.457912085445013592e-03
6.462208133916211121e-03
6.466702138669865041e-03
6.470271827352337343e-03
6.473645883730103946e-03
6.476565428615817417e-03
6.479628134361667055e-03
6.483300719309262328e-03
6.487083035672629172e-03
6.491327873105312736e-03
6.495171607475366989e-03
6.498496358602581097e-03
6.501245635747998630e-03
6.504901353379911703e-03
6.507960025365746096e-03
6.510881873961360360e-03
6.514395545771525277e-03
6.517475445423941659e-03
6.521150346673837937e-03
6.524400581964941159e-03
6.527696869650933230e-03
6.530504970253296453e-03
6.534358082534537024e-03
6.537768525752739313e-03
6.541178088436411762e-03
6.544297614042198299e-03
6.547738935808443753e-03
6.551020369655111489e-03
6.553555131464394896e-03
6.557497313244228104e-03
6.560906465295724722e-03
6.565073181120587541e-03
6.568526354354108435e-03
6.572036563611415201e-03
6.575314131848133611e-03
6.578494608373646434e-03
6.582070053762436972e-03
6.585261010023459732e-03
6.589098813823439024e-03
6.592564496179644656e-03
6.596225068856682340e-03
6.599843188371297929e-03
6.602542561634437181e-03
6.606054332013534813e-03
6.609579368969938779e-03
6.612929490343370104e-03
6.616042509110227864e-03
6.618820473014853933e-03
6.622114642960566858e-03
6.625749900044925096e-03
6.628736969574756943e-03
6.632043215581924500e-03
6.635401171800256286e-03
6.638768699102555113e-03
6.642245670193279092e-03
6.645575322539397888e-03
6.649009201761177205e-03
6.652175042054400515e-03
6.654829353032272812e-03
6.657909718325302068e-03
6.661078970648403631e-03
6.664732249780737361e-03
6.668103490488910649e-03
6.671698757770007544e-03
6.675583170891656419e-03
6.678340668772918612e-03
6.681672034821869825e-03
6.684896337565620489e-03
6.687971053181024708e-03
6.691047451198010691e-03
6.694454271062064143e-03
6.698123779634663523e-03
6.701951789720166260e-03
6.705802296921793866e-03
6.709230197789703073e-03
6.713044284692006557e-03
6.716944158830964740e-03
6.720398718516617555e-03
6.723302667475097340e-03
6.726386011601353555e-03
6.728975648850500993e-03
6.731497358272366983e-03
6.734485134946574872e-03
6.738167719826892305e-03
6.741034927574158890e-03
6.744394148487444472e-03
6.747517453609770156e-03
6.751208501996774740e-03
6.753884974119021486e-03
6.756983779362046513e-03
6.759768746509403972e-03
6.763221605300930722e-03
6.765702069650468727e-03
6.768660582375690335e-03
6.771818868026596543e-03
6.774898332207190260e-03
6.777847121651982797e-03
6.781133179759098184e-03
6.783726357273037015e-03
6.787267919409253197e-03
6.789452002490577696e-03
6.791980470192509473e-03
6.795587162500271554e-03
6.798560378395769946e-03
6.802287113349492730e-03
6.804598782983753598e-03
6.807085068727638209e-03
6.809609767447035930e-03
6.812211649067792876e-03
6.815769564272646137e-03
6.818635283254890871e-03
6.821875008521717867e-03
6.824333604203064452e-03
6.826982533317275427e-03
6.830083403538140217e-03
6.832903652073905702e-03
6.835597311450782379e-03
6.838957380871719255e-03
6.842422926025016998e-03
6.846068155082019567e-03
6.849702682839345011e-03
6.852899043098052874e-03
6.855148049742220903e-03
6.858243703043288494e-03
6.861833374990486054e-03
6.864857045056001715e-03
6.868265374005624348e-03
6.870104118430522475e-03
6.872224172482649385e-03
6.875869845387906978e-03
6.877387697099308396e-03
6.879300578108029848e-03
6.881575333018674287e-03
6.884923779322896405e-03
6.888158949164019211e-03
6.891637541403424633e-03
6.893060540350930132e-03
6.896866004011925101e-03
6.899098302018579626e-03
6.901568132298359186e-03
6.905090997554665620e-03
6.907112208924480988e-03
6.910081293529607947e-03
6.912532038196634969e-03
6.915764176289300458e-03
6.918940248668278836e-03
6.921395361630968551e-03
6.925165254033303561e-03
6.928646875385415307e-03
6.929971378918152111e-03
6.932619473746216843e-03
6.936141203930786155e-03
6.938404018406773080e-03
6.940363959544114045e-03
6.944082972907167882e-03
6.947608233964613390e-03
6.949900266549059909e-03
6.952937794318365602e-03
6.954667336394655501e-03
6.957027556746512784e-03
6.958896118241962234e-03
6.962087701515986410e-03
6.965200473919060629e-03
6.968044235134085440e-03
6.969482624744123556e-03
6.972929930660517507e-03
6.976398583565721762e-03
6.978180619012036567e-03
6.980619532020662307e-03
6.983004940702097936e-03
6.985225094300464427e-03
6.987222422751602352e-03
6.990504300546800803e-03
6.992497445375317651e-03
6.995933912184646580e-03
6.998531665862225276e-03
7.000404396015901497e-03
7.002796790353827891e-03
7.005072993859061230e-03
7.007245617447079196e-03
7.010130858608441991e-03
7.012668805938915978e-03
7.014769099923452017e-03
7.017182300799522723e-03
7.019532026502016062e-03
7.021914064911455311e-03
7.024545924787546115e-03
7.027274611126415119e-03
7.030074687593720548e-03
7.032681236912921401e-03
7.035077326238412844e-03
7.038175139355198201e-03
7.041166192505104483e-03
7.043549026482712368e-03
7.046566591582805079e-03
7.049111292362939679e-03
7.051858496498118051e-03
7.054474951503611826e-03
7.057614959804567670e-03
7.060255616349896124e-03
7.063024581035334641e-03
7.065331763362706595e-03
7.067914367202722883e-03
7.070395965889191697e-03
7.073184688524072547e-03
7.075990925788222009e-03
7.078543512953484017e-03
7.081382274063787938e-03
7.084155054354038597e-03
7.086909112075100679e-03
7.089593294078973783e-03
7.092251849518607307e-03
7.095130679370880572e-03
7.097589786793531003e-03
7.100255095211498169e-03
7.102770749358246899e-03
7.105666204705194701e-03
7.108500652859972048e-03
7.111476262733978058e-03
7.114054941024983494e-03
7.116086069043583984e-03
7.118851778607700707e-03
7.121793946771559115e-03
7.124743588178379487e-03
7.127495985028268338e-03
7.130753884954817851e-03
7.133246897143421389e-03
7.135892060759094387e-03
7.138917774797708463e-03
7.141687653691327492e-03
7.144596792863978918e-03
7.146685377861206577e-03
7.148503101688977179e-03
7.151500523433522959e-03
7.154367374502238267e-03
7.156328691463780325e-03
7.159200572597364601e-03
7.161617556530107918e-03
7.164251011368861534e-03
7.166675247150794577e-03
7.168670522345586306e-03
7.171171737153842797e-03
7.173438192621562660e-03
7.176417242131348864e-03
7.178993173314185752e-03
7.181469095525885166e-03
7.183738174192117604e-03
7.186101436180560714e-03
7.188932959803308320e-03
7.191023446447360364e-03
7.193771950772333973e-03
7.195806038138885183e-03
7.198323083048602244e-03
7.200669856657141744e-03
7.203037638508531446e-03
7.205582883796380136e-03
7.207915276097132638e-03
7.210635847239052314e-03
7.213462876292500714e-03
7.216624164723748139e-03
7.219537178757181629e-03
7.221411983216479216e-03
7.223558272899455353e-03
7.225078900326073472e-03
7.226935856206594642e-03
7.229400174480744498e-03
7.231678194320878029e-03
7.233837320994853867e-03
7.236416652008598877e-03
7.238634372473909222e-03
7.240860966308956467e-03
7.243303647067915289e-03
7.245710666599412646e-03
7.248546429842069733e-03
7.251195295026963139e-03
7.253498722994064507e-03
7.255626044629064596e-03
7.257850024978923162e-03
7.260299112121382063e-03
7.263136677958624034e-03
7.265420568795342288e-03
7.267594425602224087e-03
7.269800033224626049e-03
7.271804149188288227e-03
7.273792340516397475e-03
7.275676993728132785e-03
7.277823968356667526e-03
7.279727956713825943e-03
7.281780386427444580e-03
7.283853058777019565e-03
7.285580578295972574e-03
7.287994437849005212e-03
7.290291241819838418e-03
7.292418530525915030e-03
7.294496610940239510e-03
7.297409828401624568e-03
7.299513014967681269e-03
7.302208638055093272e-03
7.304389662670003613e-03
7.306852464612552389e-03
7.309158674876821589e-03
7.311238468715828588e-03
7.313725475518641911e-03
7.315505848761258249e-03
7.318427061379540084e-03
7.320420580917277181e-03
7.323134321175189115e-03
7.324998410129500773e-03
7.327087665406078684e-03
7.329181089213657012e-03
7.331819018681413891e-03
7.334210839453391209e-03
7.335369828791095219e-03
7.337079139008872812e-03
7.340024537643156238e-03
7.342286162416462175e-03
7.344099902017675596e-03
7.346954052102345166e-03
7.348818578595156178e-03
7.351001867312402689e-03
7.353493886102777967e-03
7.355300015063202801e-03
7.357757602423210634e-03
7.359849974719296500e-03
7.362346604130239405e-03
7.364951498830814118e-03
7.366622387710475457e-03
7.368260422548929614e-03
7.370879167042659538e-03
7.373417207865525305e-03
7.375991520949731414e-03
7.378819848022055358e-03
7.381881689467973025e-03
7.384719471393146398e-03
7.386414489889255031e-03
7.387937247572364322e-03
7.390720317392606049e-03
7.392640041697301663e-03
7.395080094138199028e-03
7.397443712019518072e-03
7.398826373717011171e-03
7.401079250138664634e-03
7.402932937151078183e-03
7.405621080801282584e-03
7.407514806334477078e-03
7.410096844241374422e-03
7.412416401167604141e-03
7.413942839481651483e-03
7.415808858475655442e-03
7.418058117584819429e-03
7.419836202795449670e-03
7.422490133633903760e-03
7.424727510915672506e-03
7.426978759188563456e-03
7.429543404628310282e-03
7.432333970648031737e-03
7.433323761778750684e-03
7.434796320692061040e-03
7.436855564100067900e-03
7.438810342420883875e-03
7.440734116770909845e-03
7.442570481277218514e-03
7.444958528423264998e-03
7.446661873952405489e-03
7.448715974604259993e-03
