1.800630231888591991e-04
1.816016497701929307e-04
1.831514678977726055e-04
1.843731819076774975e-04
1.852799028008298885e-04
1.860115642764955161e-04
1.866897433121838320e-04
1.873828137070683488e-04
1.885322756810679974e-04
1.894926607439094098e-04
1.903413554990102878e-04
1.911405565899933765e-04
1.919272639634685086e-04
1.927148567055235505e-04
1.935087258060465623e-04
1.943038246848379424e-04
1.950972378230005294e-04
1.959641714140304811e-04
1.967929866898494764e-04
1.975585362183642207e-04
1.983891287129974958e-04
1.992442745732236193e-04
2.000650910391029086e-04
2.009094154162853658e-04
2.018292697988790607e-04
2.027419739704946578e-04
2.036870751549007793e-04
2.048547774280958043e-04
2.053723211024526224e-04
2.065377337089841306e-04
2.071148521318875633e-04
2.079981041849881477e-04
2.088998958138651107e-04
2.098096941538721695e-04
2.109393666394940412e-04
2.117180959741047567e-04
2.125067287782125293e-04
2.132410416865808639e-04
2.141365780036128246e-04
2.148513455464035363e-04
2.157467587301498927e-04
2.164228621897360785e-04
2.171703555847985675e-04
2.179493331998194302e-04
2.187535044085378306e-04
2.195775527537779047e-04
2.204028379570166225e-04
2.212401100628918408e-04
2.220865246437164927e-04
2.229379882259221925e-04
2.238994306886363174e-04
2.249209437012277121e-04
2.255760082424955904e-04
2.264034050684279853e-04
2.272404348137356349e-04
2.280797428930925652e-04
2.290753023222725203e-04
2.300789538426531520e-04
2.310631326812865780e-04
2.317205538288072885e-04
2.327469027395958419e-04
2.334845595562262807e-04
2.345132462559442886e-04
2.352595744146100936e-04
2.362910863644108940e-04
2.370425008964514575e-04
2.380783129311540998e-04
2.388319501968762910e-04
2.398724200991092775e-04
2.405694888370701000e-04
2.415886983015737559e-04
2.426161045152075467e-04
2.434613261151773081e-04
2.443550484830430748e-04
2.451954642337586120e-04
2.462359290545716945e-04
2.471268547960815383e-04
2.479120916962782636e-04
2.488265939917072805e-04
2.497226428116416626e-04
2.505826421041752847e-04
2.513201151827542572e-04
2.521866237059128724e-04
2.529291394209690091e-04
2.538070120141317052e-04
2.547416005365084942e-04
2.555284842556205041e-04
2.563517168850276175e-04
2.573269522245736013e-04
2.581256404317077194e-04
2.589537005416740669e-04
2.598798145811620952e-04
2.608007130582751828e-04
2.616905031667026631e-04
2.626634015625820711e-04
2.635545762797750300e-04
2.645302302652021050e-04
2.654306183816154837e-04
2.663445525446958800e-04
2.672791498188527856e-04
2.682633865953278833e-04
2.691489150874045930e-04
2.701158450749815889e-04
2.710216606767013687e-04
2.720099576160270338e-04
2.730072974830846308e-04
2.739257306795273581e-04
2.749088266029289318e-04
2.759164853306963865e-04
2.769113811461076415e-04
2.779568174289646248e-04
2.789763278292845591e-04
2.800954389134938279e-04
2.813031216649121945e-04
2.824188199604279440e-04
2.836340942373881857e-04
2.846325372399559133e-04
2.857248659855781726e-04
2.868598556009583408e-04
2.880021169398983417e-04
2.891364685311521398e-04
2.903307907264610272e-04
2.915029438042193092e-04
2.926156241936280758e-04
2.941546015247513174e-04
2.956403931599100731e-04
2.972369558680585722e-04
2.982893404038895681e-04
2.998784363871871868e-04
3.010577789291029953e-04
3.023495958550887278e-04
3.039425454102521974e-04
3.051678704212990706e-04
3.065498576116566396e-04
3.080512622900662351e-04
3.098581258087524542e-04
3.115950602109466487e-04
3.132972428600805490e-04
3.149073225835432232e-04
3.165910016138180389e-04
3.182516711634652716e-04
3.196816592562654004e-04
3.212867503008800737e-04
3.229831069200863312e-04
3.247493294146797148e-04
3.265758035177773353e-04
3.278241274685430966e-04
3.297853511423549672e-04
3.316692463097951362e-04
3.334566325060921393e-04
3.351477739087338047e-04
3.365030275563071034e-04
3.377318313862197113e-04
3.397464709880337668e-04
3.418522300679696863e-04
3.439891762641781692e-04
3.458774834262177533e-04
3.476089630780950391e-04
3.494445262540915977e-04
3.517742333639013470e-04
3.541402856079004695e-04
3.558442605118425296e-04
3.583077314233369735e-04
3.602895131785262771e-04
3.627804933937025687e-04
3.652024278089490913e-04
3.676514780464578682e-04
3.695551671161290759e-04
3.721765715138069240e-04
3.740433505783575868e-04
3.767404878150819227e-04
3.786679687687417254e-04
3.815028894593304964e-04
3.829430344595524086e-04
3.854414504331639510e-04
3.883939774180884211e-04
3.911500239666993871e-04
3.935708509823438784e-04
3.955500166226508935e-04
3.984180875641685281e-04
4.004467469938619972e-04
4.030317007204648177e-04
4.052897769462909154e-04
4.078710397667446646e-04
4.111620626726602656e-04
4.137806717395496039e-04
4.166843479124023486e-04
4.201386681706020397e-04
4.222932434577065944e-04
4.248963107637565443e-04
4.273079543735950519e-04
4.299456568823617009e-04
4.332903039612100095e-04
4.372865738278941647e-04
4.407496672455239067e-04
4.444890763611640343e-04
4.467839960150045983e-04
4.505097661746921374e-04
4.536964975247105721e-04
4.568892488965310803e-04
4.593405994152506468e-04
4.630556230840940086e-04
4.662817200213999549e-04
4.686012392279786487e-04
4.719540658885588926e-04
4.758085352996057303e-04
4.800159154976917390e-04
4.840180539555021888e-04
4.869258667987180116e-04
4.911778235716703642e-04
4.955226368298878449e-04
4.995679682248909109e-04
5.026227449149656351e-04
5.055807096077356844e-04
5.089915115390524153e-04
5.128380929444627256e-04
5.165878350040628477e-04
5.192123282355478068e-04
5.227876114499485421e-04
5.272462744632985376e-04
5.303062097103130538e-04
5.344218304593429877e-04
5.388022549894964323e-04
5.423976820095923737e-04
5.470914832703929797e-04
5.500629384965326912e-04
5.549845607978136884e-04
5.600919491102729873e-04
5.642810415439429008e-04
5.683921102923714021e-04
5.717840925754700621e-04
5.758214031229879140e-04
5.800034912908925673e-04
5.837520121592745543e-04
5.876692729096143685e-04
5.928164740764121574e-04
5.966023492754333416e-04
6.009102453070743139e-04
6.050856208803648056e-04
6.095048844849242911e-04
6.138727260136838575e-04
6.168163843492044385e-04
6.212035796648307517e-04
6.260080907083943012e-04
6.307398303869841700e-04
6.347147256505617560e-04
6.387701631727356159e-04
6.447745359054588747e-04
6.503573054721379894e-04
6.551638426815594623e-04
6.601624597610489470e-04
6.650377402282808478e-04
6.700452335044271377e-04
6.749947463168980881e-04
6.787191422654645367e-04
6.824860741227256958e-04
6.876018273576093220e-04
6.913410485564815827e-04
6.961919536203368605e-04
7.016680759482850057e-04
7.061458755805083073e-04
7.123079177620100745e-04
7.179463001264887794e-04
7.225615636936478939e-04
7.276621432635162982e-04
7.334282000500746490e-04
7.384704148495647167e-04
7.435192973317133894e-04
7.477720973506552697e-04
7.543498397047992618e-04
7.601916362005749824e-04
7.638434630261513271e-04
7.679780076581635981e-04
7.726049920370416839e-04
7.773988293023597479e-04
7.831797700988175643e-04
7.882561695558552330e-04
7.926052578904885237e-04
7.967152422041022921e-04
8.022209937709502692e-04
8.076768857384609935e-04
8.138257733475598270e-04
8.166966671668452089e-04
8.217438739259701067e-04
8.262204186652743381e-04
8.321733133869794151e-04
8.379926913876725595e-04
8.422656202390084012e-04
8.463925478725989153e-04
8.509627295973181370e-04
8.538310671410017337e-04
8.586090687893965746e-04
8.632949124265353871e-04
8.685614066229715210e-04
8.742581751429092263e-04
8.794791102664543470e-04
8.843710501571829929e-04
8.883378196774039705e-04
8.943085802609781728e-04
8.981055097174224120e-04
9.022971462621067395e-04
9.072577967004599080e-04
9.116535868386407317e-04
9.165869412955866651e-04
9.207352445872162569e-04
9.254389401429514430e-04
9.303945362429045423e-04
9.355261914045249344e-04
9.399447636940681198e-04
9.455095259473498843e-04
9.502228041760372003e-04
9.547117158418661582e-04
9.581609948317008517e-04
9.632332867936193145e-04
9.673029975276655748e-04
9.721141075556467316e-04
9.746259225269592432e-04
9.799855093086508664e-04
9.831226004436374212e-04
9.875545585143717664e-04
9.911132691856571180e-04
9.937993465709948470e-04
9.979582840207821149e-04
1.001876975509326164e-03
1.005430825038538655e-03
1.008506151090917497e-03
1.012558665594954794e-03
1.015606131438123250e-03
1.020191051811339226e-03
1.023560059784790581e-03
1.027678987344205061e-03
1.031016702859302494e-03
1.034642521648986057e-03
1.038412792849096114e-03
1.042259347180880206e-03
1.045439303671478592e-03
1.048697066988516207e-03
1.052798905184643141e-03
1.056428121959563206e-03
1.059527387106707578e-03
1.062803581951072369e-03
1.066275734215511297e-03
1.069812149346174380e-03
1.073723510601113859e-03
1.076538058753457759e-03
1.078781517035483882e-03
1.082132524495634397e-03
1.084818031660810022e-03
1.088830969180190796e-03
1.092221226226076708e-03
1.095925598526567048e-03
1.098245375313811577e-03
1.101812862313875227e-03
1.105357362829531348e-03
1.108740567686967299e-03
1.112448765209364879e-03
1.115529120069461404e-03
1.118327854367542982e-03
1.121415714244011546e-03
1.125100705457133003e-03
1.128675541211688303e-03
1.131525893061146280e-03
1.134464924279714355e-03
1.137286920267910209e-03
1.139910549236914468e-03
1.143113499286579600e-03
1.146447006328894964e-03
1.150043856865402966e-03
1.153241063002915330e-03
1.156115678823181787e-03
1.158607886699886992e-03
1.161063711324340948e-03
1.164152869370186196e-03
1.167179015397802567e-03
1.169782833455556810e-03
1.172950344762137102e-03
1.176569297228337784e-03
1.179519056874178727e-03
1.182391618475144663e-03
1.185374460110518152e-03
1.188127791328518314e-03
1.190688732661440924e-03
1.194129083395343302e-03
1.196319602137640471e-03
1.199016407286039544e-03
1.201887111980946658e-03
1.204785425728191299e-03
1.207216374969168884e-03
1.210327713301855923e-03
1.212477509786883713e-03
1.215217320493157394e-03
1.217619815732816444e-03
1.219750404062285281e-03
1.222388506712492311e-03
1.224511189630889075e-03
1.227338384429282805e-03
1.229669545496997257e-03
1.231794883296836313e-03
1.233648943274094851e-03
1.236743597668051985e-03
1.238347807026947108e-03
1.240985683758945518e-03
1.243327059905188683e-03
1.246062307628320858e-03
1.248200357987576522e-03
1.251017754756702334e-03
1.252796565488184088e-03
1.254898517627969518e-03
1.257191246399040228e-03
1.259179186376266227e-03
1.261887540343805672e-03
1.263991375792813216e-03
1.265655851582484078e-03
1.267754496063380103e-03
1.270520736934187310e-03
1.273328431526539765e-03
1.275350750014948333e-03
1.277479941740423909e-03
1.279632257872913509e-03
1.281671363373474825e-03
1.283868480913817741e-03
1.286009471818375235e-03
1.288233667690744664e-03
1.289943070582486462e-03
1.291759411297667328e-03
1.293893387028732149e-03
1.296089046993119517e-03
1.298073158417771805e-03
1.300122205822708613e-03
1.301833969582445434e-03
1.303976423772222051e-03
1.305280146060091998e-03
1.307466779866521154e-03
1.309331788539768587e-03
1.311377680884459780e-03
1.313523002728435784e-03
1.315530486365474238e-03
1.317798620771225672e-03
1.320248098845664721e-03
1.322445500386646832e-03
1.324526023967418677e-03
1.327033962645624487e-03
1.329035546532435306e-03
1.330984120944653714e-03
1.332623457187691362e-03
1.334247274417210303e-03
1.336221959573930798e-03
1.337767306767957297e-03
1.339190020348727779e-03
1.340719876961378280e-03
1.342619183590952310e-03
1.344401366828318865e-03
1.346618089376923561e-03
1.348693497521304954e-03
1.349895582718804894e-03
1.351495901377909896e-03
1.353378281980862404e-03
1.355139931405754603e-03
1.356604759524556499e-03
1.358471881072454779e-03
1.360174412356364351e-03
1.362317518440713145e-03
1.364197765059822504e-03
1.365799660897980446e-03
1.367190885074301074e-03
1.368531092415207736e-03
1.370386606276268902e-03
1.371524201195770598e-03
1.373017749722345651e-03
1.374284088692000931e-03
1.375710128279837314e-03
1.377379167763587934e-03
1.379053291229111666e-03
1.380389248867750071e-03
1.381690872668994447e-03
1.383137984514507240e-03
1.384463439357949818e-03
1.385980788825425750e-03
1.387365122942645643e-03
1.388913701657459214e-03
1.390341626341146716e-03
1.391898681544315045e-03
1.393201962842042368e-03
1.394635845746128484e-03
1.396037517793008486e-03
1.397632628875582249e-03
1.399614135908777268e-03
1.401365496499228352e-03
1.402598640048574163e-03
1.404489775121512199e-03
1.406161976993677539e-03
1.407680388701601634e-03
1.408873154323334433e-03
1.410457019849229842e-03
1.411771840590709702e-03
1.413248695990294238e-03
1.415026397473472756e-03
1.416639885275460713e-03
1.418462401471389444e-03
1.419914729923020666e-03
1.421158046065649182e-03
1.422713781562277282e-03
1.424594909091702472e-03
1.426184611752909226e-03
1.427551148757044220e-03
1.429069193073643921e-03
1.430299310446253884e-03
1.431236608533098921e-03
1.432577209382073294e-03
1.433780309811738063e-03
1.435242402753331321e-03
1.436229000412030891e-03
1.437770253957608088e-03
1.439322526802277839e-03
1.440774838357078338e-03
1.442146235531107041e-03
1.443302279901312237e-03
1.444960955941560843e-03
1.446210015825636014e-03
1.447646264590560531e-03
1.449158325676861217e-03
1.450676330852755051e-03
1.451588431908796889e-03
1.453001934215593979e-03
1.454391035200844600e-03
1.455813192117647124e-03
1.457213438922175036e-03
1.458713115651593057e-03
1.460131058629393370e-03
1.461278504906720482e-03
1.462572244792112452e-03
1.464231998053670825e-03
1.465499136891836073e-03
1.466688356540322502e-03
1.468049270200870058e-03
1.469238987662823152e-03
1.470515774581256704e-03
1.471694137906152380e-03
1.472615613009806580e-03
1.473756595616930454e-03
1.475120866426773546e-03
1.476197842841813325e-03
1.477080246286168732e-03
1.478415476061518182e-03
1.479647375050063655e-03
1.480995957765783707e-03
1.482110906792475551e-03
1.483294960270467979e-03
1.484383048452012728e-03
1.485629439918097639e-03
1.487191910482130565e-03
1.488430306502718176e-03
1.489596906431046473e-03
1.490948983623209545e-03
1.492183456605242122e-03
1.493657021652667520e-03
1.494812161801799266e-03
1.495949326989963208e-03
1.497195750261971249e-03
1.498299689765390449e-03
1.499249073573024650e-03
1.500154460864739020e-03
1.501212880754105314e-03
1.502803086097478143e-03
1.504288410330000122e-03
1.505188148384460720e-03
1.506267328574495889e-03
1.507413463227718752e-03
1.508215045004265105e-03
1.509356677382527566e-03
1.510510547674514311e-03
1.511598601062897436e-03
1.512706179806131085e-03
1.513921436266349322e-03
1.515091856438515469e-03
1.516176169524118206e-03
1.517303361262441848e-03
1.518478885577541826e-03
1.519676016210177050e-03
1.521057491071171278e-03
1.522238227674532198e-03
1.523286992657980985e-03
1.524411505724281501e-03
1.525491663800827586e-03
1.526795194350138041e-03
1.527738602238040526e-03
1.529083555104915467e-03
1.530293575994011663e-03
1.531502558925319129e-03
1.532605131473556469e-03
1.533738758560644188e-03
1.534794448438515620e-03
1.535907120667562731e-03
1.537077811338400518e-03
1.537984473095107196e-03
1.539321130891901229e-03
1.540325168172537035e-03
1.541118386174847917e-03
1.542483043324727578e-03
1.543125600690719397e-03
1.544260518778869896e-03
1.545294429131901896e-03
1.546447856139586364e-03
1.547458876477997205e-03
1.548760275990281564e-03
1.549929088201240819e-03
1.551129222526454127e-03
1.552035007133654781e-03
1.552933843601214106e-03
1.554162009347364020e-03
1.555374956101453860e-03
1.556456391986037278e-03
1.557367928268540850e-03
1.558486204282431235e-03
1.559771561999794519e-03
1.560390043512618246e-03
1.561438335379173930e-03
1.562173902079491000e-03
1.563166655669827191e-03
1.564054635977918601e-03
1.565037337427130750e-03
1.565800748233118263e-03
1.566388010712276273e-03
1.567388123501608317e-03
1.568276052537594025e-03
1.569180924697513319e-03
1.569983660544341719e-03
1.570900187913929717e-03
1.571839696560954538e-03
1.572805414528521354e-03
1.573744355713709540e-03
1.574938381281574575e-03
1.575928447362142000e-03
1.576712199456544675e-03
1.577750220796784444e-03
1.578825981618430701e-03
1.579643177333151785e-03
1.580457737526458264e-03
1.581287583913553374e-03
1.582455217282159468e-03
1.583534942217751894e-03
1.584508906959392885e-03
1.585178560578110428e-03
1.585998843756915170e-03
1.587014556672226634e-03
1.587742391994811670e-03
1.588640079220662686e-03
1.589420513724329161e-03
1.590276016751054379e-03
1.591144466797738983e-03
1.591947174502084030e-03
1.592983280355099668e-03
1.594110121834897134e-03
1.595186994621351165e-03
1.596185002081838139e-03
1.597077369922854850e-03
1.597959601553540412e-03
1.598742259622565418e-03
1.599658113367230430e-03
1.600701256985305812e-03
1.601578805366112327e-03
1.602442737839716771e-03
1.603540893646350366e-03
1.604555449595611956e-03
1.605377771018833477e-03
1.606089345337543715e-03
1.606869238511114640e-03
1.607684958164381887e-03
1.608580969588332445e-03
1.609221068547042263e-03
1.610007106718299667e-03
1.610676568309078521e-03
1.611434818659859217e-03
1.612172089382400177e-03
1.612924661710747783e-03
1.613855479029421358e-03
1.614723976962147449e-03
1.615616701783236181e-03
1.616289728416990491e-03
1.617148739865482574e-03
1.618026543657757974e-03
1.618619986039005832e-03
1.619619742129227305e-03
1.620543163741371487e-03
1.621360289972136872e-03
1.622368761712420469e-03
1.623034487780524284e-03
1.624037304825167978e-03
1.624703521662470727e-03
1.625479599705265468e-03
1.626310504949171620e-03
1.627155962125026922e-03
1.627974530313309239e-03
1.628863859285208018e-03
1.629722034406678576e-03
1.630557501845788376e-03
1.631287393764575778e-03
1.632101186517353813e-03
1.632906635276835418e-03
1.633631355306314290e-03
1.634666521617041991e-03
1.635523481350004615e-03
1.636210605803220010e-03
1.636910914210290037e-03
1.637868339697204616e-03
1.638712970545136080e-03
1.639411824321349584e-03
1.640270099146173138e-03
1.641124809520612968e-03
1.641808614447827497e-03
1.642649684318108405e-03
1.643552305667290037e-03
1.644214452531096542e-03
1.645047257280755253e-03
1.645838558688491465e-03
1.646632262116588937e-03
1.647563863758073422e-03
1.648429014788367229e-03
1.649191226599809167e-03
1.649821368445452199e-03
1.650595613750608856e-03
1.651159376792492089e-03
1.651765665740583455e-03
1.652646989396574020e-03
1.653274314723742876e-03
1.653945976331748502e-03
1.654669135873613030e-03
1.655469662085275401e-03
1.656264432260740613e-03
1.656724845909267373e-03
1.657475237743387744e-03
1.657957838224865870e-03
1.658800319876684156e-03
1.659446297786635162e-03
1.660191972827158120e-03
1.660914197899038616e-03
1.661542806372452979e-03
1.662208723540066057e-03
1.662791567491232443e-03
1.663374480909510580e-03
1.664119910475028632e-03
1.664825896739546536e-03
1.665368274721627795e-03
1.665919674480010552e-03
1.666542175565173750e-03
1.667151560820744841e-03
1.667849154933599915e-03
1.668694220230576477e-03
1.669555395872131601e-03
1.670197122125460136e-03
1.670933399868682967e-03
1.671728544634804850e-03
1.672542548603498085e-03
1.673226495767851131e-03
1.673969926314110464e-03
1.674821548455787679e-03
1.675603328840391884e-03
1.676373659423682208e-03
1.676965283861378943e-03
1.677463137753427719e-03
1.678124000728945788e-03
1.678859477399135191e-03
1.679446216482811298e-03
1.680232502993953816e-03
1.680900703995775666e-03
1.681563122455963406e-03
1.682086340001508890e-03
1.682693742562399019e-03
1.683312216139891100e-03
1.683960023409446661e-03
1.684632783640828803e-03
1.685382709299543822e-03
1.686127066208172130e-03
1.686874147177094396e-03
1.687626601502865325e-03
1.688316610265399881e-03
1.688964039560718897e-03
1.689726155197194190e-03
1.690362950222756106e-03
1.690864181433190559e-03
1.691468894876342523e-03
1.692090157426752450e-03
1.692841562903811287e-03
1.693229803210765348e-03
1.693865287564390613e-03
1.694481700852266265e-03
1.695208801571940248e-03
1.695818173678942950e-03
1.696514082312005180e-03
1.697173759636736497e-03
1.697845789475410519e-03
1.698577733714016135e-03
1.699162580135523326e-03
1.699594012789415378e-03
1.700063660014323064e-03
1.700668008542029945e-03
1.701294860997419091e-03
1.701864172754076650e-03
1.702449411422031836e-03
1.702953834719560721e-03
1.703642724260820375e-03
1.704327255303654575e-03
1.705035704480587942e-03
1.705590686226792939e-03
1.706332509989384565e-03
1.707039054144523756e-03
1.707592937945593770e-03
1.708169188232336669e-03
1.708654371856266688e-03
1.709152399755660889e-03
1.709657292526402901e-03
1.710225642300243921e-03
1.710736306570452645e-03
1.711341458020950281e-03
1.711884463218890434e-03
1.712351646401730513e-03
1.712844340461855148e-03
1.713265303554805047e-03
1.713760532904613819e-03
1.714303474521023741e-03
1.714854202542222391e-03
1.715472220990217666e-03
1.716044750793932136e-03
1.716607140968804106e-03
1.717260764786999322e-03
1.717913449672831905e-03
1.718454125760365998e-03
1.718957085014093111e-03
1.719517079069069268e-03
1.720064668972618501e-03
1.720609429300974658e-03
1.721279355296667559e-03
1.721866869452258952e-03
1.722419905699706195e-03
1.722962320936862997e-03
1.723541875972774227e-03
1.724061381782377453e-03
1.724504164526304006e-03
1.725109423281854723e-03
1.725652268423452347e-03
1.726200123147549016e-03
1.726690246594272905e-03
1.727283630731430873e-03
1.727739566758437978e-03
1.728386121883042663e-03
1.728986265912958601e-03
1.729408164890385621e-03
1.729974360396908505e-03
1.730558015028774762e-03
1.731062391235216108e-03
1.731460453144237615e-03
1.731879988240004773e-03
1.732397010399752994e-03
1.732883419167078817e-03
1.733354501585436047e-03
1.733897121321355825e-03
1.734418866076274440e-03
1.735025512775077890e-03
1.735587556930019270e-03
1.736088931935978255e-03
1.736579139774138258e-03
1.737161617903946412e-03
1.737660291202861116e-03
1.738137656152032723e-03
1.738464171720325571e-03
1.738938392369275077e-03
1.739428767612819773e-03
1.739908627515691182e-03
1.740420659134536566e-03
1.740909859527154865e-03
1.741365807657604568e-03
1.741932083942531817e-03
1.742497797904190172e-03
1.742946355838884825e-03
1.743414124264347498e-03
1.743835073995836371e-03
1.744455157869456013e-03
1.744848220922420997e-03
1.745301752207046751e-03
1.745849290431583786e-03
1.746282240970336392e-03
1.746692539321419548e-03
1.747073854990588123e-03
1.747391202195364883e-03
1.747925869415822755e-03
1.748351619201214593e-03
1.748727402376700152e-03
1.749259214872765601e-03
1.749602528334930117e-03
1.750039806571892500e-03
1.750550305712832459e-03
1.751087278058280306e-03
1.751443209402942999e-03
1.751900630367252132e-03
1.752336046701119705e-03
1.752765709712954516e-03
1.753267928253253319e-03
1.753691333137528128e-03
1.754144378551039706e-03
1.754596728235666842e-03
1.755078597672612116e-03
1.755577198372520803e-03
1.756090536610677415e-03
1.756553321830245720e-03
1.757021438508197522e-03
1.757486607196224017e-03
1.757973588233836338e-03
1.758390754361102313e-03
1.758769467744133877e-03
1.759260722160500790e-03
1.759676807276219562e-03
1.760059109078197662e-03
1.760467632859822208e-03
1.760904263425684029e-03
1.761304566620680925e-03
1.761589270015179957e-03
1.762020174544882880e-03
1.762438020651440045e-03
1.762878292297194536e-03
1.763214834115721949e-03
1.763619036782197854e-03
1.764043065101346917e-03
1.764519707833703743e-03
1.764887779557159416e-03
1.765404332761419046e-03
1.765837011522016766e-03
1.766253176823391613e-03
1.766670657344521396e-03
1.767033170998397401e-03
1.767422065662235245e-03
1.767691177810554962e-03
1.768070871546168193e-03
1.768530737056533140e-03
1.768919676292944696e-03
1.769417325842349105e-03
1.769899811119704730e-03
1.770284635287272665e-03
1.770746600441196889e-03
1.771222421852483098e-03
1.771517361326220043e-03
1.771811394482575817e-03
1.772261009062896502e-03
1.772580769195031616e-03
1.773007176261171512e-03
1.773465433848139816e-03
1.773879890870286953e-03
1.774201265371260546e-03
1.774603262585252401e-03
1.775070474011157702e-03
1.775434275796948427e-03
1.775875465179366491e-03
1.776300608166580001e-03
1.776746924825388417e-03
1.777205776430789905e-03
1.777494784492728496e-03
1.777883546816663198e-03
1.778256626767938742e-03
1.778588187519934043e-03
1.778895526707346747e-03
1.779339578355867545e-03
1.779720422284112018e-03
1.780188944726649597e-03
1.780460312814623799e-03
1.780889310927768034e-03
1.781126644746004262e-03
1.781519862623940449e-03
1.781920635034290115e-03
1.782350160144869407e-03
1.782733681108503686e-03
1.783082163219549491e-03
1.783373781981025278e-03
1.783829155891992037e-03
1.784233293255769797e-03
1.784537662354851841e-03
1.784915733814433029e-03
1.785351018301271431e-03
1.785749491894019544e-03
1.786091311648254363e-03
1.786451955348274763e-03
1.786798129962587599e-03
1.787130436731885303e-03
1.787406964181880884e-03
1.787673516394726715e-03
1.788052891988591757e-03
1.788431546223828803e-03
1.788820696933442807e-03
1.789189716353576558e-03
1.789578261992233466e-03
1.789946135591620122e-03
1.790378951223927338e-03
1.790639878063365843e-03
1.791076680216569439e-03
1.791479642162161672e-03
1.791777530484291734e-03
1.792154787561924542e-03
1.792426619239344222e-03
1.792695372613832983e-03
1.793193205400017308e-03
1.793777513014917745e-03
1.794618083453925405e-03
1.795729168417083479e-03
1.796938591959085577e-03
1.798112082569757386e-03
1.799185932820177025e-03
1.800395438840947946e-03
1.801623469256320676e-03
1.802667928348766335e-03
1.803809037771650792e-03
1.804931880556807878e-03
1.806120760955274738e-03
1.807287960115721388e-03
1.808420334369375106e-03
1.809447025415770452e-03
1.810669047006799705e-03
1.811883317464592401e-03
1.813139903215731661e-03
1.814427790609542211e-03
1.815560806369823912e-03
1.816800340008513891e-03
1.818130821481969087e-03
1.819339644395695770e-03
1.820491756586079630e-03
1.821607225181450787e-03
1.822919086556764245e-03
1.824217791075717025e-03
1.825514526457174816e-03
1.826946210291702536e-03
1.828027664152113377e-03
1.829473480052243696e-03
1.830706673972680920e-03
1.832055811128475119e-03
1.833209774812257246e-03
1.834533663689799686e-03
1.835979700865630893e-03
1.837196956311185113e-03
1.838794367694406972e-03
1.840326029851778152e-03
1.841798620425736570e-03
1.843417529449318561e-03
1.844647679802500790e-03
1.846183518324091269e-03
1.847653152693804314e-03
1.849382189795467429e-03
1.850863238285423628e-03
1.852542082283831649e-03
1.854072276620827167e-03
1.855597985643274309e-03
1.857563670099184267e-03
1.859110216757237999e-03
1.860964856197310641e-03
1.862588688513932157e-03
1.864568064180587969e-03
1.866414608605680876e-03
1.868067934338093605e-03
1.870073046076711331e-03
1.871887926018539440e-03
1.873877246465796261e-03
1.875921802243858379e-03
1.878286230553308060e-03
1.880301752625044556e-03
1.882074510295030480e-03
1.884188016372710878e-03
1.886119206213044807e-03
1.888341231996924253e-03
1.890858373625001632e-03
1.892972106518487317e-03
1.895398428478362995e-03
1.897665545480671468e-03
1.900111541708135931e-03
1.902599325947514249e-03
1.905083135669349143e-03
1.907866310259399368e-03
1.910372017647918308e-03
1.913359817652924427e-03
1.915932969141588343e-03
1.918508279002398634e-03
1.921723351033938643e-03
1.924292862275623489e-03
1.926665857516011039e-03
1.929023983150655701e-03
1.931271231411952997e-03
1.934099933646149429e-03
1.936932229793500784e-03
1.939278240540235308e-03
1.942142495450623453e-03
1.945111778660681742e-03
1.947812147273288988e-03
1.950012558412929061e-03
1.952753575931141100e-03
1.956238734968736379e-03
1.959537745344191225e-03
1.963283129594174496e-03
1.966425960293909005e-03
1.969247169621448756e-03
1.971653548845132831e-03
1.975619894572148635e-03
1.978397561190309729e-03
1.981250850687070204e-03
1.985178842594223763e-03
1.988221193922633245e-03
1.990974642308985035e-03
1.995049095236499283e-03
1.998455138615682410e-03
2.001358355193547274e-03
2.005663039402740596e-03
2.010038688925621861e-03
2.012371021066131690e-03
2.016914013304436839e-03
2.021315559719026426e-03
2.023934458564991771e-03
2.028531386261190218e-03
2.031961366619742474e-03
2.035700097947721211e-03
2.039503196575815323e-03
2.043657423119043647e-03
2.046722145579351042e-03
2.050909801797718996e-03
2.053982617109051997e-03
2.058217940357209841e-03
2.062384592843226339e-03
2.065845737989717261e-03
2.069757784689835439e-03
2.073759803131946904e-03
2.078023928598436449e-03
2.082610901562069721e-03
2.087285826880301131e-03
2.091335147919118516e-03
2.096187213304124587e-03
2.100525370418495144e-03
2.105023934881427618e-03
2.110375685453936938e-03
2.113981047807482819e-03
2.118315481733149853e-03
2.123624725994045000e-03
2.127800031715748955e-03
2.132528542778354668e-03
2.137595772486281919e-03
2.142484702633242876e-03
2.146447433016392820e-03
2.151391677089689331e-03
2.156385812670283311e-03
2.161381942598644950e-03
2.165367059098295341e-03
2.170346314104554079e-03
2.174693521429891564e-03
2.179498686468164630e-03
2.185309571984373790e-03
2.189355829191599098e-03
2.194284065836850199e-03
2.199367640208033103e-03
2.204694055701801776e-03
2.208698216128071861e-03
2.214042824301254691e-03
2.218047316674695481e-03
2.224540741869395453e-03
2.228641077898217780e-03
2.232864778465720040e-03
2.238038164943886160e-03
2.243874825040432543e-03
2.248733601643617894e-03
2.254333364311082895e-03
2.258556531140178385e-03
2.264051135682790521e-03
2.268923632392355009e-03
2.274193270591946727e-03
2.280128015176837841e-03
2.286832488813070243e-03
2.290293281972782900e-03
2.296311510221611153e-03
2.301949471719803592e-03
2.307076397206049654e-03
2.312625213529171785e-03
2.318299896753571367e-03
2.324223266488493426e-03
2.328246168047143003e-03
2.333943232704244978e-03
2.339063384959967282e-03
2.344328592166456619e-03
2.349320447282718903e-03
2.354718775830087242e-03
2.359119498232745225e-03
2.365196774380172798e-03
2.371200068322022042e-03
2.376267813208001421e-03
2.380701804692509065e-03
2.387926161949820159e-03
2.393414631840760226e-03
2.398687158442168715e-03
2.404991124180880409e-03
2.409903320401668870e-03
2.415465498718449670e-03
2.422921792286238107e-03
2.428660523138772773e-03
2.432574145189902916e-03
2.439153266682567850e-03
2.445969868529042617e-03
2.451982451321919627e-03
2.458685010890356275e-03
2.464026262947873781e-03
2.469672101524355342e-03
2.475631140534788940e-03
2.481764553981779739e-03
2.487989424650669575e-03
2.492672798042991963e-03
2.498557669321727591e-03
2.503733793422194005e-03
2.508917085654002385e-03
2.515299529438166405e-03
2.521641409921177544e-03
2.527396901234599431e-03
2.534509095835385094e-03
2.541680807413655620e-03
2.547425090868617615e-03
2.553659906152979265e-03
2.560113191398025612e-03
2.566638428232384007e-03
2.573671016277550953e-03
2.579101100669015968e-03
2.586068362576366894e-03
2.593638621833193117e-03
2.599628274468251607e-03
2.605917994787602682e-03
2.612327922850167603e-03
2.619119848140441173e-03
2.625270357593759585e-03
2.634135291816505544e-03
2.642013143828692793e-03
2.648627318931396669e-03
2.654418967879628843e-03
2.659858412327455787e-03
2.667413228047713948e-03
2.674302262195766330e-03
2.679727110710588937e-03
2.685782837425736667e-03
2.692598705814070424e-03
2.699581150966789793e-03
2.705900404404514882e-03
2.712390295908725327e-03
2.719567607481914590e-03
2.727760426671444784e-03
2.734784301837087962e-03
2.740295867837345186e-03
2.746787206504944755e-03
2.753832700209869148e-03
2.761175559359287015e-03
2.767506318202956044e-03
2.773896542620759176e-03
2.781240025766766252e-03
2.787956426274233648e-03
2.793678747731179451e-03
2.800966197852018408e-03
2.808244322898563895e-03
2.815294360943259525e-03
2.821530022555920718e-03
2.827049929532312548e-03
2.833483530943328287e-03
2.841278172323172691e-03
2.848934372245737721e-03
2.857713446741151457e-03
2.865453892669318683e-03
2.872556877971288187e-03
2.878342351768261101e-03
2.885286267511234445e-03
2.893636949891701966e-03
2.899645302991987576e-03
2.906406654978938974e-03
2.913887664023573527e-03
2.920783197233016958e-03
2.928733643330039185e-03
2.936237279581908801e-03
2.943710117521731919e-03
2.950663830700925219e-03
2.957502186287788454e-03
2.964514915609358855e-03
2.971167864796753991e-03
2.979497498830049104e-03
2.985642537978710348e-03
2.992961959390829946e-03
3.000163424973943324e-03
3.007684202709534106e-03
3.014209443880468738e-03
3.020791236173111117e-03
3.027792731573118561e-03
3.034125979021793252e-03
3.041066005455970132e-03
3.046817253928586766e-03
3.054540311841230909e-03
3.062427521136821575e-03
3.067967908639061998e-03
3.073818678986787230e-03
3.081956461476492715e-03
3.089133073958209765e-03
3.096180971439862172e-03
3.101967492434869102e-03
3.107717511750117401e-03
3.113799687456942061e-03
3.118389889824286793e-03
3.124295561168297184e-03
3.128932634058502384e-03
3.134537076991886564e-03
3.141530178785656435e-03
3.148396834102662294e-03
3.152399815211673079e-03
3.157484441172652128e-03
3.162585373767536328e-03
3.168228466492417541e-03
3.174843873787862487e-03
3.179598082065354572e-03
3.183231477553509665e-03
3.188796954048286805e-03
3.193049217821912304e-03
3.198886194816852064e-03
3.203406437673459763e-03
3.208637162007255128e-03
3.212183316098353621e-03
3.216228089875708667e-03
3.221168199445792728e-03
3.225915051927134240e-03
3.230519169281265493e-03
3.234957434210350945e-03
3.239347867389251196e-03
3.244387190316090630e-03
3.247779668801584543e-03
3.251752256117419922e-03
3.256636432017801994e-03
3.260140677109401447e-03
3.262956082263392295e-03
3.266193465513269993e-03
3.270839150024865138e-03
3.274006294040042626e-03
3.277083974836080861e-03
3.281526896435010745e-03
3.285952624677109055e-03
3.288690260735837364e-03
3.292019736269565910e-03
3.295582184867863664e-03
3.299250420740836801e-03
3.302592109380215416e-03
3.305916746590347594e-03
3.308914451288979749e-03
3.312132206133796847e-03
3.316101600606135257e-03
3.318839877911746849e-03
3.321353804860415274e-03
3.324604742429003359e-03
3.328090874704595341e-03
3.331274376287715784e-03
3.335448600455419733e-03
3.338557053531993751e-03
3.341087900050882745e-03
3.343356461147310027e-03
3.346490726528816850e-03
3.348923112099116191e-03
3.351472147040225787e-03
3.354916973406707990e-03
3.357471859408710756e-03
3.360956177222811526e-03
3.364383205322128093e-03
3.367514072965597811e-03
3.370488425073489905e-03
3.373401261313802458e-03
3.375947826959599992e-03
3.378971593038103145e-03
3.382069494335529242e-03
3.385000742605333117e-03
3.387984540641906812e-03
3.389487279302218128e-03
3.392604198345295068e-03
3.395610124825346535e-03
3.397837399126294421e-03
3.400081790604157338e-03
3.402366384300632100e-03
3.404541486029911707e-03
3.408240723199079062e-03
3.410823351624235698e-03
3.413870338835211897e-03
3.416543571571202878e-03
3.419046002514185278e-03
3.420370645301067623e-03
3.422801216187319404e-03
3.425577832391704571e-03
3.428124111769351428e-03
3.430149145496478539e-03
3.432747203762897496e-03
3.435425946238824906e-03
3.437635765343292731e-03
3.439550350743058281e-03
3.441580451778597245e-03
3.443500286538677280e-03
3.445648478235595162e-03
3.447790362916412256e-03
3.449537045804767013e-03
3.451839855628018473e-03
3.453401463110958042e-03
3.455495403824030472e-03
3.457243059145249063e-03
3.458432125997043527e-03
3.460017162691177497e-03
3.462586606730970289e-03
3.464900514240146483e-03
3.466859332066552293e-03
3.468508381060002917e-03
3.469988614534521600e-03
3.471787266465491649e-03
3.473624338811785728e-03
3.475838099738936919e-03
3.477749974482096176e-03
3.480090376012790702e-03
3.482010749634654491e-03
3.484159328006503163e-03
3.486279328683845446e-03
3.487397907749176761e-03
3.489568002461447029e-03
3.491233279115206478e-03
3.492879719409118164e-03
3.494556188390121870e-03
3.496822665855865361e-03
3.498713532658411819e-03
3.500125320997840052e-03
3.501489451965634613e-03
3.503670927979588533e-03
3.504800807091864451e-03
3.506377527143424155e-03
3.507636240043353424e-03
3.509011659217251347e-03
3.510300509508191766e-03
3.511755445024730693e-03
3.513639853864697522e-03
3.515058531130636592e-03
3.516331613994499485e-03
3.517707506731066521e-03
3.519005026356540177e-03
3.520675235897285666e-03
3.522446238224973859e-03
3.523961934614793911e-03
3.525819454580293028e-03
3.527037485958690183e-03
3.528426636125393985e-03
3.529153521918418791e-03
3.531037083140963189e-03
3.532762456646055659e-03
3.534468206622179681e-03
3.536255114220558226e-03
3.537294347120247331e-03
3.538910424419553467e-03
3.540847964941624612e-03
3.542635787005730258e-03
3.543763314302833881e-03
3.545664507714633377e-03
3.546968597426931880e-03
3.547900276460182103e-03
3.549494278250170561e-03
3.550597835992721617e-03
3.551892048354838866e-03
3.553310088683562726e-03
3.554304171651521439e-03
3.555845406375472088e-03
3.557120566720879413e-03
3.557836531397669776e-03
3.559393225313404324e-03
3.560285692981025700e-03
3.561538989430480633e-03
3.562305534384599924e-03
3.563320346736695374e-03
3.564712127871532202e-03
3.565791395118176037e-03
3.567072768288236106e-03
3.567949726636132288e-03
3.568701773982727379e-03
3.570350953818341496e-03
3.571315561655108526e-03
3.572023698440599752e-03
3.573274390378466513e-03
3.574984089385608091e-03
3.575807511036665533e-03
3.576584679305066464e-03
3.577158318670749064e-03
3.578650698520394798e-03
3.579245891927216542e-03
3.580182729449576592e-03
3.581392551318205580e-03
3.582323671590070552e-03
3.583890835566211006e-03
3.584935978301464175e-03
3.585952218557678789e-03
3.587022359505968871e-03
3.588096120300130355e-03
3.588928528001538668e-03
3.589641258359648531e-03
3.590851078774468658e-03
3.591858128765049261e-03
3.592500452173692793e-03
3.593536279920908974e-03
3.594383996094988650e-03
3.594963756217183989e-03
3.596023266299356539e-03
3.597093075390127292e-03
3.597759148210642830e-03
3.598242519297572151e-03
3.599240737718945472e-03
3.599566098975875896e-03
3.599844942990585838e-03
3.600119399606211985e-03
3.600842556358683881e-03
3.601114416435851392e-03
3.601685592764275468e-03
3.602542284934987741e-03
3.603573241540277035e-03
3.604035691956262479e-03
3.604999240160878388e-03
3.605855045671303803e-03
3.606382045824761077e-03
3.606780364244310463e-03
3.607434828648210454e-03
3.608530474382223591e-03
3.609228318052628420e-03
3.610575233456419543e-03
3.611629414595563057e-03
3.612404454790950608e-03
3.613274112502388568e-03
3.613843177431367171e-03
3.614042601872925232e-03
3.615044114611453991e-03
3.615388766238262271e-03
3.615735735089220092e-03
3.616236673404801209e-03
3.617022898425991274e-03
3.617308079143084949e-03
3.617375261627546381e-03
3.617713603755216660e-03
3.618136113753116830e-03
3.618447416759686987e-03
3.619299612148436408e-03
3.619919146577577421e-03
3.620777300100674282e-03
3.621535854633839771e-03
3.622576936716965894e-03
3.622891919484678546e-03
3.623163590953872200e-03
3.623510502983377964e-03
3.623816430579335831e-03
3.624160877736938222e-03
3.624892389520593949e-03
3.625071152971759934e-03
3.625372874249776275e-03
3.625545648799734406e-03
3.625956273013039750e-03
3.626322331110937245e-03
3.626998012123175495e-03
3.627450760709503581e-03
3.627995781778693175e-03
3.628660697901404768e-03
3.629176626201914557e-03
3.629798636641685169e-03
3.630461084484907109e-03
3.630795588814204455e-03
3.630911905025973989e-03
3.631004899509808828e-03
3.631078628497045029e-03
3.631222008656183765e-03
3.631880025044612308e-03
3.632506303147685963e-03
3.632501146293710004e-03
3.632610366043406615e-03
3.633117648656211587e-03
3.633517625960070840e-03
3.633736898052652032e-03
3.633977521209518294e-03
3.634328398607252712e-03
3.634523222939808288e-03
3.634697325185082088e-03
3.634943460243980802e-03
3.634866443092273428e-03
3.635004831471867759e-03
3.635590698525773858e-03
3.636259727749856230e-03
3.636420724534310603e-03
3.636721284766077783e-03
3.637052524031104961e-03
3.637714152498900018e-03
3.637969910386337942e-03
3.638292491367314894e-03
3.638316854160460623e-03
3.638619605709585841e-03
3.639243963749689767e-03
3.639591539373192991e-03
3.640023486255590957e-03
3.640569660491911348e-03
3.640852451810173886e-03
3.641171868456769510e-03
3.641660090543918406e-03
3.642387114350777513e-03
3.642598163978270128e-03
3.642899264750201586e-03
3.643285214892673547e-03
3.643122722154641148e-03
3.643679379093336512e-03
3.644056810379576929e-03
3.644415624767794598e-03
3.644674871449214097e-03
3.644656269041655731e-03
3.644746629800451297e-03
3.645314783923218633e-03
3.645371969149441369e-03
3.645387729443198919e-03
3.645810204994808217e-03
3.646267884654186189e-03
3.646468790509175845e-03
3.646695575502160395e-03
3.647313791772407304e-03
3.647301502509275872e-03
3.647550323203760467e-03
3.647930385968122663e-03
3.648146208401137174e-03
3.648452027318025825e-03
3.648968121490599962e-03
3.649323892949445612e-03
3.649650052791463851e-03
3.649996039623151951e-03
3.650515698112737767e-03
3.650917348501302520e-03
3.651685867345566897e-03
3.652126969013899833e-03
3.652417540058528096e-03
3.652839018465890448e-03
3.653085413729719247e-03
3.653861289726344479e-03
3.654035368524298239e-03
3.654293868435674799e-03
3.654733401055096538e-03
3.654722218500436499e-03
3.654724958555464424e-03
3.654928530842391741e-03
3.655092865088893292e-03
3.655242837175595727e-03
3.655514872963116189e-03
3.655801723547705880e-03
3.655873068179705827e-03
3.655965652723735474e-03
3.655945629786265961e-03
3.656012603401957890e-03
3.656337824100944992e-03
3.656295559415919348e-03
3.656574137409999720e-03
3.656683909702802653e-03
3.656551846056687888e-03
3.656550005967039527e-03
3.657034827630433783e-03
3.657380524930816269e-03
3.657733406244301905e-03
3.658064194504206945e-03
3.658176702387170524e-03
3.658244472634578776e-03
3.658354315349707231e-03
3.658431940738053612e-03
3.658280656008941478e-03
3.658131745572925243e-03
3.658191119574205879e-03
3.658267274076922385e-03
3.658423155957259750e-03
3.658383895009801809e-03
3.658456135209317301e-03
3.658923678922057585e-03
3.659036045174322242e-03
3.659302737077508097e-03
3.659695874942858751e-03
3.660019255706799517e-03
3.660179765654440840e-03
3.660269018610400396e-03
3.660385537967608769e-03
3.660449109881675454e-03
3.660639597731731119e-03
3.660371430698414370e-03
3.660869853072787946e-03
3.660859405578410081e-03
3.660909899437206957e-03
3.660784522844703123e-03
3.661034805194386503e-03
3.660741354799061566e-03
3.661010081224032407e-03
3.661224734513305896e-03
3.661023325789068261e-03
3.661220680950138910e-03
3.660960737039469382e-03
3.660933006179943605e-03
3.660989570525001284e-03
3.661085300386412479e-03
3.661117249387395040e-03
3.661141431324931202e-03
3.661229613264715271e-03
3.661515066838087317e-03
3.661537842253521999e-03
3.661423783353424249e-03
3.661533755803425289e-03
3.661721193914446292e-03
3.661712672411810820e-03
3.661350716704524135e-03
3.661079839591959567e-03
3.661165010749397545e-03
3.661117977296733314e-03
3.661461440661700241e-03
3.661495912576358085e-03
3.661638327651310209e-03
3.661950036726008273e-03
3.662062488519789508e-03
3.661922006946969222e-03
3.661977843314092457e-03
3.661928402096868446e-03
3.662031599140320743e-03
3.662258175567692595e-03
3.662335068154514654e-03
3.662135542853272273e-03
3.662196043707640746e-03
3.662129353310027580e-03
3.662454883642402188e-03
3.662402115112510168e-03
3.662354745645322873e-03
3.662630498468983590e-03
3.662633826373304195e-03
3.662925326579453186e-03
3.663048486086269238e-03
3.662947207977073662e-03
3.662897612011765947e-03
3.663022647080639658e-03
3.663021531721189460e-03
3.663245463944702837e-03
3.663233307476511380e-03
3.663376090097254182e-03
3.663138264660835593e-03
3.663487124710173605e-03
3.663348830406551980e-03
3.663013093665442709e-03
3.662986854718016001e-03
3.662710530589937449e-03
3.662982947052866207e-03
3.662919698202992541e-03
3.663084621130634818e-03
3.663020840113321262e-03
3.663204822731086583e-03
3.663271012436518891e-03
3.663211482180291339e-03
3.663252512078837755e-03
3.662990719023853127e-03
3.663017862192806482e-03
3.662998801878375975e-03
3.662997290088600578e-03
3.662854858741783088e-03
3.662909982910721781e-03
3.663108812056149310e-03
3.662952323587146796e-03
3.663071281470167868e-03
3.662904966252293702e-03
3.663322481616832892e-03
3.663384670407175518e-03
3.663398882419561901e-03
3.663350147175608619e-03
3.663344995326770024e-03
3.663173094926943946e-03
3.663222818201383648e-03
3.663301168647018109e-03
3.663345510165797771e-03
3.663483462013571428e-03
3.663244358202123307e-03
3.663372913805223140e-03
3.663459417982190946e-03
3.663692713996738112e-03
3.663710873029271415e-03
3.663745052255297247e-03
3.664018217145175761e-03
3.663874285179328626e-03
3.663658507799967198e-03
3.663384846294627257e-03
3.663226763080265971e-03
3.663454622502099363e-03
3.663502511512789495e-03
3.663424002675515819e-03
3.663409289172853914e-03
3.663541575401150531e-03
3.663427883408517695e-03
3.663431952459568226e-03
3.663256729350159412e-03
3.663346965580031780e-03
3.663211070115622060e-03
3.662801304430741717e-03
3.662783798246791768e-03
3.662478157311158718e-03
3.662374217639167897e-03
3.662172291272292306e-03
3.662177729678034975e-03
3.662206266314741842e-03
3.661855641645433718e-03
3.661755895912725562e-03
3.661434078855048228e-03
3.661474314140203933e-03
3.661684270479008668e-03
3.661872378866635157e-03
3.661708131021504473e-03
3.661518335582773700e-03
3.661608663841377925e-03
3.661600962686985782e-03
3.661633908980346363e-03
3.661847290072318788e-03
3.661943472379137945e-03
3.662028532153784478e-03
3.661918389312427032e-03
3.661482030285591500e-03
3.661220243068957943e-03
3.661212015386107379e-03
3.661275712327671100e-03
3.661185344827491608e-03
3.660993814057812018e-03
3.661069352599462083e-03
3.660629222655893168e-03
3.660481840582307470e-03
3.660376941137976053e-03
3.660288110558945936e-03
3.659953592229819516e-03
3.659925804452567998e-03
3.659886797191939413e-03
3.659700097601261380e-03
3.659444859048208848e-03
3.659242493367473228e-03
3.659155805528575573e-03
3.659122753353896956e-03
3.658779845620360217e-03
3.658584489506421823e-03
3.658630253691753324e-03
3.658749333721614348e-03
3.658606550476533291e-03
3.658447337086834575e-03
3.658118361460882626e-03
3.658140436675224021e-03
3.658130358973151874e-03
3.657907937519609860e-03
3.657774423997943447e-03
3.657686513245086025e-03
3.657464390516112530e-03
3.657290123855035276e-03
3.657241131017463249e-03
3.657067794436359102e-03
3.657054613715904779e-03
3.657074659302888935e-03
3.657033562570648991e-03
3.656900987145703108e-03
3.656553673214157051e-03
3.656553824368988757e-03
3.656539542070583182e-03
3.656500212413838283e-03
3.656595649417060390e-03
3.656711847670703151e-03
3.656626619382006681e-03
3.656395777156533789e-03
3.656076313197206742e-03
3.656057268174166784e-03
3.655965530703900700e-03
3.655817159545118444e-03
3.655487388976904738e-03
3.655416609443997746e-03
3.655437813113827233e-03
3.655395241908300768e-03
3.655201679305649775e-03
3.655099518434808733e-03
3.654829489321882990e-03
3.654553535918261646e-03
3.654214668762020401e-03
3.653995727734436240e-03
3.653642610483770654e-03
3.653725602664829961e-03
3.653668851555302074e-03
3.653614683684841720e-03
3.653495534452092918e-03
3.653153411825016926e-03
3.653231741023213117e-03
3.653123284751388141e-03
3.653166797259038527e-03
3.653050485942147332e-03
3.653019280738852275e-03
3.652952101051490201e-03
3.652783316381586452e-03
3.652485822599743116e-03
3.652451628811012076e-03
3.652122889706249046e-03
3.651761200007277997e-03
3.651731759635483063e-03
3.651371258870211335e-03
3.651183176340645330e-03
3.651065601444778309e-03
3.650913294949758182e-03
3.650928737047816775e-03
3.650863042947563759e-03
3.651035453782474228e-03
3.650900096076323872e-03
3.650904736074965691e-03
3.650730651083360003e-03
3.650619210661625643e-03
3.650512126172158079e-03
3.650481870015726254e-03
3.650465400712232800e-03
3.650390925879973270e-03
3.649927345142963547e-03
3.649791587780814792e-03
3.649599301576678459e-03
3.649431199198745028e-03
3.649377909911418003e-03
3.649063814164293842e-03
3.648979063342537490e-03
3.648703707307351680e-03
3.648603539993075257e-03
3.648519125344733098e-03
3.648416619494596058e-03
3.648357544721611643e-03
3.648113045122242017e-03
3.648033513973052231e-03
3.647856958792282649e-03
3.647966857835763677e-03
3.647682681407884726e-03
3.647315413568895208e-03
3.647020219935936166e-03
3.647002113368543168e-03
3.646837124180301887e-03
3.646815763100331488e-03
3.646591040533417143e-03
3.646475466155531860e-03
3.646182558353613327e-03
3.646036444282084715e-03
3.645734068453300187e-03
3.645787464767063536e-03
3.645713171035113234e-03
3.645581588650693896e-03
3.645437516883141393e-03
3.645156367574335643e-03
3.644802699319827245e-03
3.644629506265993895e-03
3.644700123475133613e-03
3.644605998470166336e-03
3.644473664085928245e-03
3.644404492038190533e-03
3.644165511597116224e-03
3.644118875009144578e-03
3.644139714701496134e-03
3.643850799466558620e-03
3.643864061020857335e-03
3.643638073659462902e-03
3.643653904371762977e-03
3.643277149587269108e-03
3.642990933049240331e-03
3.642722879369973688e-03
3.642522957875624339e-03
3.642308768274335560e-03
3.642249481960535031e-03
3.642055646790691697e-03
3.641906354864640587e-03
3.641928242518417246e-03
3.641765871524241163e-03
3.641596616876167317e-03
3.641498943176566319e-03
3.641271579731495626e-03
3.641080386479140455e-03
3.640904817251497741e-03
3.640716372024415618e-03
3.640559814710639039e-03
3.640339838595658007e-03
3.640081048659467387e-03
3.639730130035481823e-03
3.639524490402219151e-03
3.639270476913688667e-03
3.639131541670997429e-03
3.638800129493055795e-03
3.638416543632322104e-03
3.638297331686108672e-03
3.638065994398544199e-03
3.637801216183750991e-03
3.637787975707147854e-03
3.637698239493769841e-03
3.637479932843387057e-03
3.637477793256871719e-03
3.637511670704551749e-03
3.637419227632815184e-03
3.637243735234950686e-03
3.636850391622783746e-03
3.636485137737971701e-03
3.636321978398639101e-03
3.635952969010022417e-03
3.635667748662710797e-03
3.635451007337806191e-03
3.635209880491444435e-03
3.634858052172043521e-03
3.634626756804466494e-03
3.634354247841623756e-03
3.634353457980296805e-03
3.634205436002290856e-03
3.634132103548091096e-03
3.633896770209351767e-03
3.633742198964362916e-03
3.633478867118501016e-03
3.633075068039640261e-03
3.632800569294260869e-03
3.632669808260671762e-03
3.632790515046349644e-03
3.632962890375456087e-03
3.633565859237116412e-03
3.634199077122868705e-03
3.635068363302176950e-03
3.635826059849065362e-03
3.636608567556080199e-03
3.637459394605021407e-03
3.638301740566558633e-03
3.639124441277083108e-03
3.639957520848878438e-03
3.640243092631846242e-03
3.641152609714873138e-03
3.641821529337869925e-03
3.642544150006039871e-03
3.643106423859828434e-03
3.643869516921606315e-03
3.644538391585172826e-03
3.645180984142292867e-03
3.646102600921163981e-03
3.647130446910791957e-03
3.648044458760007439e-03
3.649270439999700768e-03
3.650211955059583062e-03
3.651173706704535348e-03
3.651886013044947955e-03
3.653101465624898625e-03
3.653954412325851903e-03
3.654869963112243429e-03
3.655775385564800136e-03
3.656865633453870983e-03
3.658455815683064622e-03
3.659783951722732527e-03
3.660944001436852984e-03
3.662188518199881691e-03
3.663642302706261039e-03
3.665060093930813580e-03
3.666778919290766218e-03
3.668361995512238374e-03
3.669469721857361068e-03
3.671242218734243733e-03
3.672534609838935728e-03
3.673914225896887046e-03
3.675717794590878124e-03
3.676990564255673208e-03
3.678588099123365329e-03
3.680392836067356184e-03
3.681927149659124706e-03
3.683592113067698289e-03
3.685289989754334927e-03
3.687214956372556526e-03
3.689558232025426116e-03
3.691254997179908674e-03
3.692992084453923865e-03
3.694678085699925306e-03
3.697198283045894946e-03
3.699117649167769483e-03
3.701398242964448315e-03
3.704046031714430462e-03
3.705997365413776432e-03
3.708200174546245984e-03
3.710622410780974132e-03
3.713038063914893879e-03
3.715029094054690152e-03
3.718093632918529658e-03
3.720746702092232478e-03
3.723005127671464264e-03
3.725131750644889578e-03
3.727944390971935345e-03
3.731510074318604171e-03
3.734920422660077590e-03
3.737559611155590218e-03
3.740866883174841662e-03
3.743886902603526298e-03
3.746208158885603896e-03
3.749116414255913247e-03
3.752289034611904286e-03
3.755841676305773317e-03
3.758907944962896260e-03
3.762594699819619970e-03
3.765232642723007062e-03
3.769380711795854589e-03
3.772078667490335029e-03
3.775379850272387369e-03
3.779529626008274520e-03
3.782427697609860601e-03
3.785646143423805968e-03
3.789863175000787818e-03
3.792664968020525561e-03
3.795951230342756687e-03
3.799063578997063061e-03
3.801977278546657749e-03
3.806517279686012778e-03
3.810678358874273249e-03
3.813756394419487265e-03
3.817741683698701316e-03
3.821414460774205657e-03
3.824435489195225722e-03
3.828277174821293882e-03
3.831389215688216134e-03
3.834663275147525297e-03
3.838260009591882866e-03
3.841839793368396257e-03
3.845595168846618808e-03
3.849116466759691310e-03
3.852567632682735946e-03
3.855627462281261807e-03
3.861066814560415884e-03
3.865380981963535949e-03
3.869039413947485562e-03
3.872833954908895884e-03
3.877071219461054527e-03
3.880969040496448814e-03
3.884999360710130693e-03
3.889780840700414466e-03
3.893872671626297157e-03
3.897968289931855353e-03
3.901336670020247657e-03
3.904711980025686417e-03
3.909115455679896926e-03
3.914484233259001716e-03
3.919438505811854122e-03
3.923445567887549716e-03
3.927741759753545885e-03
3.931443637019390973e-03
3.935242925852414954e-03
3.939864078229165720e-03
3.943739681111717299e-03
3.947565166975277456e-03
3.952288240041471924e-03
3.957997003151828182e-03
3.964191151620602080e-03
3.967725044038171618e-03
3.971621935595737868e-03
3.975959469162550219e-03
3.979871452345493804e-03
3.984707498558229949e-03
3.989242905092161423e-03
3.993676284878264898e-03
3.997383977371035853e-03
4.001753617367686741e-03
4.006555888738007852e-03
4.011836905012797737e-03
4.016382989523266042e-03
4.021427922457088307e-03
4.026316545074716535e-03
4.032217986880991256e-03
4.038601873349399914e-03
4.043549396771596062e-03
4.047481150940033384e-03
4.051479706772639737e-03
4.055376970156110254e-03
4.060257437346479620e-03
4.065793674315245840e-03
4.070768105790100420e-03
4.076259836211789528e-03
4.081594943304264582e-03
4.086495685539391631e-03
4.091441300782686433e-03
4.097755034690477721e-03
4.102948608269646816e-03
4.107748788206785906e-03
4.111574453080074111e-03
4.116028180574979323e-03
4.122011944969075289e-03
4.128247757926151347e-03
4.135519873462491398e-03
4.141514074788481617e-03
4.148019777508772828e-03
4.153173208464259331e-03
4.157676010403939769e-03
4.162778647360715172e-03
4.168235970171117223e-03
4.175862501943587192e-03
4.183029878894637191e-03
4.187963918075858667e-03
4.194373171588178066e-03
4.200328450109138897e-03
4.204688023113882164e-03
4.211305581008606934e-03
4.217180681944259803e-03
4.223451572504568520e-03
4.229973464885403329e-03
4.235918523181998567e-03
4.242270462699097161e-03
4.248922939757488436e-03
4.253996643554487818e-03
4.259448882910237856e-03
4.268350503558812452e-03
4.274359078806118893e-03
4.279915073164348299e-03
4.285151957501428903e-03
4.289953729929034745e-03
4.295297081050797154e-03
4.301755275823598325e-03
4.308376601479371563e-03
4.314905586412176586e-03
4.320942111663954484e-03
4.326608389560442081e-03
4.332732111621862524e-03
4.340001518460766955e-03
4.347882524108676559e-03
4.352970005332516823e-03
4.358722536154759249e-03
4.364653638349902040e-03
4.372532661915409791e-03
4.377515896620298198e-03
4.382243574152979576e-03
4.386976172506556679e-03
4.393192380593522600e-03
4.399403728205681166e-03
4.405263510453965095e-03
4.411223765489068541e-03
4.415873274117129016e-03
4.422203696292041804e-03
4.427199702038252770e-03
4.433973507429652024e-03
4.440264523619287008e-03
4.446616230047904794e-03
4.452948158993511041e-03
4.459329372422190033e-03
4.465919193304372127e-03
4.472459194727044195e-03
4.479232947229416957e-03
4.485957030328897865e-03
4.491042851260016247e-03
4.499037709279353134e-03
4.505973423478078915e-03
4.512406704529026320e-03
4.518774980126603717e-03
4.524844961217550955e-03
4.530268454121177783e-03
4.538626416151480929e-03
4.544593111176596992e-03
4.552373008478542704e-03
4.557078558484686445e-03
4.566514371956338809e-03
4.572078049960872498e-03
4.577153532275769071e-03
4.582150702000210678e-03
4.587968442085177054e-03
4.594680383213194108e-03
4.601767838025632058e-03
4.608822130816191479e-03
4.615967469446052678e-03
4.623136852556441155e-03
4.630027365142680949e-03
4.636535771928369971e-03
4.641877379748748922e-03
4.649246546995403941e-03
4.657609138219562586e-03
4.664691759207574735e-03
4.669989361409212711e-03
4.675237316507860341e-03
4.683671890404324419e-03
4.691304786820497084e-03
4.697321407855839341e-03
4.704107735672770005e-03
4.709130262437233143e-03
4.714563279979040560e-03
4.719638147148198966e-03
4.725866257010352678e-03
4.732834824704157395e-03
4.741386082922225721e-03
4.748837039540368919e-03
4.755798958228829067e-03
4.763132446882545508e-03
4.769394356795735035e-03
4.775647585073906909e-03
4.781473546181828557e-03
4.786179920309125563e-03
4.793229406873938600e-03
4.797834964032352163e-03
4.804047293082470277e-03
4.809787502778999253e-03
4.816648447061716402e-03
4.822743437542980141e-03
4.827465764623059714e-03
4.831712482494194931e-03
4.835901156041420325e-03
4.842212001207854381e-03
4.850617608070392425e-03
4.858102638768086595e-03
4.862115474916111832e-03
4.867281822081575768e-03
4.872879586376683420e-03
4.877439380606462919e-03
4.882713513028877524e-03
4.888254521241554990e-03
4.892219753926400211e-03
4.900274158419471587e-03
4.907434367977451910e-03
4.912818771569462187e-03
4.918348733956651002e-03
4.922423976560494352e-03
4.926353785520994240e-03
4.932388554868453491e-03
4.937538111610150805e-03
4.941431054697512613e-03
4.946479034200564409e-03
4.951378132060787855e-03
4.955193837786767141e-03
4.960160610262619001e-03
4.963890782948797258e-03
4.968765631118420532e-03
4.972071792645455131e-03
4.975404777549393039e-03
4.978480391059233144e-03
4.981888773853821589e-03
4.985642701881388278e-03
4.990428851601255537e-03
4.995169567411314807e-03
4.999035283144551839e-03
5.003362677126236072e-03
5.009000427846877282e-03
5.013147702109721840e-03
5.016622937805451446e-03
5.019939282919878669e-03
5.023075707841080997e-03
5.025339858793089788e-03
5.030565314317314227e-03
5.034207397042915651e-03
5.037416644756795986e-03
5.041317127086736120e-03
5.044172407805195407e-03
5.046545759899904657e-03
5.050542078809081535e-03
5.053801977038498844e-03
5.058006941673724548e-03
5.061103219815175566e-03
5.064290689674023557e-03
5.066681669319932774e-03
5.069751957212557426e-03
5.072263144362675058e-03
5.075357650688066755e-03
5.078338903050629884e-03
5.081107846073375060e-03
5.082651475603086957e-03
5.084731384070379986e-03
5.088838174055169625e-03
5.091035067100142114e-03
5.093450061159003443e-03
5.095607463127403008e-03
5.098308130258989539e-03
5.100288188143902932e-03
5.102299248594877566e-03
5.105283088868282047e-03
5.105859470353762801e-03
5.107842363118531362e-03
5.110376986845476671e-03
5.112067535722713239e-03
5.115055762692093805e-03
5.116477250482652332e-03
5.117874725863008276e-03
5.119882982890049811e-03
5.121427005368878529e-03
5.122299702459204816e-03
5.124068580482941948e-03
5.125430069528549848e-03
5.127720161112975933e-03
5.129012582364530365e-03
5.130378629730120155e-03
5.131829478650459624e-03
5.134257975245817840e-03
5.135336058418051540e-03
5.136579819911445653e-03
5.138055523929163822e-03
5.138544690643641333e-03
5.140864622925745038e-03
5.142243191765451076e-03
5.143318641967786244e-03
5.144585360543746030e-03
5.146667484909684190e-03
5.148625810004514407e-03
5.148900670345505325e-03
5.149706033780682667e-03
5.151486660683757095e-03
5.151742387725521781e-03
5.151663250509381370e-03
5.153042733235219976e-03
5.153315148570534673e-03
5.153754141095662905e-03
5.155748493255388719e-03
5.156666662802531463e-03
5.158575903932123043e-03
5.159825506119927047e-03
5.160970550367673278e-03
5.161745991332304141e-03
5.163017714836719979e-03
5.164902518819097788e-03
5.164491776186273461e-03
5.165959923998128360e-03
5.166395426414652561e-03
5.167296897888549144e-03
5.167647791583196600e-03
5.168540109276282581e-03
5.169427957548316556e-03
5.170355084887719860e-03
5.170916005758402663e-03
5.171591673998921466e-03
5.172118367011977087e-03
5.173065804782827314e-03
5.173321837270226063e-03
5.174475223466368234e-03
5.175158006000482244e-03
5.176039700526776678e-03
5.177022953808989997e-03
5.177776744022028269e-03
5.178771597973117619e-03
5.179455473768529959e-03
5.180434985810024144e-03
5.181103563600031499e-03
5.181690753110234846e-03
5.182596583059167171e-03
5.183579175355567531e-03
5.184210680531120032e-03
5.185277462046208874e-03
5.186015006355099155e-03
5.186287320844462471e-03
5.186268221523050725e-03
5.186155856619061727e-03
5.187293897824503917e-03
5.187765177414589528e-03
5.189437154033335435e-03
5.189399477545136169e-03
5.188985929508856294e-03
5.189033098883823886e-03
5.190468240136507198e-03
5.190289308178672525e-03
5.189113885962341223e-03
5.189271653594056122e-03
5.188339602105896536e-03
5.188989178921314151e-03
5.189110818093512455e-03
5.189922467459030277e-03
5.189716300044099409e-03
5.189388344991600031e-03
5.190238174023807313e-03
5.189928249851982756e-03
5.189361030545507937e-03
5.189630889552954499e-03
5.189788117686209602e-03
5.190214963206525242e-03
5.190314738982980403e-03
5.190753896544378007e-03
5.190938923816472081e-03
5.191104300639597623e-03
5.190991247604043006e-03
5.190727588194461901e-03
5.191262495697458214e-03
5.190824248697236548e-03
5.190942194848584788e-03
5.190627748684006025e-03
5.190254233207755238e-03
5.189812024205790394e-03
5.189461430250364229e-03
5.189360211005574625e-03
5.189048916506584959e-03
5.188957813661077001e-03
5.188935089823050462e-03
5.189153477477121378e-03
5.188119810263435924e-03
5.187758655276948801e-03
5.187481841382691680e-03
5.187387949496562005e-03
5.186984868615773445e-03
5.186329149739262595e-03
5.186911430296910729e-03
5.186639874296042514e-03
5.186680486241396909e-03
5.186804359633095593e-03
5.187250121331967063e-03
5.187546302253916684e-03
5.187215717512547869e-03
5.187075627578969020e-03
5.187171818167221442e-03
5.187184915600385506e-03
5.186875798268310474e-03
5.187554470688196355e-03
5.187884336069972444e-03
5.187576523350614748e-03
5.186979402807719887e-03
5.186616685498256912e-03
5.186807087272191086e-03
5.186558164047250577e-03
5.186554338302430678e-03
5.186478468731119465e-03
5.186116604334918209e-03
5.185461599657810970e-03
5.185472981749606088e-03
5.185041094513823459e-03
5.184154164215704248e-03
5.183407401802542745e-03
5.183268250012098254e-03
5.183636463558832091e-03
5.183094298095089481e-03
5.182912553604853388e-03
5.182919859823349046e-03
5.183308135553877337e-03
5.183379444335324722e-03
5.183391671397736752e-03
5.182831040172789297e-03
5.182587023769987498e-03
5.182133484468690217e-03
5.181491529264461993e-03
5.180894745089419974e-03
5.180055966475648026e-03
5.180038897853569795e-03
5.180152943412553307e-03
5.180327311076642939e-03
5.179965432909721876e-03
5.180175156711556463e-03
5.180190449541892742e-03
5.180920295309633834e-03
5.181192695005805773e-03
5.180694555332183461e-03
5.180199738541420643e-03
5.179356528650380827e-03
5.178322353981052763e-03
5.177221593128695544e-03
5.177064122237612712e-03
5.176981358537868436e-03
5.176997965475809566e-03
5.176666543469921750e-03
5.176163715727724601e-03
5.175718731016014373e-03
5.174741837364863276e-03
5.174080083379199550e-03
5.174192041430380161e-03
5.172628060372329827e-03
5.172721170017215500e-03
5.172112591974776033e-03
5.171564747814895967e-03
5.171551125554923155e-03
5.171853965155783980e-03
5.171066885579121523e-03
5.170808266679937509e-03
5.170875987098982537e-03
5.170866695784874685e-03
5.170834661557252576e-03
5.170748277834418850e-03
5.170518039785747429e-03
5.170761092270448507e-03
5.170610265344000207e-03
5.170252029337201252e-03
5.169357205612150861e-03
5.168781913869711572e-03
5.168653689159741910e-03
5.168248102168376476e-03
5.168332099122996577e-03
5.167846298409549052e-03
5.167889312881241912e-03
5.167530823842960037e-03
5.166291189726484462e-03
5.166117026875118035e-03
5.166101239659683791e-03
5.165207814053366167e-03
5.164137080696664696e-03
5.163331957953501417e-03
5.162484854252066824e-03
5.162247839071082596e-03
5.161060872692582562e-03
5.160397972273343160e-03
5.160442436403143117e-03
5.160640150714352649e-03
5.160732975367260389e-03
5.159727151116162355e-03
5.159353098303932905e-03
5.158716359447713604e-03
5.157884239212478551e-03
5.157700590570066246e-03
5.157213340659337446e-03
5.156169497821871776e-03
5.156028374367625441e-03
5.155274595984903410e-03
5.154984115215827806e-03
5.154662006040591597e-03
5.153999295122052918e-03
5.153128176461994198e-03
5.152496776668567466e-03
5.152118065407836935e-03
5.151788196228713861e-03
5.151407877638686759e-03
5.151105684783141223e-03
5.150704684447694574e-03
5.150409576129656025e-03
5.150149440381559043e-03
5.149914886777399135e-03
5.149289195891915139e-03
5.148781249800639219e-03
5.148803127915796418e-03
5.148595083772633529e-03
5.148232007378210871e-03
5.147830791176402979e-03
5.147340799801876018e-03
5.146981824176458976e-03
5.146331715446788267e-03
5.145540177863872598e-03
5.145304338008068433e-03
5.144403482340283683e-03
5.143593166868749844e-03
5.143148588729593886e-03
5.142509057029463586e-03
5.141343501414304649e-03
5.140717033164848848e-03
5.139920353371137118e-03
5.139110603730697065e-03
5.138912796185244290e-03
5.138381915382529350e-03
5.137438687771295892e-03
5.136219305654686484e-03
5.135706529216024600e-03
5.134918813803171153e-03
5.134030428175380065e-03
5.133554816292528605e-03
5.133302610005237472e-03
5.133255246040995499e-03
5.132381040365439386e-03
5.132167729649535215e-03
5.131389926297541364e-03
5.130472003694623237e-03
5.130401659290672982e-03
5.129553428336833254e-03
5.128519299152877603e-03
5.128096425934536295e-03
5.127432848976977604e-03
5.126860561468037439e-03
5.126551780341135484e-03
5.125970904157930476e-03
5.125561843992427861e-03
5.124754462454409430e-03
5.124364772171295830e-03
5.124028530663055254e-03
5.123574534375957210e-03
5.122587130703131104e-03
5.121913549348106574e-03
5.121277550318246302e-03
5.120819130654281209e-03
5.120206479985945497e-03
5.119925984291078327e-03
5.119567995426596400e-03
5.118711916405010651e-03
5.118273334233253494e-03
5.117323368747967068e-03
5.116978493839333467e-03
5.115994482720435249e-03
5.115345753227439930e-03
5.114802271761178555e-03
5.114393899814575345e-03
5.113740371051322779e-03
5.112963644635993773e-03
5.112725060750882879e-03
5.111732991344615680e-03
5.111022139499623446e-03
5.110743414264529855e-03
5.109878963249375218e-03
5.109090083472591845e-03
5.108506529818739733e-03
5.107738780958217921e-03
5.107639904073472091e-03
5.107041377556306196e-03
5.106391062752253102e-03
5.105893489930675259e-03
5.105085659883578861e-03
5.104505155965416430e-03
5.103521736223150772e-03
5.102913418552051245e-03
5.102205853287467008e-03
5.101977527030223010e-03
5.101719481697279505e-03
5.101265196107285585e-03
5.100621855139677446e-03
5.099777286625075887e-03
5.099321577233623289e-03
5.099023903915068934e-03
5.097649230411256151e-03
5.096538323268133899e-03
5.095879421478920548e-03
5.095473632922543905e-03
5.094907536893975540e-03
5.094218714620506183e-03
5.093366635327277112e-03
5.093131195914016654e-03
5.092433884331153821e-03
5.091841130757724689e-03
5.091484326248368886e-03
5.090995905304792138e-03
5.090317230166984015e-03
5.089888519057192938e-03
5.089572130354141216e-03
5.088872312772067287e-03
5.088074341272941920e-03
5.086685717619768808e-03
5.086043286471719771e-03
5.085414218611322527e-03
5.084599640693068454e-03
5.084075967905486194e-03
5.083650613395881285e-03
5.082596271218260513e-03
5.082282019053566482e-03
5.081743913047856616e-03
5.080922492293184385e-03
5.079981875910037983e-03
5.079238272339647170e-03
5.078501751523476285e-03
5.077537553564701912e-03
5.076876585210890296e-03
5.076420297948066283e-03
5.075884060495976409e-03
5.075056738352890645e-03
5.073858957215827102e-03
5.073170169276507852e-03
5.072607445595893327e-03
5.071606886584201224e-03
5.071221564976605319e-03
5.070676800791373839e-03
5.069487816233218293e-03
5.069424109945649265e-03
5.068904133827868003e-03
5.068033126160979666e-03
5.067492808299983199e-03
5.066905786421070645e-03
5.065818967527845745e-03
5.065390097006261007e-03
5.064431258953215088e-03
5.063847642144857913e-03
5.063215523520887482e-03
5.062507075539040245e-03
5.062196787479786818e-03
5.061452869709716709e-03
5.060782250774811288e-03
5.060015713524953704e-03
5.059392725102389819e-03
5.058200243931761618e-03
5.057864372206545556e-03
5.056634117726775332e-03
5.055718299563261194e-03
5.054681730111090614e-03
5.053784104865818687e-03
5.052889546873768137e-03
5.051835566393493050e-03
5.051153107503699585e-03
5.050452137687082635e-03
5.049878262843698028e-03
5.049283227109524659e-03
5.048946075907008446e-03
5.047923517580845537e-03
5.047055973053346176e-03
5.046399964603718973e-03
5.045570876932381835e-03
5.044793334268119801e-03
5.043914387372445789e-03
5.043299536433808183e-03
5.042504642330712661e-03
5.041838791286914340e-03
5.041305870480891627e-03
5.040702319125244663e-03
5.040251374058672858e-03
5.039822307965850096e-03
5.038842988290883999e-03
5.038118977601702131e-03
5.037469649729338188e-03
5.036986930909625668e-03
5.036614764166601546e-03
5.035283924245697110e-03
5.034513189528760750e-03
5.033714739223849564e-03
5.032652830177794870e-03
5.031552683649885734e-03
5.030792766399421433e-03
5.030760988800088256e-03
5.029911919468410889e-03
5.029085157311892658e-03
5.028194271353598165e-03
5.027989052042273338e-03
5.027160274450375756e-03
5.026211415672153862e-03
5.025638726449299827e-03
5.025451732900092401e-03
5.024762037609557287e-03
5.023844492702666392e-03
5.023219864862741961e-03
5.022496448916944842e-03
5.021734768401065786e-03
5.021066574993023057e-03
5.020272389289147028e-03
5.019348992482566482e-03
5.018662356592134416e-03
5.018296602622883233e-03
5.017528224588532065e-03
5.016963550662272009e-03
5.015831361215118689e-03
5.015024452904010173e-03
5.014281641625289131e-03
5.013603681466491900e-03
5.012948519066249761e-03
5.012227114768581966e-03
5.011606680071575490e-03
5.010806865117235255e-03
5.010417981409949484e-03
5.009618280155695921e-03
5.008748857500707960e-03
5.007982310839399591e-03
5.007423744453555654e-03
5.006535628691310275e-03
5.005936943783769778e-03
5.005222568123081708e-03
5.004443299215517726e-03
5.003940469911704290e-03
5.002980065884089604e-03
5.002088332874682700e-03
5.001419652322606525e-03
5.000841936607618513e-03
4.999931337646638073e-03
4.999436829879380824e-03
4.998858393169628052e-03
4.997844431026690452e-03
4.996820480091082248e-03
4.996345257523181725e-03
4.995689456081716870e-03
4.994762171701235508e-03
4.994223504596916226e-03
4.993205721002686066e-03
4.992627653372006154e-03
4.991859039544522571e-03
4.991342043415398187e-03
4.990945142145485590e-03
4.990717539632822351e-03
4.989793832576562560e-03
4.988891887742989868e-03
4.988427575228666921e-03
4.987883092162841842e-03
4.987135429047666497e-03
4.986427627047178811e-03
4.985847772274151594e-03
4.985299067099145144e-03
4.984374765648463650e-03
4.983727479520841733e-03
4.982741712138984667e-03
4.981846996094669265e-03
4.981088929552377614e-03
4.980241934680863791e-03
4.979888711679357829e-03
4.978977832241537720e-03
4.978120986859011984e-03
4.977444640557729394e-03
4.976799831967042634e-03
4.975820738416761486e-03
4.974975572422546399e-03
4.974064421844694855e-03
4.973398414611682194e-03
4.972842576354670474e-03
4.972298018001985315e-03
4.971684213981457205e-03
4.970902989798469014e-03
4.970119409998169369e-03
4.969331910843244153e-03
4.968767628015021733e-03
4.967864912502404154e-03
4.967464975472779369e-03
4.966941248883660967e-03
4.966087300548828985e-03
4.965240658141047841e-03
4.964829574428010830e-03
4.963845000142977359e-03
4.962971116892919872e-03
4.962569180478595618e-03
4.961897850370131785e-03
4.961314652855002352e-03
4.960499008246047233e-03
4.960085145024275069e-03
4.959022185068007356e-03
4.957888141657428548e-03
4.957315192949699086e-03
4.956347001759732820e-03
4.955631621351886014e-03
4.954726371535964763e-03
4.953752281039269616e-03
4.953271482161234092e-03
4.952560987409013009e-03
4.951806803190169325e-03
4.951402827468580348e-03
4.950606232944540150e-03
4.950020676925692871e-03
4.949406051105031609e-03
4.948520566132134750e-03
4.947703839792644623e-03
4.946943005600331483e-03
4.946271479253549520e-03
4.945340787202430304e-03
4.944894305167074795e-03
4.944308348463551106e-03
4.943496526976715218e-03
4.942936216593980803e-03
4.942425948219315857e-03
4.941988405646671224e-03
4.940975584904322253e-03
4.940130184528631133e-03
4.939606491667859235e-03
4.938867081976511079e-03
4.938517425355387971e-03
4.937564761388567834e-03
4.936627295763560200e-03
4.935689688299365468e-03
4.935275832890198035e-03
4.934555634097095335e-03
4.933606087348659658e-03
4.932764844418696497e-03
4.932171856716868405e-03
4.931353426957422841e-03
4.930669907944921007e-03
4.929689265307127949e-03
4.929178672212492472e-03
4.928546165905513948e-03
4.927872108806835745e-03
4.926998479498599821e-03
4.926371590157908355e-03
4.926226095530516352e-03
4.925564361404697299e-03
4.924748053172610905e-03
4.923947487008474046e-03
4.923029693713895996e-03
4.922457588472491097e-03
4.921786957416897541e-03
4.920796334937659923e-03
4.919868477659593287e-03
4.919107733042733972e-03
4.918331777959322575e-03
4.917784240536517484e-03
4.917293833057777806e-03
4.916703626133925656e-03
4.916172958438829073e-03
4.915481307388007599e-03
4.914635764911369151e-03
4.914492145452521027e-03
4.913697585266636227e-03
4.913246540597123076e-03
4.912497760056046790e-03
4.911971783726235170e-03
4.911619087249619736e-03
4.911119001007569276e-03
4.910547245525856939e-03
4.909835767028690109e-03
4.909066182161653073e-03
4.908273932883777495e-03
4.907546999446531222e-03
4.906971861977491543e-03
4.905848284522555669e-03
4.904953326325749499e-03
4.904176011231247377e-03
4.903349240686791233e-03
4.902523669804078298e-03
4.901427765534247839e-03
4.900575990153348098e-03
4.899929079429761296e-03
4.899542886580488497e-03
4.898812574826544655e-03
4.898189639953354907e-03
4.897401839286366979e-03
4.896785137946681708e-03
4.895885242494850582e-03
4.895471847629685389e-03
4.895012375219881876e-03
4.894034204067958943e-03
4.893327166772754727e-03
4.892601838437480796e-03
4.891922298486759552e-03
4.891235627354614292e-03
4.890780926316624054e-03
4.890249846172060530e-03
4.889398150321157092e-03
4.889139691883700317e-03
4.888750632346992343e-03
4.887915781289414729e-03
4.887366154687784042e-03
4.886971551093371828e-03
4.886322132384825559e-03
4.885491937295603597e-03
4.884752241602907837e-03
4.883807521292488768e-03
4.883116604067876294e-03
4.882573460576466150e-03
4.881975215059538957e-03
4.881462545563415231e-03
4.880784928681989807e-03
4.880332342437386853e-03
4.879716197409665092e-03
4.879184145447690302e-03
4.878392329021960343e-03
4.877730703120461420e-03
4.877285370562859344e-03
4.876723607311834845e-03
4.876115797628581550e-03
4.875345697905130067e-03
4.874849604216461262e-03
4.874470501397633153e-03
4.873553179115774382e-03
4.873165889121127033e-03
4.872425127534514740e-03
4.871881869011966334e-03
4.871048225375431209e-03
4.870423037646579890e-03
