3.309232242324199611e-04
3.310261512844441716e-04
3.311907208598310068e-04
3.313792652665861218e-04
3.315687011676982511e-04
3.317570049669965561e-04
3.319507594258161963e-04
3.321562899375137858e-04
3.323712074447907625e-04
3.325900010824194854e-04
3.328136099097433694e-04
3.330461047423851034e-04
3.332901120325111729e-04
3.335465501540425966e-04
3.338151074044740964e-04
3.340947757682628913e-04
3.343841673444243579e-04
3.346818943747134796e-04
3.349867647013872896e-04
3.352979984507312985e-04
3.356153059167098153e-04
3.359488369529548880e-04
3.364049765336324404e-04
3.367917253968066090e-04
3.370736781579691419e-04
3.373749734414370894e-04
3.377893157888149254e-04
3.380992088611495293e-04
3.384685875009905368e-04
3.389073039168606985e-04
3.392533844036866968e-04
3.396742112407635837e-04
3.400399142550006868e-04
3.404276176160611297e-04
3.408269965495844094e-04
3.412367633973270391e-04
3.416566967156708565e-04
3.420751682010851201e-04
3.425030271157630552e-04
3.429395009087730147e-04
3.433840392583638302e-04
3.438361233412687637e-04
3.442953760323508696e-04
3.448156352794579430e-04
3.451464666590810661e-04
3.454913502027805823e-04
3.461575373035831764e-04
3.467825149538702502e-04
3.473767968101855300e-04
3.478995794912423563e-04
3.482641004070784695e-04
3.488838979564283169e-04
3.492790519594295715e-04
3.497011686986246275e-04
3.501780041458637540e-04
3.508475329937004415e-04
3.512827696866660889e-04
3.519501334925975266e-04
3.526004315110302010e-04
3.532481332409786513e-04
3.539019825049461603e-04
3.545637764030519436e-04
3.552333518969950964e-04
3.559076951081033800e-04
3.565846966982860440e-04
3.569082738739227999e-04
3.573241781100727613e-04
3.581775596709363819e-04
3.588629249223482861e-04
3.592581978215073795e-04
3.597132675250782111e-04
3.602019531565024994e-04
3.611018495055722888e-04
3.615629281290437861e-04
3.620761440862706594e-04
3.629183580569278001e-04
3.634335208706250347e-04
3.642709315046858661e-04
3.647995650909668735e-04
3.656440199123633548e-04
3.661896612658902981e-04
3.670470503661612312e-04
3.676111206595408993e-04
3.684841071868286176e-04
3.690670797519633836e-04
3.699564493567038715e-04
3.705580098712987097e-04
3.714724229684086398e-04
3.722714183297594782e-04
3.731572485290472144e-04
3.740368708544641245e-04
3.748216498964950264e-04
3.755451828279437261e-04
3.762756292471095216e-04
3.769334020990911969e-04
3.777660252692768253e-04
3.787956119604623606e-04
3.794808307194095132e-04
3.802706346673764772e-04
3.810677530618337191e-04
3.820881712034589531e-04
3.827722015589427409e-04
3.835737487889006843e-04
3.843832097266503488e-04
3.850560458599380743e-04
3.859717111365223714e-04
3.868287247328383886e-04
3.879372547745545173e-04
3.886117786245036005e-04
3.897720050994274259e-04
3.908131581907689695e-04
3.915640858073913644e-04
3.925101505532141498e-04
3.932692619418468667e-04
3.942803318997402753e-04
3.950538942078109608e-04
3.961063226475048152e-04
3.969487875374342950e-04
3.978162407572470929e-04
3.985111953100076891e-04
3.993767761854752742e-04
4.002603852331349898e-04
4.014308346734930116e-04
4.022574117682177161e-04
4.033488800583234584e-04
4.044715657950929033e-04
4.052921120647782691e-04
4.062052586407641111e-04
4.073443298719297613e-04
4.083985885908158727e-04
4.095393785575291790e-04
4.105764114016354220e-04
4.115935210806019270e-04
4.125368017863168327e-04
4.133977257267134513e-04
4.143102225333491519e-04
4.155743323637352640e-04
4.167014308301779098e-04
4.179364189958705966e-04
4.189268860472740376e-04
4.199050470078700211e-04
4.211734599395637580e-04
4.222063218896379396e-04
4.232196409611215415e-04
4.242400931166957138e-04
4.252828811033947522e-04
4.263631742783070334e-04
4.278509610856071673e-04
4.289609205163969798e-04
4.301649307928374151e-04
4.316891383915955126e-04
4.328484154841830286e-04
4.339849128453314398e-04
4.351113669051039708e-04
4.366221151269816868e-04
4.378395201230755028e-04
4.392105656154512766e-04
4.405396038386817387e-04
4.422268504351111037e-04
4.435994273550467287e-04
4.448803081875509283e-04
4.463055585461333662e-04
4.478092991391924424e-04
4.495573913332922742e-04
4.513995032737956907e-04
4.528962511682236387e-04
4.545989445214601360e-04
4.560226307057053735e-04
4.574052454277465689e-04
4.589541590780679627e-04
4.604349533236228053e-04
4.618227147225334060e-04
4.630556088395493914e-04
4.649090105930346454e-04
4.663951103194553219e-04
4.684328745972681060e-04
4.703160650718500634e-04
4.720795176661862075e-04
4.733455175543578391e-04
4.754747705770868754e-04
4.770021613645878409e-04
4.789194565701887334e-04
4.802323624115846078e-04
4.822174055095831144e-04
4.844264738389965092e-04
4.865308502072169584e-04
4.886806294026569634e-04
4.908952538715591731e-04
4.929532285744062233e-04
4.948083378692902812e-04
4.965198310595430762e-04
4.985965233310097342e-04
5.009288458980608923e-04
5.031169736909376234e-04
5.051141547293474740e-04
5.074286977841954227e-04
5.093965166042149859e-04
5.111388788721500350e-04
5.128978552156231510e-04
5.152334198252352636e-04
5.174664168338379087e-04
5.197197462951303783e-04
5.219966272591257655e-04
5.244571836181700225e-04
5.268184711598285696e-04
5.293414587078761665e-04
5.317852661730613530e-04
5.345491169039973817e-04
5.372970900987108838e-04
5.395906973610921061e-04
5.418550994892797111e-04
5.441524358868430082e-04
5.463482662447439108e-04
5.491128510291991890e-04
5.516355777572620354e-04
5.535193294543033944e-04
5.559070159118182112e-04
5.584540460824313855e-04
5.605958135185939561e-04
5.624186612965934072e-04
5.652456762921689946e-04
5.678426254588924034e-04
5.706581080654592880e-04
5.739794709599024391e-04
5.769894072925198887e-04
5.797393255379293094e-04
5.826649200680228445e-04
5.860861340373402402e-04
5.887261903069023177e-04
5.915069514393014741e-04
5.945643106206458580e-04
5.973503912715061532e-04
5.997969813489484889e-04
6.028857249295397356e-04
6.056626435412469601e-04
6.091662195509212410e-04
6.122372417746256698e-04
6.156098785601084875e-04
6.185965158236049781e-04
6.216219544532781754e-04
6.249549014101165190e-04
6.282402593209171320e-04
6.312658933761928961e-04
6.338953763172439559e-04
6.375297090438413958e-04
6.410418951773734888e-04
6.445031870123265694e-04
6.474135428316738199e-04
6.506868968151284906e-04
6.543460681999437251e-04
6.575722603350662608e-04
6.609874948366464094e-04
6.639725996629732268e-04
6.661590979233170682e-04
6.694177466129740866e-04
6.728908687111619146e-04
6.767682243420093885e-04
6.805724320784575961e-04
6.835082904760214802e-04
6.866442546202594817e-04
6.904636541218099870e-04
6.932115174149402126e-04
6.970729158232765593e-04
7.011130739572887056e-04
7.039631023765514049e-04
7.073437137388649196e-04
7.103939734673238131e-04
7.137527670673101754e-04
7.173655337615526166e-04
7.212500927586934073e-04
7.243272930841569658e-04
7.277162216427286896e-04
7.313342065173239004e-04
7.348101718791154530e-04
7.384416515501810493e-04
7.427150810932182066e-04
7.461131894938167596e-04
7.497966347683584836e-04
7.541325413030073232e-04
7.577766949126548074e-04
7.614370206534950896e-04
7.655207827684150845e-04
7.699118660664488849e-04
7.746338199414473614e-04
7.784592129593884136e-04
7.828923200320729841e-04
7.874989471158450353e-04
7.915503517363685695e-04
7.956920712257811029e-04
7.994442882452890316e-04
8.030017564072054444e-04
8.064616818079597699e-04
8.112460726547322245e-04
8.159990442137614276e-04
8.200068476318369756e-04
8.252333775390486128e-04
8.294564035744719181e-04
8.338175946180896190e-04
8.386620900102676867e-04
8.425160720638899797e-04
8.463229171792198803e-04
8.505524052714039714e-04
8.557954555176417420e-04
8.601808095632508490e-04
8.652448759512267398e-04
8.698023774418206684e-04
8.739295262708576904e-04
8.786904394690706228e-04
8.831884912972707983e-04
8.879080910547999545e-04
8.935519499994062052e-04
8.989046511074601144e-04
9.043236519677309501e-04
9.088671623564269653e-04
9.145983475984561769e-04
9.198565241085822006e-04
9.243230585120468853e-04
9.297154048580206012e-04
9.346109722304163977e-04
9.391228404099211504e-04
9.422537614336182980e-04
9.475642538207971945e-04
9.513481701789455606e-04
9.566327957366478098e-04
9.607077220265581056e-04
9.648531420508510079e-04
9.707630042190117797e-04
9.764074248665460158e-04
9.821251440861153599e-04
9.872398837917988577e-04
9.917423426281334314e-04
9.980827822861841440e-04
1.003248627649149004e-03
1.007758629278686108e-03
1.013146353114549461e-03
1.017766254532862479e-03
1.022036195167510446e-03
1.028343349590006388e-03
1.032965260135529492e-03
1.037379187410649231e-03
1.043360010111221660e-03
1.049532329873465288e-03
1.053901437144312602e-03
1.058993227214101527e-03
1.063422415581033193e-03
1.069524762912901338e-03
1.074291404687292579e-03
1.079717485258079165e-03
1.084703921474007354e-03
1.089580487989284547e-03
1.094881560582865307e-03
1.101030830972549038e-03
1.105114118116491120e-03
1.111286886492868003e-03
1.118489604289835040e-03
1.122914700246456770e-03
1.127683916195126694e-03
1.133500642270026618e-03
1.139488922158119963e-03
1.145261087772370817e-03
1.152498503387843192e-03
1.158213110153406096e-03
1.165352630250677960e-03
1.169746671396500182e-03
1.175408335857495642e-03
1.182165158085566985e-03
1.187388745589381409e-03
1.193839533964665810e-03
1.200145932027010375e-03
1.207199639027760774e-03
1.213430916196694400e-03
1.219325773827249727e-03
1.224950548850801653e-03
1.231182775042087736e-03
1.238020417512866126e-03
1.243931856319470831e-03
1.250528214844164911e-03
1.257201913946783814e-03
1.263635991595359357e-03
1.271104786116580149e-03
1.276954785475365806e-03
1.283625215434051935e-03
1.288591665927112237e-03
1.294319019986485061e-03
1.300886261894295326e-03
1.307501459216185886e-03
1.314132133470044886e-03
1.321790808267782119e-03
1.326648029638402776e-03
1.333576841908796096e-03
1.339044226780152771e-03
1.344942829841205096e-03
1.352968232251685297e-03
1.358445550344456864e-03
1.365735980091444066e-03
1.372015271210938340e-03
1.378238025576837469e-03
1.384947697926161396e-03
1.390204478367683925e-03
1.397050603274399127e-03
1.402228323823644920e-03
1.410008856193935983e-03
1.417405412215709971e-03
1.424044490416159032e-03
1.431289592353338341e-03
1.438467342482911953e-03
1.446147895330144066e-03
1.451450547867413074e-03
1.457956418727440360e-03
1.464410437542625803e-03
1.473190162846517610e-03
1.480662042498118083e-03
1.486796056778663666e-03
1.493567686831047230e-03
1.500036525085398503e-03
1.508003676788733727e-03
1.514585145498818005e-03
1.522748181216785268e-03
1.529818256085701969e-03
1.537665951931986054e-03
1.545502611264400021e-03
1.552977350218838828e-03
1.560077914550495872e-03
1.567305736117248060e-03
1.575751062255104301e-03
1.581787203947720554e-03
1.589905268573723772e-03
1.596497497125186826e-03
1.604779747930319212e-03
1.611440018392163668e-03
1.618629072558422496e-03
1.625779219249263215e-03
1.633072444624708098e-03
1.641229234388502656e-03
1.648350484017795711e-03
1.655904888682488418e-03
1.662268125113811404e-03
1.671275813332929062e-03
1.679808848727331770e-03
1.687942951705987240e-03
1.694445291959972844e-03
1.702393811205663368e-03
1.708448930811466747e-03
1.716236455320444866e-03
1.722906323037258795e-03
1.731728095880125540e-03
1.739021496255531126e-03
1.746512976922185920e-03
1.754917405972896511e-03
1.764732584112180909e-03
1.774647412725866144e-03
1.783571342188379266e-03
1.792110006725426393e-03
1.800267230405489969e-03
1.808460302975225869e-03
1.818123502527374362e-03
1.824693950425021081e-03
1.833206943870683637e-03
1.841561541586952608e-03
1.848514467732946228e-03
1.855899356848828095e-03
1.861017025231995279e-03
1.868441452484672326e-03
1.877722366254583157e-03
1.885401466697362921e-03
1.892161388946036896e-03
1.901263713596374524e-03
1.908225089907494799e-03
1.915352680854822114e-03
1.922374779963506239e-03
1.930004972833967818e-03
1.937970446654012618e-03
1.947185613218701010e-03
1.956107244589556839e-03
1.964421803902556118e-03
1.973179297470858094e-03
1.982600404331031924e-03
1.991775518099076544e-03
1.999954606389423451e-03
2.006867929962199548e-03
2.015784136632161379e-03
2.024123294702524171e-03
2.031315000898815861e-03
2.039789098353742003e-03
2.046604752980837015e-03
2.056023639063311956e-03
2.065588585515041979e-03
2.074763683375620282e-03
2.083824906682652748e-03
2.091072413976738549e-03
2.098817208607596692e-03
2.106933120318205122e-03
2.115965239595064308e-03
2.124846880580462394e-03
2.134403870898925019e-03
2.143442282930586255e-03
2.153535007050901354e-03
2.162900848149728120e-03
2.173349400734276259e-03
2.181621320600627117e-03
2.189232036645303268e-03
2.197552712478321752e-03
2.205067121910105066e-03
2.212353962627998816e-03
2.220800216386836171e-03
2.230509058767692412e-03
2.238291531427233708e-03
2.246075831371812260e-03
2.253387695072270932e-03
2.262504764526942005e-03
2.268771546380927637e-03
2.277799036205255430e-03
2.286788533867550963e-03
2.294448327879923880e-03
2.301673321001709328e-03
2.311617540444147086e-03
2.320251487086455976e-03
2.327505422178261646e-03
2.336483909667818378e-03
2.345939990003826324e-03
2.355311523460742323e-03
2.361820120097838076e-03
2.369805928775781546e-03
2.375452649488534254e-03
2.382856529941748940e-03
2.390568961400781067e-03
2.397340118201171048e-03
2.404554740819466255e-03
2.412743956094916525e-03
2.419779079199079960e-03
2.426017426725413182e-03
2.432238241657116821e-03
2.439623627139168426e-03
2.446763764234286334e-03
2.454372936221721913e-03
2.461047755542916486e-03
2.467430376251742493e-03
2.474590464638974033e-03
2.480981410418275045e-03
2.488056811265633439e-03
2.493183363173336834e-03
2.499680429808668041e-03
2.507595397802978108e-03
2.514563046904158983e-03
2.522094529473711301e-03
2.529155032282926711e-03
2.537538347474751869e-03
2.546164727426353160e-03
2.551691301346517646e-03
2.557766453763946068e-03
2.564440131967597302e-03
2.571292025655641002e-03
2.577588179297703869e-03
2.583523313562214718e-03
2.588997286562276512e-03
2.595038353312028104e-03
2.599206622763391376e-03
2.604555500406386184e-03
2.609646374360316372e-03
2.614652079628214040e-03
2.618768879329151644e-03
2.625392625354462921e-03
2.631317381644777183e-03
2.638279680307829920e-03
2.644216865445337371e-03
2.649874894204771840e-03
2.655823870040758487e-03
2.661056276171905842e-03
2.667456662624599194e-03
2.672450144314755718e-03
2.677094014762950065e-03
2.681826858933097392e-03
2.687735419143887691e-03
2.693714603655244112e-03
2.698755732401023240e-03
2.703176073173335723e-03
2.706884709720574090e-03
2.713564650199367344e-03
2.718896835159537173e-03
2.724943210751673561e-03
2.731834915687599789e-03
2.737065311588967632e-03
2.742769284228415913e-03
2.748772061895771949e-03
2.754182497911923481e-03
2.759465404866000976e-03
2.764250829087271273e-03
2.769344256648036129e-03
2.773922097968243173e-03
2.779020005393997850e-03
2.783961033916029868e-03
2.788440619234756022e-03
2.793500509268821968e-03
2.797955344365822290e-03
2.802380438331631991e-03
2.807704547705660181e-03
2.812666454132188142e-03
2.816727410563951099e-03
2.821686887905431370e-03
2.826945179315969170e-03
2.830383094903136248e-03
2.834915722700134897e-03
2.838662222369671764e-03
2.844633146711289008e-03
2.849522587630524701e-03
2.854697172421167845e-03
2.858741700380531495e-03
2.862544588687201269e-03
2.867334417913122539e-03
2.872108597852583798e-03
2.876095737817844535e-03
2.880468644710823967e-03
2.884457344626619336e-03
2.888547653121034241e-03
2.892647700026776923e-03
2.897400361961182010e-03
2.902008436568070081e-03
2.907426588844664282e-03
2.911976068846229646e-03
2.916001762143902339e-03
2.920989049415082407e-03
2.924646750951756004e-03
2.928718357992877823e-03
2.932510854642828881e-03
2.936434475418562076e-03
2.941053458932355123e-03
2.945900468442116255e-03
2.948538683273280950e-03
2.952145518843424157e-03
2.956374394364103333e-03
2.959969399980642152e-03
2.963796124999038342e-03
2.967536393731169848e-03
2.971603769864635328e-03
2.974409915071136827e-03
2.977020935711626164e-03
2.980830305566581004e-03
2.984180678051381007e-03
2.987655944977568503e-03
2.991784700304187406e-03
2.996405423581134306e-03
2.999856802828383597e-03
3.004430574961910322e-03
3.007969827854930535e-03
3.011661614627315735e-03
3.014901721621511630e-03
3.018676559164143458e-03
3.022658148055651622e-03
3.026074340908068826e-03
3.029396051748416054e-03
3.033053704787553369e-03
3.036429180291766103e-03
3.040035248673742582e-03
3.043474925982319040e-03
3.047157526613720070e-03
3.050778650813802239e-03
3.053815749725006124e-03
3.057396583514176199e-03
3.060111248121610405e-03
3.063945524643593103e-03
3.067363875206942109e-03
3.071008599354724342e-03
3.074867577241016062e-03
3.077944598510169369e-03
3.081766479739868596e-03
3.084805427907621155e-03
3.087815149182151272e-03
3.091002276207027982e-03
3.094570536580432043e-03
3.098131381684953670e-03
3.101930667092637778e-03
3.104859574313931225e-03
3.108006172710157337e-03
3.110997014005467687e-03
3.114065008077504439e-03
3.117360820965412848e-03
3.120367983788217749e-03
3.123384476608043279e-03
3.126300931908590052e-03
3.129494606451275075e-03
3.133534095178831282e-03
3.136082711980762213e-03
3.139077685845639495e-03
3.142328089705691881e-03
3.145800164355718517e-03
3.148199370405748571e-03
3.151129211857405660e-03
3.154821406744596698e-03
3.157559895604650224e-03
3.160628370375656755e-03
3.164362673435401618e-03
3.167372206106256090e-03
3.169707589944398361e-03
3.173342413656970225e-03
3.176118637389415029e-03
3.178954895964720279e-03
3.181298611776708658e-03
3.183726399818310841e-03
3.186096119454157743e-03
3.188755950957087096e-03
3.191941061111400451e-03
3.194285022791331155e-03
3.197306286512993038e-03
3.199895289022598299e-03
3.203302678781713882e-03
3.206480707812121682e-03
3.209162959025145968e-03
3.211761996584905354e-03
3.214389518180839605e-03
3.217032047330507013e-03
3.219948342825032506e-03
3.221841156851854016e-03
3.224604938527527668e-03
3.226729460500448333e-03
3.229230258246099886e-03
3.231484195420654230e-03
3.233823343712673593e-03
3.235797074552348128e-03
3.238943828526877518e-03
3.241328718183735056e-03
3.243788630758084705e-03
3.246345239710915053e-03
3.249125856508239610e-03
3.251459032451586503e-03
3.253498898744340301e-03
3.255992278448808803e-03
3.258284702244939463e-03
3.261157974487935429e-03
3.263047822551419161e-03
3.264671318069706663e-03
3.267406228545272160e-03
3.269846090485875167e-03
3.272092430073550006e-03
3.274225081134124558e-03
3.276672231719729780e-03
3.279039531840429855e-03
3.281273550483349791e-03
3.283532234626354834e-03
3.286207403742431605e-03
3.288542593856580865e-03
3.291081051020155069e-03
3.293367002676042283e-03
3.295999226023730092e-03
3.297905588175236661e-03
3.300167006065949510e-03
3.302350001045388506e-03
3.304860800659978597e-03
3.306779431309094484e-03
3.308888470863806993e-03
3.311051966130090177e-03
3.313573308294189435e-03
3.315561810117238772e-03
3.318337272542804927e-03
3.321635453267174961e-03
3.323767757734111608e-03
3.325861998045400066e-03
3.328032435835086636e-03
3.330432784947455049e-03
3.332172131961322944e-03
3.334354915164329611e-03
3.335910555588777766e-03
3.338124751601804271e-03
3.339945474209418241e-03
3.342521744895243785e-03
3.344840227027769380e-03
3.347001936792744561e-03
3.349493422724601245e-03
3.351142714400094733e-03
3.353171186735913467e-03
3.355233191068506503e-03
3.357345825909160367e-03
3.359362906926712834e-03
3.361368366458522810e-03
3.363286473873322146e-03
3.365529065812797836e-03
3.367908148285926693e-03
3.370097700441628159e-03
3.371997025359424038e-03
3.374473739121250544e-03
3.376438453303153096e-03
3.377720279434248598e-03
3.379937411422324987e-03
3.381865976293938880e-03
3.383549097866040377e-03
3.385590154665144361e-03
3.387502421679380784e-03
3.388816479177889432e-03
3.390274707741986956e-03
3.391998436721355495e-03
3.394301715333586378e-03
3.396255277230782969e-03
3.398439392074298869e-03
3.400665718118230010e-03
3.402737369500673844e-03
3.404700198124549406e-03
3.406209018197563568e-03
3.408106489133106570e-03
3.409774776177912272e-03
3.411491965298136132e-03
3.413317775615152313e-03
3.415571905858836785e-03
3.417821100934039912e-03
3.418730570165971760e-03
3.420344582196545823e-03
3.422622820429545212e-03
3.424204023697917029e-03
3.425804985316694730e-03
3.427910712623801707e-03
3.429432016912333132e-03
3.430733001163360687e-03
3.432512367683853826e-03
3.434377362000915531e-03
3.435967803881910098e-03
3.437741694510050398e-03
3.439752945466540909e-03
3.441495842701223617e-03
3.443088300153271126e-03
3.444781053650560615e-03
3.446563831471304712e-03
3.448523195258059067e-03
3.450587333298641042e-03
3.452735161311492121e-03
3.454250858818927288e-03
3.455988677281602011e-03
3.457026767564956669e-03
3.458649150784091214e-03
3.460309785751500278e-03
3.461686680703947479e-03
3.463485429286912529e-03
3.464541393307515264e-03
3.466250258869442522e-03
3.467820214194484128e-03
3.469399503375111306e-03
3.470722211065164781e-03
3.472831877352171390e-03
3.474208804186367568e-03
3.475765032200951125e-03
3.477357782815108673e-03
3.478677759477078347e-03
3.479887862056287549e-03
3.480744245059517409e-03
3.482197302592321669e-03
3.483898751212177129e-03
3.485776604672618725e-03
3.486522064735854409e-03
3.487882238953786320e-03
3.489454536753693915e-03
3.490524079783485865e-03
3.491913196013936554e-03
3.493107761825132995e-03
3.494933804105501782e-03
3.496578850376465177e-03
3.498471897879259617e-03
3.500001639409401274e-03
3.501783795051466135e-03
3.503053669060913339e-03
3.504496903402376084e-03
3.506289657614956954e-03
3.506945540949407691e-03
3.508604112159773025e-03
3.510004218568926141e-03
3.511463970307462240e-03
3.512997349816082693e-03
3.513632976832869407e-03
3.514569710980087244e-03
3.515783288402881627e-03
3.517250447082627841e-03
3.518650944293876502e-03
3.520405456655892676e-03
3.521467674987987292e-03
3.522651561806071190e-03
3.524318645975643878e-03
3.525485874647977386e-03
3.526919544800348819e-03
3.528031190710001225e-03
3.529105953749395262e-03
3.529786981332908632e-03
3.531533211983465832e-03
3.532393468398840972e-03
3.533786778338660582e-03
3.535382571108365568e-03
3.536564574685515175e-03
3.537948235502807754e-03
3.538568796034761293e-03
3.539932428783672605e-03
3.540720072970313624e-03
3.541834877814489281e-03
3.543497575141431929e-03
3.544918998878720823e-03
3.546305047150150568e-03
3.547564200757973626e-03
3.549025482674821041e-03
3.550732160424412923e-03
3.551978427352757255e-03
3.552777095654119626e-03
3.554331808796422180e-03
3.555874231211164898e-03
3.557252545152251363e-03
3.558204211037822775e-03
3.558924099307717200e-03
3.560092661119648120e-03
3.561610948358919816e-03
3.562308235322676851e-03
3.563514379253882036e-03
3.564931524091981101e-03
3.566136692786465480e-03
3.567450056843018795e-03
3.568765317720988626e-03
3.569841841672264683e-03
3.571205890772107591e-03
3.572372576713086882e-03
3.573979679254434515e-03
3.574884371336816292e-03
3.575844057671825980e-03
3.577065507421414280e-03
3.577858599629312516e-03
3.578821842541436617e-03
3.579975579525062485e-03
3.581058824404111194e-03
3.582546158082045105e-03
3.584027676070447501e-03
3.585179115236275787e-03
3.586337194721666080e-03
3.587270176042594606e-03
3.588499599822119260e-03
3.589234690481825103e-03
3.589892583934262832e-03
3.591114077867583760e-03
3.591929648828849804e-03
3.593680828265146277e-03
3.594801265323217289e-03
3.595634224815279570e-03
3.596820367298202842e-03
3.598170600668696133e-03
3.599405280603267584e-03
3.600242879818571322e-03
3.601259959327247299e-03
3.602563951263308174e-03
3.603412542182706131e-03
3.604455273755370701e-03
3.605171055361875137e-03
3.605844832193498117e-03
3.606876164607443307e-03
3.608189618911206067e-03
3.609076723290447625e-03
3.609962663389703827e-03
3.610862075749953892e-03
3.611496860819120910e-03
3.612714936690835515e-03
3.613510021845856186e-03
3.614631442648557225e-03
3.615462677317288036e-03
3.616357223102202676e-03
3.617357820583140798e-03
3.618363147277815686e-03
3.619364898932234554e-03
3.620583771681339623e-03
3.621570440556734927e-03
3.622811266565601710e-03
3.623382459604877672e-03
3.624683113172040387e-03
3.625681091498653662e-03
3.626744184051812307e-03
3.628020530517784680e-03
3.628936231610459685e-03
3.629716768242372341e-03
3.630706585189578690e-03
3.631398903801143392e-03
3.632496878090725381e-03
3.633496492954600265e-03
3.634513535924793065e-03
3.635305353171795761e-03
3.635750650000378701e-03
3.636376425073293162e-03
3.637049434594797053e-03
3.638080304821871870e-03
3.639310232678996931e-03
3.640327807402507325e-03
3.641315015187603348e-03
3.642254442518299933e-03
3.643549611263470663e-03
3.644714051573723444e-03
3.645553663646258335e-03
3.646577090347585121e-03
3.647589702958175736e-03
3.648684558317032926e-03
3.649615758077710999e-03
3.650598680073675016e-03
3.651204660238060312e-03
3.651927581522957517e-03
3.652969269219566613e-03
3.654044971670886936e-03
3.654881673038630919e-03
3.655610216028335521e-03
3.656106904778413762e-03
3.656846737526444485e-03
3.657893437972018630e-03
3.658732626777959872e-03
3.659777208438427885e-03
3.660871207305262803e-03
3.661682646177874534e-03
3.662579510884668779e-03
3.663365016580994414e-03
3.664397774260022642e-03
3.665234620198287545e-03
3.666423586803861830e-03
3.667643079448354524e-03
3.668790585260914283e-03
3.669763920244888036e-03
3.670469393795405127e-03
3.670724637542391484e-03
3.671406062624140137e-03
3.672190391806310576e-03
3.673110651049811548e-03
3.673833295740889290e-03
3.674702700233987290e-03
3.675214003253273083e-03
3.676027367926448537e-03
3.676639677982711414e-03
3.677854701338069150e-03
3.678644770972110383e-03
3.679671214838366525e-03
3.680384920695139572e-03
3.681314721377364728e-03
3.682041069927687385e-03
3.682744627772229114e-03
3.683480443234082077e-03
3.684526547012489592e-03
3.685271265749751144e-03
3.686203548437153640e-03
3.686903367928815942e-03
3.687261248477695721e-03
3.688033184585957913e-03
3.688764782923128864e-03
3.689609712820585488e-03
3.690396755348811144e-03
3.691563647799308255e-03
3.692048484871017760e-03
3.692863433005502769e-03
3.693802300588798580e-03
3.694333106357588700e-03
3.695087013510005292e-03
3.695563121434872374e-03
3.696354877447474273e-03
3.697241532723801686e-03
3.697936682903455331e-03
3.698735427141545962e-03
3.699754383404047636e-03
3.700299377844999855e-03
3.701039897089837029e-03
3.701724114960404897e-03
3.702392196726673676e-03
3.703089026173036948e-03
3.703882569184678477e-03
3.704657831734370268e-03
3.705300473931296898e-03
3.706323437658712739e-03
3.707033675403632964e-03
3.707803194052075590e-03
3.709007657381128975e-03
3.709704021634400734e-03
3.710400743826780534e-03
3.711144387562419645e-03
3.711992545349662026e-03
3.712840244091333321e-03
3.713248369649942756e-03
3.714192726714049889e-03
3.714867353856707993e-03
3.715468697712489329e-03
3.716096907898442086e-03
3.716862675902457731e-03
3.717262972417320101e-03
3.718111379169510098e-03
3.718662367306937219e-03
3.719510677501984292e-03
3.720635315536467962e-03
3.721379743434732532e-03
3.722012144997638699e-03
3.722717301706663512e-03
3.723643687302885617e-03
3.724339929493674858e-03
3.725258711744049069e-03
3.725700260696421240e-03
3.726411542374494928e-03
3.727023945103463253e-03
3.727587182502347524e-03
3.728505504133196140e-03
3.729302265400446723e-03
3.729887776006684565e-03
3.730355633507232219e-03
3.731011479875667204e-03
3.731395346818704162e-03
3.731852908535919153e-03
3.732667195896692373e-03
3.733313116751541851e-03
3.734259369380114792e-03
3.734702218790031131e-03
3.735425996425614879e-03
3.735931580215763517e-03
3.736734716332286693e-03
3.737178345140700162e-03
3.737798696484709391e-03
3.738535039194587541e-03
3.739693134100420969e-03
3.740455196059337770e-03
3.740978845087259991e-03
3.741557581589202968e-03
3.742252124149654698e-03
3.742909136482751309e-03
3.743698477250733889e-03
3.743926362246881648e-03
3.744731975394878856e-03
3.745486395982911085e-03
3.746115936743278380e-03
3.746598194633679255e-03
3.747221249342869934e-03
3.747862788816125074e-03
3.748564156039883941e-03
3.749281207417914149e-03
3.749977113695969564e-03
3.750675450758113316e-03
3.751380641654984260e-03
3.752063258971162583e-03
3.752891669480343077e-03
3.753609758932242770e-03
3.753965532409343341e-03
3.754460947469027109e-03
3.754823308220199812e-03
3.755454504743979769e-03
3.756146785601433870e-03
3.756506261683643672e-03
3.757339498582687887e-03
3.757864060841340729e-03
3.758336225876788336e-03
3.759154133908937986e-03
3.760080927296645999e-03
3.760832383208052507e-03
3.760994692808070604e-03
3.761408914591413827e-03
3.761665749854162244e-03
3.762443285623414974e-03
3.762908603939577740e-03
3.763489881288420782e-03
3.763851249095316338e-03
3.764568921723755301e-03
3.764973958346511974e-03
3.765484388449958763e-03
3.766053847261907010e-03
3.766735790514087138e-03
3.767393671645260633e-03
3.768039693031859268e-03
3.768570262117399133e-03
3.769234391204440583e-03
3.769726846985944207e-03
3.770088740576823388e-03
3.770647838615445984e-03
3.771284648319672868e-03
3.771733940034410325e-03
3.772410931658101707e-03
3.773381055683931121e-03
3.773922871463418222e-03
3.774677808494073059e-03
3.775225158786144498e-03
3.775949698462927051e-03
3.776556600226278759e-03
3.776886406731086443e-03
3.777739571349830305e-03
3.778075387942908363e-03
3.778490250831405793e-03
3.778926804542295358e-03
3.779546979098080770e-03
3.780050396005550043e-03
3.780525829160267647e-03
3.781129850204061060e-03
3.781700901112926283e-03
3.782144301042964299e-03
3.782563881494932674e-03
3.782972341848571049e-03
3.783243037249276082e-03
3.783981405176239411e-03
3.784320855255512549e-03
3.784645751484424277e-03
3.785403307839631942e-03
3.786008740353070945e-03
3.786703614141117506e-03
3.787456447241321477e-03
3.787998243755029068e-03
3.788462304658043837e-03
3.789189978102840573e-03
3.789821580272678073e-03
3.790298674983627689e-03
3.790990536986375663e-03
3.791399392906609576e-03
3.791860038043441423e-03
3.792382591431838357e-03
3.793004705081453719e-03
3.793519514412673453e-03
3.793935181729355104e-03
3.794365560075404088e-03
3.794827847449750314e-03
3.795492905567221607e-03
3.795794847104722210e-03
3.796410154152718430e-03
3.796839319948383095e-03
3.797273464958198126e-03
3.797723532971552553e-03
3.798005689681510384e-03
3.798641549291658336e-03
3.799348658265691656e-03
3.799644140950337798e-03
3.800258545046360410e-03
3.800582322592681566e-03
3.801248844670237093e-03
3.801915721794220642e-03
3.802352920624324333e-03
3.803004876609738811e-03
3.803481895327707422e-03
3.804083177447825301e-03
3.804528841194781096e-03
3.805040381561041862e-03
3.805529927393272623e-03
3.806132893932410565e-03
3.806484777624314503e-03
3.806843917136445640e-03
3.807397690261763237e-03
3.807851376594637970e-03
3.808524650122225783e-03
3.808893240033964320e-03
3.809493247237522723e-03
3.810167182223266578e-03
3.810539347135990899e-03
3.811148473776166182e-03
3.811419504751040362e-03
3.812050677880392865e-03
3.812504502641713821e-03
3.812883796222802085e-03
3.813465044757861737e-03
3.814136008567704361e-03
3.814501540399025097e-03
3.814920939576332826e-03
3.815306357551368367e-03
3.815692306223660013e-03
3.816137622885823477e-03
3.816488179931507452e-03
3.816904800238028056e-03
3.817344428059324824e-03
3.818044458815482173e-03
3.818348534688943349e-03
3.818715276769170386e-03
3.818994786935883679e-03
3.819758392218812471e-03
3.820425858358560568e-03
3.820697687572067493e-03
3.821042690776495221e-03
3.821713741375393821e-03
3.822513419417814320e-03
3.822831203537818169e-03
3.823306930517141912e-03
3.823635442868122090e-03
3.823996658070082880e-03
3.824506411839126256e-03
3.825033198548588413e-03
3.825511807291813015e-03
3.826214418736175599e-03
3.826775358524432940e-03
3.827439089332130423e-03
3.828027761440662598e-03
3.828547728372589960e-03
3.829077327378031109e-03
3.829476988118712347e-03
3.829571019334678753e-03
3.829765244527685158e-03
3.829811278609999460e-03
3.829992754119975612e-03
3.830213181966047979e-03
3.830612256764473565e-03
3.830919136640385109e-03
3.831159842544668796e-03
3.831535371887393772e-03
3.831855476667348284e-03
3.832342922568798566e-03
3.832798187350864531e-03
3.832901448993830933e-03
3.833171757022417643e-03
3.833511001575092437e-03
3.833922458067211790e-03
3.834226904006759681e-03
3.834856435277898996e-03
3.835385471356454051e-03
3.835830186421144723e-03
3.836391138477910322e-03
3.836773379216929913e-03
3.837107456698665188e-03
3.837375892230046430e-03
3.837836183447064248e-03
3.838262826462298175e-03
3.838486737993483926e-03
3.838937346010338602e-03
3.839178842815428507e-03
3.839506996897355806e-03
3.839904243160325095e-03
3.840382912037435849e-03
3.840922870045749508e-03
3.841429531644869558e-03
3.841947123323211522e-03
3.842250428560760409e-03
3.842539618550620730e-03
3.842808947026873662e-03
3.843403313631372185e-03
3.843698982869897876e-03
3.844225226654436264e-03
3.844530514373014317e-03
3.844797993241251891e-03
3.845160194353896936e-03
3.845563229973328768e-03
3.845827142565802926e-03
3.846170685891762541e-03
3.846663702537647580e-03
3.846971262646063996e-03
3.847165982277403994e-03
3.847354922920042351e-03
3.847838397952783266e-03
3.848064319065214352e-03
3.848136201670997875e-03
3.848400220884112301e-03
3.848789468532131958e-03
3.849157069308543466e-03
3.849513350084437287e-03
3.850085051179248825e-03
3.850559814641788849e-03
3.850929554503284766e-03
3.851188012676271671e-03
3.851390100857058924e-03
3.851726140359608246e-03
3.851995418382372135e-03
3.852381581450209803e-03
3.852705410070955596e-03
3.853126346261297099e-03
3.853412165448553365e-03
3.853768793653440314e-03
3.854114326592000903e-03
3.854666376623400517e-03
3.855202990841746606e-03
3.855485988429396566e-03
3.855617743253589736e-03
3.855887873891641893e-03
3.856380411705319106e-03
3.856794271914654182e-03
3.857140877038863196e-03
3.857487409174591066e-03
3.857813799225462154e-03
3.858059587426307304e-03
3.858366913472326652e-03
3.858504352222031503e-03
3.858670091950173846e-03
3.858888678358683016e-03
3.859142594131663006e-03
3.859660815356298971e-03
3.859922558490078408e-03
3.860116974949273465e-03
3.860230550672760948e-03
3.860508220557642804e-03
3.860837020069268072e-03
3.861110106905446798e-03
3.861553363417052735e-03
3.861979713183229680e-03
3.862371661491257029e-03
3.862745957988308800e-03
3.862938612315968117e-03
3.863509988217799472e-03
3.863821399446030428e-03
3.864345819964787408e-03
3.864623830277238211e-03
3.865044340082703523e-03
3.865415414095632867e-03
3.865620093653470129e-03
3.866025486932717602e-03
3.866428007113547043e-03
3.866616802138284851e-03
3.867002477316875287e-03
3.867513211250199132e-03
3.867837382217775496e-03
3.868085938736810347e-03
3.868400743142391945e-03
3.868816604656748464e-03
3.869138147497708322e-03
3.869333136315230778e-03
3.869517360032766022e-03
3.869829009159148243e-03
3.870077900420105643e-03
3.870286047535133073e-03
3.870666615839333125e-03
3.871089432651493058e-03
3.871344558124845906e-03
3.871392072036241964e-03
3.871584057875730647e-03
3.871895916258919629e-03
3.872338343333462263e-03
3.872767836058476840e-03
3.873172849903931333e-03
3.873372773101001545e-03
3.873619382560656785e-03
3.873877753199503164e-03
3.873956086228931128e-03
3.874293302563824263e-03
3.874573824581780106e-03
3.874784894764039811e-03
3.875054652371226656e-03
3.875327557861853525e-03
3.875529267722883746e-03
3.875699557439925627e-03
3.875931079078006290e-03
3.876295448170842539e-03
3.876387926826889777e-03
3.876665862106094471e-03
3.877124555729961636e-03
3.877530478904884625e-03
3.878011017954608071e-03
3.878315349116603049e-03
3.878497377333503266e-03
3.878859615957394591e-03
3.878933336872086423e-03
3.879181570134150603e-03
3.879423806220521232e-03
3.879793673541129424e-03
3.879908060679286303e-03
3.880230092648759895e-03
3.880518623228905017e-03
3.880854681354680129e-03
3.881255206055653131e-03
3.881515785478306842e-03
3.881745776734684631e-03
3.881818581425397832e-03
3.882107598032903673e-03
3.882260025034359359e-03
3.882481433957585271e-03
3.882755726966271356e-03
3.883053365793299756e-03
3.883357506514613713e-03
3.883502056789315919e-03
3.883621565036596800e-03
3.883749706602617705e-03
3.884010567352848102e-03
3.884213793409007406e-03
3.884576028294013661e-03
3.884807952147227052e-03
3.885262043636078695e-03
3.885490392551953307e-03
3.885727297690965473e-03
3.886066460800632547e-03
3.886422901777780974e-03
3.886782454741199641e-03
3.887191122612056703e-03
3.887471386179885361e-03
3.887602422575335819e-03
3.887806333048018578e-03
3.888096733911686372e-03
3.888260771269806855e-03
3.888531708081987767e-03
3.888927378375968500e-03
3.889302556951300047e-03
3.889517141765334168e-03
3.889761020248227834e-03
3.889945827027500858e-03
3.890121267590345138e-03
3.890260590318992025e-03
3.890353748131499066e-03
3.890737401926414474e-03
3.890951790077360004e-03
3.891366316443942066e-03
3.891746108254986753e-03
3.892137897065385890e-03
3.892477365764003376e-03
3.892811138296972760e-03
3.892985169110304601e-03
3.893255555631687775e-03
3.893688955665356929e-03
3.893933130572613515e-03
3.894175051570410422e-03
3.894304866295158346e-03
3.894525099424520510e-03
3.894622969902603905e-03
3.894955147490023091e-03
3.895201280496686687e-03
3.895463266662024977e-03
3.895656996520653267e-03
3.895759175488257113e-03
3.896063691138718262e-03
3.896165997528028974e-03
3.896426966587183700e-03
3.896672357241589939e-03
3.896788689126496740e-03
3.897144413096815391e-03
3.897238858718501606e-03
3.897389824538395262e-03
3.897650436188070371e-03
3.897896946532051609e-03
3.898130412263895415e-03
3.898440492162318690e-03
3.898755492996997234e-03
3.898849062387974365e-03
3.899001271559001443e-03
3.899362325190780954e-03
3.899780917432408515e-03
3.899883230279475432e-03
3.900295088328975448e-03
3.900530101454125625e-03
3.900677768125099514e-03
3.900943329816515710e-03
3.901108580807909933e-03
3.901310906236408246e-03
3.901498415523168162e-03
3.901813465313766320e-03
3.902075879551987741e-03
3.902422230336323374e-03
3.902600127496882402e-03
3.902819997325326570e-03
3.903059702800124042e-03
3.903390225284059274e-03
3.903697575077968128e-03
3.903847661936946881e-03
3.904056656301246788e-03
3.904386126968934639e-03
3.904600352996865937e-03
3.904727684697514595e-03
3.904893443112219219e-03
3.905045464223956802e-03
3.905311441490023211e-03
3.905656087336248881e-03
3.905742541133831128e-03
3.905995674744707803e-03
3.906225437533814449e-03
3.906426020734229607e-03
3.906605379576022150e-03
3.906879432157761220e-03
3.907166736841668521e-03
3.907273401765889824e-03
3.907428404864193502e-03
3.907653609255505936e-03
3.907833141420498022e-03
3.907945677408725810e-03
3.908121296022154349e-03
3.908391172564731376e-03
3.908550783437752391e-03
3.908694514337995689e-03
3.908866317143061368e-03
3.909025344810811847e-03
3.909204672821102976e-03
3.909353565841479534e-03
3.909327938707156044e-03
3.909706145994779405e-03
3.909840037455510411e-03
3.910054303390805147e-03
3.910270466673393050e-03
3.910420145739581382e-03
3.910698630356266962e-03
3.910857119763592495e-03
3.910988627165586616e-03
3.911121928686455904e-03
3.911262445729138046e-03
3.911652703624262858e-03
3.911781093433328374e-03
3.911930028947348086e-03
3.912213671780161335e-03
3.912390808035575047e-03
3.912704767065111437e-03
3.912860639630918319e-03
3.913038525632156484e-03
3.913146312676260043e-03
3.913285520886083252e-03
3.913479745826071131e-03
3.913473795450159512e-03
3.913652150766325742e-03
3.913905475655208438e-03
3.914019129598998552e-03
3.914231566688255136e-03
3.914480982585047744e-03
3.914614919312213448e-03
3.914866400850969957e-03
3.915056096900993397e-03
3.915152364124548957e-03
3.915357877750992067e-03
3.915460894360276757e-03
3.915620411213282907e-03
3.915876431869931736e-03
3.916005842833444710e-03
3.916082697100241664e-03
3.916386566640419481e-03
3.916708827739957821e-03
3.916804249836704568e-03
3.917175497046934164e-03
3.917356767578111625e-03
3.917403767303947668e-03
3.917553343295816955e-03
3.917694132476294902e-03
3.917845550562723544e-03
3.918016074582420828e-03
3.918199243274233905e-03
3.918419933688794057e-03
3.918644425095944329e-03
3.918747792991521608e-03
3.918949740249271299e-03
3.919024938245862198e-03
3.919133631669154474e-03
3.919200998168732852e-03
3.919364931011332966e-03
3.919622924131320289e-03
3.919811512564375100e-03
3.919955595316972075e-03
3.920188457095402125e-03
3.920414762765084271e-03
3.920712996810014547e-03
3.920944263978523060e-03
3.921033047302739834e-03
3.921256611136122311e-03
3.921422393916004778e-03
3.921593721499093237e-03
3.921768409086378443e-03
3.921952254390239159e-03
3.922069969311306817e-03
3.922200099627515257e-03
3.922301959214002064e-03
3.922509724763966962e-03
3.922724788122390963e-03
3.922783965241818764e-03
3.922991781370894007e-03
3.923239006834365779e-03
3.923296127729678992e-03
3.923402427860199840e-03
3.923463725089345634e-03
3.923600000779317760e-03
3.923746946929783375e-03
3.924040128912817220e-03
3.924175934054430388e-03
3.924432874332194586e-03
3.924572509279035913e-03
3.924755288037092699e-03
3.924971867775540850e-03
3.925081670986417873e-03
3.925253616248504558e-03
3.925296428807123483e-03
3.925573342065087970e-03
3.925672741084236354e-03
3.925931735040299152e-03
3.925950330435514120e-03
3.925933812801801065e-03
3.926108410033984399e-03
3.926201171927514583e-03
3.926273145910924925e-03
3.926356847205817423e-03
3.926466127842582858e-03
3.926472932211756868e-03
3.926641151508022953e-03
3.926803937683442589e-03
3.926775461629384428e-03
3.926988915181080404e-03
3.927177661453116683e-03
3.927315252669678382e-03
3.927505662006204601e-03
3.927628887450295390e-03
3.927663907338039412e-03
3.927742432138224202e-03
3.927874379910352778e-03
3.928044047011669190e-03
3.928161374694836248e-03
3.928276757494653451e-03
3.928471145382824922e-03
3.928651150865613423e-03
3.928695926852693830e-03
3.928869494241799161e-03
3.928880250374808605e-03
3.928958590571868942e-03
3.929041357162156058e-03
3.929236344270070798e-03
3.929503999215778684e-03
3.929692368099581452e-03
3.929857274528525922e-03
3.930076332550059767e-03
3.930059709529022845e-03
3.930293597670548103e-03
3.930429380507336617e-03
3.930645136957173873e-03
3.930781606745347920e-03
3.930878683712589645e-03
3.930982497477453728e-03
3.931212172333771286e-03
3.931319850619808924e-03
3.931402596377220685e-03
3.931504667810584337e-03
3.931649886864874675e-03
3.931790969225004186e-03
3.931930662104404436e-03
3.932155206162767959e-03
3.932368041357738736e-03
3.932420165274726036e-03
3.932428882922041867e-03
3.932620964733315322e-03
3.932629843672491229e-03
3.932705224424126733e-03
3.932807538566709428e-03
3.933042463841208806e-03
3.933246498999483712e-03
3.933323102736095526e-03
3.933433150124985428e-03
3.933407376864902008e-03
3.933536114462705437e-03
3.933739441011955586e-03
3.933925479852674531e-03
3.934148802510539951e-03
3.934152097368627705e-03
3.934296820662797588e-03
3.934373454778035233e-03
3.934653224214226808e-03
3.934820358002765785e-03
3.934887298138951654e-03
3.934938059908773059e-03
3.934847020622677174e-03
3.934973938299327588e-03
3.935049173955518752e-03
3.935214312326225893e-03
3.935477060583936898e-03
3.935554224696887794e-03
3.935661203674019511e-03
3.935740231850098220e-03
3.935818887624500592e-03
3.936007591467962329e-03
3.936142279799000054e-03
3.936348200145843579e-03
3.936380588666032326e-03
3.936454375369539092e-03
3.936490066356608530e-03
3.936484864164123583e-03
3.936480892100537553e-03
3.936699897523743795e-03
3.936745133156094832e-03
3.936922361663543549e-03
3.937026642468440148e-03
3.937161106779585827e-03
3.937216260943067828e-03
3.937347226726794353e-03
3.937433151791275461e-03
3.937455359177634111e-03
3.937553551920567295e-03
3.937630945524546802e-03
3.937681711118900044e-03
3.937680492902828622e-03
3.937807451959801815e-03
3.937936938319800718e-03
3.938141591034133998e-03
3.938156009739787917e-03
3.938244628977213661e-03
3.938289126068831789e-03
3.938286132238208274e-03
3.938391112775537460e-03
3.938528653698777568e-03
3.938580310253752062e-03
3.938623535434203522e-03
3.938732936315475150e-03
3.938805139284015829e-03
3.938903360837401300e-03
3.939023501287866949e-03
3.939123548742437878e-03
3.939261290971217064e-03
3.939525940298314183e-03
3.939628851185779553e-03
3.939719413929655689e-03
3.939901392925108242e-03
3.940019460930427840e-03
3.939991111047547352e-03
3.940156459644600373e-03
3.940267980138072168e-03
3.940317502070528853e-03
3.940360725633232711e-03
3.940422971572879289e-03
3.940489217343674452e-03
3.940694390173555585e-03
3.940811845858222667e-03
3.940871614357204303e-03
3.940812936010334479e-03
3.940849500073653235e-03
3.940907824109848509e-03
3.940896738608374271e-03
3.941048094610059317e-03
3.941078932416478865e-03
3.941129516305703732e-03
3.941278704435078294e-03
3.941349381674253208e-03
3.941469049894171656e-03
3.941532448792136462e-03
3.941506240161813182e-03
3.941577858082761024e-03
3.941631080414629944e-03
3.941775181206010926e-03
3.941813982575780896e-03
3.941947679486888963e-03
3.942062015516322251e-03
3.942052955311921292e-03
3.942000850988855096e-03
3.942123328188393630e-03
3.942147655637504369e-03
3.942142244338097540e-03
3.942160086228149729e-03
3.942308441248238739e-03
3.942302892716304484e-03
3.942383148950910458e-03
3.942477828229707694e-03
3.942418345180676194e-03
3.942466022854811299e-03
3.942493396474157363e-03
3.942435390333868736e-03
3.942495229688815564e-03
3.942571136350757691e-03
3.942650437308010784e-03
3.942747268631060890e-03
3.942794593752740884e-03
3.942866460320952962e-03
3.943100403823628780e-03
3.943049142946607362e-03
3.943056413184557220e-03
3.943160929268358685e-03
3.943173091620849266e-03
3.943098975238241641e-03
3.943099296649123925e-03
3.943109788098501586e-03
3.943050239134347768e-03
3.943173399428207861e-03
3.943246673123707892e-03
3.943397212902263055e-03
3.943378366967785140e-03
3.943382872918232106e-03
3.943640468022205185e-03
3.943667149751832988e-03
3.943809000821230613e-03
3.943924685339153177e-03
3.943950264102039603e-03
3.944046374887291879e-03
3.944050301636101673e-03
3.944167744284285404e-03
3.944230505778422574e-03
3.944328684009512642e-03
3.944381356140469821e-03
3.944418438701821281e-03
3.944463357099311542e-03
3.944316395350871626e-03
3.944284606841091424e-03
3.944332693284111589e-03
3.944456500220417002e-03
3.944564056208943112e-03
3.944665437041351003e-03
3.944634150382844012e-03
3.944658594074995986e-03
3.944674668525780317e-03
3.944770130315630036e-03
3.944802793800101029e-03
3.944777281962023180e-03
3.944706091648674841e-03
3.944809271712594774e-03
3.944990993641375558e-03
3.945146530447927839e-03
3.945277657044434991e-03
3.945274498377751744e-03
3.945277644595009819e-03
3.945214218431949450e-03
3.945399795120558412e-03
3.945484947824538444e-03
3.945596343109381184e-03
3.945506999901891854e-03
3.945599562004436199e-03
3.945757696484997537e-03
3.945754100392924978e-03
3.945867836848725337e-03
3.945997163991224813e-03
3.945971544334138902e-03
3.946083971095122253e-03
3.946064450815622675e-03
3.946101313967219013e-03
3.946138266021851325e-03
3.946198873545175151e-03
3.946339964319043117e-03
3.946378455525316638e-03
3.946470093320524584e-03
3.946487580104440437e-03
3.946558450150313910e-03
3.946699497855191661e-03
3.946749957465375477e-03
3.946703374081864633e-03
3.946735624164430037e-03
3.946820572396380483e-03
3.946767489655027793e-03
3.946783155733848275e-03
3.946726039807357291e-03
3.946710200258228378e-03
3.946850973854336593e-03
3.946915949522846259e-03
3.946935329373870566e-03
3.946979797474424803e-03
3.946940549432467749e-03
3.946959726553841280e-03
3.946912943623344730e-03
3.947022094668991947e-03
3.947085958804393002e-03
3.946940678235820281e-03
3.946884233117998325e-03
3.946918971920702554e-03
3.946918309747657859e-03
3.946873998721251581e-03
3.946906539287302340e-03
3.946893157827825391e-03
3.946895130041989073e-03
3.946977579917570512e-03
3.947031248162136824e-03
3.947105090798846104e-03
3.947160759594050758e-03
3.947232725883117674e-03
3.947216616274916434e-03
3.947255809022447333e-03
3.947192410028163741e-03
3.947253383680311006e-03
3.947373897622656440e-03
3.947331358891661285e-03
3.947228444506925733e-03
3.947312887538511998e-03
3.947292456172529253e-03
3.947260720489271721e-03
3.947268592043319188e-03
3.947429517228940796e-03
3.947398330599771049e-03
3.947351778387784768e-03
3.947395442656761316e-03
3.947263102881514406e-03
3.947258036016865201e-03
3.947232253382495712e-03
3.947264849312214982e-03
3.947399554236973897e-03
3.947378584490127823e-03
3.947374240029105120e-03
3.947400993349736882e-03
3.947403317114251894e-03
3.947302812970654093e-03
3.947285490783524961e-03
3.947354440191815431e-03
3.947300733284386277e-03
3.947306824311780545e-03
3.947392240398353222e-03
3.947381176276477596e-03
3.947321171503336001e-03
3.947244815847785956e-03
3.947250418776747892e-03
3.947309970809589376e-03
3.947401940053467916e-03
3.947441855957233361e-03
3.947522209435808289e-03
3.947415021605180444e-03
3.947414169278627358e-03
3.947422287442639913e-03
3.947413394598678696e-03
3.947363249966281788e-03
3.947333895237613126e-03
3.947441551580150795e-03
3.947510408513674705e-03
3.947601277699053224e-03
3.947588693021551742e-03
3.947629274911206888e-03
3.947594904605517679e-03
3.947719950422993486e-03
3.947723996653368546e-03
3.947767812382318997e-03
3.947842898045660423e-03
3.947757073235426926e-03
3.947810719840330954e-03
3.947789817263152277e-03
3.947875333750792623e-03
3.947948113543702821e-03
3.948036728562025199e-03
3.948107436276515093e-03
3.948196371351564253e-03
3.948182878867048315e-03
3.948094821577523977e-03
3.948095931750405553e-03
3.948123624309525515e-03
3.948080570625352170e-03
3.948108817881878195e-03
3.948095655338264114e-03
3.948097640980839824e-03
3.948040089408298356e-03
3.948121994066392318e-03
3.948089451404985552e-03
3.948227753898080582e-03
3.948160587829147375e-03
3.948208223473861737e-03
3.948247993270100065e-03
3.948259722866475849e-03
3.948344989018863667e-03
3.948323387287803500e-03
3.948324194377053967e-03
3.948356286721702024e-03
3.948320529483248000e-03
3.948393892881091674e-03
3.948352065338718402e-03
3.948306264238987846e-03
3.948240574708996101e-03
3.948283154749495684e-03
3.948152017996548607e-03
3.948199794964127839e-03
3.948186337405795374e-03
3.948225162849725543e-03
3.948302879142273625e-03
3.948331116679388610e-03
3.948418660728394286e-03
3.948501454528082800e-03
3.948658559658112244e-03
3.948585638578264168e-03
3.948517347049498860e-03
3.948432151797348112e-03
3.948455617001042292e-03
3.948422023140486965e-03
3.948375850017329589e-03
3.948491999793145128e-03
3.948461563785074513e-03
3.948536848712188956e-03
3.948673305397981843e-03
3.948732400851674706e-03
3.948787580448915105e-03
3.948821544751702009e-03
3.948940591482683754e-03
3.948967355027444351e-03
3.948937116869287271e-03
3.948951844116780838e-03
3.948897966158894900e-03
3.948881203817197066e-03
3.948759764002725270e-03
3.948764035553270837e-03
3.948812119560504187e-03
3.948757561989633437e-03
3.948801788361391840e-03
3.948808698863852037e-03
3.948770486119814425e-03
3.948784257380422852e-03
3.948711869582175946e-03
3.948808122254328888e-03
3.948693197586279451e-03
3.948729695175038842e-03
3.948695417756944818e-03
3.948711329258416253e-03
3.948755314818196659e-03
3.948762486703353593e-03
3.948778861267675244e-03
3.948695285118638230e-03
3.948652166840940780e-03
3.948753886975475864e-03
3.948709850299197271e-03
3.948754622821788567e-03
3.948739074186310462e-03
3.948670265069658541e-03
3.948688547069467529e-03
3.948611018752707161e-03
3.948603620547060100e-03
3.948649635459731098e-03
3.948697579087139496e-03
3.948638187204220849e-03
3.948644403802520353e-03
3.948572104014328420e-03
3.948484321504464913e-03
3.948522293367740139e-03
3.948430697098814605e-03
3.948498695266822352e-03
3.948510335115140192e-03
3.948522229061667520e-03
3.948510197820434206e-03
3.948384962583686465e-03
3.948304677657592070e-03
3.948265108464380987e-03
3.948131031148249467e-03
3.948149744167368108e-03
3.948053872214882763e-03
3.948065243564001167e-03
3.947979003265471992e-03
3.947905405158956549e-03
3.947764514895525829e-03
3.947886734920504938e-03
3.947919591966129148e-03
3.947843426128156558e-03
3.947781480762161017e-03
3.947781662828831785e-03
3.947734241064997443e-03
3.947647891583830511e-03
3.947761322156152601e-03
3.947699671009652182e-03
3.947709149775193750e-03
3.947740568688299506e-03
3.947791929895083651e-03
3.947862310713874667e-03
3.947851096026590810e-03
3.947851878075133922e-03
3.947844147765035283e-03
3.947799977090280313e-03
3.947768162352980822e-03
3.947724440928304830e-03
3.947746157054797360e-03
3.947635400519088067e-03
3.947640339069882938e-03
3.947705709679081264e-03
3.947773496222180441e-03
3.947827739039421781e-03
3.947825878693221775e-03
3.947853428841492131e-03
3.947858725587320532e-03
3.947963692667866287e-03
3.948029075678029416e-03
3.947993780918751007e-03
3.947962078076005035e-03
3.947957196601772391e-03
3.947954519854850186e-03
3.948009394445109975e-03
3.947994765012560053e-03
3.948082512400371592e-03
3.948011846155795139e-03
3.948085033515020235e-03
3.948163692467861023e-03
3.948113100275798572e-03
3.948167701821871274e-03
3.948099275359160006e-03
3.948063906063587793e-03
3.948082737330958769e-03
3.948077213588124107e-03
3.948116131734543191e-03
3.948167382559027681e-03
3.948156114721116695e-03
3.948082406132494282e-03
3.948010282561535862e-03
3.947945130238383026e-03
3.947894242943553698e-03
3.947771161469235644e-03
3.947685072971616853e-03
3.947670941589020641e-03
3.947720515628420218e-03
3.947662166497289266e-03
3.947596485893553088e-03
3.947623687257918040e-03
3.947511083975848746e-03
3.947423899623963249e-03
3.947293998216451494e-03
3.947298598358663091e-03
3.947186070574966975e-03
3.947213736312749251e-03
3.947228007442996414e-03
3.947184002696403279e-03
3.947145708016442343e-03
3.947221530025503411e-03
3.947178369156276699e-03
3.947177394237774868e-03
3.947146185776697312e-03
3.947035454070453760e-03
3.947008268660734398e-03
3.946983969518030357e-03
3.947024769524255447e-03
3.947015626824000589e-03
3.947007065310931782e-03
3.946959946027952040e-03
3.946890211326809124e-03
3.946918014746690628e-03
3.946877498193968395e-03
3.946800305598207638e-03
3.946830031905666607e-03
3.946812629091111732e-03
3.946811272470597889e-03
3.946740242856491658e-03
3.946707329161963998e-03
3.946734422179593721e-03
3.946684456237500686e-03
3.946655099940713125e-03
3.946567736585498108e-03
3.946482406628602606e-03
3.946395068173273561e-03
3.946354625996858524e-03
3.946353375411893079e-03
3.946340080199156782e-03
3.946378106590141613e-03
3.946307368468866990e-03
3.946205524653239628e-03
3.946196171296250527e-03
3.946180733813087205e-03
3.946112576470521376e-03
3.946169146898889125e-03
3.946145591693157005e-03
3.946038248799100048e-03
3.946060736966326872e-03
3.945987647153347162e-03
3.945953016649724442e-03
3.945956378439884928e-03
3.945978293148954923e-03
3.945944313933234283e-03
3.945933897659134951e-03
3.945867487496240895e-03
3.945801094060247087e-03
3.945813081274974002e-03
3.945722823534099886e-03
3.945635522712572299e-03
3.945534134640685427e-03
3.945530177110609209e-03
3.945594871666804893e-03
3.945566901622792229e-03
3.945610723386433656e-03
3.945629539089636623e-03
3.945553343049989538e-03
3.945502854406344323e-03
3.945511385635928209e-03
3.945493885871369753e-03
3.945482667645165004e-03
3.945393391086465459e-03
3.945392001362390058e-03
3.945317948988702125e-03
3.945311919398199023e-03
3.945264759349788319e-03
3.945321772862103206e-03
3.945338952755839124e-03
3.945314640949141097e-03
3.945350201056029710e-03
3.945374417134508115e-03
3.945385698333765852e-03
3.945308990609474459e-03
3.945338557631379930e-03
3.945279731284927899e-03
3.945192268179039015e-03
3.945193966420729517e-03
3.945158814517764692e-03
3.945212697225760658e-03
3.945180505631659326e-03
3.945207587292863700e-03
3.945200926229185633e-03
3.945130959758243183e-03
3.945109217396627205e-03
3.945088832136287200e-03
3.945002175355298395e-03
3.944939608815645204e-03
3.944912764619596009e-03
3.944798823368665143e-03
3.944742486700938446e-03
3.944729993194608271e-03
3.944703025037645493e-03
3.944707610981895707e-03
3.944707940161581820e-03
3.944627279670405787e-03
3.944605069925968995e-03
3.944526676240065095e-03
3.944557152786065495e-03
3.944557865663347873e-03
3.944486502637230968e-03
3.944379512956952549e-03
3.944334867219459299e-03
3.944295909973787734e-03
3.944339918447092516e-03
3.944297663280995486e-03
3.944175791831679503e-03
3.944103313988705714e-03
3.944018715519114968e-03
3.943965487168624683e-03
3.943922596143943117e-03
3.943870168149858114e-03
3.943883119767224374e-03
3.943859119495344255e-03
3.943822204342392439e-03
3.943769812928380608e-03
3.943757702166613907e-03
3.943774439636662729e-03
3.943784465580719469e-03
3.943708832326698645e-03
3.943705539718875101e-03
3.943665682402038367e-03
3.943595460068129686e-03
3.943503057131217404e-03
3.943505800490576529e-03
3.943486462795922631e-03
3.943414711631221085e-03
3.943329874997802270e-03
3.943366700417336342e-03
3.943219327574515667e-03
3.943168884206009125e-03
3.943076168402637541e-03
3.942992931241296947e-03
3.942929382408538394e-03
3.942982978000485542e-03
3.942982773396049717e-03
3.942934273221294916e-03
3.942897069632236504e-03
3.942842308764819489e-03
3.942787709797188588e-03
3.942792154328134992e-03
3.942754318539086304e-03
3.942657033714053703e-03
3.942606068028794812e-03
3.942544682871340286e-03
3.942366576340470240e-03
3.942309024944252137e-03
3.942183932930129996e-03
3.942129010490381079e-03
3.942119772517748560e-03
3.942105783810137890e-03
3.942087828494734991e-03
3.942026642391215259e-03
3.941914757512520948e-03
3.941863728098109025e-03
3.941902403648190993e-03
3.941922166369052696e-03
3.941864764753549334e-03
3.941820600251499940e-03
3.941761495629670341e-03
3.941674691648923076e-03
3.941554783022035990e-03
3.941507622969884356e-03
3.941412533448225737e-03
3.941417265602554718e-03
3.941405457651168086e-03
3.941418892380150162e-03
3.941345594717379254e-03
3.941328547996131998e-03
3.941279623482851074e-03
3.941135502488891766e-03
3.941116086807866167e-03
3.941041655477099843e-03
3.941033942637610366e-03
3.940937101396722007e-03
3.940878832748992248e-03
3.940874260448595442e-03
3.940911914952744712e-03
3.940888859268593808e-03
3.940802225199241393e-03
3.940832754850825091e-03
3.940825747585565732e-03
3.940826580907317613e-03
3.940810395969619392e-03
3.940802078804765858e-03
3.940629777087968806e-03
3.940526655115382700e-03
3.940462038349299909e-03
3.940452100524193674e-03
3.940344864387056861e-03
3.940276825850203696e-03
3.940199680563236107e-03
3.940055724877542138e-03
3.940074020423662768e-03
3.939995498026429080e-03
3.939858268640826673e-03
3.939838100301282231e-03
3.939760637565961447e-03
3.939777881917507982e-03
3.939720601764503533e-03
3.939749189772720310e-03
3.939626003456265547e-03
3.939491702942533868e-03
3.939442518382329714e-03
3.939386187058533176e-03
3.939362876479288525e-03
3.939292198018431133e-03
3.939275070250412153e-03
3.939174922892578479e-03
3.939148213580300970e-03
3.939110445807465603e-03
3.939041075495441392e-03
3.938950866022992124e-03
3.938899263137911680e-03
3.938861738746980354e-03
3.938779467019484608e-03
3.938670243227491118e-03
3.938600198548363948e-03
3.938495555466869739e-03
3.938393023543752119e-03
3.938288738664877386e-03
3.938253344930667428e-03
3.938153827420582363e-03
3.938001434779465036e-03
3.937968681712191062e-03
3.937974697867516714e-03
3.937924245293118915e-03
3.937806346046634348e-03
3.937825530925143959e-03
3.937752189045048805e-03
3.937711300996186298e-03
3.937666761334899027e-03
3.937443207293863170e-03
3.937430832945377178e-03
3.937332690252048212e-03
3.937289067988309493e-03
3.937172699017594743e-03
3.937220258331403100e-03
3.937151167036800035e-03
3.937045004213735391e-03
3.936978686068136161e-03
3.936948772239002789e-03
3.936988854077938353e-03
3.936981508701947741e-03
3.936930815420409957e-03
3.936847114571690072e-03
3.936851961519068251e-03
3.936789622348724205e-03
3.936732396875243685e-03
3.936692353440614765e-03
3.936656268888792491e-03
3.936616370131980173e-03
3.936533195496247535e-03
3.936425701146114599e-03
3.936357733413224820e-03
3.936312032597360545e-03
3.936276823657325341e-03
3.936253437641070753e-03
3.936167080838545891e-03
3.936058866961140990e-03
3.936019774014230983e-03
3.935983043268594106e-03
3.935900342704747382e-03
3.935852026597417945e-03
3.935825318959447830e-03
3.935847589456721411e-03
3.935822395317149953e-03
3.935720051695902957e-03
3.935729997807159604e-03
3.935734800170720242e-03
3.935680846480979489e-03
3.935606826781777069e-03
3.935510602212231174e-03
3.935468040584855047e-03
3.935474562787702295e-03
3.935474843334923166e-03
3.935430438574650733e-03
3.935339936400059427e-03
3.935265334426961241e-03
3.935260544406447326e-03
3.935237161449838157e-03
3.935209235745701882e-03
3.935170310692777049e-03
3.935110914310476632e-03
3.935134185068321633e-03
3.935151866241991779e-03
3.935189724971943984e-03
3.935153030439707440e-03
3.935057184844859522e-03
3.935012009311933921e-03
3.934896347310344773e-03
3.934884085754265272e-03
3.934836590447694793e-03
3.934728417177401315e-03
3.934678868189991734e-03
3.934672098252295358e-03
3.934612419294905745e-03
3.934663786832797404e-03
3.934593003040354545e-03
3.934542917834055360e-03
3.934451761410221599e-03
3.934356266779996496e-03
3.934301630241297809e-03
3.934253126397607193e-03
3.934167067425596055e-03
3.934152549151515715e-03
3.934147201841420131e-03
3.934104944970420389e-03
3.934071674365375096e-03
3.934013797220905703e-03
3.933993454924470702e-03
3.934013185699263351e-03
3.933948988370514384e-03
3.933864446255204254e-03
3.933798235771562499e-03
3.933714934053030715e-03
3.933655641195571775e-03
3.933567711744435751e-03
3.933591792482259673e-03
3.933556701736715122e-03
3.933521589300104961e-03
3.933521977141813362e-03
3.933427893342320882e-03
3.933459587027358408e-03
3.933358457345240318e-03
3.933243992486091037e-03
3.933178475397786956e-03
3.933125601775235534e-03
3.933024053522908570e-03
3.932983142675752428e-03
3.932887026846329341e-03
3.932887960271128601e-03
3.932802384569451803e-03
3.932802203461564436e-03
3.932702466374492570e-03
3.932677767239493166e-03
3.932553822199249746e-03
3.932451375525700815e-03
3.932332098731691414e-03
3.932231223314272897e-03
3.932208799958709922e-03
3.932200908293406044e-03
3.932125513463702836e-03
3.932053037909858870e-03
3.932045522286754108e-03
3.932019709186747661e-03
3.931949487837951146e-03
3.931915692270051416e-03
3.931848028558683136e-03
3.931745776175275472e-03
3.931618834401427731e-03
3.931545176510006095e-03
3.931521427473167428e-03
3.931499895407667040e-03
3.931493636274173420e-03
3.931362355636184441e-03
3.931362859147764094e-03
3.931351230685400933e-03
3.931372397862860531e-03
3.931310067321271313e-03
3.931212313482842884e-03
3.931141981216681666e-03
3.931008194944127405e-03
3.930990309523127273e-03
3.930983946874387798e-03
3.930895144033070415e-03
3.930786725592295798e-03
3.930708973584033476e-03
3.930580965788018494e-03
3.930577559855913568e-03
3.930472197767403975e-03
3.930396820825399901e-03
3.930275182232771843e-03
3.930238914801817592e-03
3.930156711955248849e-03
3.930018909505876394e-03
3.929882912742134471e-03
3.929895339565205037e-03
3.929876014921764894e-03
3.929798258446024969e-03
3.929708757039703133e-03
3.929631922878807498e-03
3.929560779845113309e-03
3.929465323560781508e-03
3.929351403201658023e-03
3.929288774622728339e-03
3.929197875076443323e-03
3.929148659171481650e-03
3.928996974279869159e-03
3.928963288796624362e-03
3.928870336236534380e-03
3.928749656718031995e-03
3.928733499332157444e-03
3.928657461845010482e-03
3.928565906751784950e-03
3.928503677074889067e-03
3.928420767247508757e-03
3.928345427017790673e-03
3.928251399887388619e-03
3.928193857371913011e-03
3.928106666085520726e-03
3.928056357857282084e-03
3.928035906526847372e-03
3.927864972597549902e-03
3.927830639108880612e-03
3.927806576843947441e-03
3.927775078602248511e-03
3.927653475677132799e-03
3.927524943980346094e-03
3.927380144109226569e-03
3.927332294369616748e-03
3.927233264071260110e-03
3.927232610168120142e-03
3.927182736350114112e-03
3.927020074527427448e-03
3.926949772207247689e-03
3.926923542002523290e-03
3.926911151165062182e-03
3.926872241955258434e-03
3.926774651762930148e-03
3.926771139977427993e-03
3.926665674391666833e-03
3.926587156036018787e-03
3.926553371279331225e-03
3.926448233194902541e-03
3.926366256726402867e-03
3.926379047301991991e-03
3.926290352545705117e-03
3.926267870844157848e-03
3.926149260451436765e-03
3.926024450584281004e-03
3.925909233165882431e-03
3.925876498331381387e-03
3.925778318633865380e-03
3.925692938556627973e-03
3.925557948825466638e-03
3.925420605609077421e-03
3.925295675952774309e-03
3.925217757670347411e-03
3.925152854730475961e-03
3.925074712447937202e-03
3.924995181925267085e-03
3.924924606426375903e-03
3.924837026628718792e-03
3.924775454521899423e-03
3.924711383796892702e-03
3.924648130844792665e-03
3.924539317203453066e-03
3.924457452187700597e-03
3.924376095287202861e-03
3.924225583947238589e-03
3.924154211407630127e-03
3.924093207404327245e-03
3.923992957883352777e-03
3.923977036188090219e-03
3.923954495950857102e-03
3.923878296460398332e-03
3.923798359633962410e-03
3.923744193800847609e-03
3.923656337058272978e-03
3.923591891842109422e-03
3.923492119422378015e-03
3.923355385510076017e-03
3.923221103066153008e-03
3.923102956416737834e-03
3.923026265177814199e-03
3.923026554880070307e-03
3.922936554144877686e-03
3.922894992209193833e-03
3.922809763230168494e-03
3.922718434820496834e-03
3.922618955670356330e-03
3.922509567175587984e-03
3.922395224436822821e-03
3.922342405122068373e-03
3.922353586299083018e-03
3.922298879763846252e-03
3.922198957409511050e-03
3.922136410023070729e-03
3.922034960659091796e-03
3.921916546098835540e-03
3.921849329484893183e-03
3.921800797114642113e-03
3.921774583746037886e-03
3.921745702778941731e-03
3.921641622248307583e-03
3.921617087721692395e-03
3.921564308014872935e-03
3.921444543765401254e-03
3.921315939424400120e-03
3.921250008836063214e-03
3.921218899103498870e-03
3.921166677853984983e-03
3.921155156860711873e-03
3.921101976959592839e-03
3.921074307352952204e-03
3.921014153846906145e-03
3.920937873634110574e-03
3.920875796680556476e-03
3.920738538175544061e-03
3.920701622590782275e-03
3.920627928075608865e-03
3.920576998934415490e-03
3.920512496558961613e-03
3.920434065143105738e-03
3.920382576180474025e-03
3.920217107155319486e-03
3.920180277506952853e-03
3.920052227467222400e-03
3.919955189386144928e-03
3.919765111837248198e-03
3.919654816998936232e-03
3.919580895347434847e-03
3.919550447932380367e-03
3.919445038918715173e-03
3.919436717470780804e-03
3.919350021794981015e-03
3.919319942684371637e-03
3.919181163791548780e-03
3.919131876464242506e-03
3.919044947306914335e-03
3.918922217324772792e-03
3.918752435868759661e-03
3.918661562497201961e-03
3.918551172625192938e-03
3.918472719625028071e-03
3.918398180398905035e-03
3.918386801322044574e-03
3.918376232047408522e-03
3.918289669433716073e-03
3.918209405883611197e-03
3.918154808797781434e-03
3.918035306555853019e-03
3.917997661603280293e-03
3.917901583835398972e-03
3.917826395641400838e-03
3.917787884575333821e-03
3.917776313555933372e-03
3.917693091357594970e-03
3.917676790760077354e-03
3.917646027321646136e-03
3.917603937657372290e-03
3.917502784685989586e-03
3.917423054054901786e-03
3.917374349707935730e-03
3.917255109096404349e-03
3.917217397774112875e-03
3.917097360599862930e-03
3.917020479023119138e-03
3.916985164696553702e-03
3.916872563141035601e-03
3.916795647778342944e-03
3.916656632663453874e-03
3.916560093765207758e-03
3.916477629047343534e-03
3.916338452395649698e-03
3.916207180680374850e-03
3.916108514586398408e-03
3.916103969830920205e-03
3.915954108037698715e-03
3.915822036064129340e-03
3.915714837435613736e-03
3.915644070577823342e-03
3.915558681006704560e-03
3.915429765409953952e-03
3.915337316691399304e-03
3.915224261949434501e-03
3.915226240254374504e-03
3.915135499069968654e-03
3.915032845772111782e-03
3.914966981527268942e-03
3.914802087893745446e-03
3.914711823975841956e-03
3.914673990884573636e-03
3.914598960309636534e-03
3.914530838902108636e-03
3.914427938515058041e-03
3.914378118214809944e-03
3.914331885413805702e-03
3.914258037888192904e-03
3.914128020806954475e-03
3.914061495037274123e-03
3.913991077784155330e-03
3.913903272066866258e-03
3.913863315819662153e-03
3.913788363097602842e-03
3.913752996015972332e-03
3.913645515421664868e-03
3.913580045212688464e-03
3.913495207717864084e-03
3.913460165118991078e-03
3.913428226199437698e-03
3.913291964357304246e-03
3.913157472825464119e-03
3.913105528005317475e-03
3.913053601204832116e-03
3.912912235544230982e-03
3.912822275739549077e-03
3.912793686372473094e-03
3.912708083996493773e-03
3.912586879785860498e-03
3.912506388608434985e-03
3.912415224421299936e-03
3.912282381083183672e-03
3.912295691489322061e-03
3.912222189748452116e-03
3.912145469479744696e-03
3.912047090985713849e-03
3.911911746552584196e-03
3.911855580961882441e-03
3.911800807421716292e-03
3.911758330836295414e-03
3.911635112555718330e-03
3.911560954527364825e-03
3.911409143931258645e-03
3.911288084312399688e-03
3.911243006919433787e-03
3.911124483189734082e-03
3.911011392044097534e-03
3.910925971634990339e-03
3.910877804191093161e-03
3.910870739668120474e-03
3.910677243530412406e-03
3.910572739928694884e-03
3.910435403112090882e-03
3.910360532837291528e-03
3.910280974207488471e-03
3.910239803708711812e-03
3.910207328987703145e-03
3.910175469284414389e-03
3.910134695213946313e-03
3.910029091404102798e-03
3.909921826990790314e-03
3.909823499051655674e-03
3.909786802359960754e-03
3.909718964300185236e-03
3.909561147229437608e-03
3.909437101814619217e-03
3.909350782879890927e-03
3.909269292545943138e-03
3.909173461806238377e-03
3.909111806430751873e-03
3.909036554115826421e-03
3.908974141438107709e-03
3.908915953708403702e-03
3.908820958423798141e-03
3.908780879177752021e-03
3.908649081970970093e-03
3.908582654163982387e-03
3.908483691549232732e-03
3.908354707386016251e-03
3.908240456038536252e-03
3.908190836646370861e-03
3.908133278887699659e-03
3.908024937697414901e-03
3.907939725673618449e-03
3.907833922489295335e-03
3.907739232523328200e-03
3.907648492347554764e-03
3.907540732091685162e-03
3.907501654286371466e-03
3.907402864577009735e-03
3.907369037707124695e-03
3.907267647454212497e-03
3.907219704854591330e-03
3.907122369850447863e-03
3.907087536459523565e-03
3.907077746607203264e-03
3.907003506312618606e-03
3.906949158483902056e-03
3.906882295353089618e-03
3.906808523719975702e-03
3.906749944556923287e-03
3.906677329837568609e-03
3.906590419522062638e-03
3.906515262485266322e-03
3.906468236997200257e-03
3.906419657989007414e-03
3.906251805367085862e-03
3.906209110063590517e-03
3.906069314327216026e-03
3.906004794209784990e-03
3.905901441659753726e-03
3.905809078089165880e-03
3.905718811678809532e-03
3.905602050386906658e-03
3.905528502651260583e-03
3.905461492274745969e-03
3.905387619472831286e-03
3.905279980799478308e-03
3.905152161704526347e-03
3.905038203689856647e-03
3.904944708232633167e-03
3.904840563318268901e-03
3.904755484975255906e-03
3.904607742164632744e-03
3.904584842911427729e-03
3.904540150227807371e-03
3.904519461371059371e-03
3.904449019013114374e-03
3.904321628186185021e-03
3.904256410184767274e-03
3.904170787078644223e-03
3.904095672429753160e-03
3.903982011627506535e-03
3.903940622272595272e-03
3.903905773689024354e-03
3.903822254781385160e-03
3.903764676059419056e-03
3.903718001355302187e-03
3.903670594965487611e-03
3.903620749033906521e-03
3.903490825722695425e-03
3.903369482483042517e-03
3.903325597139597342e-03
3.903246552174618935e-03
3.903198680069993893e-03
3.903150146832935763e-03
3.903097736004736227e-03
3.902984355526657994e-03
3.902813886886614264e-03
3.902714038711463558e-03
3.902637971732449314e-03
3.902541010701950433e-03
3.902459091606543581e-03
3.902390310538290767e-03
3.902351231330849959e-03
3.902301632912713938e-03
3.902132474698650610e-03
3.902025748229143512e-03
3.901953538858940213e-03
3.901826375026316591e-03
3.901757721883707813e-03
3.901679369314649953e-03
3.901617686034217301e-03
3.901536984882056705e-03
3.901418987599994219e-03
3.901329517524553415e-03
3.901303102312830579e-03
3.901159390141746564e-03
3.901049172495627340e-03
3.900975256507027093e-03
3.900846913353782711e-03
3.900806317309973154e-03
3.900833502887178332e-03
3.900795125979853589e-03
3.900661027545416614e-03
3.900569935677785684e-03
3.900511758019510611e-03
3.900450019956697070e-03
3.900348470458271394e-03
3.900255801349687169e-03
3.900207504980478593e-03
3.900113591581520506e-03
3.900070718751983984e-03
3.899908424511849391e-03
3.899755909840812908e-03
3.899648456243874194e-03
3.899604716446296044e-03
3.899497127164337686e-03
3.899356680322456012e-03
3.899273397756645738e-03
3.899181960926948083e-03
3.899142518944989384e-03
3.899114537472397717e-03
3.899019095949288975e-03
3.898907085475433656e-03
3.898729172541070490e-03
3.898625538421005444e-03
3.898549848214000191e-03
3.898440255121558406e-03
3.898369573411278582e-03
3.898346502668346633e-03
3.898322954420082101e-03
3.898251710642868916e-03
3.898206968795958367e-03
3.898087674566406372e-03
3.898021104764486360e-03
3.897940211201885320e-03
3.897859036791545551e-03
3.897870484206262219e-03
3.897874573754790597e-03
3.897762587478603886e-03
3.897629570551743548e-03
3.897564992405839861e-03
3.897483658179587852e-03
3.897340335674783114e-03
3.897264855097246159e-03
3.897207953754595888e-03
3.897148839112827418e-03
3.897047622419250092e-03
3.897021381142428895e-03
3.896963336827094677e-03
3.896886710701197559e-03
3.896858757095652669e-03
3.896810857044901745e-03
3.896772036745749842e-03
3.896738587598046893e-03
3.896644673728175134e-03
3.896659160108933290e-03
3.896601852188927035e-03
3.896530139091998381e-03
3.896414631403408244e-03
3.896321222646994490e-03
3.896231788316473731e-03
3.896119863810840536e-03
3.895997434304149503e-03
3.895861464068044438e-03
3.895763499764020969e-03
3.895743691724209718e-03
3.895636455809195139e-03
3.895516393864082317e-03
3.895432941071433341e-03
3.895383403080368220e-03
3.895264450187355121e-03
3.895166943413299991e-03
3.895140109640452594e-03
3.895084217707610666e-03
3.894956166377891698e-03
3.894852957397662747e-03
3.894745984620852104e-03
3.894677149339402424e-03
3.894538015317917847e-03
3.894405133339352669e-03
3.894334936817569429e-03
3.894282522000304305e-03
3.894227275638360332e-03
3.894124548234455772e-03
3.894011837028867832e-03
3.893998191519937573e-03
3.893952392361965404e-03
3.893872846941717324e-03
3.893761502988443354e-03
3.893619306872677949e-03
3.893573918228624645e-03
3.893486866925617920e-03
3.893441392282392857e-03
3.893403532229210064e-03
3.893322121110713747e-03
3.893271312386559560e-03
3.893202264258617280e-03
3.893128118652618153e-03
3.893029266664037747e-03
3.892871774481565256e-03
3.892806116404999746e-03
3.892722187881334124e-03
3.892592166948626638e-03
3.892512801120333581e-03
3.892511155248217468e-03
3.892406906520150343e-03
3.892300954678109149e-03
3.892247674104475086e-03
3.892129288379731367e-03
