5.882835283936530425e-04
5.884600341805554810e-04
5.886946683249330049e-04
5.889378322639226985e-04
5.891671980553800717e-04
5.893841741099168936e-04
5.895983801708803334e-04
5.898778459477862579e-04
5.901381649327962957e-04
5.903791366319204384e-04
5.906109265856023926e-04
5.908431725511354565e-04
5.910818201322960881e-04
5.913296655118961643e-04
5.915874883943109683e-04
5.918549506684997073e-04
5.921312062476929419e-04
5.924152569894973897e-04
5.927063261142155202e-04
5.930039750514941223e-04
5.933144544157894530e-04
5.936331739973941700e-04
5.940550042333667125e-04
5.943182045811119633e-04
5.946479246189549824e-04
5.950552309585444314e-04
5.953445325976392064e-04
5.957129284812719876e-04
5.960926072854430676e-04
5.965027025785981122e-04
5.968571508542499984e-04
5.972583469489421574e-04
5.976627259616452883e-04
5.980549259783740461e-04
5.984241916862600335e-04
5.987337284598369955e-04
5.991407626634503644e-04
5.995441743452028030e-04
5.999329700900446049e-04
6.003282166523530835e-04
6.007302345536955340e-04
6.011392475643894447e-04
6.015555248916180540e-04
6.019793115256817607e-04
6.024108940499456766e-04
6.028505394762184071e-04
6.032985270144988234e-04
6.037926629385222425e-04
6.043070546269641930e-04
6.046714105897457812e-04
6.052140666197404007e-04
6.057468558707246580e-04
6.062667652411915390e-04
6.067776122639515282e-04
6.071583170088059277e-04
6.076850885766332854e-04
6.082128111142293949e-04
6.087360367242202570e-04
6.090961032539659757e-04
6.096705554795243389e-04
6.102612350626105070e-04
6.108601883631554390e-04
6.111938533167809518e-04
6.116117346446021735e-04
6.123253747338191057e-04
6.129944705534921736e-04
6.133464470156313984e-04
6.137817164096223644e-04
6.145287856328178434e-04
6.152291505678402200e-04
6.155962852134725695e-04
6.160537751232176510e-04
6.167551606899103521e-04
6.174376517127328021e-04
6.179133237965876236e-04
6.186105924513814799e-04
6.192990321580945680e-04
6.199792767161832734e-04
6.206568109829962814e-04
6.213358338438612410e-04
6.220188320755412874e-04
6.227072211129618291e-04
6.234017746333093100e-04
6.241027978716221468e-04
6.248102644080015186e-04
6.255238683411821696e-04
6.262431596683494658e-04
6.269675079162177408e-04
6.276962302407097056e-04
6.284286096119164966e-04
6.291638770437485732e-04
6.298005352390344301e-04
6.304177543620699672e-04
6.311765920665911777e-04
6.317493953784674050e-04
6.322968682293973047e-04
6.329586599696085652e-04
6.336166290478147459e-04
6.344417262392245934e-04
6.351947063858762827e-04
6.357795764058488857e-04
6.366818381801350518e-04
6.373812821454322500e-04
6.383035751948856491e-04
6.388307204607614241e-04
6.397305630002360875e-04
6.402884903630778673e-04
6.412148025077900153e-04
6.417955005685374841e-04
6.427190822665215407e-04
6.433318665971827100e-04
6.442624638693502043e-04
6.449066655420995081e-04
6.458441269160491950e-04
6.465178434643665921e-04
6.473796512711614678e-04
6.482998012529141369e-04
6.492043874755657525e-04
6.501150472902505377e-04
6.507974814773220384e-04
6.517806647140061927e-04
6.525120221617641261e-04
6.533032131196773312e-04
6.541904891550630492e-04
6.552254621611130385e-04
6.561363883011608455e-04
6.570579420855382231e-04
6.579107379184043810e-04
6.586217162564996083e-04
6.596177458881305944e-04
6.604071248888698700e-04
6.614101938443487467e-04
6.623158304205774803e-04
6.632796325540750004e-04
6.644297158802051767e-04
6.655824156743960114e-04
6.667208619474842939e-04
6.678474072882894163e-04
6.689667132494117943e-04
6.697457302826426455e-04
6.706548168506250296e-04
6.715323700763699060e-04
6.724982020231013704e-04
6.733962865734309348e-04
6.745319993080446490e-04
6.755539200191684485e-04
6.765298313902715554e-04
6.776691113702037420e-04
6.790036809782291731e-04
6.802315450132453631e-04
6.814573240342242620e-04
6.825953487925163869e-04
6.840296896706672073e-04
6.851903608477258496e-04
6.864774783394757838e-04
6.878425222711098555e-04
6.889050746199484225e-04
6.899121690762295700e-04
6.913413074809728054e-04
6.924242844763631166e-04
6.934739638237667888e-04
6.946584412363762282e-04
6.957706562119895469e-04
6.973019864572569141e-04
6.984468538081531125e-04
6.997621220017628992e-04
7.013136133669368435e-04
7.025625578475301050e-04
7.038684904542307939e-04
7.054151793318491018e-04
7.067277906342218138e-04
7.078170275907372201e-04
7.091831465496588587e-04
7.105695232900082012e-04
7.121683748089946073e-04
7.135672790356476902e-04
7.149467286910461379e-04
7.164699031065394899e-04
7.175055252128703827e-04
7.192348997957872690e-04
7.207243874750046166e-04
7.221089161350699925e-04
7.236618741516505967e-04
7.251087682976646619e-04
7.263093665395299169e-04
7.275961913197389729e-04
7.292107527170488398e-04
7.306105995496744738e-04
7.320431621339966964e-04
7.339523006220053259e-04
7.352853464591069732e-04
7.368825875828233360e-04
7.381788498853682776e-04
7.398846414673785699e-04
7.417169029503729036e-04
7.431883970345294806e-04
7.448744186242456985e-04
7.465377280150347836e-04
7.480811552402185163e-04
7.502011847043726011e-04
7.519704129644344840e-04
7.536741602008404078e-04
7.555319351473446928e-04
7.574209466653282355e-04
7.590647499972145561e-04
7.607312586959435238e-04
7.630054221716168691e-04
7.645903677423000408e-04
7.667114875181339339e-04
7.685948724836787769e-04
7.701296959723688594e-04
7.725107757573712250e-04
7.747643758253672979e-04
7.765387096890111283e-04
7.789551092542845593e-04
7.805477417279541551e-04
7.829135355092652852e-04
7.847605094521071427e-04
7.863841477284551178e-04
7.888751035441496796e-04
7.914058740217787963e-04
7.932557436801356823e-04
7.951412183869378423e-04
7.975960635672066455e-04
8.002786493371028291e-04
8.029349386633223562e-04
8.055304591573392596e-04
8.079902854962281878e-04
8.106045795116648177e-04
8.129129949248211848e-04
8.146135748092568889e-04
8.166309323450082107e-04
8.181532010790735967e-04
8.201488637627343337e-04
8.224933719138512655e-04
8.245728956334607120e-04
8.269169680292084643e-04
8.292604278144492976e-04
8.317859025169596372e-04
8.343977093874568310e-04
8.369665629471156497e-04
8.395163765778494193e-04
8.420197090703322382e-04
8.446041515660592837e-04
8.464451181038662366e-04
8.488905608944714246e-04
8.512845866892326807e-04
8.533430152929522396e-04
8.554628092344484158e-04
8.579451428303751714e-04
8.606562634779391270e-04
8.636110466252644360e-04
8.659815349966728734e-04
8.687383797019694945e-04
8.711357725332570783e-04
8.735019740420555063e-04
8.754705294795270005e-04
8.778989576050125416e-04
8.804850818594781503e-04
8.833720636539475627e-04
8.863318872863738991e-04
8.896864871905526499e-04
8.928106989245903615e-04
8.946215839992637279e-04
8.962696787770507278e-04
8.992290418515614748e-04
9.016137883892941718e-04
9.044149673600329837e-04
9.073222518569708369e-04
9.096962975715531044e-04
9.126152264908283466e-04
9.151228944893762159e-04
9.184939144487429003e-04
9.211328915754776877e-04
9.236616241862970417e-04
9.269033570605672828e-04
9.294985603798508770e-04
9.323840668132014247e-04
9.355725883063782970e-04
9.379254151015501816e-04
9.410331797790888334e-04
9.442361469431389620e-04
9.467043660762752312e-04
9.499294902005002731e-04
9.522033978177282939e-04
9.554479149436568642e-04
9.590538919840897476e-04
9.625417089484020715e-04
9.653945108097075276e-04
9.687622829403238047e-04
9.712366576149821049e-04
9.738290270791632964e-04
9.764660828371639388e-04
9.794744568088584614e-04
9.819375832134356625e-04
9.852994651957569430e-04
9.889123690195974255e-04
9.917482161189486705e-04
9.941377145764964708e-04
9.972750138788600248e-04
1.000932751613980206e-03
1.004652156316842475e-03
1.008140129205658576e-03
1.011697209646881439e-03
1.014878765273876694e-03
1.017759971787003106e-03
1.021131541011711117e-03
1.025018706628750675e-03
1.028346940022756544e-03
1.032071553414619760e-03
1.035676634202518974e-03
1.039379143408079896e-03
1.042138917194369028e-03
1.045291589936765513e-03
1.048475182866673294e-03
1.052373174840493539e-03
1.056181086975803082e-03
1.059682108328021842e-03
1.062827568299549259e-03
1.066717471312205205e-03
1.070840784460784078e-03
1.073858668364150067e-03
1.078188306704223973e-03
1.081963676655136892e-03
1.085368884472469190e-03
1.088966417745782867e-03
1.093149968739455264e-03
1.096878086922134987e-03
1.099976616158162591e-03
1.104111745131556351e-03
1.107781078581981590e-03
1.112305500355241245e-03
1.116764529276032415e-03
1.119845391433086203e-03
1.123387865170152964e-03
1.127665403810454176e-03
1.131438300110924845e-03
1.135587980284981195e-03
1.140682906433231926e-03
1.144973536637958981e-03
1.149446493546777163e-03
1.154485244961058182e-03
1.158001746722176145e-03
1.161733962081297738e-03
1.165743974922261528e-03
1.170315865429791095e-03
1.174057177800805381e-03
1.176663467400923622e-03
1.180470845997085407e-03
1.185228364638476941e-03
1.188955745616295488e-03
1.193265279419898671e-03
1.197734638773246749e-03
1.202355502748966160e-03
1.207001619938934903e-03
1.211801534655905684e-03
1.214539817636398414e-03
1.219307579289238526e-03
1.224613187388528136e-03
1.228616237419736515e-03
1.232893233980688870e-03
1.237362378352785397e-03
1.241574395951550473e-03
1.246721075806470373e-03
1.251003398308897030e-03
1.255856123718021577e-03
1.260224438644450733e-03
1.265402088685568327e-03
1.270198666378346110e-03
1.273416920198630056e-03
1.277329949711505193e-03
1.282039641976511889e-03
1.286734214270630417e-03
1.291480255072741806e-03
1.295861479101511433e-03
1.300950500771270741e-03
1.305660034356180381e-03
1.310851864771236637e-03
1.315140169849273984e-03
1.319200678667248891e-03
1.323117634783827672e-03
1.327463223509855236e-03
1.331326337169254402e-03
1.335716286658330133e-03
1.341292352762890085e-03
1.347146129789051705e-03
1.351889409655015204e-03
1.357098670066693696e-03
1.361543223099160238e-03
1.367594254005800522e-03
1.373416576756191334e-03
1.379224175592807513e-03
1.383834190697091383e-03
1.388779526540057357e-03
1.393390491079710743e-03
1.399825341023180555e-03
1.404900253381363793e-03
1.409170007412551212e-03
1.414153410250588517e-03
1.419248719690589583e-03
1.423996076581516808e-03
1.429609236805423015e-03
1.434833208102872116e-03
1.440971067094676912e-03
1.447263728665388292e-03
1.452898986326657711e-03
1.457644984904221241e-03
1.462749196941677760e-03
1.468441874267318930e-03
1.474622557580614795e-03
1.480480004669197701e-03
1.485164985229136311e-03
1.488880448613950826e-03
1.495146020766565482e-03
1.499539248471354639e-03
1.504813641635397402e-03
1.510391489348867451e-03
1.516273184667913613e-03
1.521877350049539741e-03
1.526393910627815579e-03
1.531346124755470113e-03
1.536511610469030748e-03
1.542106828689655210e-03
1.547296036597912939e-03
1.552934559944194048e-03
1.557746021468768430e-03
1.564116845073536917e-03
1.567819883032898565e-03
1.572917732575486015e-03
1.578607046365576409e-03
1.583812206303895171e-03
1.588917830019606235e-03
1.594409087970813550e-03
1.599771873530985876e-03
1.606978441651527425e-03
1.611677761531728247e-03
1.616913365426758502e-03
1.622023878986099833e-03
1.626869876335964487e-03
1.630574159887415242e-03
1.636608410141250722e-03
1.642385785048917695e-03
1.648119597996092938e-03
1.654769666776060959e-03
1.659831654430016538e-03
1.666276050237820586e-03
1.672451017247839370e-03
1.679177466925476595e-03
1.684590243567364977e-03
1.688805113828149200e-03
1.695169191804444999e-03
1.701585477834654473e-03
1.708327781653232093e-03
1.715021297124253536e-03
1.722477359405594948e-03
1.728182349360787894e-03
1.732575220505034458e-03
1.739091920518621732e-03
1.746662879814635597e-03
1.752903881127532149e-03
1.759591422204067734e-03
1.765576299326248504e-03
1.771358442783887901e-03
1.777181312784262539e-03
1.783402687031396304e-03
1.790329247266594795e-03
1.796007421572152259e-03
1.801630833022063683e-03
1.808255953203438638e-03
1.813365575992522934e-03
1.819869867614073034e-03
1.825132557543040091e-03
1.831418061606038435e-03
1.837600610556301261e-03
1.843824269032597182e-03
1.850060480729314154e-03
1.856570517730679387e-03
1.863780448839596560e-03
1.869659189697907850e-03
1.874775761057619668e-03
1.881064384838487249e-03
1.887766172791393530e-03
1.895257283416875924e-03
1.903327340197751710e-03
1.909666058809432769e-03
1.916711380262891033e-03
1.922565588621549717e-03
1.928955692580536533e-03
1.935916114703748652e-03
1.942295939022885189e-03
1.948557447138730405e-03
1.955902706963636752e-03
1.962973221097843394e-03
1.970489798112691135e-03
1.977164167925595743e-03
1.982550035199428465e-03
1.989296095642082568e-03
1.995129230798475817e-03
2.001821899627065533e-03
2.009440503883187703e-03
2.015167509288881467e-03
2.021967949883657356e-03
2.028984233070629372e-03
2.033949853381295490e-03
2.040927428035742373e-03
2.047915140244089324e-03
2.054605789849818943e-03
2.060755594341370008e-03
2.065872231531342123e-03
2.072701597974144737e-03
2.079549728763410276e-03
2.084247058572037854e-03
2.090258001288934023e-03
2.095379567227632564e-03
2.100982766806495840e-03
2.105995593981163563e-03
2.112550332528680304e-03
2.118113698834319433e-03
2.124713908970390572e-03
2.131582354175814899e-03
2.137744674258068665e-03
2.144905407810754686e-03
2.149886911728446370e-03
2.156241491918555950e-03
2.160300998028752938e-03
2.164807929793393249e-03
2.169377323795162234e-03
2.173131580665440231e-03
2.179040243185717800e-03
2.184485378237594790e-03
2.192193868749386498e-03
2.197465768388692092e-03
2.202634258011866401e-03
2.208027511964601348e-03
2.213237715382245039e-03
2.219672754992746064e-03
2.224647258294158367e-03
2.231027623282425248e-03
2.236126733050614740e-03
2.242360103035627005e-03
2.247346320819744361e-03
2.252792740679555438e-03
2.258659666218844515e-03
2.264418475664988547e-03
2.269978206766544611e-03
2.275093671277093541e-03
2.280117149071644259e-03
2.285864658863637558e-03
2.292159505574228526e-03
2.297863244920708529e-03
2.303542226851423499e-03
2.308525520921014731e-03
2.312849367932575100e-03
2.318719576664510316e-03
2.322764476181818968e-03
2.327428733334246935e-03
2.332412918094085852e-03
2.337239055790994290e-03
2.343255816228486960e-03
2.347747488858830441e-03
2.351338279701459168e-03
2.356285087272029510e-03
2.361213576249872499e-03
2.365414395862467951e-03
2.370878250959052892e-03
2.375478142890522209e-03
2.379825407349622692e-03
2.385039702585531676e-03
2.389101745193568122e-03
2.394560219620091215e-03
2.399771323258308338e-03
2.403484480910328056e-03
2.408152737973978143e-03
2.412834027530254971e-03
2.418065365473471857e-03
2.421567121273292961e-03
2.426173211991144475e-03
2.429868305093763579e-03
2.435369294258210408e-03
2.440566257747859430e-03
2.445897460042150036e-03
2.450846182955687506e-03
2.455687420272093836e-03
2.460032488269595346e-03
2.464306472271358180e-03
2.468300632582865525e-03
2.472737905935522805e-03
2.476798016541896866e-03
2.482152015113205015e-03
2.486662713338021625e-03
2.490705796517799376e-03
2.494958674658471695e-03
2.499779368380891480e-03
2.504214817402366979e-03
2.507170959027138924e-03
2.511278099818382761e-03
2.515928098346460924e-03
2.520844789441221544e-03
2.525479624882487513e-03
2.530706123210106802e-03
2.533833994180985025e-03
2.537382019775400854e-03
2.541612795213302710e-03
2.546197943114491061e-03
2.550697731293843397e-03
2.554950128071593538e-03
2.558506469659999148e-03
2.562567835177086313e-03
2.565779700891424129e-03
2.570151934470154588e-03
2.573384161167514405e-03
2.578389296515432808e-03
2.583285355432944630e-03
2.586891933248950792e-03
2.591904948889746201e-03
2.596684428885764721e-03
2.599908731140203669e-03
2.604184319715404598e-03
2.608334992284484094e-03
2.613324322516174126e-03
2.616911413408241644e-03
2.621432558513956800e-03
2.625438876358091034e-03
2.629838533924895843e-03
2.632976915237255321e-03
2.637024674996229449e-03
2.640836330356801081e-03
2.644871371620319180e-03
2.649314044382885657e-03
2.652969183098072541e-03
2.656722865182786775e-03
2.661422206656239957e-03
2.665691976548513909e-03
2.668829578283277767e-03
2.671927185126237846e-03
2.674733498088727266e-03
2.677854379504148938e-03
2.681659026661637173e-03
2.685303475192161657e-03
2.689039502487807279e-03
2.692730711108471536e-03
2.696011932301145900e-03
2.699945195448044503e-03
2.704258193302145306e-03
2.708312684678453736e-03
2.711860166316200794e-03
2.715569441531747071e-03
2.719328044851340980e-03
2.723072643441193982e-03
2.727152638533728544e-03
2.731489211857705997e-03
2.735875142161160473e-03
2.739459828595449710e-03
2.743121013629246010e-03
2.746846681489930730e-03
2.751074887997167605e-03
2.754049500661102153e-03
2.757157111686012966e-03
2.761481027203172098e-03
2.765108560967262721e-03
2.768213613146363380e-03
2.771900307364882562e-03
2.774737561940265797e-03
2.777864629775774179e-03
2.780755744310425132e-03
2.783627758999031050e-03
2.787095607609798697e-03
2.791087266882045798e-03
2.794667743482730921e-03
2.797639774199248315e-03
2.801631087105828800e-03
2.804865048103442372e-03
2.807724763149025467e-03
2.811516351229584928e-03
2.813605569537315585e-03
2.817339939883205854e-03
2.820656701515623747e-03
2.823835311730458954e-03
2.827168613152768271e-03
2.830481585736707544e-03
2.833678738292937267e-03
2.836482564603663280e-03
2.839311921104148428e-03
2.842468855386253487e-03
2.845970841928830656e-03
2.848572687028236555e-03
2.851572145032833100e-03
2.854537940724501208e-03
2.857292805668012765e-03
2.861368397616333506e-03
2.864534831122541193e-03
2.867710717063758942e-03
2.870683300624032788e-03
2.873275212080026505e-03
2.877059519694030384e-03
2.879509926345267569e-03
2.882594994816802762e-03
2.885463567490466515e-03
2.888382737667155326e-03
2.891937191750214037e-03
2.894755721281708563e-03
2.897925204216570717e-03
2.900828367933263978e-03
2.903792284330629445e-03
2.907288989434705668e-03
2.910312845410181933e-03
2.914164740235749337e-03
2.917329041798957280e-03
2.920594912414729155e-03
2.923467837204793245e-03
2.926503490925900629e-03
2.929284044562757879e-03
2.932347641854988075e-03
2.935444144932493251e-03
2.938307655819081144e-03
2.941137356389941782e-03
2.944812072156537900e-03
2.947686756510874920e-03
2.951444879887589988e-03
2.953850322318735122e-03
2.956878747547128389e-03
2.959621458484497283e-03
2.962492497601933780e-03
2.965519879121592157e-03
2.968679780010108262e-03
2.971615171015319027e-03
2.973616529813648789e-03
2.976647671821304117e-03
2.979731904498001890e-03
2.982261757079898712e-03
2.985641256501991338e-03
2.988842188092187459e-03
2.992220244471391344e-03
2.995096252577656749e-03
2.998123534847069085e-03
3.000737939139621821e-03
3.004017873246935585e-03
3.006709782416182829e-03
3.009397998251319740e-03
3.012281726422750411e-03
3.015606120373250966e-03
3.018216858915403426e-03
3.020981242279363946e-03
3.023783406892189152e-03
3.026791568356419684e-03
3.029354342265254060e-03
3.032271321792322401e-03
3.034814887510313332e-03
3.037953210627382643e-03
3.040976565502465090e-03
3.043943766285201868e-03
3.047191349406492764e-03
3.050020765391552729e-03
3.052557590963934486e-03
3.054471339266129955e-03
3.057556136401336309e-03
3.060680049202354081e-03
3.063406436042194394e-03
3.066230312638012351e-03
3.069053755451761449e-03
3.071724379607641831e-03
3.074798649529699238e-03
3.077310488460340086e-03
3.080125449982019058e-03
3.082677701251220100e-03
3.085220659652442108e-03
3.087655222950274909e-03
3.090261051457432896e-03
3.092907952581440151e-03
3.095344322014806186e-03
3.098177324038795498e-03
3.100454782782270310e-03
3.103302207699994413e-03
3.105513669199673824e-03
3.108388340601928729e-03
3.111316643536490845e-03
3.113254029140947662e-03
3.116185394402772209e-03
3.119466237920326228e-03
3.121557546424925337e-03
3.123518106731118342e-03
3.125896748843976381e-03
3.128011349379795046e-03
3.130477345379049578e-03
3.133093782242546334e-03
3.135313086690292780e-03
3.137765604648602713e-03
3.139952913976987951e-03
3.143120677247402805e-03
3.145653134823723357e-03
3.148360769685600198e-03
3.151178333360754504e-03
3.154117058907343531e-03
3.156822938812728178e-03
3.159182733913105598e-03
3.161468005008554946e-03
3.163951223187821873e-03
3.166414765473672937e-03
3.169480671570089596e-03
3.172031421267501421e-03
3.174782608422555517e-03
3.177135276907038734e-03
3.179758610170324400e-03
3.182855099305427222e-03
3.185542133667664151e-03
3.188097869741854471e-03
3.190990081319098476e-03
3.193087510607689212e-03
3.195594739475179392e-03
3.197801942867677712e-03
3.200043503653507426e-03
3.202271802311380117e-03
3.204535661424214119e-03
3.206629642308453723e-03
3.208751228558833022e-03
3.211241811270056003e-03
3.213636415429940631e-03
3.216489471877699569e-03
3.219077995882674379e-03
3.221179043139398533e-03
3.223986256844169496e-03
3.226333273660798515e-03
3.228650601234216502e-03
3.230735527402202843e-03
3.232842509625883255e-03
3.235437703162895827e-03
3.237781146977215460e-03
3.239678119795363909e-03
3.242118182842603901e-03
3.244474809480225267e-03
3.246434322343856767e-03
3.248698351135991761e-03
3.251433583747576073e-03
3.253687883119723082e-03
3.255846066552982049e-03
3.258116517482429874e-03
3.260477558646183039e-03
3.263215877663695492e-03
3.265769675121394516e-03
3.268335877890246859e-03
3.270793024155756960e-03
3.272980696754775824e-03
3.275086102724650370e-03
3.277469258569845958e-03
3.279734045047896698e-03
3.281573845695049015e-03
3.283544415168471869e-03
3.285238898697185900e-03
3.287521072469281290e-03
3.289751280582095799e-03
3.291805326542406474e-03
3.293731420310456841e-03
3.295841576302168622e-03
3.297612813885750140e-03
3.299424102840906384e-03
3.301000511868296561e-03
3.303077671613877109e-03
3.305447671335440783e-03
3.307777147391227721e-03
3.310202486293044831e-03
3.311822959262197309e-03
3.314057064116303439e-03
3.316196981690883085e-03
3.317981745375736188e-03
3.320331332866297176e-03
3.322047577919550170e-03
3.324417090791157662e-03
3.326488759775509275e-03
3.328034069984041245e-03
3.330143936172965790e-03
3.332151432896477555e-03
3.334154565639777402e-03
3.336215879214848509e-03
3.338590071731651222e-03
3.340692280622783832e-03
3.342617584991905595e-03
3.344349519970334517e-03
3.346189951256993162e-03
3.348015015486064880e-03
3.350001702610806362e-03
3.352272460717084599e-03
3.354245864121350052e-03
3.356351077661686149e-03
3.358608997068010093e-03
3.360795846625426637e-03
3.362674692079834372e-03
3.364882192514470540e-03
3.367117797999538177e-03
3.369698482787748545e-03
3.371749668202809330e-03
3.373512342369241850e-03
3.375519577338642607e-03
3.377447264588915015e-03
3.379537150314332328e-03
3.381971098092910206e-03
3.383699507482425869e-03
3.385603896762967319e-03
3.387628518000271750e-03
3.389488376737850080e-03
3.391591563169750641e-03
3.393484231646601203e-03
3.394878669139070586e-03
3.397551814613377578e-03
3.399092550990679990e-03
3.400532106137078240e-03
3.402146034704491874e-03
3.403940907726860088e-03
3.405866266066319165e-03
3.408046088708311609e-03
3.409909906992336301e-03
3.411766905663362985e-03
3.413647413379444946e-03
3.415633112948812146e-03
3.417720801333357702e-03
3.419907437510771777e-03
3.421840097021977903e-03
3.423910175989393692e-03
3.426098421005479427e-03
3.428339281377750826e-03
3.430024443530823013e-03
3.432030552003198336e-03
3.433693222717164838e-03
3.435404005238731299e-03
3.437295866035563943e-03
3.439447976881701390e-03
3.441191855260916470e-03
3.442734897954110619e-03
3.444524024272542333e-03
3.446279998106204466e-03
3.447988334497176406e-03
3.449874662202120305e-03
3.452026332098765988e-03
3.453862816651131085e-03
3.455433981365227739e-03
3.457296475869955314e-03
3.458935494287479224e-03
3.460791776282176949e-03
3.462670264100903197e-03
3.464599105327063975e-03
3.466590707957632050e-03
3.468429068115104139e-03
3.470052735544002821e-03
3.471833120014136773e-03
3.473913291195998652e-03
3.475699647529262911e-03
3.477463164248315551e-03
3.479306848500188232e-03
3.481141421825605358e-03
3.482804964241330813e-03
3.484714043173270815e-03
3.485859633609003812e-03
3.487604423498807688e-03
3.489600244862021538e-03
3.491479985668601883e-03
3.493620262910209027e-03
3.495136758884878365e-03
3.496867283409050859e-03
3.498614365291250524e-03
3.500253838157492674e-03
3.501796336311180022e-03
3.503643551839800280e-03
3.505274798075726662e-03
3.507029635973392487e-03
3.508644557570084286e-03
3.510491715265486295e-03
3.512407803107072540e-03
3.514072088793989985e-03
3.515980561730029392e-03
3.517751442620816252e-03
3.519581976292204990e-03
3.521488479811546966e-03
3.523049843718528955e-03
3.524684404961077842e-03
3.526348866075319430e-03
3.527853928792473118e-03
3.529422287176903726e-03
3.531056054674143116e-03
3.532486174958040723e-03
3.534038228184969814e-03
3.535812067251872630e-03
3.537487430258183432e-03
3.539469365244133497e-03
3.541325397550790580e-03
3.542896585910924184e-03
3.544676780041359273e-03
3.546424288116788517e-03
3.548194119251246639e-03
3.549802099994099711e-03
3.551351751144506304e-03
3.553042838200422011e-03
3.554944988426049762e-03
3.556654496550005779e-03
3.558167945316694381e-03
3.559952547017174521e-03
3.561778014403061028e-03
3.563363411090130200e-03
3.564712089286630001e-03
3.566277951305733048e-03
3.568065904926886502e-03
3.569569228948368811e-03
3.571135733528160976e-03
3.573038564556405266e-03
3.574349961169365555e-03
3.575930140016341137e-03
3.577795640674802640e-03
3.579429739183719299e-03
3.581110115390551910e-03
3.582590703161179536e-03
3.584218606678171801e-03
3.586084948476526719e-03
3.587852222800126320e-03
3.589637782289114686e-03
3.591398875991177585e-03
3.593217272657863847e-03
3.594911097805736713e-03
3.596352056366535713e-03
3.597842517772674095e-03
3.599356560048015512e-03
3.601212843505073851e-03
3.603163241950640017e-03
3.604702399755499529e-03
3.606504246066297940e-03
3.607694598151695107e-03
3.609065135805613993e-03
3.610733399758998992e-03
3.612168878757155820e-03
3.613464781058138130e-03
3.615005010378199296e-03
3.616700689055221771e-03
3.617993222276275414e-03
3.619565145320660822e-03
3.620981102785530634e-03
3.622513262993050463e-03
3.624420530524411887e-03
3.625980261461967530e-03
3.627296948237554355e-03
3.628754497339193794e-03
3.630165603358697941e-03
3.631692231506767916e-03
3.633037655556020911e-03
3.634474782444741328e-03
3.636245108759532819e-03
3.637573801629088912e-03
3.639005583745342273e-03
3.640740781509178934e-03
3.642446150953662035e-03
3.643865904893163910e-03
3.645261803006072995e-03
3.646789141430513241e-03
3.648310467980115691e-03
3.649761308445183955e-03
3.651340956051530359e-03
3.652981826587634734e-03
3.654661496595126152e-03
3.656301038209907282e-03
3.657513825125110422e-03
3.659034943096490904e-03
3.660620106715450992e-03
3.662144529502599742e-03
3.663605810789930320e-03
3.664855893251103575e-03
3.666204490167764615e-03
3.667513167457937123e-03
3.668924115430557530e-03
3.670322504522968710e-03
3.672040344257916991e-03
3.673536821047978553e-03
3.674716830739479991e-03
3.676007117245152188e-03
3.677450826417574207e-03
3.678815061689412903e-03
3.679852627745322687e-03
3.681013522418367587e-03
3.682426650755194885e-03
3.684128255520994610e-03
3.685374693763942503e-03
3.686376917754049295e-03
3.687934894439998113e-03
3.689313997026902499e-03
3.690903140426458808e-03
3.692488631917431856e-03
3.694112621610553225e-03
3.695341141148555508e-03
3.696751868776772601e-03
3.698223162650888032e-03
3.699877955308487117e-03
3.701194356523745954e-03
3.702628733581000541e-03
3.703986936606933327e-03
3.705563874526656212e-03
3.706764657071441506e-03
3.708023812482153566e-03
3.709356475776071776e-03
3.710839267140996888e-03
3.712193811313389217e-03
3.713705998141071836e-03
3.715188900513891664e-03
3.716490675400178304e-03
3.717787046029465570e-03
3.719157952919505301e-03
3.720436602744739245e-03
3.722122607566252534e-03
3.723506723961248280e-03
3.724911452332691723e-03
3.726298339086472292e-03
3.727511933306252787e-03
3.728690231578523501e-03
3.729988429977073965e-03
3.731370925678476492e-03
3.732450548452941920e-03
3.733995019370852514e-03
3.735222826077117149e-03
3.736169816725600900e-03
3.737313089431553662e-03
3.738666941690616842e-03
3.739871578518561262e-03
3.741236156685302534e-03
3.742459875457958361e-03
3.743827145375017498e-03
3.745341890655283588e-03
3.746752979539057400e-03
3.748359038126510348e-03
3.749796554432203392e-03
3.750947358661250140e-03
3.752334389335919805e-03
3.753605970825393302e-03
3.754972281822966957e-03
3.756154462871178282e-03
3.757256799966648096e-03
3.758503645142781489e-03
3.759780206145445225e-03
3.761102260283299796e-03
3.762460596737384356e-03
3.763982034441058864e-03
3.765272382211750594e-03
3.766442090795682658e-03
3.767891903170062385e-03
3.769196256380273179e-03
3.770387066263808720e-03
3.771552394472486858e-03
3.772829382436805427e-03
3.774010804440002843e-03
3.775198411101167439e-03
3.776369787258616276e-03
3.777558523362648663e-03
3.778829713481293186e-03
3.779966251039522558e-03
3.781285364672060893e-03
3.782680566156338894e-03
3.783788488101221068e-03
3.784997533053224839e-03
3.786239466471565639e-03
3.787577665301535956e-03
3.788897944808795274e-03
3.790328237666984543e-03
3.791444647466220546e-03
3.792621980264823233e-03
3.793906639524508104e-03
3.795079914274821463e-03
3.796095379952438634e-03
3.797260737320976628e-03
3.798787355474483266e-03
3.800013139450561430e-03
3.801160637756075857e-03
3.802256678463076904e-03
3.803389538356397124e-03
3.804575611287165562e-03
3.805558048028515310e-03
3.806902525528378222e-03
3.808112083954060933e-03
3.809351469955089484e-03
3.810569397659596853e-03
3.811786621802352830e-03
3.812989745894507319e-03
3.814335840989440708e-03
3.815626335983899470e-03
3.816912452906883000e-03
3.818079128290953646e-03
3.819185191688949117e-03
3.820385912552548210e-03
3.821509585014455125e-03
3.822465717594130535e-03
3.823639294287071912e-03
3.824452721357924669e-03
3.825586541088133244e-03
3.826723453083809377e-03
3.827707789490489981e-03
3.828887495421305978e-03
3.829826165196106511e-03
3.830822267317502989e-03
3.831894690223080265e-03
3.833162082455797599e-03
3.834241170566269393e-03
3.835521539921637937e-03
3.836708455203278589e-03
3.837665836938602276e-03
3.838833158585299669e-03
3.840177314499147818e-03
3.841467406804952890e-03
3.842617219798618537e-03
3.843902713893277128e-03
3.845107297307915652e-03
3.846384560786768152e-03
3.847584104269123964e-03
3.848821999362825666e-03
3.849922947185940338e-03
3.851052951020358158e-03
3.852430521388476668e-03
3.853391743746555510e-03
3.854565250187644808e-03
3.855821856273500183e-03
3.856848460310030504e-03
3.858117881392170937e-03
3.859488327212543847e-03
3.860598364929447579e-03
3.861881977635690452e-03
3.862998911249593877e-03
3.864075661665972248e-03
3.865202549646367790e-03
3.866372207478914556e-03
3.867598034300802519e-03
3.868719713628078136e-03
3.869779070755359745e-03
3.870809564227172157e-03
3.871809298865259291e-03
3.872973670774910483e-03
3.873822073911702135e-03
3.874993818563283315e-03
3.876179393371448692e-03
3.877328525097355118e-03
3.878130035805550397e-03
3.879038849673329542e-03
3.880124994300250627e-03
3.881445504092491134e-03
3.882714043373119549e-03
3.883978359935943633e-03
3.885083278996740754e-03
3.886198872047148464e-03
3.887457518963938208e-03
3.888620961295512126e-03
3.889447048738108471e-03
3.890490362086339565e-03
3.891453733781390697e-03
3.892519727792650031e-03
3.893669061972284285e-03
3.894708553132621067e-03
3.895764943344877385e-03
3.896936187341394284e-03
3.898050188815613878e-03
3.898959248330445201e-03
3.899859697191187472e-03
3.900923932823636628e-03
3.902137654306279697e-03
3.903056147446119350e-03
3.904064713793405951e-03
3.905214403631342059e-03
3.906198478025319897e-03
3.907257138797168121e-03
3.908072081194078652e-03
3.909085023852796117e-03
3.910161701507248663e-03
3.911303391399898258e-03
3.912298323654680131e-03
3.913596493057090904e-03
3.914519649643050277e-03
3.915534465196120369e-03
3.916531205995475891e-03
3.917503011128227811e-03
3.918747880581017161e-03
3.919693507612715885e-03
3.920863457782433614e-03
3.921836820866457865e-03
3.922960310195601485e-03
3.923841321832685462e-03
3.924875932632272170e-03
3.926041818846919863e-03
3.927196455609507572e-03
3.928191563837129911e-03
3.929377197608971244e-03
3.930252103665861883e-03
3.931156431623094791e-03
3.932094210129664230e-03
3.932915994873666457e-03
3.933963692598817230e-03
3.934929976141024119e-03
3.935985222812346182e-03
3.936863210655543871e-03
3.937966468494300855e-03
3.938904597913411507e-03
3.939736170950320845e-03
3.940790713969112569e-03
3.941778512512368431e-03
3.942723688413969467e-03
3.943888385974055229e-03
3.944767315467212314e-03
3.945878451431423378e-03
3.946948026178075802e-03
3.948008054736078763e-03
3.949076324049449749e-03
3.950015651986858896e-03
3.950972313866302384e-03
3.951884569659547958e-03
3.953008827681314154e-03
3.953876882791074882e-03
3.954772771276813745e-03
3.955740940992775144e-03
3.956787946422644919e-03
3.957705757445143663e-03
3.958540029811493527e-03
3.959575650500360075e-03
3.960580596591099442e-03
3.961554300224016598e-03
3.962561185769833405e-03
3.963678024902782954e-03
3.964641689654137269e-03
3.965552314088151113e-03
3.966573009076640628e-03
3.967526400903712003e-03
3.968472335107258581e-03
3.969278264751636108e-03
3.970244204780590432e-03
3.970998748874871725e-03
3.971911078222133476e-03
3.972772494266795310e-03
3.973616608072584599e-03
3.974427884062261759e-03
3.975326417660833382e-03
3.976361643169278558e-03
3.977122077391912792e-03
3.977917136549513101e-03
3.978842678122223968e-03
3.979807673191147060e-03
3.980877649595561223e-03
3.981760663737333311e-03
3.982691395249980323e-03
3.983370515024351258e-03
3.984294443435846406e-03
3.985076360035110822e-03
3.985915177104743662e-03
3.986615380375532064e-03
3.987485386259139938e-03
3.988301059216090017e-03
3.989192476308071021e-03
3.990109814939882434e-03
3.990909785443462823e-03
3.991756244291424713e-03
3.992744508488560613e-03
3.993604855334726214e-03
3.994505259871634385e-03
3.995369348783591769e-03
3.996163858866670117e-03
3.997146920762532224e-03
3.998092821628536006e-03
3.998947185334487432e-03
3.999811343344004087e-03
4.000440631409127312e-03
4.001262502116883016e-03
4.002212171899771978e-03
4.003126368545304598e-03
4.004135540200399850e-03
4.005019921911700913e-03
4.006026182139501603e-03
4.006705581345713918e-03
4.007514400789332493e-03
4.008285652643502062e-03
4.009090643347108969e-03
4.010000546988819366e-03
4.010755367664777492e-03
4.011725405613393407e-03
4.012701142922987275e-03
4.013616974768976706e-03
4.014653049605209668e-03
4.015501456324604285e-03
4.016288643440823862e-03
4.017032135790518828e-03
4.017839516690565813e-03
4.018729614607197131e-03
4.019494060044233666e-03
4.020476848688670814e-03
4.021499996870914369e-03
4.022408268123190203e-03
4.023432210369787959e-03
4.024293675217622233e-03
4.025118550315564224e-03
4.025743529295851969e-03
4.026587912040807335e-03
4.027411375920883670e-03
4.028240233442511621e-03
4.028997538424648923e-03
4.029794202036320570e-03
4.030651456439091063e-03
4.031366178056708036e-03
4.032188235159530655e-03
4.033238094252086792e-03
4.034232933202369122e-03
4.035098000393922725e-03
4.035933162891636172e-03
4.036673235177208607e-03
4.037541202896769224e-03
4.038575679142528650e-03
4.039305252088122924e-03
4.040183452624858743e-03
4.041088881600104522e-03
4.041776526600638492e-03
4.042455801810216666e-03
4.043336709620003189e-03
4.044124876857181118e-03
4.044942576266068873e-03
4.045866199105997707e-03
4.046849851157129953e-03
4.047749058010568363e-03
4.048566939491985046e-03
4.049410924186607266e-03
4.050340901527673190e-03
4.051077703398635495e-03
4.051870270661226021e-03
4.052698794549716363e-03
4.053573169633169042e-03
4.054384955652285891e-03
4.055227100283838315e-03
4.055998155760691566e-03
4.056760009265686709e-03
4.057561713118162938e-03
4.058501286372768330e-03
4.059351928526108537e-03
4.060154458710282278e-03
4.060858565352119809e-03
4.061681294322936828e-03
4.062532374708710016e-03
4.063293819267129771e-03
4.064139637671171541e-03
4.064992636183388866e-03
4.065745679729790632e-03
4.066693377302838842e-03
4.067637268463318231e-03
4.068283062232572189e-03
4.069092400888897447e-03
4.069955319981923003e-03
4.070825609174436727e-03
4.071712555678598522e-03
4.072316556247379191e-03
4.073104773846286664e-03
4.073904416702936633e-03
4.074683717614707192e-03
4.075274693591432809e-03
4.076194942586219144e-03
4.077005659443502274e-03
4.077792505779010909e-03
4.078616909163088750e-03
4.079404036973228315e-03
4.080322765972784274e-03
4.081073051575223425e-03
4.081890445719019329e-03
4.082869542562366817e-03
4.083539684574655389e-03
4.084455946440216853e-03
4.085051612704626751e-03
4.085787491214736000e-03
4.086524061828925893e-03
4.087283996714333179e-03
4.088000557863658534e-03
4.088652930398197632e-03
4.089431041160292331e-03
4.090368152401030639e-03
4.091310778266226550e-03
4.092094707822122208e-03
4.092981561834394856e-03
4.093753816251573599e-03
4.094617595816442239e-03
4.095377106368501552e-03
4.096138612185630350e-03
4.096967639155146314e-03
4.097754273310869923e-03
4.098561600100633813e-03
4.099127155933474619e-03
4.100034559358119515e-03
4.100868795588930374e-03
4.101720618586083937e-03
4.102434088427116612e-03
4.103014319507814617e-03
4.103636605863189395e-03
4.104440377660558206e-03
4.105137021439908898e-03
4.105960756247652686e-03
4.106599826896906689e-03
4.107317130969684836e-03
4.108073165491820181e-03
4.108765950664237769e-03
4.109542263225413571e-03
4.110391430571003896e-03
4.111135983126425891e-03
4.111920741474023484e-03
4.112661303783256457e-03
4.113207528166412316e-03
4.113979112731249062e-03
4.114799969592537916e-03
4.115451261469337506e-03
4.116151900218295058e-03
4.116893549872463476e-03
4.117625132214640035e-03
4.118317600764992252e-03
4.119080814699125660e-03
4.119580991928689651e-03
4.120353269832274790e-03
4.121041676567379144e-03
4.121752521139712341e-03
4.122484423963165834e-03
4.123223258601388212e-03
4.123910876817266091e-03
4.124637057610743875e-03
4.125416352818213686e-03
4.125999730974120629e-03
4.126611451996004508e-03
4.127153736212841283e-03
4.127748792614484123e-03
4.128557598491098407e-03
4.129206055060001546e-03
4.129706041076587793e-03
4.130490327791416956e-03
4.131233481949546024e-03
4.131979062664932305e-03
4.132613833706955293e-03
4.133294607114847141e-03
4.134121410680442928e-03
4.134818873367153078e-03
4.135499801066293106e-03
4.136110956468073280e-03
4.136872744088409583e-03
4.137592377671453839e-03
4.138351843773952800e-03
4.139084238373842706e-03
4.139696299908268359e-03
4.140360996536703031e-03
4.140965042840080365e-03
4.141775255500214185e-03
4.142628713494894872e-03
4.143298085665227636e-03
4.143929495131561808e-03
4.144570472444810035e-03
4.145368520268728242e-03
4.146109686177027777e-03
4.146880258077932646e-03
4.147497751542664896e-03
4.148188622493977074e-03
4.148805911418168568e-03
4.149468091637770195e-03
4.150164380281143837e-03
4.150825047582397571e-03
4.151389043656404133e-03
4.152175085828139871e-03
4.152714873208213260e-03
4.153507688336504841e-03
4.154341448644378355e-03
4.155006189067097198e-03
4.155751373462866598e-03
4.156280691603102956e-03
4.156931994871073538e-03
4.157671901553401314e-03
4.158283489177553964e-03
4.158947277884952540e-03
4.159565550901586119e-03
4.160177866351156759e-03
4.160882208116593699e-03
4.161674087917642539e-03
4.162495462144834117e-03
4.163266884584169471e-03
4.163976614595350963e-03
4.164532942220139887e-03
4.165186689300060148e-03
4.165980705520567866e-03
4.166464901441999970e-03
4.167191123424973144e-03
4.167999385350763808e-03
4.168668293022259608e-03
4.169423949207031778e-03
4.170144333626290417e-03
4.170838677149171433e-03
4.171567244276832426e-03
4.172018097790728200e-03
4.172444136282983142e-03
4.173070754730744125e-03
4.173721222793016702e-03
4.174311931072855093e-03
4.175001953677873884e-03
4.175496820176123960e-03
4.176273132409475189e-03
4.176962406779465356e-03
4.177592268547855765e-03
4.178333646243172043e-03
4.178893306423700146e-03
4.179499973982169804e-03
4.180061663147265939e-03
4.180732524487849357e-03
4.181500543865316818e-03
4.182239218378353517e-03
4.182863671849155508e-03
4.183615252082606428e-03
4.184413764624639320e-03
4.184980188029688644e-03
4.185448607649432974e-03
4.186224927238005669e-03
4.186900825092173747e-03
4.187603337693700939e-03
4.188305902165854848e-03
4.188819298169443005e-03
4.189539867788184997e-03
4.190235467728703478e-03
4.190848098959734126e-03
4.191442030155002711e-03
4.192053198749424309e-03
4.192692741155787384e-03
4.193441908352038561e-03
4.194170054566624325e-03
4.194835737746834166e-03
4.195482430874374752e-03
4.196217746912551255e-03
4.196764408108338319e-03
4.197304197629657223e-03
4.198015659866083035e-03
4.198618107927044353e-03
4.199333704399421142e-03
4.200013352581716264e-03
4.200581060289727310e-03
4.201219243902994116e-03
4.201807592696343505e-03
4.202361817870625335e-03
4.202954379968098717e-03
4.203534239185091094e-03
4.204097257333419720e-03
4.204706684098385473e-03
4.205299012721580749e-03
4.205877070669279683e-03
4.206579104316697862e-03
4.207219369932501188e-03
4.207885395964681800e-03
4.208468838339405639e-03
4.209073492026891260e-03
4.209573997030268550e-03
4.210170989982832748e-03
4.210703251953722311e-03
4.211412377060874158e-03
4.212012886143069734e-03
4.212530136984698678e-03
4.213096584489658437e-03
4.213634549918560297e-03
4.214118605129792833e-03
4.214650035737619801e-03
4.215154554187945136e-03
4.215834562986981587e-03
4.216362020481031342e-03
4.217030718640359110e-03
4.217691258964632699e-03
4.218439081836901014e-03
4.218974221881879524e-03
4.219556586016457757e-03
4.220284075823893533e-03
4.220949316489921825e-03
4.221533012262537743e-03
4.222093288273779527e-03
4.222779804953046348e-03
4.223387210112395686e-03
4.223791532017927286e-03
4.224312841531405356e-03
4.224816002119841790e-03
4.225440433402114990e-03
4.225990794502393344e-03
4.226555701844804391e-03
4.226976686521667116e-03
4.227511250081261891e-03
4.228011105171307696e-03
4.228643923932877934e-03
4.229166539748667117e-03
4.229750849334950463e-03
4.230223504922362571e-03
4.230721656390592708e-03
4.231321164715693903e-03
4.231938223811602257e-03
4.232514022317996130e-03
4.233039049809508153e-03
4.233686101100010701e-03
4.234237585536800540e-03
4.234917047799902426e-03
4.235490402946054736e-03
4.236263496064200662e-03
4.236874434039695526e-03
4.237524422731012846e-03
4.237858584250911269e-03
4.238470143495033822e-03
4.239146632102070399e-03
4.239730817989789333e-03
4.240380652122510696e-03
4.240988044001815435e-03
4.241566310784170533e-03
4.241983763201079977e-03
4.242534758908586209e-03
4.243028344217962544e-03
4.243617051258935340e-03
4.244303943944334641e-03
4.244809754752678320e-03
4.245311937004122606e-03
4.245813201826685764e-03
4.246482224065284763e-03
4.247107684712913070e-03
4.247785652915785255e-03
4.248292819922542922e-03
4.248911771383079988e-03
4.249483302874836402e-03
4.250135425371448505e-03
4.250679745830663117e-03
4.251187515847583420e-03
4.251747154067632081e-03
4.252195364867034436e-03
4.252748202915871377e-03
4.253215697829395257e-03
4.253685569045945886e-03
4.254183681845071646e-03
4.254674090118129061e-03
4.255328805913999660e-03
4.255940514165822489e-03
4.256529370659390549e-03
4.257235726551527981e-03
4.257832510650521457e-03
4.258337052902828011e-03
4.258969334045690884e-03
4.259470709370357169e-03
4.259917107517171599e-03
4.260452316927182057e-03
4.260981364986378417e-03
4.261640692054444700e-03
4.262159429226102317e-03
4.262779533920890533e-03
4.263386043183215769e-03
4.263994871550862847e-03
4.264551292036358743e-03
4.265014937040611034e-03
4.265626227251825657e-03
4.266114780523796307e-03
4.266615743084545796e-03
4.267093716577463614e-03
4.267643477096419447e-03
4.268117421107691344e-03
4.268756757590498434e-03
4.269262483163772243e-03
4.269860389456273109e-03
4.270377773081024224e-03
4.270913390937189184e-03
4.271460167257569267e-03
4.272057247208292143e-03
4.272615027625682564e-03
4.273048308798972281e-03
4.273663819909632837e-03
4.274234822345688092e-03
4.274742925973433125e-03
4.275181325310250385e-03
4.275704927666769753e-03
4.276149180777518745e-03
4.276556325025428380e-03
4.277064237829579507e-03
4.277674039796902292e-03
4.278164049075071362e-03
4.278679587118088164e-03
4.279209723730209407e-03
4.279856766257087580e-03
4.280420858000216940e-03
4.280997849948533357e-03
4.281415866255367138e-03
4.281961846429347546e-03
4.282517852377295924e-03
4.283002513111193454e-03
4.283415863582800374e-03
4.283987811071116904e-03
4.284500699754902574e-03
4.285083816302145097e-03
4.285532751950000413e-03
4.286081527947897818e-03
4.286637303290033105e-03
4.287163054785085407e-03
4.287723432919035051e-03
4.288304511849903335e-03
4.288835150887728050e-03
4.289459162746657971e-03
4.289979605229106603e-03
4.290458902156268559e-03
4.291001742317802729e-03
4.291521523943578158e-03
4.292097775803441380e-03
4.292608387948102303e-03
4.293185993394578980e-03
4.293638529264284971e-03
4.294136753616196837e-03
4.294614285922879540e-03
4.295124633943697874e-03
4.295579281931598617e-03
4.296184096599985590e-03
4.296597470642675963e-03
4.297053133532228140e-03
4.297526739706136918e-03
4.298046989829741420e-03
4.298574111688216286e-03
4.298950251277488567e-03
4.299511204758740997e-03
4.300004433813326039e-03
4.300599002652497581e-03
4.300939390749592556e-03
4.301515100296704648e-03
4.302127874523957798e-03
4.302658990339868275e-03
4.303072703606705685e-03
4.303442461602193306e-03
4.303859902683873119e-03
4.304341161859377186e-03
4.304819962629090682e-03
4.305346539653939417e-03
4.305877227504395152e-03
4.306352594294995430e-03
4.306835197557556429e-03
4.307345542636053896e-03
4.307840463549654671e-03
4.308493808589462792e-03
4.309043615689148350e-03
4.309357753266553070e-03
4.309725678962270448e-03
4.310260760605325037e-03
4.310694873625761474e-03
4.311023696851568401e-03
4.311618301391512142e-03
4.312089925262396935e-03
4.312457906909763009e-03
4.312873480986499815e-03
4.313359584792213035e-03
4.313914128849445292e-03
4.314355739816666882e-03
4.314760363810898891e-03
4.315316802055142384e-03
4.315871709449714891e-03
4.316286152811290439e-03
4.316824954534383314e-03
4.317319893285944364e-03
4.317783242181982319e-03
4.318362200148412669e-03
4.318860263196411600e-03
4.319265523895521666e-03
4.319717311812998860e-03
4.320190951283688768e-03
4.320708421582333640e-03
4.321105447346904743e-03
4.321533842288157422e-03
4.322058060837083784e-03
4.322506018823318169e-03
4.322988908391952635e-03
4.323300593533100679e-03
4.323732560482546061e-03
4.324184791245222134e-03
4.324691437970508250e-03
4.325163313050650431e-03
4.325626335532531397e-03
4.326152728136631494e-03
4.326671577791648543e-03
4.327155830186944427e-03
4.327663445272495781e-03
4.328111406430239227e-03
4.328547653348347075e-03
4.328893278760694539e-03
4.329351780978965038e-03
4.329780051728291876e-03
4.330135226573054302e-03
4.330561784277391427e-03
4.331027091599399387e-03
4.331561217831828361e-03
4.331973014253781562e-03
4.332424251813236579e-03
4.332804239846083094e-03
4.333216476621212961e-03
4.333644891367638766e-03
4.334216000964407484e-03
4.334793291622727682e-03
4.335312783213021368e-03
4.335835302785982608e-03
4.336293975848925716e-03
4.336648136046080022e-03
4.337168785447561778e-03
4.337508927214999560e-03
4.337952110092041340e-03
4.338484714585782998e-03
4.338855815430148720e-03
4.339336192634639204e-03
4.339730864691055713e-03
4.340261778023123997e-03
4.340739306950285210e-03
4.341158444108184598e-03
4.341661032817990644e-03
4.342056713962350566e-03
4.342576997874976127e-03
4.343017577675780706e-03
4.343472367804165728e-03
4.343843932586606039e-03
4.344242664762489742e-03
4.344617598959541090e-03
4.345187800654400773e-03
4.345776542676389048e-03
4.346186191792982684e-03
4.346673417104772279e-03
4.347127161538840573e-03
4.347541807847879643e-03
4.348084168952486873e-03
4.348621549174508383e-03
4.349063606598076691e-03
4.349396342623140961e-03
4.349834756096546823e-03
4.350260281881437353e-03
4.350587166084143344e-03
4.351018937375805348e-03
4.351451290284337470e-03
4.351888880777895867e-03
4.352349401901822734e-03
4.352814376450270251e-03
4.353222034015944049e-03
4.353708671033343011e-03
4.354148837533694701e-03
4.354610357036959103e-03
4.355156073232030467e-03
4.355642768255178071e-03
4.356108711638288257e-03
4.356521818801915510e-03
4.356996425480878093e-03
4.357456900635737866e-03
4.357859263566945564e-03
4.358312456562491409e-03
4.358823360897461606e-03
4.359221516987744210e-03
4.359715940927913827e-03
4.360182053630895505e-03
4.360598699061698537e-03
4.360988892780185387e-03
4.361439665262234998e-03
4.361877573630998720e-03
4.362330250205396533e-03
4.362742328217152424e-03
4.363149831014464033e-03
4.363522560776439060e-03
4.363941668372279051e-03
4.364357900581942486e-03
4.364741180564319679e-03
4.365219128211222065e-03
4.365739199963302418e-03
4.366244124062014162e-03
4.366642978542991001e-03
4.367097630031162130e-03
4.367515636332920149e-03
4.368006987048389002e-03
4.368482248096172867e-03
4.368847468105936313e-03
4.369330503019704277e-03
4.369747916579602362e-03
4.370150362609626950e-03
4.370482677012936350e-03
4.370850248363538845e-03
4.371282543631256970e-03
4.371593156975122144e-03
4.371908151332793389e-03
4.372320841912617599e-03
4.372742598927786481e-03
4.373239266998935233e-03
4.373725353673283550e-03
4.374188850446606575e-03
4.374577504380489784e-03
4.374994424943851046e-03
4.375437782810333298e-03
4.375776052838229076e-03
4.376137021817215998e-03
4.376500628175847459e-03
4.376921585450560190e-03
4.377366929280687713e-03
4.377824535387833671e-03
4.378185442369605940e-03
4.378519856024607089e-03
4.378921482300127815e-03
4.379329362329317972e-03
4.379739445733224316e-03
4.380091809648920843e-03
4.380438412284766610e-03
4.380867979175336394e-03
4.381334818854167382e-03
4.381757912740669517e-03
4.382278895189928129e-03
4.382671343049912571e-03
4.383041372635438845e-03
4.383401651583008346e-03
4.383794735545213164e-03
4.384222551176449219e-03
4.384617182143675518e-03
4.384985399457828024e-03
4.385282361559782009e-03
4.385669047736793710e-03
4.385946501053767863e-03
4.386241576382410474e-03
4.386617880789206968e-03
4.387065370228687873e-03
4.387458816780149054e-03
4.387864480810839060e-03
4.388241182446214576e-03
4.388575416007805922e-03
4.388979370694351401e-03
4.389461653272943437e-03
4.389803322339428868e-03
4.390216826808578804e-03
4.390576875853516650e-03
4.391020550087786772e-03
4.391388467959042585e-03
4.391724761565926269e-03
4.392049477011204274e-03
4.392491504043154540e-03
4.392950202070044358e-03
4.393257819588986327e-03
4.393664627255490854e-03
4.394121981112599981e-03
4.394468642998225309e-03
4.394824376570609197e-03
4.395243207519676856e-03
4.395622339692028917e-03
4.396025651595972944e-03
4.396422309931853276e-03
4.396816954738367797e-03
4.397094795768290501e-03
4.397503191199685947e-03
4.397921001489259185e-03
4.398316009542141587e-03
4.398692914795719264e-03
4.399122325277203711e-03
4.399544374805149614e-03
4.399902635972876598e-03
4.400276781850216354e-03
4.400528638393350241e-03
4.400901410913474719e-03
4.401270297563186426e-03
4.401613994153223686e-03
4.401977290488350882e-03
4.402254064480558456e-03
4.402630469371236581e-03
4.403010946273491592e-03
4.403393755955190177e-03
4.403708129385040110e-03
4.404102926400825860e-03
4.404583575448327119e-03
4.405010705227603747e-03
4.405338574208605973e-03
4.405657302707825275e-03
4.406045181155485504e-03
4.406373445798328695e-03
4.406755691444768676e-03
4.407101433039229549e-03
4.407436996195853926e-03
4.407799535919854073e-03
4.408141442066028717e-03
4.408501625288749164e-03
4.408826564686493983e-03
4.409169371701481335e-03
4.409567197072574926e-03
4.409985205920054392e-03
4.410233814674979769e-03
4.410615670962587248e-03
4.411006987363394471e-03
4.411434106025837951e-03
4.411782565928588223e-03
4.412122442447287234e-03
4.412498955223455831e-03
4.412889070173712028e-03
4.413169539563777978e-03
4.413522341499781163e-03
4.413920891248059725e-03
4.414332229900771142e-03
4.414693454722225067e-03
4.415029586064716724e-03
4.415443953353874809e-03
4.415800945312978176e-03
4.416113105468637452e-03
4.416530554927952656e-03
4.416918004867405670e-03
4.417277097909229171e-03
4.417677622095169711e-03
4.418028648348285709e-03
4.418416631270296983e-03
4.418839544125234380e-03
4.419308690271469588e-03
4.419618945651270989e-03
4.419990880640975450e-03
4.420295514321093827e-03
4.420745885114809801e-03
4.421094837677324620e-03
4.421427536741452842e-03
4.421734113417430043e-03
4.422095400317751189e-03
4.422524255166556881e-03
4.422873329716608091e-03
4.423168391900742652e-03
4.423605650120936844e-03
4.423998824559887549e-03
4.424319448923142058e-03
4.424661284862432993e-03
4.424990347889627869e-03
4.425293421074354486e-03
4.425580783644550431e-03
4.425957213056283014e-03
4.426331942374588449e-03
4.426628538017484023e-03
4.426898935917482694e-03
4.427265326498776472e-03
4.427618139919041115e-03
4.428055647352257922e-03
4.428368388253350711e-03
4.428682272997266911e-03
4.429040993713982168e-03
4.429414906243212859e-03
4.429797506318664153e-03
4.430105860262610433e-03
4.430370700641324787e-03
4.430750854691820582e-03
4.431103669244944657e-03
4.431521838441416020e-03
4.431789846443854458e-03
4.432149826397214359e-03
4.432465711403959195e-03
4.432795386297322913e-03
4.433051636711765262e-03
4.433451060353426829e-03
4.433774768516041305e-03
4.434061572675404919e-03
4.434383625195172617e-03
4.434811323563408146e-03
4.435092698834280228e-03
4.435365709153934501e-03
4.435687760403844715e-03
4.436010164830014868e-03
4.436331605523786449e-03
4.436715464872784294e-03
4.437088718327643518e-03
4.437441926658671973e-03
4.437821723983765947e-03
4.438045381137182416e-03
4.438298870195803679e-03
4.438612908951229154e-03
4.438966721203778908e-03
4.439233777573291240e-03
4.439516642653274468e-03
4.439793246384580311e-03
4.440101843750498406e-03
4.440433769634544170e-03
4.440709649448671206e-03
4.441048109040919914e-03
4.441401295180904228e-03
4.441697170525476211e-03
4.442002848726606806e-03
4.442353245909894457e-03
4.442579137108695377e-03
4.442919424325206951e-03
4.443204366485879915e-03
4.443522064674748293e-03
4.443914583599212556e-03
4.444182912317939591e-03
4.444488765159970017e-03
4.444768591843746737e-03
4.445040743930617558e-03
4.445334046326496029e-03
4.445723382136628279e-03
4.445974600194401230e-03
4.446256299951422200e-03
4.446566790899110846e-03
4.446815964238139650e-03
4.447125034813426137e-03
4.447460708906699270e-03
4.447823359346111949e-03
4.448090249024888414e-03
4.448450969356873043e-03
4.448757515137384370e-03
4.449170048387817746e-03
4.449544765167949556e-03
4.449849564607390867e-03
4.450216239360179141e-03
4.450563103904249182e-03
4.450909464188754563e-03
4.451225534310535546e-03
4.451455128095556726e-03
4.451825179723172508e-03
4.452243120741839096e-03
4.452564822035058080e-03
4.452911163743680442e-03
4.453312086820454541e-03
4.453637939081180747e-03
4.453942400544330139e-03
4.454236199692694111e-03
4.454576625083674080e-03
4.454970328158613067e-03
4.455249290722980947e-03
4.455539711666209150e-03
4.455838667450006015e-03
4.456134488810496903e-03
4.456473387649613656e-03
4.456867050034630726e-03
4.457090585074691309e-03
4.457427563483895745e-03
4.457817398250038185e-03
4.458099703976522998e-03
4.458423075143464788e-03
4.458782310021083134e-03
4.459047212437824981e-03
4.459303870502778766e-03
4.459673554400199295e-03
4.459977397306990644e-03
4.460248015819861037e-03
4.460568233215412952e-03
4.460861944653525535e-03
4.461130889785877573e-03
4.461390580177511909e-03
4.461620345548211047e-03
4.461952059366406688e-03
4.462219558273601734e-03
4.462549938809367601e-03
4.462876184978411230e-03
4.463193547751507194e-03
4.463436128355870516e-03
4.463780815819693576e-03
4.464095086833882488e-03
4.464358734667333781e-03
4.464614761421519147e-03
4.464855702653890146e-03
4.465129289071883591e-03
4.465445830465515110e-03
4.465744318490549696e-03
4.466124865067859495e-03
4.466478120690778840e-03
4.466788335457424174e-03
4.467107183582170842e-03
4.467439358854134908e-03
4.467748308337366608e-03
4.467991304662871470e-03
4.468337372182451701e-03
4.468733166565839153e-03
4.469054122651810665e-03
4.469349218612008769e-03
4.469654166050439012e-03
4.469906949638570957e-03
4.470198240432846255e-03
4.470469320768928265e-03
4.470885816342411168e-03
4.471198103263510602e-03
4.471521085995826782e-03
4.471799931949796240e-03
4.472078497609907263e-03
4.472366874681544396e-03
4.472708221785934822e-03
4.473019030898827721e-03
4.473370305130085212e-03
4.473623033635681402e-03
4.473962461858559808e-03
4.474253210508129242e-03
4.474584698697549670e-03
4.474878618130041785e-03
4.475240591598427485e-03
4.475515170606187386e-03
4.475714290474395833e-03
4.476011942268060678e-03
4.476239372834070820e-03
4.476590321613044265e-03
4.476870824108297210e-03
4.477152096415733772e-03
4.477470472197458973e-03
4.477747393368461740e-03
4.478024867110575770e-03
4.478262848204741901e-03
4.478607119300244063e-03
4.478916427741970636e-03
4.479265422655362601e-03
4.479637513241051076e-03
4.479952593689056836e-03
4.480304875669659237e-03
4.480615503115342214e-03
4.480846672837406584e-03
4.481076223494780478e-03
4.481346369405383653e-03
4.481681793388076103e-03
4.481921288095957502e-03
4.482233618373466545e-03
4.482514072743847347e-03
4.482831515013419553e-03
4.483088115467600415e-03
4.483332354132642077e-03
4.483600371918142029e-03
4.483801272444036881e-03
4.484110630991250922e-03
4.484456168716123049e-03
4.484713077464496170e-03
4.485071726284840625e-03
4.485336516255879549e-03
4.485609589834346940e-03
4.485888284052766926e-03
4.486169221271646759e-03
4.486468390734889289e-03
4.486754760665239913e-03
4.486981574344813158e-03
4.487222096947467327e-03
4.487542760293730497e-03
4.487759231424187992e-03
4.488056286770308705e-03
4.488394262015398678e-03
4.488653838542210929e-03
4.488971708271199089e-03
4.489233012851899692e-03
4.489612866585474850e-03
4.489926118927540545e-03
4.490271269164637299e-03
4.490632247306302650e-03
4.490912708151338466e-03
4.491207077544194688e-03
4.491508547517285808e-03
4.491833580584952273e-03
4.492051943434606856e-03
4.492254410776213604e-03
4.492574705976903719e-03
4.492808641280386477e-03
4.493193894698431154e-03
4.493476686526091772e-03
4.493798398465579345e-03
4.494048382924973467e-03
4.494386395760785642e-03
4.494723756049697622e-03
4.494959060781978169e-03
4.495232318220066664e-03
4.495526380253371014e-03
4.495858489881311010e-03
4.496085692798221060e-03
4.496413780729446689e-03
4.496654882132868590e-03
4.496870977001933382e-03
4.497155777659126406e-03
4.497526452723730854e-03
4.497811140584343642e-03
4.498105508546680967e-03
4.498345047091231903e-03
4.498580469396192341e-03
4.498853898492858813e-03
4.499160946263880932e-03
4.499413188027484925e-03
4.499728002623534784e-03
4.500039563289596339e-03
4.500297885413479838e-03
4.500601996390047634e-03
4.500793934265625261e-03
4.501046368298407263e-03
4.501293789156894307e-03
4.501598646332250625e-03
4.501887658532613412e-03
4.502223542763486575e-03
4.502500189356203018e-03
4.502740193936517754e-03
4.502977614496055624e-03
4.503273626293696937e-03
4.503556012971763993e-03
4.503797195687213317e-03
4.504031382003411896e-03
4.504300698423929945e-03
4.504549993727482299e-03
4.504781750794941211e-03
4.505088095437742753e-03
4.505301634271366082e-03
4.505570040910865381e-03
4.505810366310693434e-03
4.506029444031527630e-03
4.506329899285440276e-03
4.506646107178027306e-03
4.506903362144533583e-03
4.507139747379078180e-03
4.507349455299051837e-03
4.507572198763158330e-03
4.507821157221621536e-03
4.508079962796272301e-03
4.508336155505483431e-03
4.508655281031189073e-03
4.508995015337365943e-03
4.509309711422201938e-03
4.509629005115580076e-03
4.509884062456885612e-03
4.510190760923038847e-03
4.510433029985800625e-03
4.510665058932941500e-03
4.511052755447872431e-03
4.511236354729841053e-03
4.511447401627759722e-03
4.511722848712752983e-03
4.512037615107411179e-03
4.512372969554347135e-03
4.512623131503704955e-03
4.512849045081411894e-03
4.513069084761670534e-03
4.513326868392159193e-03
4.513593566077556130e-03
4.513861040413172029e-03
4.514119646432409802e-03
4.514430414886399373e-03
4.514719916602465306e-03
4.514959565406569467e-03
4.515284386219248908e-03
4.515547028265897399e-03
4.515810357625720146e-03
4.516051630567146334e-03
4.516357711648377737e-03
4.516624184030541139e-03
4.516900427676159152e-03
4.517186653647948559e-03
4.517341470158207743e-03
4.517611768675581889e-03
4.517852763552323084e-03
4.518177123460281885e-03
4.518488640687784268e-03
4.518729077783415968e-03
4.518961005457705626e-03
4.519209173301547318e-03
4.519482185534524389e-03
4.519722054846847872e-03
4.520027865038015423e-03
4.520242346104262274e-03
4.520528608979590933e-03
4.520752265754452576e-03
4.521026555852378920e-03
4.521239761024745639e-03
4.521461851922406808e-03
4.521674468774488677e-03
4.521905819181094160e-03
4.522122741399455664e-03
4.522394880488421649e-03
4.522654646033587821e-03
4.522949933635616801e-03
4.523210788168789513e-03
4.523525094509827510e-03
4.523738445437706923e-03
4.524009536428601902e-03
4.524245084598223048e-03
4.524551522590700668e-03
4.524840095902808723e-03
4.525059629811895023e-03
4.525278275610971311e-03
4.525553184800313808e-03
4.525682575251428578e-03
4.525888819704716910e-03
4.526166198724276488e-03
4.526418502116240881e-03
4.526638368325256075e-03
4.526826344153274742e-03
4.527097139699188741e-03
4.527346746428186422e-03
4.527610774739020821e-03
4.527836564169809321e-03
4.528148151900462763e-03
4.528418275042120356e-03
4.528678109426085771e-03
4.528947719786485804e-03
4.529202790108289092e-03
4.529407672087636463e-03
4.529612774607539270e-03
4.529912010881291182e-03
4.530144907688599468e-03
4.530418921286306390e-03
4.530660787666646906e-03
4.530928857715500226e-03
4.531112436922001517e-03
4.531340102928079275e-03
4.531645672549848222e-03
4.531902293673945384e-03
4.532169388973459299e-03
4.532407710107236483e-03
4.532721736811344548e-03
4.533011771853071026e-03
4.533256178102196450e-03
4.533526673951574631e-03
4.533819700829801007e-03
4.534123247083502242e-03
4.534322148477268159e-03
4.534548708978233117e-03
4.534773869809545326e-03
4.535001381749488233e-03
4.535292115947194350e-03
4.535494992638082132e-03
4.535698557430797168e-03
4.535964180251658186e-03
4.536236341740306106e-03
4.536427188863458720e-03
4.536623487444646323e-03
4.536856096465892267e-03
4.537151733805550730e-03
4.537463175508371985e-03
4.537682319499486243e-03
4.537913346856600923e-03
4.538085842777662623e-03
4.538306305760071539e-03
4.538511357317631494e-03
4.538750024997839985e-03
4.539009480312518156e-03
4.539252073576806670e-03
4.539479900663089158e-03
4.539742920424358515e-03
4.539942667821642540e-03
4.540216352757749790e-03
4.540421485250983706e-03
4.540641759284474478e-03
4.540841317457471223e-03
4.541095685247774523e-03
4.541328480494112238e-03
4.541620286329198751e-03
4.541853561988833284e-03
4.542106630229336348e-03
4.542338212260759248e-03
4.542595200858987395e-03
4.542828635837158589e-03
4.543041853427208510e-03
4.543255679683349917e-03
4.543437313266234998e-03
4.543726316337419469e-03
4.543897960337324286e-03
4.544168748616361081e-03
4.544369889618568407e-03
4.544685024313095505e-03
4.544903981463803769e-03
4.545150437049698053e-03
4.545391513455332259e-03
4.545558672332094402e-03
4.545832341646494600e-03
4.546086139339264483e-03
4.546286276665494411e-03
4.546529192560861028e-03
4.546778284431170908e-03
4.547074062916418510e-03
4.547311291135552359e-03
4.547565996227609895e-03
4.547779999901654588e-03
4.547957345487001896e-03
4.548140823032355805e-03
4.548417358721766612e-03
4.548663191897625059e-03
4.548859079445436056e-03
4.549082087905774105e-03
4.549316550245517850e-03
4.549506113541356908e-03
4.549788865511892981e-03
4.550126087984790284e-03
4.550337919062788332e-03
4.550473590849420796e-03
4.550678508539184562e-03
4.550900434903734637e-03
4.551167152359825337e-03
4.551429534453269032e-03
4.551676940766218558e-03
4.551883273571725660e-03
4.552120209577291930e-03
4.552421078456874749e-03
4.552670490673932022e-03
4.552814945424422423e-03
4.553062890201507208e-03
4.553255350642243515e-03
4.553531603850488260e-03
4.553664794200150759e-03
4.553908567240627474e-03
4.554123303647441591e-03
4.554408692372012395e-03
4.554637242047932313e-03
4.554937514173919809e-03
4.555147950414721592e-03
4.555350466648277856e-03
4.555633107506153190e-03
4.555776542048499064e-03
4.556011590135249263e-03
4.556288820490864838e-03
4.556517361271487064e-03
4.556801337167479780e-03
4.557009584451302345e-03
4.557183823275506168e-03
4.557381231778827139e-03
4.557612032577325334e-03
4.557827380190970258e-03
4.557971753038342691e-03
4.558201491507926813e-03
4.558381071200270744e-03
4.558598844201017762e-03
4.558824434379406092e-03
4.559114069400881271e-03
4.559347570014443685e-03
4.559606926565223754e-03
4.559789472007658509e-03
4.560002116136273841e-03
4.560208512017939822e-03
4.560392758155696127e-03
4.560578917376650367e-03
4.560787503913283671e-03
4.561006357482647912e-03
4.561252407255230422e-03
4.561501006647042215e-03
4.561734506604568640e-03
4.561939760940630917e-03
4.562222467160989905e-03
4.562437255198081333e-03
4.562678310057079537e-03
4.562831545362598662e-03
4.563032623058480529e-03
4.563306679203583613e-03
4.563417841675758771e-03
4.563580361787005109e-03
4.563833039574163170e-03
4.564068720469913014e-03
4.564213440701571714e-03
4.564421587341738543e-03
4.564616632080052867e-03
4.564853560564370756e-03
4.565096146616282741e-03
4.565343361015342105e-03
4.565621989901370685e-03
4.565847810738702349e-03
4.566100309167498046e-03
4.566267723910642090e-03
4.566480309482350702e-03
4.566693225947699060e-03
4.566887267025056957e-03
4.567146381170963942e-03
4.567391863235271965e-03
4.567622308863216601e-03
4.567827154475725612e-03
4.568059536574382330e-03
4.568308996091014450e-03
4.568530470496069522e-03
4.568798048394419331e-03
4.569054030774368641e-03
4.569261393944842702e-03
4.569441890808394538e-03
4.569632312519876852e-03
4.569817260980874388e-03
4.570062832374116417e-03
4.570302305005801910e-03
4.570475552654986069e-03
4.570670588951925191e-03
4.570874301920432176e-03
4.571053149148998976e-03
4.571300127605100461e-03
4.571494065818621985e-03
4.571702013286348121e-03
4.571893694366746877e-03
4.572104484585061759e-03
4.572338373028032518e-03
4.572502028013294799e-03
4.572707469668491238e-03
4.572919489380611498e-03
4.573179819363014202e-03
4.573360485590183787e-03
4.573589812389171859e-03
4.573867800463801703e-03
4.574052998999067823e-03
4.574299580548995582e-03
4.574547299551851194e-03
4.574787177928067543e-03
4.575019195750391204e-03
4.575229205220674757e-03
4.575456308607861802e-03
4.575641497152760882e-03
4.575844596041585798e-03
4.576117672883073251e-03
4.576298957011901494e-03
4.576540993374104797e-03
4.576747967294311423e-03
4.577045134041051767e-03
4.577286527222381926e-03
4.577429747525777436e-03
4.577614775049099367e-03
4.577790648485421596e-03
4.578016708788527726e-03
4.578230906612565376e-03
4.578472589744072251e-03
4.578717617225400507e-03
4.578911350295649003e-03
4.579104825921646686e-03
4.579298262773288247e-03
4.579559208229301397e-03
4.579808898734494260e-03
4.580009361138402506e-03
4.580210335118770765e-03
4.580407274820002574e-03
4.580613191372730902e-03
4.580807610725537958e-03
4.581019900271095062e-03
4.581227539780729011e-03
4.581436735945094291e-03
4.581605495210328352e-03
4.581805078767593568e-03
4.582077678172827295e-03
4.582259571449201312e-03
4.582495051389557338e-03
4.582740665354596149e-03
4.582957844073851095e-03
4.583184102582733670e-03
4.583325238923812231e-03
4.583548937216162973e-03
4.583721230624502804e-03
4.583872842209266857e-03
4.584069637491152392e-03
4.584245533126166290e-03
4.584506432079099407e-03
4.584741431486571116e-03
4.584915075299070969e-03
4.585142547595988903e-03
4.585426059565939072e-03
4.585647317653831177e-03
4.585820509780545035e-03
4.586041914169642665e-03
4.586219501899320601e-03
4.586396569986441255e-03
4.586612817950266874e-03
4.586850831067022446e-03
4.587087294058573607e-03
4.587335042660848489e-03
4.587510810971370291e-03
4.587743060826464554e-03
4.587996946256570063e-03
4.588213469201778832e-03
4.588458424183684825e-03
4.588685125249234061e-03
4.588879103934033823e-03
4.589192886682187493e-03
4.589360221557712942e-03
4.589555206910053697e-03
4.589744932036343705e-03
4.589946413757492807e-03
4.590123252284165553e-03
4.590333725150919607e-03
4.590508473857592142e-03
4.590694595254219378e-03
4.590903304407601901e-03
4.591103136998362332e-03
4.591296329119772153e-03
4.591499742311019698e-03
4.591661936173422991e-03
4.591906371746557781e-03
4.592143569451543998e-03
4.592337389489120798e-03
4.592520253107224525e-03
4.592699745466705293e-03
4.592871600183707527e-03
4.593008127475386136e-03
4.593269584386710548e-03
4.593446474329580982e-03
4.593630590645575440e-03
4.593817519890619309e-03
4.594034256948099394e-03
4.594294212969914776e-03
4.594456520595990162e-03
4.594714872512413624e-03
4.594932764298423518e-03
4.595121452876395861e-03
4.595400693120192670e-03
4.595587729010378909e-03
4.595812362261037474e-03
4.596006431298552998e-03
4.596215013560764340e-03
4.596442800522002048e-03
4.596671571574127528e-03
4.596886915605345562e-03
4.597097817914774613e-03
4.597255884140715246e-03
4.597533777365881737e-03
4.597758867789712017e-03
4.597917757660567942e-03
4.598097826158733213e-03
4.598225380468409437e-03
4.598406978596454066e-03
4.598598901180885740e-03
4.598820351421313915e-03
4.599034523598172740e-03
4.599193879300655409e-03
4.599359826095247676e-03
4.599576529838431994e-03
4.599786764689739287e-03
4.599992478176859884e-03
4.600150608869894506e-03
4.600275160665857378e-03
4.600484357296688066e-03
4.600704505105085960e-03
4.600912676522386259e-03
4.601103252387345882e-03
4.601331869782480585e-03
4.601505404402213631e-03
4.601735477820442961e-03
4.601983438247623549e-03
4.602136154846120028e-03
4.602294329250225871e-03
4.602514633414737585e-03
4.602692172168773403e-03
4.602925182472111104e-03
4.603100275414781853e-03
4.603311840255691102e-03
4.603539386493548345e-03
4.603730607616247569e-03
4.603909081966264284e-03
4.604113019261930548e-03
4.604267994824208683e-03
4.604471704069564540e-03
4.604728027245310815e-03
4.604923240662961263e-03
4.605090091920830374e-03
4.605264636143634703e-03
4.605453046967172143e-03
4.605619060889183485e-03
4.605824696956970984e-03
4.606009371251430090e-03
4.606204365745651674e-03
4.606412123664615707e-03
4.606616433123027904e-03
4.606809126211418824e-03
4.606957998947537603e-03
4.607176005086244946e-03
4.607364863248343545e-03
4.607534138262490801e-03
4.607681868272552571e-03
4.607855373822439260e-03
4.608022133761670823e-03
4.608277357298740974e-03
4.608507436461067343e-03
4.608746773366547388e-03
4.608890003858778783e-03
4.609071482537012258e-03
4.609239276132470406e-03
4.609412472080185071e-03
4.609545157119264262e-03
4.609691740698114784e-03
4.609860712958671614e-03
4.610095886506554615e-03
4.610281543956881202e-03
4.610489542672274038e-03
4.610693924508900768e-03
4.610866663481471076e-03
4.611029708359999126e-03
4.611227917402112471e-03
4.611456008114744876e-03
4.611669539380212901e-03
4.611850062943404632e-03
4.612012324453721238e-03
4.612181057030472278e-03
4.612402150401160097e-03
4.612560557609874864e-03
4.612761404548532639e-03
4.612913156523898613e-03
4.613102344828420159e-03
4.613325797042770911e-03
4.613575555494692747e-03
4.613762259900024663e-03
4.613931062354185986e-03
4.614122356476315495e-03
4.614314903888170477e-03
4.614474581964039812e-03
4.614661620418361587e-03
4.614819542971642513e-03
4.615010793497490924e-03
4.615191359962544405e-03
4.615367579235785632e-03
4.615618293546976808e-03
4.615785778093019556e-03
4.615951398753312569e-03
4.616163011257241183e-03
4.616329720272039673e-03
4.616512493444247835e-03
4.616701264381440316e-03
4.616884302888965563e-03
4.617094669951317919e-03
4.617289848819649233e-03
4.617472426526371583e-03
4.617670113168212583e-03
4.617860115734238706e-03
4.618022885616896063e-03
4.618181124990124869e-03
4.618383630283131452e-03
4.618581902742528375e-03
4.618765397662868283e-03
4.618985076042188102e-03
4.619153654412145107e-03
4.619281283038300517e-03
4.619496941103724309e-03
4.619718716627485740e-03
4.619851049680829234e-03
4.619994061971640156e-03
4.620183134748667882e-03
4.620384686398573346e-03
4.620513722841318623e-03
4.620649176471776538e-03
4.620845334645806018e-03
4.621003844747098924e-03
4.621150884518868823e-03
4.621338452746550328e-03
4.621535711000321518e-03
4.621718425306517788e-03
4.621850310584680634e-03
4.622011732415486421e-03
4.622244236209046425e-03
4.622418588278969474e-03
4.622662499251185136e-03
4.622890645865082929e-03
4.623079697229304230e-03
4.623269745518267942e-03
4.623416425470315214e-03
4.623614392935852108e-03
4.623737670986375128e-03
4.623900926822427197e-03
4.624092508135475323e-03
4.624290752805283906e-03
4.624459909970261504e-03
4.624624367569584935e-03
4.624788372125206853e-03
4.624963051895767362e-03
4.625108567676242122e-03
4.625311419789287538e-03
4.625435001003431502e-03
4.625621919992594158e-03
4.625753669926346845e-03
4.626003099642526928e-03
4.626175277706275242e-03
4.626360152168880295e-03
4.626539970195913884e-03
4.626768231081919945e-03
4.627003453603650493e-03
4.627276214374725916e-03
4.627386669792266614e-03
4.627537738274594380e-03
4.627715089449055928e-03
4.627866261209725302e-03
4.628046628476115143e-03
4.628176961964642830e-03
4.628379282892445754e-03
4.628580339768212024e-03
4.628779315523685704e-03
4.628905311214243611e-03
4.629057752693718775e-03
4.629273710801331577e-03
4.629448754064630599e-03
4.629604350760670346e-03
4.629847243981909631e-03
4.630087620115515973e-03
4.630280346604534643e-03
4.630437784496861837e-03
4.630629407023840668e-03
4.630753643175326839e-03
4.630898265395720637e-03
4.631102675949638932e-03
4.631224382454238175e-03
4.631393223197817141e-03
4.631566518662690209e-03
4.631747908081421117e-03
4.631945470458812691e-03
4.632149165056873887e-03
4.632317188500260051e-03
4.632540426925676330e-03
4.632680786545368898e-03
4.632870805701650233e-03
4.633027548834990107e-03
4.633274294015371671e-03
4.633430526525897548e-03
4.633632407850481194e-03
4.633858002049092914e-03
4.634045248089496694e-03
4.634201827465102633e-03
4.634392567117331593e-03
4.634566014794899366e-03
4.634764781738186755e-03
4.634916138413693043e-03
4.635061623438257832e-03
4.635268641841533595e-03
4.635388403682510865e-03
4.635567054343290444e-03
4.635751955430847740e-03
4.635898920975539163e-03
4.636017431088087191e-03
4.636159991017371404e-03
4.636404639547138558e-03
4.636573127177526926e-03
4.636743928524925812e-03
4.636942814842577761e-03
4.637143578762457918e-03
4.637306941597476966e-03
4.637460769836035564e-03
4.637644694715082130e-03
4.637833344623499068e-03
4.637973733697215925e-03
4.638160238786580465e-03
4.638361067192007733e-03
4.638513061554830168e-03
4.638699064438959845e-03
4.638868672932301013e-03
4.639065643636605327e-03
4.639224296755245329e-03
4.639421508318063332e-03
4.639608808032527967e-03
4.639814183710137298e-03
4.639974979057426979e-03
4.640156803149469121e-03
4.640293683550581784e-03
4.640481773469199399e-03
4.640662985668651992e-03
4.640805861163967844e-03
4.640972405829765779e-03
