9.648068258864913593e-01
9.648069083114879652e-01
9.648068911633200795e-01
9.648068203543780363e-01
9.648067166177020093e-01
9.648066055030457555e-01
9.648065033830768300e-01
9.648064160262962430e-01
9.648063434421834117e-01
9.648062839886141218e-01
9.648062356800012340e-01
9.648061968014937095e-01
9.648061660221619595e-01
9.648061423945304416e-01
9.648062269412770453e-01
9.648061933115472666e-01
9.648061747582215020e-01
9.648061668354543929e-01
9.648063526993710948e-01
9.648063380523527188e-01
9.648065612133277513e-01
9.648067603195692454e-01
9.648067129389278351e-01
9.648067405755098580e-01
9.648067410810233779e-01
9.648071814197259899e-01
9.648075545669775321e-01
9.648075434223515323e-01
9.648079300284307935e-01
9.648082374124176130e-01
9.648081978273346238e-01
9.648085106848639514e-01
9.648087440270897153e-01
9.648087224418484542e-01
9.648089541323430218e-01
9.648091192362945323e-01
9.648090946873651985e-01
9.648089092628121533e-01
9.648087412867655255e-01
9.648086055366633662e-01
9.648084214900737310e-01
9.648081962389114530e-01
9.648080572079442696e-01
9.648078676055559244e-01
9.648076158311936767e-01
9.648074615406815324e-01
9.648072526730923082e-01
9.648070431521642565e-01
9.648072665135173365e-01
9.648073141336489522e-01
9.648074453465410594e-01
9.648067735151447666e-01
9.648069226546552857e-01
9.648060642486149252e-01
9.648049878399680424e-01
9.648050947259538823e-01
9.648050138801648190e-01
9.648050849306456511e-01
9.648039376674309997e-01
9.648039611003157434e-01
9.648039883638866998e-01
9.648028916721818060e-01
9.648020132337581378e-01
9.648019871962589811e-01
9.648019832623965231e-01
9.648012639026994908e-01
9.648013795412128113e-01
9.648014984543056283e-01
9.648016211457854929e-01
9.648017478531797364e-01
9.648018787575127764e-01
9.648020140070463491e-01
9.648021536471264037e-01
9.648022981459247749e-01
9.648024477030141544e-01
9.648026029397259729e-01
9.648027647001174989e-01
9.648020377321933072e-01
9.648023978296399461e-01
9.648025544061644698e-01
9.648023434043607738e-01
9.648021557793149405e-01
9.648024056055460873e-01
9.648023644404044585e-01
9.648007303595883544e-01
9.647998921968706787e-01
9.647994533432464603e-01
9.647991977719352352e-01
9.648023237050714629e-01
9.648026374612481693e-01
9.648054896019077065e-01
9.648081126022748366e-01
9.648104339649375971e-01
9.648100994097369432e-01
9.648131658794126819e-01
9.648158717125921990e-01
9.648155248338542433e-01
9.648153467463347344e-01
9.648198114777644108e-01
9.648197336392643209e-01
9.648247176836577399e-01
9.648245541633068134e-01
9.648248730466717493e-01
9.648247385448537328e-01
9.648292205239398234e-01
9.648287176314752633e-01
9.648324242540852191e-01
9.648315420752227034e-01
9.648347309350288059e-01
9.648366731981183886e-01
9.648384297804524223e-01
9.648400391117730734e-01
9.648415180489237075e-01
9.648428741732795189e-01
9.648441103785125872e-01
9.648452267329082899e-01
9.648462211829812452e-01
9.648470903670776089e-01
9.648478292241499110e-01
9.648484314739258494e-01
9.648488893154227863e-01
9.648491934326861585e-01
9.648496394703616197e-01
9.648498978078703381e-01
9.648503275193138773e-01
9.648496707050181476e-01
9.648489244859921321e-01
9.648474990702197163e-01
9.648458692476153953e-01
9.648445614721294916e-01
9.648430878264134813e-01
9.648410752383105304e-01
9.648387926245495239e-01
9.648119445272981265e-01
9.647919227746518667e-01
9.647768436659431845e-01
9.647774530682710070e-01
9.647638348369609318e-01
9.647534033948279575e-01
9.647460591954823972e-01
9.647465971579102240e-01
9.647404178134916242e-01
9.647368691205457925e-01
9.647335252958876284e-01
9.647305055714658906e-01
9.647278506067809012e-01
9.647254160592629857e-01
9.647231802633560172e-01
9.647211220099268791e-01
9.647192262459842738e-01
9.647162610863105892e-01
9.647141462928338074e-01
9.647133944648200732e-01
9.647126606531012394e-01
9.647112963786514950e-01
9.647125185438277795e-01
9.647106416880748547e-01
9.647096075130070503e-01
9.647088735533422277e-01
9.647225429333606828e-01
9.647408985345373722e-01
9.647422761127218971e-01
9.647446429552692937e-01
9.647403186490032256e-01
9.647386255486131157e-01
9.647381516048424421e-01
9.647429224806768344e-01
9.647787002662117084e-01
9.647778048369415327e-01
9.647785327527924615e-01
9.648370747761856325e-01
9.649068099151191236e-01
9.649092642984676838e-01
9.649090604444094943e-01
9.650059752617122788e-01
9.650128869288341349e-01
9.650909114524970356e-01
9.651785522755181868e-01
9.651716347900127779e-01
9.653011903733882404e-01
9.652941273158986979e-01
9.653014118769239760e-01
9.654590833174222508e-01
9.655927207314333183e-01
9.655792011713814071e-01
9.657771264679804180e-01
9.657699185848991341e-01
9.659566310323253191e-01
9.659436068513479468e-01
9.659614282644184424e-01
9.662094152176147199e-01
9.664019724875665407e-01
9.663788681966760663e-01
9.663952146271007626e-01
9.664115985515007168e-01
9.664279587503867841e-01
9.664442861343920388e-01
9.664605971782612714e-01
9.664769183694669197e-01
9.664932789167887117e-01
9.665097074591955106e-01
9.665262306934963021e-01
9.665428729633215310e-01
9.665596562994041019e-01
9.665769723655055490e-01
9.668923545339190850e-01
9.668791425869274203e-01
9.672236081025893384e-01
9.672242191423519042e-01
9.675583678590613523e-01
9.675732947177914101e-01
9.679020747910425104e-01
9.678714152173182317e-01
9.682555369564495029e-01
9.685248073889020093e-01
9.684435694880625389e-01
9.685132592634747573e-01
9.685115836874098605e-01
9.685365139709847249e-01
9.685997763152236484e-01
9.686078831309206105e-01
9.691146061306408210e-01
9.691967001495241929e-01
9.692218465946648154e-01
9.699333652233417258e-01
9.703413972834729062e-01
9.702346674216442146e-01
9.707179410164736844e-01
9.711297011898334386e-01
9.715412394986200351e-01
9.718109869409159440e-01
9.721117383707953419e-01
9.723354591280077841e-01
9.724379278736885457e-01
9.725055593121149089e-01
9.726490377134427989e-01
9.725954631089135383e-01
9.730235115867563733e-01
9.727362230174269042e-01
9.730018838382422652e-01
9.730356963723588715e-01
9.734143141735680516e-01
9.740113964356243992e-01
9.740783865531459362e-01
9.743277018886672414e-01
9.749403922309483050e-01
9.752816248103212127e-01
9.756705151660514108e-01
9.760812505927414229e-01
9.762807193440881104e-01
9.767114560892764530e-01
9.772297553114972501e-01
9.777554724652494089e-01
9.782814841991718247e-01
9.788310805998330366e-01
9.789851096948644082e-01
9.796419020950233314e-01
9.796175190790762377e-01
9.799884257013495859e-01
9.807411821708458266e-01
9.813723900301657421e-01
9.819153132394059513e-01
9.824849918893134859e-01
9.826274332639634013e-01
9.828145487167909700e-01
9.830023714858880934e-01
9.835955272713468034e-01
9.842136706461399598e-01
9.841101581159155121e-01
9.846470181196464999e-01
9.853321012285585212e-01
9.856764191771668626e-01
9.864243921229599588e-01
9.868818171511315462e-01
9.874335986892409656e-01
9.879865370890265064e-01
9.885357419870303142e-01
9.885826097039128735e-01
9.891799209259827252e-01
9.897881615124424215e-01
9.903770582848608894e-01
9.908799488531206956e-01
9.913590403238079496e-01
9.917161761176556123e-01
9.911671186126299604e-01
9.912751101985600721e-01
9.919383679940840803e-01
9.920304870852726387e-01
9.920098907938726951e-01
9.923853248954102035e-01
9.923772296993530473e-01
9.927016449829999534e-01
9.930180481748218657e-01
9.934450499035460957e-01
9.935821866415197601e-01
9.940060524329926706e-01
9.945629624978939987e-01
9.947417518587293728e-01
9.954369108573400959e-01
9.959903273614029162e-01
9.966455636737047152e-01
9.972054819389144509e-01
9.975373008247317985e-01
9.979093447652546134e-01
9.985808984303877756e-01
9.989570712168922562e-01
9.991592287872734790e-01
9.995402102318300397e-01
9.998407856306938957e-01
1.000008225616477509e+00
1.000535323204323035e+00
1.000899684990377514e+00
1.001632230244882127e+00
1.002046933857845712e+00
1.002375066053722064e+00
1.002751592375720424e+00
1.003092154590900176e+00
1.003727671404307520e+00
1.004182827974576586e+00
1.004676874650684004e+00
1.005211075951301547e+00
1.005205112176248416e+00
1.005946954932191106e+00
1.006665163364305116e+00
1.007089260790727359e+00
1.007378326500169008e+00
1.007686680974343663e+00
1.007993310513709107e+00
1.008305357826587034e+00
1.008821158243794924e+00
1.009245619497702195e+00
1.009655440709290142e+00
1.010261919020397192e+00
1.010859364070523236e+00
1.011070144944083316e+00
1.011741002490797792e+00
1.012433061009068380e+00
1.013035589063723041e+00
1.013708999940016842e+00
1.014029578924505959e+00
1.014752190622377537e+00
1.014832302432190358e+00
1.015491118450175811e+00
1.016072321947069534e+00
1.016635194802486986e+00
1.017284375809544450e+00
1.018031917834717470e+00
1.018269249169685642e+00
1.018878038994438073e+00
1.019199195000509262e+00
1.019586130624896558e+00
1.020308628186568978e+00
1.020978536441760731e+00
1.021424660053797950e+00
1.022194638481078943e+00
1.022928388238582675e+00
1.023644878468888741e+00
1.024415031209449989e+00
1.024752769793427554e+00
1.025151444401131151e+00
1.025869249799582494e+00
1.026293553228552868e+00
1.027053595630117666e+00
1.027392707851649378e+00
1.027916740353165048e+00
1.028319826655337055e+00
1.028572241822399480e+00
1.029153881164927009e+00
1.029540622717589171e+00
1.030017091208116131e+00
1.030399233003364889e+00
1.030772032829295082e+00
1.031130512400087795e+00
1.031531484103420437e+00
1.032156988942388498e+00
1.032888587109851875e+00
1.033094173071040789e+00
1.033893551147659018e+00
1.033875000364761654e+00
1.034552428264106316e+00
1.034952949770823638e+00
1.035338844298931527e+00
1.036133008631228147e+00
1.036513952922228698e+00
1.036672298677260295e+00
1.037180241920356627e+00
1.037680307109095645e+00
1.037967947364221155e+00
1.038793919962648804e+00
1.039630210726756765e+00
1.039723640217184775e+00
1.040242653083880420e+00
1.040884975033316451e+00
1.041573822427536156e+00
1.042291608634037470e+00
1.042531668325485050e+00
1.043304677395417768e+00
1.043619222864757834e+00
1.044345960022709630e+00
1.044974657478239255e+00
1.045626757319107147e+00
1.046226336108086574e+00
1.047062672435875141e+00
1.047423082180590992e+00
1.047814813532197853e+00
1.048553431655413926e+00
1.049075321209993250e+00
1.050043635147767329e+00
1.050474186926398268e+00
1.051036736482113598e+00
1.051815159517818676e+00
1.052310945349509863e+00
1.053234621768962764e+00
1.053716455818956899e+00
1.054621184892157615e+00
1.055114140080660068e+00
1.055942550726607587e+00
1.056335553816808437e+00
1.056887798582321070e+00
1.057228614089999574e+00
1.057887414032112838e+00
1.058537542288328082e+00
1.059413208406058127e+00
1.060078110261289508e+00
1.060360845541520547e+00
1.061249450417704132e+00
1.062021029478017908e+00
1.062210119415051723e+00
1.063134650070317822e+00
1.064018016044861348e+00
1.064317543675210365e+00
1.065190391326292341e+00
1.065670668074822691e+00
1.066521537221532867e+00
1.066996055313424785e+00
1.067742161806663592e+00
1.068253011893437909e+00
1.068816188964365477e+00
1.069519933909243159e+00
1.070163897318919588e+00
1.070629778938406274e+00
1.071163860868540318e+00
1.071850188421343386e+00
1.072580588504309596e+00
1.073425103223399679e+00
1.073574248591339320e+00
1.074379163400589032e+00
1.075198684462910670e+00
1.075938370482657502e+00
1.076666367358288801e+00
1.077423359660262925e+00
1.077856386621508289e+00
1.078436243741593081e+00
1.079146653247857746e+00
1.079851687887208200e+00
1.080622145907292886e+00
1.081130366480677063e+00
1.081849103045628313e+00
1.082626397948527108e+00
1.083077895904320354e+00
1.083400388855996210e+00
1.084081225887035371e+00
1.084774080260925810e+00
1.085316021141696119e+00
1.085673997589347906e+00
1.086179963094554779e+00
1.087099862036629894e+00
1.087282462835505559e+00
1.087985899252481792e+00
1.088586463791318515e+00
1.089113507704219774e+00
1.090015166924836798e+00
1.090674137398401244e+00
1.091089032410507587e+00
1.091465367604296466e+00
1.092078697776498908e+00
1.092532118265558516e+00
1.093436707740544911e+00
1.094381278498956833e+00
1.095124319130304391e+00
1.095595174941861094e+00
1.096221961177637150e+00
1.096819343790656598e+00
1.097429778372746467e+00
1.098051464525059639e+00
1.098947330173724035e+00
1.099830852705335094e+00
1.100629592114029887e+00
1.100889432279388958e+00
1.101329610165504569e+00
1.101915644768294511e+00
1.102746441053630955e+00
1.103582187909060597e+00
1.104028287205019998e+00
1.104458995277863398e+00
1.105164032510304706e+00
1.105617534501499577e+00
1.106566994655040492e+00
1.107352041117378505e+00
1.108256276661495399e+00
1.108983161875956469e+00
1.109485246691947813e+00
1.110440515773003511e+00
1.111335215873410220e+00
1.112077887105617613e+00
1.112744400768292730e+00
1.113325013012503195e+00
1.113790189404853415e+00
1.114285272499426993e+00
1.114666889153419493e+00
1.115498248510931711e+00
1.115760041861429741e+00
1.116639201202013210e+00
1.117369104811687164e+00
1.118125940655902317e+00
1.118947403599525714e+00
1.119760782132223076e+00
1.120397125729054144e+00
1.120686940585273739e+00
1.121523761365964988e+00
1.122187452457450441e+00
1.122519202384825832e+00
1.122916673931914300e+00
1.123750069648027816e+00
1.124290749762315578e+00
1.124757283284536724e+00
1.125209515842090280e+00
1.125727333484853876e+00
1.126296207045159647e+00
1.126644104214023390e+00
1.127253667171369766e+00
1.127648807002652687e+00
1.127847979293305825e+00
1.128633978256794457e+00
1.128881260060179637e+00
1.129218485292708518e+00
1.129425469929092429e+00
1.129737414756200264e+00
1.130059336958916694e+00
1.130561636160545946e+00
1.131269189517968066e+00
1.131497276587132728e+00
1.132268116262291846e+00
1.132748485530287841e+00
1.133213419543574574e+00
1.133567528203301755e+00
1.134131783373284019e+00
1.134389520720706201e+00
1.134736840532554636e+00
1.135110573474445994e+00
1.135373280645060490e+00
1.135890550730159543e+00
1.136354169078985121e+00
1.136610432085613631e+00
1.136997676854051287e+00
1.137282051788821580e+00
1.137835798421376055e+00
1.138143415511187362e+00
1.138751951380301719e+00
1.139090501787217047e+00
1.139509602249759057e+00
1.139739952757397479e+00
1.140000145842355650e+00
1.140353663800639517e+00
1.140787726236176969e+00
1.140903110110042640e+00
1.141420418534023318e+00
1.141509808977279938e+00
1.141684123114710792e+00
1.141964437228061291e+00
1.142186599590452767e+00
1.142509228819155842e+00
1.142781111580539077e+00
1.143088596288318382e+00
1.143288690111025296e+00
1.143583407618889769e+00
1.143992249436677211e+00
1.144580392489122023e+00
1.145024888777757655e+00
1.145095208455705116e+00
1.145514247121243390e+00
1.145621956531131636e+00
1.145848885189568511e+00
1.146300920579993221e+00
1.146492318446704184e+00
1.146750455814498526e+00
1.147001696465215437e+00
1.147475358077796770e+00
1.147602084949228329e+00
1.147569629254733492e+00
1.147909809766602729e+00
1.148119107601982769e+00
1.148526319392115580e+00
1.148643686196473279e+00
1.148847854964208715e+00
1.148929559304936454e+00
1.149307122579160012e+00
1.149281296628865912e+00
1.149592252253956781e+00
1.149930774685708812e+00
1.150155390648793130e+00
1.150199766509252486e+00
1.150513730509425292e+00
1.150631625180761342e+00
1.150774074403333014e+00
1.150916594211002675e+00
1.151260611367208586e+00
1.151481010670249772e+00
1.151773430783211483e+00
1.151894920196186556e+00
1.152121077589113529e+00
1.152232764194737413e+00
1.152535524437948933e+00
1.152761543892895091e+00
1.153016124887452643e+00
1.153231636792481973e+00
1.153360577166592016e+00
1.153546844782009195e+00
1.153725789344931529e+00
1.154110620869050141e+00
1.154474928936247036e+00
1.154633416538075830e+00
1.154809416710955494e+00
1.154995027940572516e+00
1.155268009690170850e+00
1.155671744639581222e+00
1.156039797605480368e+00
1.156036792806018454e+00
1.156280056057524597e+00
1.156299374340983732e+00
1.156632147716688763e+00
1.156769979105362500e+00
1.157107184202532668e+00
1.157308611636165496e+00
1.157559016443593380e+00
1.157782040036541282e+00
1.157884958971313161e+00
1.157962249805539745e+00
1.158308608941060136e+00
1.158452159418480232e+00
1.158617617511003894e+00
1.158638262788879603e+00
1.158752672737265677e+00
1.158893860598519066e+00
1.159162095637971790e+00
1.159279605292999449e+00
1.159488021058368679e+00
1.159638342071688699e+00
1.159847276765608726e+00
1.160084941120383295e+00
1.160118001652283404e+00
1.160309817951480138e+00
1.160455029047656517e+00
1.160516757983834690e+00
1.160715493189425462e+00
1.160871221454347291e+00
1.160981890829758223e+00
1.161086391222796887e+00
1.161300711848076928e+00
1.161512710825399086e+00
1.161772015361508981e+00
1.161890639550687387e+00
1.161891667318625476e+00
1.162159025192199602e+00
1.162414490932081490e+00
1.162667098048308700e+00
1.162920038255180755e+00
1.163155231163850889e+00
1.163385564856478149e+00
1.163313038414473866e+00
1.163483826909897934e+00
1.163531979524023097e+00
1.163746314023211603e+00
1.164013352110590205e+00
1.164101800971149459e+00
1.164323712027473645e+00
1.164511878245661602e+00
1.164626618106534117e+00
1.164737388969932175e+00
1.164988799985634760e+00
1.165230631453838095e+00
1.165311693171881213e+00
1.165405976172967151e+00
1.165506483673897753e+00
1.165613238878119962e+00
1.165851428291415637e+00
1.166036133254907847e+00
1.166144921351862873e+00
1.166356211931836251e+00
1.166576120035284214e+00
1.166681426415359102e+00
1.166962931546338123e+00
1.167127531614064129e+00
1.167140535032691329e+00
1.167263363939299747e+00
1.167386878120667326e+00
1.167516621974159952e+00
1.167550936485432178e+00
1.167628382736479731e+00
1.167721281290660995e+00
1.167910389176967989e+00
1.168026694272455757e+00
1.168171995531890328e+00
1.168405923342485497e+00
1.168501081155439492e+00
1.168657337933965534e+00
1.168876800104894365e+00
1.168914760942264763e+00
1.168902652849030055e+00
1.169002411258267982e+00
1.169254001024703449e+00
1.169289007169023176e+00
1.169324922743351758e+00
1.169352471975861008e+00
1.169448635468748776e+00
1.169489646696119767e+00
1.169600580229066988e+00
1.169664763699308940e+00
1.169780652199616577e+00
1.169989016092934264e+00
1.170118691591569116e+00
1.170225014012888698e+00
1.170370454126281601e+00
1.170468450333274069e+00
1.170618008917857500e+00
1.170647154586865302e+00
1.170695009833442990e+00
1.170742849468385360e+00
1.170852551323758872e+00
1.171010091616246696e+00
1.171151195183637084e+00
1.171271878998258131e+00
1.171262853709042151e+00
1.171421306118841432e+00
1.171444130758218849e+00
1.171657042394073756e+00
1.171828987904286246e+00
1.171879732443991351e+00
1.171971018539838427e+00
1.172038834914260530e+00
1.172060792616536506e+00
1.172224886206432837e+00
1.172360118511136751e+00
1.172439391411945531e+00
1.172593967822018968e+00
1.172680579917331656e+00
1.172725720959717499e+00
1.172739331569493837e+00
1.172839528253353469e+00
1.172934481875927304e+00
1.173138722211553686e+00
1.173161361076868969e+00
1.173273604017766703e+00
1.173338793988077278e+00
1.173433924500896008e+00
1.173637343312363246e+00
1.173737623822826537e+00
1.173911898719771418e+00
1.174057923104016021e+00
1.174198535807534638e+00
1.174346016694755690e+00
1.174388635415057669e+00
1.174483224557280714e+00
1.174536591558806853e+00
1.174640592682014706e+00
1.174756295928893968e+00
1.174800328725739584e+00
1.175005081823518926e+00
1.175056198123053175e+00
1.175132079750151215e+00
1.175183621147019020e+00
1.175334195193393771e+00
1.175506740532366479e+00
1.175667576609164655e+00
1.175842410501002355e+00
1.175871196303964972e+00
1.175934626742107802e+00
1.176084075282905816e+00
1.176231847476333137e+00
1.176321052474198492e+00
1.176372854783712230e+00
1.176407451242118096e+00
1.176480987831630243e+00
1.176523151367397046e+00
1.176631756445054577e+00
1.176809358872447531e+00
1.176770543164708638e+00
1.176946208798153926e+00
1.176900921008638745e+00
1.177001970128490616e+00
1.177129293080700245e+00
1.177285710845166422e+00
1.177382465685772095e+00
1.177438528320102540e+00
1.177461982026278386e+00
1.177652286509276891e+00
1.177752192963691824e+00
1.177825643064793093e+00
1.178009011356080604e+00
1.178166498048969002e+00
1.178236536555494540e+00
1.178351754539027185e+00
1.178423080580326188e+00
1.178477070089713363e+00
1.178573801588448600e+00
1.178530354739599550e+00
1.178692354778160478e+00
1.178816512700237906e+00
1.178889567198079025e+00
1.178968949447603221e+00
1.179116677301437877e+00
1.179199778573562174e+00
1.179195851157134545e+00
1.179281864116042300e+00
1.179439673249766507e+00
1.179529469127574615e+00
1.179660639301556291e+00
1.179697917591377543e+00
1.179823544499999821e+00
1.179867974472184722e+00
1.179903660273785793e+00
1.180072865512210356e+00
1.180119234295287978e+00
1.180202623534139184e+00
1.180258923776646984e+00
1.180363277991333337e+00
1.180363753106550728e+00
1.180432167091735263e+00
1.180437115071171217e+00
1.180523403964034435e+00
1.180542706590609559e+00
1.180559311024832247e+00
1.180678264157146495e+00
1.180796221589498263e+00
1.180862098931638515e+00
1.180985567017140525e+00
1.181002393894088787e+00
1.181075966115439968e+00
1.181139792272483779e+00
1.181200299262376463e+00
1.181249156593953353e+00
1.181363495994269375e+00
1.181423056101850166e+00
1.181504068114921591e+00
1.181628694236307231e+00
1.181729105927390888e+00
1.181757339178787003e+00
1.181825658842401428e+00
1.181918093989930529e+00
1.181939739965925940e+00
1.182067542471681110e+00
1.182089256830728408e+00
1.182208656284428505e+00
1.182251933884059358e+00
1.182357887135780494e+00
1.182389044961084323e+00
1.182455141596137960e+00
1.182522600274649616e+00
1.182649234741012467e+00
1.182766931568404400e+00
1.182892750086437905e+00
1.182948973532750525e+00
1.183082206734215269e+00
1.183102192977958822e+00
1.183208819084119234e+00
1.183327328802633360e+00
1.183447206597227686e+00
1.183492891545826486e+00
1.183603448103411226e+00
1.183689464287240867e+00
1.183716949437599641e+00
1.183820497502202640e+00
1.183856067354753350e+00
1.183937793334864708e+00
1.183981922832661793e+00
1.184026420915441857e+00
1.184067036006564377e+00
1.184116509147726815e+00
1.184228491927651783e+00
1.184256211679678872e+00
1.184285514922382987e+00
1.184330170683896899e+00
1.184501606007422714e+00
1.184562656395257596e+00
1.184601791434573448e+00
1.184751123389264915e+00
1.184823168086750256e+00
1.184961324455512166e+00
1.185014887408139872e+00
1.185019559021607716e+00
1.185121087107128934e+00
1.185215826781046644e+00
1.185276077960117247e+00
1.185350804132063507e+00
1.185429278381048057e+00
1.185569415127324833e+00
1.185631905770671901e+00
1.185773547099502556e+00
1.185842699039718173e+00
1.185837611123977897e+00
1.185842925434538842e+00
1.185930934821346039e+00
1.186079525702774529e+00
1.186144048351012392e+00
1.186175910072982287e+00
1.186249614396539975e+00
1.186270171241391225e+00
1.186344679589230511e+00
1.186380861485083038e+00
1.186425294920994578e+00
1.186453813420260905e+00
1.186565724752000284e+00
1.186624793301689129e+00
1.186679309177236741e+00
1.186748715301694457e+00
1.186817679082591948e+00
1.186892788738647564e+00
1.186991061223403143e+00
1.187108134832735029e+00
1.187225063332203900e+00
1.187229236063206850e+00
1.187297984456047839e+00
1.187362959166873511e+00
1.187452834778938149e+00
1.187536050864610671e+00
1.187576131930833334e+00
1.187640812015084091e+00
1.187748889128095175e+00
1.187849232552002254e+00
1.187885955440136199e+00
1.187933601588423427e+00
1.187950394537778065e+00
1.187993432508783975e+00
1.188042158168635787e+00
1.188077660773082078e+00
1.188180386731593208e+00
1.188227758371148468e+00
1.188280817382310506e+00
1.188313763876211571e+00
1.188427225501814233e+00
1.188531815580670337e+00
1.188557312204316929e+00
1.188571314853312577e+00
1.188594011845136356e+00
1.188720909711045381e+00
1.188817920952974561e+00
1.188890171076605551e+00
1.188939762382602350e+00
1.188979075989696099e+00
1.189052655458770591e+00
1.189067872257632219e+00
1.189130146728895054e+00
1.189209270138737562e+00
1.189232745255999202e+00
1.189272482035056866e+00
1.189329551537195773e+00
1.189397717765922513e+00
1.189451387518903891e+00
1.189492474757229301e+00
1.189577788915641365e+00
1.189667011151910314e+00
1.189694175872560322e+00
1.189723553720551497e+00
1.189823498051429729e+00
1.189879718440687517e+00
1.189956310515267734e+00
1.190042395864211455e+00
1.190075449296059684e+00
1.190105967722619340e+00
1.190198992607762296e+00
1.190236229840777593e+00
1.190325106865054883e+00
1.190418716201452787e+00
1.190462825414899672e+00
1.190510516008618014e+00
1.190608766682617281e+00
1.190633254028113930e+00
1.190692807271422904e+00
1.190766338608768127e+00
1.190864447953625671e+00
1.190894271174218977e+00
1.190986015154236854e+00
1.191018147066580157e+00
1.191048311802349824e+00
1.191077880979785064e+00
1.191166431373208656e+00
1.191256633412418164e+00
1.191338951392748813e+00
1.191383524193991184e+00
1.191436848392938508e+00
1.191498027225867284e+00
1.191561503487246654e+00
1.191639379032327639e+00
1.191706594721257506e+00
1.191745821576459141e+00
1.191822803452712742e+00
1.191881600344386172e+00
1.191951901580166728e+00
1.192018045767373025e+00
1.192109783026251479e+00
1.192151969531081823e+00
1.192220295962286958e+00
1.192233938836317897e+00
1.192304677782952904e+00
1.192316933912428434e+00
1.192391307490539010e+00
1.192479730080561184e+00
1.192507331583465113e+00
1.192597222433463333e+00
1.192639040550205420e+00
1.192679766362148008e+00
1.192779643822247326e+00
1.192796723744034892e+00
1.192878195459795787e+00
1.192895347597887623e+00
1.192980473392476037e+00
1.193022184197506164e+00
1.193101710211598165e+00
1.193141072077763321e+00
1.193162047736823217e+00
1.193196888314668858e+00
1.193259652613696264e+00
1.193336459409374717e+00
1.193341393202847156e+00
1.193416591507668434e+00
1.193481342986613125e+00
1.193509835462276181e+00
1.193556871677682985e+00
1.193641129217320573e+00
1.193730954694072421e+00
1.193751578542981084e+00
1.193836914537139249e+00
1.193879705955640969e+00
1.193938814292643480e+00
1.193945249271917364e+00
1.193964516031294165e+00
1.193964227461811634e+00
1.193997311877493361e+00
1.194078442262042961e+00
1.194139454651219179e+00
1.194185044721581601e+00
1.194251750986089267e+00
1.194307506277440423e+00
1.194384098854011755e+00
1.194434379778325672e+00
1.194480680513392956e+00
1.194525712249788763e+00
1.194615234152801797e+00
1.194673224962584435e+00
1.194747224404442587e+00
1.194828791484019881e+00
1.194835695052034463e+00
1.194874797833049840e+00
1.194929905537158055e+00
1.194967692697885830e+00
1.195057595236409531e+00
1.195116322970478206e+00
1.195169303194396404e+00
1.195199610324734207e+00
1.195288704771176436e+00
1.195268817704134623e+00
1.195350686079614588e+00
1.195372816550092532e+00
1.195414439233128734e+00
1.195468205695632058e+00
1.195519501553653718e+00
1.195568584964735503e+00
1.195619597756996111e+00
1.195692442551292478e+00
1.195766784386244730e+00
1.195834155484573502e+00
1.195905578781085721e+00
1.195954587361927945e+00
1.195972051076397591e+00
1.196001487613554737e+00
1.196003255489053396e+00
1.196041314623862428e+00
1.196077215744488997e+00
1.196122604564784364e+00
1.196128406054321358e+00
1.196145790155398458e+00
1.196182173369714663e+00
1.196197666464418052e+00
1.196198013093889623e+00
1.196226188458140216e+00
1.196255633549824671e+00
1.196340583326076956e+00
1.196373834335505260e+00
1.196423413145661474e+00
1.196477248250141567e+00
1.196507662865807786e+00
1.196575204524362501e+00
1.196618967567348202e+00
1.196658022337172556e+00
1.196712126026431955e+00
1.196720084112378402e+00
1.196778840569209024e+00
1.196842542858797653e+00
1.196918465865483450e+00
1.196939348810079018e+00
1.196969482925894557e+00
1.197038165178340607e+00
1.197075292972529015e+00
1.197110500484367623e+00
1.197167832676010235e+00
1.197227771715129618e+00
1.197250903481120510e+00
1.197318070734197271e+00
1.197343686204308977e+00
1.197408986945404541e+00
1.197439707182000213e+00
1.197498478443820291e+00
1.197563875713275161e+00
1.197627571576430627e+00
1.197647653601276341e+00
1.197708871366356176e+00
1.197773270432737736e+00
1.197805032662302205e+00
1.197828773053738027e+00
1.197897894537458097e+00
1.197961668940786373e+00
1.198007472164735798e+00
1.198070448638199226e+00
1.198103942535808430e+00
1.198172231598310988e+00
1.198220750979511751e+00
1.198293680604844091e+00
1.198312280283543307e+00
1.198332125531482717e+00
1.198404608318931475e+00
1.198462448107456391e+00
1.198523646761186390e+00
1.198553409111932755e+00
1.198624679774958679e+00
1.198694352445369926e+00
1.198742253632986143e+00
1.198790166098352206e+00
1.198833007877981860e+00
1.198847709428743746e+00
1.198897668937188632e+00
1.198941022730835915e+00
1.198958627735701166e+00
1.198983322020162001e+00
1.199033432193213677e+00
1.199083420381311882e+00
1.199093665253828433e+00
1.199160309358010990e+00
1.199232029317218728e+00
1.199287257300719167e+00
1.199321435101152966e+00
1.199385904275794390e+00
1.199440715584207506e+00
1.199492914574985525e+00
1.199525981516749829e+00
1.199572012809332122e+00
1.199629678214843009e+00
1.199664445751960962e+00
1.199730138045496997e+00
1.199806242558304925e+00
1.199876281940651879e+00
1.199919013500629461e+00
1.199968517185607819e+00
1.200045430076314146e+00
1.200061176803773222e+00
1.200089186921691864e+00
1.200118645444352872e+00
1.200157381506905763e+00
1.200220381598398500e+00
1.200255732978181333e+00
1.200291690528863198e+00
1.200290944284438277e+00
1.200328725036279076e+00
1.200391569532115010e+00
1.200452927206364873e+00
1.200518860130461718e+00
1.200510627048353429e+00
1.200549404538681530e+00
1.200583869713772067e+00
1.200592819923200327e+00
1.200653574960011571e+00
1.200692397096131847e+00
1.200733988774854044e+00
1.200730483014204264e+00
1.200801379305804328e+00
1.200865440506506454e+00
1.200896901627879432e+00
1.200957549503014254e+00
1.200959978811508844e+00
1.200989587139414727e+00
1.201031874234798069e+00
1.201056462303434547e+00
1.201094895295203857e+00
1.201135583720271072e+00
1.201154664270828176e+00
1.201183228078973153e+00
1.201223112862274123e+00
1.201245293008164738e+00
1.201301939259458385e+00
1.201366828529284225e+00
1.201431356373905635e+00
1.201459042493296936e+00
1.201492574979673655e+00
1.201523183049503229e+00
1.201524588734949939e+00
1.201559996736379698e+00
1.201591350587495777e+00
1.201661933420149708e+00
1.201695770155810861e+00
1.201736600185698167e+00
1.201761451600589004e+00
1.201804127769233288e+00
1.201812503919234221e+00
1.201858225707918892e+00
1.201872342614336731e+00
1.201931665436887453e+00
1.201972136624641196e+00
1.201984390865111996e+00
1.202016369952743080e+00
1.202076749226264951e+00
1.202127486116848498e+00
1.202166637475083011e+00
1.202220753596448199e+00
1.202236642448244019e+00
1.202280866609199084e+00
1.202303031149909218e+00
1.202325021842908015e+00
1.202386290162690718e+00
1.202390119113081912e+00
1.202444399632486727e+00
1.202456628435224495e+00
1.202509791852744092e+00
1.202552476126090175e+00
1.202586033860346459e+00
1.202630856452025165e+00
1.202678691257134558e+00
1.202692134953190495e+00
1.202734763705827881e+00
1.202754594659220411e+00
1.202756655663893115e+00
1.202804215164712254e+00
1.202851957658021220e+00
1.202863057898328814e+00
1.202870754232808315e+00
1.202913505647206449e+00
1.202961346553444333e+00
1.203010284605468883e+00
1.203049947156183963e+00
1.203060083330085073e+00
1.203097187000403911e+00
1.203124393400801573e+00
1.203160849415784384e+00
1.203177510904041903e+00
1.203210849120951442e+00
1.203254812079001645e+00
1.203292252150976127e+00
1.203333016578170822e+00
1.203345984301036564e+00
1.203355607810502548e+00
1.203365721585344605e+00
1.203401039932254113e+00
1.203441158218802265e+00
1.203493055057404337e+00
1.203535566579374549e+00
1.203561329119370527e+00
1.203609379284499514e+00
1.203623596657104278e+00
1.203673166797669891e+00
1.203723396380997901e+00
1.203762378071442596e+00
1.203780592066893806e+00
1.203825553033213147e+00
1.203866084810444326e+00
1.203884403309833484e+00
1.203887206169498070e+00
1.203945310729665596e+00
1.203993818587258069e+00
1.204033778154837808e+00
1.204075683949149544e+00
1.204123976027664966e+00
1.204143270729001403e+00
1.204153112671406900e+00
1.204171528394839985e+00
1.204228847232485133e+00
1.204257332530789038e+00
1.204303682857170932e+00
1.204306985651273587e+00
1.204349370328358981e+00
1.204404052361645494e+00
1.204439393597848795e+00
1.204440481211662251e+00
1.204489490328726875e+00
1.204527337674925036e+00
1.204551469613932557e+00
1.204595642621656637e+00
1.204645671124408679e+00
1.204656144015643582e+00
1.204703654007689195e+00
1.204730949252872163e+00
1.204793121521219756e+00
1.204822471619952706e+00
1.204841757938210467e+00
1.204875563799508331e+00
1.204907049283851617e+00
1.204952116607330703e+00
1.204992005737516969e+00
1.204998214329594086e+00
1.205032520495711301e+00
1.205058575159510648e+00
1.205084999670336776e+00
1.205114244230991449e+00
1.205160877685545584e+00
1.205193864811161752e+00
1.205218353321218183e+00
1.205260076867233243e+00
1.205283282199338446e+00
1.205329104753009917e+00
1.205362743006455517e+00
1.205388438570032195e+00
1.205406275390859649e+00
1.205436066981866228e+00
1.205436956943534144e+00
1.205464322912171093e+00
1.205493980066885573e+00
1.205537520825747499e+00
1.205563408984589024e+00
1.205585804387299120e+00
1.205592751188209633e+00
1.205610247378284594e+00
1.205658509185232541e+00
1.205711019362569525e+00
1.205740185158272748e+00
1.205766720239710654e+00
1.205802401809603408e+00
1.205855254447532277e+00
1.205903311835244018e+00
1.205920048164814906e+00
1.205970902530171918e+00
1.205955688998517017e+00
1.205969967929215514e+00
1.205990482090973481e+00
1.206021496186905573e+00
1.206035488408042866e+00
1.206029621501825577e+00
1.206048535125251675e+00
1.206083889516391006e+00
1.206137921167355298e+00
1.206161639257302909e+00
1.206169573087510827e+00
1.206174368678723408e+00
1.206234561983394737e+00
1.206266189973159486e+00
1.206320709961255844e+00
1.206372401504684833e+00
1.206422372979236490e+00
1.206434223147358820e+00
1.206451529874581041e+00
1.206446029130338271e+00
1.206472817181811319e+00
1.206499633183807596e+00
1.206526160296699457e+00
1.206561251930456047e+00
1.206577256978446089e+00
1.206601038409334192e+00
1.206607828653131431e+00
1.206653760671365871e+00
1.206682980405007433e+00
1.206687823413885585e+00
1.206702012818167358e+00
1.206740570002986956e+00
1.206782574141096243e+00
1.206822062221140746e+00
1.206846226011804468e+00
1.206844306804385702e+00
1.206872010413911012e+00
1.206873838288524903e+00
1.206908314564487217e+00
1.206930223641250910e+00
1.206977789889332353e+00
1.206974071850463570e+00
1.207033775830054667e+00
1.207048384519477935e+00
1.207051890158031826e+00
1.207082894037736276e+00
1.207099970587141691e+00
1.207143370920320313e+00
1.207159253712778879e+00
1.207192224070243514e+00
1.207243509123819170e+00
1.207259875781748315e+00
1.207272846664544153e+00
1.207297644036015916e+00
1.207346116302260963e+00
1.207367323386886016e+00
1.207409657283265103e+00
1.207428499850795811e+00
1.207451046363064329e+00
1.207477232676614332e+00
1.207478630332527114e+00
1.207504781649859416e+00
1.207530858252324091e+00
1.207564060325477806e+00
1.207601945416471034e+00
1.207631201795094977e+00
1.207671753813760462e+00
1.207682303717942274e+00
1.207719003734170071e+00
1.207756934232194546e+00
1.207773377113282809e+00
1.207796029331896337e+00
1.207818722955914970e+00
1.207853555361910525e+00
1.207856606235204966e+00
1.207884736812805615e+00
1.207899393999243731e+00
1.207935553417213592e+00
1.207971508683090001e+00
1.208001022473736086e+00
1.208030981489153000e+00
1.208056092963563311e+00
1.208067402886457309e+00
1.208090175326747673e+00
1.208114565118415085e+00
1.208135099356243192e+00
1.208161218812987769e+00
1.208187040087392639e+00
1.208192952543313270e+00
1.208211594994785809e+00
1.208243708735180499e+00
1.208264584895073490e+00
1.208306735603805526e+00
1.208338687442378934e+00
1.208365764194276437e+00
1.208379705051669806e+00
1.208394051495326638e+00
1.208428308955207475e+00
1.208461167558530391e+00
1.208488741130631094e+00
1.208519731246453732e+00
1.208538737503069171e+00
1.208574685097809631e+00
1.208588547479973130e+00
1.208606300215051776e+00
1.208648852324279988e+00
1.208677035190721227e+00
1.208713740944137305e+00
1.208729733803353135e+00
1.208738367406611669e+00
1.208783313392426839e+00
1.208817829816460909e+00
1.208853037862876345e+00
1.208888929644383214e+00
1.208894095767117927e+00
1.208930662986481330e+00
1.208966045322916294e+00
1.208999650523469027e+00
1.209031524160590676e+00
1.209063034747904331e+00
1.209073278389128925e+00
1.209108969552032953e+00
1.209118531873549118e+00
1.209148649788126084e+00
1.209175307227411622e+00
1.209197518158282358e+00
1.209209140786867920e+00
1.209246287201811487e+00
1.209283440634171924e+00
1.209307409613372242e+00
1.209332947068965991e+00
1.209343938194587853e+00
1.209374405300463806e+00
1.209393292780357010e+00
1.209415608700808109e+00
1.209425031494205438e+00
1.209452734951317110e+00
1.209490266892897292e+00
1.209507721035881112e+00
1.209543773730660465e+00
1.209541080929978918e+00
1.209578467880428665e+00
1.209605839269171312e+00
1.209632495111818917e+00
1.209657456648736362e+00
1.209686115389423611e+00
1.209687814489699864e+00
1.209716009457115105e+00
1.209747289792639569e+00
1.209760150063880157e+00
1.209763223394938247e+00
1.209796476147968702e+00
1.209803280328525465e+00
1.209833474879094428e+00
1.209857488189915120e+00
1.209885288826603400e+00
1.209910266375308296e+00
1.209947774488369321e+00
1.209978795834343090e+00
1.209992598167205280e+00
1.210022849980082915e+00
1.210061679025043802e+00
1.210067167847314940e+00
1.210069004152212191e+00
1.210097277328145760e+00
1.210113235363458939e+00
1.210152488465264131e+00
1.210170028589558466e+00
1.210203373735642796e+00
1.210219567882969471e+00
1.210257902463369062e+00
1.210287073841414651e+00
1.210300090514556448e+00
1.210297664252122374e+00
1.210339501261978867e+00
1.210376119265111239e+00
1.210414094474166147e+00
1.210418144894206627e+00
1.210431060045574547e+00
1.210462654421531559e+00
1.210450229161693647e+00
1.210470585524665577e+00
1.210467604185892165e+00
1.210512264690078998e+00
1.210550165035376713e+00
1.210565722855809101e+00
1.210591288441690727e+00
1.210618619771761661e+00
1.210655389945427540e+00
1.210649849289572311e+00
1.210666713508656400e+00
1.210684562275153420e+00
1.210697513439757955e+00
1.210735319227733475e+00
1.210756330806945114e+00
1.210772256955523041e+00
1.210811668923724049e+00
1.210832235440659321e+00
1.210854811671443487e+00
1.210852976635255374e+00
1.210889886126428783e+00
1.210917931042334361e+00
1.210910965570274334e+00
1.210934408508469673e+00
1.210947044361009750e+00
1.210964396199901261e+00
1.210957696488147217e+00
1.210997005429253592e+00
1.211003854262481916e+00
1.211024811365960074e+00
1.211039609554737329e+00
1.211088088767178439e+00
1.211100531838357197e+00
1.211137980710719431e+00
1.211151431312950777e+00
1.211168493675028213e+00
1.211164825095838005e+00
1.211201469922042584e+00
1.211193592292292953e+00
1.211236098499978597e+00
1.211277598025145785e+00
1.211292362958606317e+00
1.211330447653222064e+00
1.211325132334743593e+00
1.211333789369462233e+00
1.211365456361792381e+00
1.211388311057652434e+00
1.211422609052668076e+00
1.211444488027692667e+00
1.211444035854679191e+00
1.211465299265254814e+00
1.211483605653787432e+00
1.211504253470832237e+00
1.211493196125152938e+00
1.211523727675760886e+00
1.211536549398956275e+00
1.211574042985583688e+00
1.211580949611930524e+00
1.211601777824219850e+00
1.211602747348651476e+00
1.211638252428762996e+00
1.211657626613971361e+00
1.211679286264328415e+00
1.211690801289398323e+00
1.211710109754204012e+00
1.211737275836471284e+00
1.211759274377077089e+00
1.211771642414263495e+00
1.211797110547895073e+00
1.211822247765815597e+00
1.211854746038556252e+00
1.211855285466656662e+00
1.211885850464875958e+00
1.211922051131549383e+00
1.211956745300151184e+00
1.211989794296409739e+00
1.212009009370718982e+00
1.212031369436474826e+00
1.212056152934602338e+00
1.212055726281440649e+00
1.212083725015678182e+00
1.212114056741316004e+00
1.212127168075282091e+00
1.212154260574063613e+00
1.212189836598003501e+00
1.212222705411881263e+00
1.212233747392082783e+00
1.212266288441619988e+00
1.212273143114886542e+00
1.212283316225760910e+00
1.212298134837859198e+00
1.212318791933451045e+00
1.212321667064068409e+00
1.212337709047071277e+00
1.212343382431785743e+00
1.212348580865100667e+00
1.212359880029070691e+00
1.212373044678781930e+00
1.212405716350749341e+00
1.212437249186858468e+00
1.212468459280181099e+00
1.212504845920937324e+00
1.212505639891186204e+00
1.212511540611749927e+00
1.212537755921072602e+00
1.212568986570476737e+00
1.212595987367529160e+00
1.212629344383854502e+00
1.212630733179208331e+00
1.212644574632608885e+00
1.212677656026200257e+00
1.212703127189338703e+00
1.212713633355799958e+00
1.212739573726014264e+00
1.212765643153720374e+00
1.212795309232983509e+00
1.212818153756794803e+00
1.212846601244342626e+00
1.212868038092013601e+00
1.212892829733956734e+00
1.212899017009569258e+00
1.212921104308152920e+00
1.212946956529959319e+00
1.212958618715992198e+00
1.212984529233824604e+00
1.213007794407280127e+00
1.213033962125713794e+00
1.213036454946878173e+00
1.213048953854628076e+00
1.213061453914918042e+00
1.213055377401766943e+00
1.213068705775127487e+00
1.213102271850435399e+00
1.213135337459783081e+00
1.213144103175920696e+00
1.213169312290935276e+00
1.213195226827621598e+00
1.213220690892697240e+00
1.213245076439554371e+00
1.213267405021394518e+00
1.213292616280722713e+00
1.213313981935262298e+00
1.213340710567454961e+00
1.213368239938330539e+00
1.213379894636846590e+00
1.213406397279759075e+00
1.213440330051678062e+00
1.213468712407690830e+00
1.213478223439973469e+00
1.213485748784399521e+00
1.213507435277153990e+00
1.213544985510152108e+00
1.213542541285355103e+00
1.213552370396985047e+00
1.213583222796403183e+00
1.213604577518351268e+00
1.213629136282647014e+00
1.213650811613336877e+00
1.213678422947586100e+00
1.213698848396135288e+00
1.213725030762795143e+00
1.213738775155039695e+00
1.213759097903113870e+00
1.213789400929246476e+00
1.213803814643241274e+00
1.213818363135494849e+00
1.213847660013682939e+00
1.213862506138848163e+00
1.213871084348350893e+00
1.213887728682855993e+00
1.213912598578347879e+00
1.213929499479317498e+00
1.213948585127440305e+00
1.213972860559243694e+00
1.213993215139689941e+00
1.214017617359230750e+00
1.214032675160773289e+00
1.214035180303325134e+00
1.214049382850043157e+00
1.214066877579174086e+00
1.214087037906287581e+00
1.214093893352997444e+00
1.214122740028704461e+00
1.214144742113221209e+00
1.214145859021382945e+00
1.214152575091111741e+00
1.214164577940510803e+00
1.214191915913833242e+00
1.214212294682124105e+00
1.214235526943989063e+00
1.214257010190821218e+00
1.214269762886814208e+00
1.214294763347179229e+00
1.214306229996736430e+00
1.214331088594464481e+00
1.214360420857646616e+00
1.214381448903524507e+00
1.214404257230195405e+00
1.214411039334922116e+00
1.214434753763048880e+00
1.214454153780317069e+00
1.214480145948811707e+00
1.214479975743208984e+00
1.214479998108181080e+00
1.214511034821218027e+00
1.214524496381497398e+00
1.214543722224319389e+00
1.214564910407846643e+00
1.214570332550699794e+00
1.214590761592935886e+00
1.214605492488307847e+00
1.214624430611545902e+00
1.214632284942688267e+00
1.214655707293101461e+00
1.214670167408068879e+00
1.214701390881630427e+00
1.214722435159008684e+00
1.214729806293487924e+00
1.214759424982261971e+00
1.214781787820791825e+00
1.214800142922397574e+00
1.214824948062759313e+00
1.214841321492445836e+00
1.214853636155611483e+00
1.214875872210924967e+00
1.214880881073841179e+00
1.214902829540983387e+00
1.214918760760530070e+00
1.214944365414438510e+00
1.214952930519973995e+00
1.214968820312120945e+00
1.214980050179572668e+00
1.214981062480505081e+00
1.215009034443156555e+00
1.215018472369054470e+00
1.215042854714005971e+00
1.215052569304660546e+00
1.215079649832408348e+00
1.215085160812304999e+00
1.215113633194479847e+00
1.215112536269762122e+00
1.215128654559634924e+00
1.215152449451008643e+00
1.215152353984242373e+00
1.215169919709023327e+00
1.215192756689614573e+00
1.215197885557643298e+00
1.215212864140833293e+00
1.215224965265759405e+00
1.215252750985341468e+00
1.215274093758009988e+00
1.215296811462759585e+00
1.215297130891046962e+00
1.215312032077599413e+00
1.215319276952668170e+00
1.215351090045890148e+00
1.215365651252567458e+00
1.215384287304054567e+00
1.215402997765760107e+00
1.215431635721268666e+00
1.215450074316617668e+00
1.215459248206318010e+00
1.215478427728970745e+00
1.215481100648614587e+00
1.215507584390987494e+00
1.215535849809244784e+00
1.215542644806094641e+00
1.215547827604743114e+00
1.215548950742707079e+00
1.215550047925703758e+00
1.215579132751957836e+00
1.215611119086769554e+00
1.215639408254161724e+00
1.215656553986562249e+00
1.215652365763350229e+00
1.215653951036649749e+00
1.215670108171074570e+00
1.215688673283863430e+00
1.215716006697357576e+00
1.215718309460198432e+00
1.215734827212447300e+00
1.215748734348580884e+00
1.215779292446939941e+00
1.215794321568657077e+00
1.215810205537314559e+00
1.215823409952501377e+00
1.215841192969207007e+00
1.215844226370783598e+00
1.215857740173203361e+00
1.215867307630882577e+00
1.215875296220493285e+00
1.215888375178008962e+00
1.215909900562220036e+00
1.215941913877999214e+00
1.215957090372990157e+00
1.215964603490058638e+00
1.215991584719248175e+00
1.216016937428634925e+00
1.216029375665941714e+00
1.216055874513786161e+00
1.216072799692718309e+00
1.216082738906987704e+00
1.216104572594218336e+00
1.216117967030659663e+00
1.216142626617029210e+00
1.216152250422092518e+00
1.216167248324986794e+00
1.216162685853493075e+00
1.216166764150520496e+00
1.216184792738544962e+00
1.216211976524402827e+00
1.216217293726910897e+00
1.216237913871519360e+00
1.216253540959872481e+00
1.216279995736734287e+00
1.216295462263486726e+00
1.216289794091877541e+00
1.216316520547883639e+00
1.216342361407840578e+00
1.216362469259305579e+00
1.216376825062090994e+00
1.216394252024778799e+00
1.216413312058438834e+00
1.216431837272860417e+00
1.216442413904731179e+00
1.216464748663459661e+00
1.216478458994131095e+00
1.216491031865772898e+00
1.216509570153510911e+00
1.216516986379286847e+00
1.216532739762533621e+00
1.216538837348826840e+00
1.216559653477512271e+00
1.216579554860360179e+00
1.216586849327143005e+00
1.216608820939949709e+00
1.216620730756135860e+00
1.216641428866982455e+00
1.216669277052999876e+00
1.216688587333166760e+00
1.216710274002151593e+00
1.216731456321521243e+00
1.216755019510765701e+00
1.216773637790016460e+00
1.216790389490153057e+00
1.216796565866505642e+00
1.216813140318017128e+00
1.216818312978587446e+00
1.216838939408871445e+00
1.216859355022006817e+00
1.216885019606810170e+00
1.216903042040976546e+00
1.216923638164569832e+00
1.216925430299011124e+00
1.216947155780825351e+00
1.216968594398556869e+00
1.216984590756508222e+00
1.217005109362129467e+00
1.217016103558234974e+00
1.217030348898496595e+00
1.217054937411609083e+00
1.217069883440321965e+00
1.217090361141204502e+00
1.217107989810048307e+00
1.217128074154608663e+00
1.217143414878919971e+00
1.217143305289488442e+00
1.217160157941639342e+00
1.217182583053278533e+00
1.217203509141054241e+00
1.217218591097246616e+00
1.217228584164829153e+00
1.217231793907604498e+00
1.217253792904278820e+00
1.217274544185296792e+00
1.217291944904199674e+00
1.217309946249535590e+00
1.217332578814761757e+00
1.217335529191125865e+00
1.217358825542899758e+00
1.217379802482213558e+00
1.217391896364580006e+00
1.217403162785374526e+00
1.217420098269004214e+00
1.217435385242163326e+00
1.217455840004935341e+00
1.217460320682604680e+00
1.217458824285348795e+00
1.217479771279652123e+00
1.217486867899841618e+00
1.217492726541368864e+00
1.217513073146055280e+00
1.217529115407361973e+00
1.217541144034236078e+00
1.217553933242908393e+00
1.217559012622440928e+00
1.217568278595803299e+00
1.217582151538206370e+00
1.217607280648998369e+00
1.217614444158547915e+00
1.217631095610037351e+00
1.217653301698819357e+00
1.217660530019041509e+00
1.217667623106879704e+00
1.217687312216287010e+00
1.217693692317036280e+00
1.217714975824979229e+00
1.217738046219853043e+00
1.217757687952683465e+00
1.217781452601755188e+00
1.217781763350541002e+00
1.217798794885768920e+00
1.217813304207021163e+00
1.217820898486839498e+00
1.217825254411112335e+00
1.217852323137771364e+00
1.217862354760246513e+00
1.217863063464968754e+00
1.217873262508041066e+00
1.217892014912973053e+00
1.217915747838284934e+00
1.217932099835137505e+00
1.217955009689954515e+00
1.217958392258408740e+00
1.217976362247266797e+00
1.217991189951189934e+00
1.217987901579395515e+00
1.218012689344094124e+00
1.218018666214180312e+00
1.218032269261673406e+00
1.218054801822942013e+00
1.218075811244987872e+00
1.218099270968587167e+00
1.218097182399412892e+00
1.218110520950931752e+00
1.218134355578654793e+00
1.218138550737055903e+00
1.218148391518525386e+00
1.218161509384804608e+00
1.218173250109058303e+00
1.218192684300289486e+00
1.218207106665251560e+00
1.218218612564144987e+00
1.218246473306598521e+00
1.218269055142127799e+00
1.218270734064426319e+00
1.218262957710956051e+00
1.218268745124098995e+00
1.218276536208291239e+00
1.218274993724930422e+00
1.218299103398966965e+00
1.218311719382275671e+00
1.218334874716670901e+00
1.218347716650198809e+00
1.218360231841125962e+00
1.218374696770818000e+00
1.218374090015137856e+00
1.218387310105760291e+00
1.218387334754510887e+00
1.218412940736476324e+00
1.218425554345891948e+00
1.218435994283884716e+00
1.218435790199356550e+00
1.218459536734601389e+00
1.218472438629016441e+00
1.218493272884593193e+00
1.218505270136175378e+00
1.218504569059174258e+00
1.218518576458665903e+00
1.218535403231246539e+00
1.218560409791346277e+00
1.218584437757004313e+00
1.218610181202291809e+00
1.218627951113276486e+00
1.218641893409585730e+00
1.218654216285309788e+00
1.218663486747848523e+00
1.218684690392227932e+00
1.218696439140570353e+00
1.218714709620872361e+00
1.218724347059666480e+00
1.218729584971876001e+00
1.218754607290598591e+00
1.218765819302250586e+00
1.218774251515899687e+00
1.218784830648906636e+00
1.218800779648208987e+00
1.218798355728571980e+00
1.218825648384519678e+00
1.218825099512907961e+00
1.218839867657033116e+00
1.218864574589721084e+00
1.218862235334468025e+00
1.218884710632848867e+00
1.218904326765605894e+00
1.218915333025210490e+00
1.218927469419488041e+00
1.218938902617603182e+00
1.218949398497282122e+00
1.218965642354230328e+00
1.218966257350593940e+00
1.218981328892982940e+00
1.218999724742132917e+00
1.219014929978392781e+00
1.219019036677002843e+00
1.219028207130667729e+00
1.219046550205620694e+00
1.219061085435247271e+00
1.219073224482472684e+00
1.219093022649874847e+00
1.219111032348453749e+00
1.219113646621511560e+00
1.219120763323873646e+00
1.219126416268090152e+00
1.219151354370431539e+00
1.219176653116497144e+00
1.219187773575875378e+00
1.219184021269302809e+00
1.219187421693817441e+00
1.219188059615350372e+00
1.219191996137470202e+00
1.219199113666462164e+00
1.219213877662458811e+00
1.219230563460886874e+00
1.219237767324465871e+00
1.219255484996319971e+00
1.219275381510998679e+00
1.219280525236657864e+00
1.219286456034915478e+00
1.219288125810677137e+00
1.219306547285409659e+00
1.219321637852563756e+00
1.219337239373982307e+00
1.219354306883336125e+00
1.219371508787561398e+00
1.219384786785309371e+00
1.219386825633329563e+00
1.219403850446657112e+00
1.219419394649393418e+00
1.219438196803021457e+00
1.219454704641840692e+00
1.219473656164324682e+00
1.219487814248412905e+00
1.219486598882212780e+00
1.219503535159905061e+00
1.219519540358357634e+00
1.219540766812376109e+00
1.219554861867568230e+00
1.219571778758014258e+00
1.219573236264395621e+00
1.219589068013909428e+00
1.219597164012440560e+00
1.219604436687699467e+00
1.219626263112033371e+00
1.219635608008161398e+00
1.219657766649270281e+00
1.219670109292297910e+00
1.219678740692978547e+00
1.219700697199415762e+00
1.219713759035820022e+00
1.219732356955845809e+00
1.219739356341408953e+00
1.219753141998878743e+00
1.219760496720270426e+00
1.219751754858703796e+00
1.219767027561682093e+00
1.219780837386224892e+00
1.219795239199131354e+00
1.219816215009465132e+00
1.219833306989147381e+00
1.219835820836513651e+00
1.219836359233572809e+00
1.219853557703087343e+00
1.219864871188874877e+00
1.219878783711290549e+00
1.219890785762976604e+00
1.219906075546175916e+00
1.219903974403069746e+00
1.219922661730036495e+00
1.219940494712554280e+00
1.219957349891818144e+00
1.219971437919732171e+00
1.219987517827584522e+00
1.219999114586242550e+00
1.220002800322253167e+00
1.220020629413446134e+00
1.220032191373956465e+00
1.220046919791055506e+00
1.220040283486821808e+00
1.220041546820337608e+00
1.220061178522601208e+00
1.220077177570818794e+00
1.220092113526827893e+00
1.220093851310128263e+00
1.220107502252119280e+00
1.220111458418717598e+00
1.220128917227161658e+00
1.220142096782476537e+00
1.220158753384877670e+00
1.220174133423089113e+00
1.220177850498696204e+00
1.220196782219689524e+00
1.220215584293804723e+00
1.220216408865633539e+00
1.220232074418982737e+00
1.220234558874833342e+00
1.220243689038391866e+00
1.220260022927287080e+00
1.220278259819232769e+00
1.220297884167709901e+00
1.220300991876408503e+00
1.220304405395946645e+00
1.220321714862751428e+00
1.220338710771652124e+00
1.220356626991669913e+00
1.220371806299159312e+00
1.220392061213334767e+00
1.220404512835395527e+00
1.220421163099996820e+00
1.220436505628164525e+00
1.220436199215758410e+00
1.220449304053417450e+00
1.220465380651597709e+00
1.220484834452070233e+00
1.220503147840034552e+00
1.220504557127371381e+00
1.220521852171029709e+00
1.220537879484220101e+00
1.220553939677415656e+00
1.220572884116990053e+00
1.220586750896371253e+00
1.220587730565227291e+00
1.220602723136529733e+00
1.220603762414181892e+00
1.220619546517525578e+00
1.220638843856687750e+00
1.220652102084632373e+00
1.220668640081629785e+00
1.220672551418726881e+00
1.220677869601308085e+00
1.220696865505114692e+00
1.220696876902042316e+00
1.220709496371308322e+00
1.220715080382821949e+00
1.220731463781403736e+00
1.220751327900997607e+00
1.220770405750844390e+00
1.220783104093930538e+00
1.220796836179631750e+00
1.220811620388841945e+00
1.220827829013386934e+00
1.220847252493543644e+00
1.220859444162454954e+00
1.220873628163778646e+00
1.220887828960023347e+00
1.220907505554947647e+00
1.220911088237633058e+00
1.220912520343394814e+00
1.220927849605211835e+00
1.220943557198091778e+00
1.220959305322252275e+00
1.220965134731872181e+00
1.220982019408697772e+00
1.220992376200054075e+00
1.220998563052811514e+00
1.221004184172642448e+00
1.221017007464650028e+00
1.221028921373723319e+00
1.221036401231627488e+00
1.221053664189291288e+00
1.221053433448204384e+00
1.221056438499110719e+00
1.221061784545063089e+00
1.221077413176283599e+00
1.221094250270623460e+00
1.221095865443560191e+00
1.221115692058438507e+00
1.221134476430674631e+00
1.221147011266435545e+00
1.221161366461209097e+00
1.221167554388399079e+00
1.221177636324002558e+00
1.221172276044964145e+00
1.221178416009912171e+00
1.221184377627872353e+00
1.221189344041751612e+00
1.221197335469232481e+00
1.221217106753561099e+00
1.221234762677245067e+00
1.221241796169953764e+00
1.221257360141382753e+00
1.221261072531015568e+00
1.221267574566834213e+00
1.221279758097120416e+00
1.221280614614562943e+00
1.221294815754094154e+00
1.221312828180320720e+00
1.221320115900622838e+00
1.221319509028103045e+00
1.221337549302775827e+00
1.221346068505479998e+00
1.221353652020695790e+00
1.221367642076186977e+00
1.221385733433155041e+00
1.221392521570235701e+00
1.221407747736628524e+00
1.221417467339399821e+00
1.221433722409293487e+00
1.221452458260626317e+00
1.221460544002076709e+00
1.221476022190801203e+00
1.221484480568935549e+00
1.221502639373915011e+00
1.221504856174300935e+00
1.221525800399959172e+00
1.221538389519997603e+00
1.221543122458905728e+00
1.221557069652936311e+00
1.221560731582520543e+00
1.221581697168403258e+00
1.221598993558276058e+00
1.221604080468746245e+00
1.221619089782573386e+00
1.221633933947500195e+00
1.221647428871131424e+00
1.221664339261117505e+00
1.221678614311267674e+00
1.221686059296092752e+00
1.221688590610123137e+00
1.221700840610467020e+00
1.221716279309633890e+00
1.221721553421922124e+00
1.221729404617233561e+00
1.221734516535453841e+00
1.221741286669330906e+00
1.221758194158744093e+00
1.221775204718873908e+00
1.221787028088102245e+00
1.221795329540262598e+00
1.221798928759728176e+00
1.221815405387998599e+00
1.221820918997297944e+00
1.221837305340553348e+00
1.221852876803048549e+00
1.221865300031800716e+00
1.221879899823588689e+00
1.221886050929122725e+00
1.221903436585460634e+00
1.221909291406797493e+00
1.221914850079569348e+00
1.221936703369298716e+00
1.221947470786498124e+00
1.221944881633116431e+00
1.221958253855182974e+00
1.221977822708411043e+00
1.221995318296366539e+00
1.221998601183837740e+00
1.222011367517180869e+00
1.222021918716383215e+00
1.222031621042031446e+00
1.222048816177848218e+00
1.222059845247491783e+00
1.222069532316495177e+00
1.222072011640649825e+00
1.222079883415106316e+00
1.222095146294564616e+00
1.222107045348487464e+00
1.222117393611880320e+00
1.222132517757104520e+00
1.222144894834914952e+00
1.222154590270524865e+00
1.222157130272160552e+00
1.222174600473023398e+00
1.222187552118003229e+00
1.222196837016643833e+00
1.222198612228965864e+00
1.222204532021094803e+00
1.222217203544678332e+00
1.222232694246730755e+00
1.222245810591564341e+00
1.222250212729081964e+00
1.222255484453026231e+00
1.222272250949298700e+00
1.222289723633147140e+00
1.222290591902950085e+00
1.222309516426674847e+00
1.222320295077166330e+00
1.222336382757444939e+00
1.222345589874376026e+00
1.222345047306842014e+00
1.222344008543131189e+00
1.222363695901669489e+00
1.222362032768952833e+00
1.222380087027677087e+00
1.222385297122916548e+00
1.222396812684904299e+00
1.222397324649535877e+00
1.222415171060880157e+00
1.222416777023346501e+00
1.222424049501498855e+00
1.222444139495237225e+00
1.222456971172364293e+00
1.222470077659485010e+00
1.222479496293352286e+00
1.222492850133764630e+00
1.222505959089354777e+00
1.222520386951360338e+00
1.222537779163647143e+00
1.222545667679657333e+00
1.222564070443596274e+00
1.222579544837636867e+00
1.222582226640495318e+00
1.222580283027660863e+00
1.222598945259922631e+00
1.222597589610924684e+00
1.222613080106922823e+00
1.222627198068886312e+00
1.222636343355946398e+00
1.222649361487839315e+00
1.222664831888626624e+00
1.222674749105877590e+00
1.222692711502015639e+00
1.222693113893077221e+00
1.222706705785711723e+00
1.222713098228339179e+00
1.222712824953844368e+00
1.222729595509137290e+00
1.222741498061297616e+00
1.222760050774687413e+00
1.222777182893820092e+00
1.222791429505592387e+00
1.222810593810989221e+00
1.222809061255139884e+00
1.222807591690624696e+00
1.222826252660750290e+00
1.222844726103099244e+00
1.222863146802319445e+00
1.222862141550931536e+00
1.222875503987188361e+00
1.222884036314606737e+00
1.222890333075783431e+00
1.222901128583578467e+00
1.222911787649136439e+00
1.222925337345120322e+00
1.222936300102467122e+00
1.222947491655716146e+00
1.222960015127779076e+00
1.222973671034027321e+00
1.222984812518043363e+00
1.222996037264688418e+00
1.222999972951333669e+00
1.223007235404530268e+00
1.223025876286973901e+00
1.223029742425913335e+00
1.223044924100577857e+00
1.223064464207268776e+00
1.223067044302139639e+00
1.223078749000701793e+00
1.223094773779533018e+00
1.223111085290499611e+00
1.223115130935762407e+00
1.223127498800783419e+00
1.223137308755707808e+00
1.223148313948155819e+00
1.223156243969059087e+00
1.223158574118272668e+00
1.223170079239474850e+00
1.223182343328225175e+00
1.223190815912141405e+00
1.223195880209946518e+00
1.223208968961425169e+00
1.223213205771335854e+00
1.223219559465114958e+00
1.223233597149745888e+00
1.223237794619301155e+00
1.223237928906489413e+00
1.223255817442727933e+00
1.223270550276372770e+00
1.223285923247017237e+00
1.223301653178116677e+00
1.223315338210234193e+00
1.223319811866940388e+00
1.223333374870630763e+00
1.223348588906959522e+00
1.223361618942084394e+00
1.223366026331275336e+00
1.223381745062422032e+00
1.223397259433403939e+00
1.223399362891746556e+00
1.223414457530771493e+00
1.223427986637329212e+00
1.223431681424518525e+00
1.223447504689974874e+00
1.223465032881500436e+00
1.223479202626885920e+00
1.223491861929662861e+00
1.223504808373868658e+00
1.223508854590429351e+00
1.223524617600439957e+00
1.223539807221571518e+00
1.223556311853690071e+00
1.223573113849666827e+00
1.223587262538470277e+00
1.223592615802683525e+00
1.223607651497186977e+00
1.223620937574667611e+00
1.223633608095360925e+00
1.223647979894913584e+00
1.223658257950655637e+00
1.223658796178181074e+00
1.223670266406636786e+00
1.223684014004609910e+00
1.223697181980460291e+00
1.223704379107311890e+00
1.223711579399753724e+00
1.223727533315597915e+00
1.223740202734146854e+00
1.223746452428404741e+00
1.223750431790471049e+00
1.223755786964623837e+00
1.223766821267669780e+00
1.223783452669124472e+00
1.223788491315555449e+00
1.223802417898684380e+00
1.223805095666425924e+00
1.223819021339887403e+00
1.223832619399280786e+00
1.223845085394670962e+00
1.223862795907873391e+00
1.223876651284185657e+00
1.223883175607118234e+00
1.223887831834841400e+00
1.223899250286631935e+00
1.223911627917963818e+00
1.223917175067674501e+00
1.223931962487089464e+00
1.223940279773170881e+00
1.223951006336829295e+00
1.223963949854840916e+00
1.223964426482133439e+00
1.223975246477039702e+00
1.223985671867851899e+00
1.224002257400998106e+00
1.224003435227171366e+00
1.224019679331017629e+00
1.224033477650206425e+00
1.224044497599962922e+00
1.224048724069415561e+00
1.224062200818390567e+00
1.224077526506163416e+00
1.224090706789818794e+00
1.224094039890092356e+00
1.224111555015910957e+00
1.224121436200509505e+00
1.224131843380263707e+00
1.224134351320620651e+00
1.224147856080984864e+00
1.224153129725893407e+00
1.224165786699079383e+00
1.224177706146547751e+00
1.224192756007390859e+00
1.224206264648733278e+00
1.224218527385230626e+00
1.224232076911288436e+00
1.224244560486786870e+00
1.224252058826419187e+00
1.224260311439638427e+00
1.224274499572601815e+00
1.224287504015980410e+00
1.224300203640555695e+00
1.224315522165402292e+00
1.224329337623521585e+00
1.224332508300589817e+00
1.224341479936035926e+00
1.224352835412474860e+00
1.224356333785815654e+00
1.224349885150047168e+00
1.224362902656104701e+00
1.224373869784165070e+00
1.224376813142856735e+00
1.224387725177311204e+00
1.224402819638216400e+00
1.224412011041452253e+00
1.224428765025691757e+00
1.224438375061406958e+00
1.224445149717723114e+00
1.224450620630235242e+00
1.224463209675829445e+00
1.224474967858161456e+00
1.224480334439683960e+00
1.224496158056637585e+00
1.224511020386185089e+00
1.224510294152745704e+00
1.224510913480256535e+00
1.224524394516817383e+00
1.224539491544151204e+00
1.224554615995546714e+00
1.224563753190157200e+00
1.224565627927140188e+00
1.224570054660234275e+00
1.224574692142672339e+00
1.224588637123964485e+00
1.224606428911517053e+00
1.224618981651175220e+00
1.224619711678245570e+00
1.224634291762307869e+00
1.224642702678031991e+00
1.224654912791666383e+00
1.224658714625985079e+00
1.224665494735534876e+00
1.224681772524581769e+00
1.224691923113128134e+00
1.224698904649503595e+00
1.224713911793556154e+00
1.224730354028713997e+00
1.224746365563956552e+00
1.224749730728335040e+00
1.224763907563057197e+00
1.224769277444031079e+00
1.224776734815560708e+00
1.224786243171155142e+00
1.224795877648652054e+00
1.224797471944513383e+00
1.224802439594133707e+00
1.224815188010224487e+00
1.224824845441157439e+00
1.224834991229221348e+00
1.224844801706945319e+00
1.224851003832221563e+00
1.224850547529682920e+00
1.224854709915228934e+00
1.224865452310215819e+00
1.224875911228568981e+00
1.224886902560126334e+00
1.224892667218259401e+00
1.224893033033078504e+00
1.224908610567310374e+00
1.224909851313724651e+00
1.224912853807110569e+00
1.224928398329057533e+00
1.224941931147437879e+00
1.224955410298539160e+00
1.224967397459857166e+00
1.224966560130809068e+00
1.224973830017829446e+00
1.224980535860914044e+00
1.224982058507741556e+00
1.224985970165014759e+00
1.224997569405884557e+00
1.224999791978080399e+00
1.225018885813326408e+00
1.225030208776756391e+00
1.225033023440177615e+00
1.225046285383266653e+00
1.225060623263580784e+00
1.225063519957734881e+00
1.225067248626754424e+00
1.225079233803495704e+00
1.225093440521648702e+00
1.225106551327663329e+00
1.225119542307238518e+00
1.225129437626838902e+00
1.225142265579620693e+00
1.225144229843963428e+00
1.225155276057910303e+00
1.225165518505404672e+00
1.225171889824636651e+00
1.225180907123179175e+00
1.225175150718444517e+00
1.225186749163283739e+00
1.225196864087838122e+00
1.225196740375015914e+00
1.225209866321414598e+00
1.225224282534474796e+00
1.225233700864612141e+00
1.225247606424860303e+00
1.225251292947338477e+00
1.225266080529191282e+00
1.225267899847013009e+00
1.225281671701985875e+00
1.225288555678109681e+00
1.225290438009527527e+00
1.225307234709492432e+00
1.225318960446306615e+00
1.225324417794655396e+00
1.225337540393655500e+00
1.225342674774493545e+00
1.225356648205929933e+00
1.225362455421805219e+00
1.225372782898496604e+00
1.225387711027681181e+00
1.225398132234748916e+00
1.225405701629967314e+00
1.225404201145148475e+00
1.225415927125613091e+00
1.225430491983494630e+00
1.225435609700252559e+00
1.225444172853860980e+00
1.225452614493228509e+00
1.225458173763420699e+00
1.225466108269019694e+00
1.225482427734897239e+00
1.225483529251178982e+00
1.225493249796503203e+00
1.225509085816171240e+00
1.225509027245577531e+00
1.225516287320735254e+00
1.225526532674569014e+00
1.225538159510319192e+00
1.225550885925121625e+00
1.225560338399562799e+00
1.225563542871308975e+00
1.225576280624321557e+00
1.225589746567128380e+00
1.225596891409439060e+00
1.225603950049985569e+00
1.225614815855532669e+00
1.225627858485103472e+00
1.225625194032789134e+00
1.225637101124365635e+00
1.225646087270914508e+00
1.225650480295302103e+00
1.225658867015426923e+00
1.225666478299952900e+00
1.225678384127539600e+00
1.225676419375488324e+00
1.225688919217422734e+00
1.225698917712041647e+00
1.225710078300236594e+00
1.225722973639127744e+00
1.225732452501020697e+00
1.225730319131527413e+00
1.225738612111817449e+00
1.225749370154807671e+00
1.225763036359617697e+00
1.225767278137302796e+00
1.225778737858423062e+00
1.225788354728284624e+00
1.225799615464182368e+00
1.225812732743702282e+00
1.225815617922549228e+00
1.225825686543663640e+00
1.225831409475580447e+00
1.225843272641998993e+00
1.225856065314860910e+00
1.225867911029231649e+00
1.225879133739579574e+00
1.225886130437669364e+00
1.225898299287157434e+00
1.225911337997163786e+00
1.225925142342831009e+00
1.225938243424754326e+00
1.225951580571499111e+00
1.225965603108941870e+00
1.225973241554419557e+00
1.225972416842282975e+00
1.225974359127629532e+00
1.225987648609889291e+00
1.226000978112119943e+00
1.226006365636334028e+00
1.226008601960467903e+00
1.226024578559270051e+00
1.226041981143476400e+00
1.226048491410345109e+00
1.226061913019584004e+00
1.226074911624009056e+00
1.226076663587702731e+00
1.226092302486223140e+00
1.226100507710017107e+00
1.226097775809653623e+00
1.226111584168707580e+00
1.226119041066040749e+00
1.226131264332168458e+00
1.226140749040426137e+00
1.226153014134107933e+00
1.226167041777444622e+00
1.226176937449483306e+00
1.226179704925922209e+00
1.226185401665615515e+00
1.226190887971403853e+00
1.226204042266135774e+00
1.226212317864237011e+00
1.226225614967102251e+00
1.226231853030103514e+00
1.226247376131979649e+00
1.226251065721198241e+00
1.226256753500965413e+00
1.226265788436298854e+00
1.226271175312514394e+00
1.226275184136148777e+00
1.226279911822688584e+00
1.226281533797726198e+00
1.226291560694693805e+00
1.226290434780294980e+00
1.226299427920467311e+00
1.226314551095890382e+00
1.226321073961387897e+00
1.226332427417751170e+00
1.226340634638479976e+00
1.226348561550626881e+00
1.226358848677102875e+00
1.226367446153604268e+00
1.226381500255990575e+00
1.226385664228569761e+00
1.226395777558036526e+00
1.226404049823404785e+00
1.226411459549348049e+00
1.226419854096535644e+00
1.226425074714643459e+00
1.226437755230707749e+00
1.226450449569534529e+00
1.226451364605879224e+00
1.226466591416286667e+00
1.226474151682484637e+00
1.226486150476501447e+00
1.226490077687462543e+00
1.226501974458484634e+00
1.226508167121718174e+00
1.226515213099827362e+00
1.226521012636412333e+00
1.226527698185509552e+00
1.226534928632978749e+00
1.226544634543922818e+00
1.226554925330837431e+00
1.226559480963486992e+00
1.226569370162057471e+00
1.226572276096738578e+00
1.226583125337190605e+00
1.226592447156702015e+00
1.226605316638438525e+00
1.226616244609731510e+00
1.226616854342547080e+00
1.226618200616181431e+00
1.226621574940931270e+00
1.226633083695521709e+00
1.226644846561735003e+00
1.226647863866225041e+00
1.226661626224765600e+00
1.226671033216441664e+00
1.226679922147059232e+00
1.226690906946798831e+00
1.226692217889280734e+00
1.226701548316955659e+00
1.226712130247223032e+00
1.226722045437224962e+00
1.226724838306185728e+00
1.226735349279718390e+00
1.226747057376545991e+00
1.226758394923769924e+00
1.226767388560243921e+00
1.226780459701390713e+00
1.226788230112893174e+00
1.226798991892041446e+00
1.226807279427015285e+00
1.226816141116210845e+00
1.226825693108066329e+00
1.226828450308577123e+00
1.226837642553433971e+00
1.226849739123126781e+00
1.226855520198966154e+00
1.226868465514011852e+00
1.226876709867370074e+00
1.226882127600158912e+00
1.226895178134832065e+00
1.226905604432948715e+00
1.226917143528030163e+00
1.226919862402593875e+00
1.226929317793976848e+00
1.226938442305547383e+00
1.226948049496761284e+00
1.226956651794659958e+00
1.226960164121045471e+00
1.226971272935968305e+00
1.226980857802295821e+00
1.226981936906713422e+00
1.226992865185759563e+00
1.227000661004638227e+00
1.227004100530866282e+00
1.227003874457923915e+00
1.227015440677657665e+00
1.227024650925654381e+00
1.227027923928342368e+00
1.227038245729678678e+00
1.227049730953624129e+00
1.227061178096279681e+00
1.227071098449828979e+00
1.227083128216916563e+00
1.227092972743459853e+00
1.227105610556900483e+00
1.227113986869056594e+00
1.227124434580807666e+00
1.227137836058363574e+00
1.227146717190268799e+00
1.227153553510332618e+00
1.227151533444754028e+00
1.227161940732991674e+00
1.227169515009008283e+00
1.227178441096318018e+00
1.227181892603576241e+00
1.227191610734026606e+00
1.227200767533812131e+00
1.227201321196259798e+00
1.227202449205812673e+00
1.227214449059301327e+00
1.227223181444837552e+00
1.227235451641193631e+00
1.227235257495494114e+00
1.227246988375521042e+00
1.227260623623496638e+00
1.227272523452840991e+00
1.227280506145088435e+00
1.227284524970620350e+00
1.227292961642135527e+00
1.227304770361370867e+00
1.227317349680812297e+00
1.227324090195632378e+00
1.227326652278456054e+00
1.227337902012125115e+00
1.227337215215703825e+00
1.227345221715040680e+00
1.227349038557541849e+00
1.227361205595526528e+00
1.227370170382924730e+00
1.227376495760023944e+00
1.227385483638686825e+00
1.227393307497091524e+00
1.227399679518864639e+00
1.227407003315071909e+00
1.227417524179857500e+00
1.227424843583045933e+00
1.227436232646924363e+00
1.227446418205694112e+00
1.227455124377148321e+00
1.227459679268082748e+00
1.227458885963909507e+00
1.227467834666491564e+00
1.227478607687545242e+00
1.227488722478284666e+00
1.227500743171701547e+00
1.227504835931117588e+00
1.227514733078142184e+00
1.227522558685611553e+00
1.227532112159884559e+00
1.227539471728065879e+00
1.227549416714096342e+00
1.227562147329591014e+00
1.227572719689659975e+00
1.227580509443387147e+00
1.227588388552926624e+00
1.227597738629100599e+00
1.227604836064250193e+00
1.227607450523131360e+00
1.227618175561840275e+00
1.227619812761270301e+00
1.227624956035329840e+00
1.227635382239530282e+00
1.227637344729729296e+00
1.227643799032050786e+00
1.227653370676313749e+00
1.227654028925056595e+00
1.227661576623991557e+00
1.227672054353406539e+00
1.227673434106519412e+00
1.227683668257357308e+00
1.227694895174588519e+00
1.227698007518530865e+00
1.227709295210196005e+00
1.227708979731197747e+00
1.227719381917779184e+00
1.227726976154067451e+00
1.227738092529673919e+00
1.227747059529416429e+00
1.227756578048642133e+00
1.227763402415934957e+00
1.227769403677386961e+00
1.227775809709022115e+00
1.227776352284604577e+00
1.227777123039534457e+00
1.227784630934986465e+00
1.227794136842140338e+00
1.227802727789246928e+00
1.227811552102785697e+00
1.227822931952972096e+00
1.227828518212473963e+00
1.227834031441653151e+00
1.227842111392516644e+00
1.227848524643185169e+00
1.227852024361005157e+00
1.227861107986197853e+00
1.227863949903459373e+00
1.227871940380930615e+00
1.227875514839878557e+00
1.227885024740585251e+00
1.227891885757744328e+00
1.227896041089829859e+00
1.227904713581724927e+00
1.227914886727574428e+00
1.227924886671241556e+00
1.227933630300203083e+00
1.227939045759625980e+00
1.227947112072822033e+00
1.227960269310995223e+00
1.227962115756450201e+00
1.227970297189729276e+00
1.227977568704312850e+00
1.227984431499143270e+00
1.227989325068233883e+00
1.227998064539227219e+00
1.228003955675835979e+00
1.228011100920682663e+00
1.228017802996265395e+00
1.228026895783000505e+00
1.228034177863735144e+00
1.228041687844261487e+00
1.228053382476418598e+00
1.228062095993300185e+00
1.228067961837147948e+00
1.228070287424350981e+00
1.228078151719032451e+00
1.228084772261520907e+00
1.228091450881934055e+00
1.228086332701717076e+00
1.228095451915815595e+00
1.228105017610536143e+00
1.228114193341267146e+00
1.228122780283987803e+00
1.228131776204685277e+00
1.228138739499417209e+00
1.228150415027078779e+00
1.228152437675837705e+00
1.228157371237382112e+00
1.228169366134672646e+00
1.228178923560102609e+00
1.228186967816967234e+00
1.228187823219855757e+00
1.228190070091243369e+00
1.228203823975891673e+00
1.228208783407859217e+00
1.228215184572100327e+00
1.228223211660745662e+00
1.228231299753150818e+00
1.228240467226936694e+00
1.228249414589299926e+00
1.228246243936412796e+00
1.228255193915059440e+00
1.228258455382153391e+00
1.228266884272507520e+00
1.228271573361950919e+00
1.228281623162949643e+00
1.228291208552912739e+00
1.228296836804456005e+00
1.228304280144307592e+00
1.228312984421308984e+00
1.228314703546994568e+00
1.228323944830588710e+00
1.228330928980797099e+00
1.228334347694608253e+00
1.228343705618590187e+00
1.228347991788815152e+00
1.228356070441170900e+00
1.228357243712292046e+00
1.228368106247255787e+00
1.228378918295574884e+00
1.228389441797400394e+00
1.228395094669725074e+00
1.228401189862164955e+00
1.228411529710377925e+00
1.228413706994388788e+00
1.228424714402060358e+00
1.228435124677838219e+00
1.228440712825541903e+00
1.228447451642023180e+00
1.228446261785444582e+00
1.228447797249423878e+00
1.228457809013579372e+00
1.228465719006640811e+00
1.228471645096628428e+00
1.228475439724527440e+00
1.228484456081906595e+00
1.228492709295998742e+00
1.228501109760191445e+00
1.228507985460451701e+00
1.228515469332296828e+00
