2.036814245393879119e+00
2.036814272059582986e+00
2.036814163616766482e+00
2.036814058681904349e+00
2.036813981187348244e+00
2.036813940742664641e+00
2.036813936415850179e+00
2.036813963702776231e+00
2.036813999105936190e+00
2.036814246413403140e+00
2.036814285429911831e+00
2.036814324170367119e+00
2.036814394653796878e+00
2.036814720936637624e+00
2.036815049270568334e+00
2.036814946972314910e+00
2.036814898180406619e+00
2.036815047090605013e+00
2.036814789215292798e+00
2.036814545997449599e+00
2.036814738631437915e+00
2.036814104361999167e+00
2.036814028621996009e+00
2.036813799824407578e+00
2.036812611171609610e+00
2.036812677119270276e+00
2.036812689600360216e+00
2.036811347725093757e+00
2.036810552674563013e+00
2.036811013649861835e+00
2.036811566468355483e+00
2.036812196617424853e+00
2.036812895914918542e+00
2.036813662642753542e+00
2.036813689403997429e+00
2.036814137580436945e+00
2.036814383126981820e+00
2.036813699446553105e+00
2.036817136975450193e+00
2.036818833311460519e+00
2.036820609835261031e+00
2.036821120902879478e+00
2.036823116271969880e+00
2.036822900552691440e+00
2.036823652066628743e+00
2.036827818808859103e+00
2.036830068769888591e+00
2.036827622343463151e+00
2.036829008895824966e+00
2.036830307516831695e+00
2.036828684378435561e+00
2.036826632171347295e+00
2.036824973914506565e+00
2.036811636059341346e+00
2.036811953485161641e+00
2.036799256625231092e+00
2.036799248257295858e+00
2.036794778949686080e+00
2.036794435529130975e+00
2.036792896739710201e+00
2.036778117970173607e+00
2.036777702724633876e+00
2.036776927267606840e+00
2.036770690139082962e+00
2.036758676756014186e+00
2.036751411825223013e+00
2.036755192141074033e+00
2.036752636453263765e+00
2.036775296734542717e+00
2.036793696257721109e+00
2.036815475144961418e+00
2.036841180913362415e+00
2.036891374203448013e+00
2.036927264231881640e+00
2.036921187778496734e+00
2.036979822028785136e+00
2.036986665921829864e+00
2.037093954088424308e+00
2.037114146228710787e+00
2.037212093624426235e+00
2.037317736051467598e+00
2.037382382423841509e+00
2.037514546336732568e+00
2.037657795181608833e+00
2.037808977689226086e+00
2.037965423644782614e+00
2.038122852109708116e+00
2.038199300347909304e+00
2.038391587689507123e+00
2.038501633857213946e+00
2.038727572596623627e+00
2.038820980921565607e+00
2.039053003569288869e+00
2.039174011653219321e+00
2.039415889115995917e+00
2.039635260470009648e+00
2.039810037712661117e+00
2.040060961622442548e+00
2.040312811931520365e+00
2.040604076506214781e+00
2.040932964062807997e+00
2.041108199974407178e+00
2.041244791068130393e+00
2.041580705700404508e+00
2.041657941785993025e+00
2.041809940497678166e+00
2.042109616198284794e+00
2.042373915946674501e+00
2.042797545882587773e+00
2.043150662111581362e+00
2.043419489337499062e+00
2.043584478366553103e+00
2.043772190867747973e+00
2.044060838718964490e+00
2.044464837832482118e+00
2.044885649257680349e+00
2.045127571607280537e+00
2.045451358637174089e+00
2.045539564797111964e+00
2.046006169549564824e+00
2.046239929944702052e+00
2.046706225780710486e+00
2.046743473118957990e+00
2.047262060706490416e+00
2.047485899775626450e+00
2.047844198476780786e+00
2.048294516091718531e+00
2.048609625952921842e+00
2.048852108498212754e+00
2.049171404764737581e+00
2.049699412909879115e+00
2.050159097819767684e+00
2.050360352472384129e+00
2.050879449259362719e+00
2.051179207418750039e+00
2.051450123230977862e+00
2.051526224117232289e+00
2.051821439619233800e+00
2.052184212642943706e+00
2.052459336825667169e+00
2.052801983005469566e+00
2.053404502132059495e+00
2.053739633426956424e+00
2.054150116463800302e+00
2.054438377408611682e+00
2.054758326286330483e+00
2.055082763566349779e+00
2.055324827602829085e+00
2.055907605819710771e+00
2.056028188576966009e+00
2.056646083615689680e+00
2.057224265109827144e+00
2.057563388540157856e+00
2.058005179532871765e+00
2.058430712315150846e+00
2.058725788678672064e+00
2.059481001882607742e+00
2.060078613178538909e+00
2.060413732770451478e+00
2.060984165737819840e+00
2.061253945386465780e+00
2.061534105149251062e+00
2.062053726311041668e+00
2.062417317975855813e+00
2.062962472541821413e+00
2.063296200083507337e+00
2.063446490365396624e+00
2.064172188556392840e+00
2.064523454757790422e+00
2.064854472193001556e+00
2.065359699258751736e+00
2.065936916459499617e+00
2.066199645805531837e+00
2.066497198078593556e+00
2.066949670692399987e+00
2.067510909484758574e+00
2.067827564411749641e+00
2.068211978634399983e+00
2.068836853127474562e+00
2.069177227562439825e+00
2.069504499037962297e+00
2.069907735041478958e+00
2.070547914979356641e+00
2.070967887471109048e+00
2.071575463712866050e+00
2.071884073734936216e+00
2.072537066152859708e+00
2.072905345861397297e+00
2.073105057120690375e+00
2.073610994422411036e+00
2.074332576327885924e+00
2.074697241064930253e+00
2.075094148910185066e+00
2.075687577215338031e+00
2.076056162089587431e+00
2.076376291343420721e+00
2.077177612733281720e+00
2.077573141700796988e+00
2.078036141605462461e+00
2.078345221836370271e+00
2.078793974508363007e+00
2.079513107096660818e+00
2.079983545947627910e+00
2.080335179053248496e+00
2.080766487929008868e+00
2.081463973398413714e+00
2.081838431847545579e+00
2.082166933678358145e+00
2.082830785001404283e+00
2.083213727142403382e+00
2.083658298807267162e+00
2.084349363600936478e+00
2.084718687032929285e+00
2.085487195755887591e+00
2.086201789870623546e+00
2.086762385108065221e+00
2.087105318078041005e+00
2.087541543292219526e+00
2.087910741996522379e+00
2.088528240066561015e+00
2.088857109583952099e+00
2.089253075888111155e+00
2.089985870174700278e+00
2.090430084471564420e+00
2.090852766978451793e+00
2.091153915036717770e+00
2.091521672607269178e+00
2.091767961037451329e+00
2.092111558092054846e+00
2.092497340073599776e+00
2.092894023195353892e+00
2.093596002250037280e+00
2.093967024546545375e+00
2.094345275447032417e+00
2.094615243659630810e+00
2.095126139779586616e+00
2.095677199152611969e+00
2.096352971683179689e+00
2.096783566275640442e+00
2.097691833470797906e+00
2.098441353384050245e+00
2.099061330303568340e+00
2.099407500919309388e+00
2.099920677662820090e+00
2.100633496366271391e+00
2.100998852445779885e+00
2.101336369697964557e+00
2.101769121249736916e+00
2.102473497705274141e+00
2.103019471283698483e+00
2.103432202445575605e+00
2.103714520320324688e+00
2.104195664065991789e+00
2.104806369660793486e+00
2.105425094631645511e+00
2.106163924755179107e+00
2.106609436214265330e+00
2.107020380313664010e+00
2.107620312575915644e+00
2.108061196587891928e+00
2.108476781860232574e+00
2.108940474895466544e+00
2.109397527552784979e+00
2.109750559166800432e+00
2.110295322286567021e+00
2.110947661254180208e+00
2.111614355953110422e+00
2.112461876027570629e+00
2.112889069704198430e+00
2.113389899865812716e+00
2.114060285506745629e+00
2.114463303987169418e+00
2.114923950083638982e+00
2.115661185619056806e+00
2.116056171163742228e+00
2.116531506671217588e+00
2.116952885007767016e+00
2.117713635157858043e+00
2.118121870219126457e+00
2.118630277745953805e+00
2.119116564152420334e+00
2.119559603428176953e+00
2.120310421018579028e+00
2.120663905489676981e+00
2.121061241972368894e+00
2.121618036376235139e+00
2.122173156808561778e+00
2.123063657204463883e+00
2.123497022912032239e+00
2.123937248526087007e+00
2.124474295041895555e+00
2.125004291729417627e+00
2.125961650407117265e+00
2.126417412084905312e+00
2.126771112423859300e+00
2.127312500279763707e+00
2.128055480246261677e+00
2.128351997611804158e+00
2.128993256407310408e+00
2.129632348742807046e+00
2.129980991068117113e+00
2.130852321667918048e+00
2.131147965901911245e+00
2.131638204155676952e+00
2.132042504570364372e+00
2.132657388512046115e+00
2.133718384998330997e+00
2.134201767199837008e+00
2.134845410736031290e+00
2.135759699018345614e+00
2.136260173943529406e+00
2.137060134275082124e+00
2.137485015249950493e+00
2.138421843946423984e+00
2.138752133762315211e+00
2.139221307358448954e+00
2.139890217533273020e+00
2.140683528171472894e+00
2.141141130785177538e+00
2.141522152268986456e+00
2.142150657121243196e+00
2.142826850720901177e+00
2.143536172257486605e+00
2.144139841633102339e+00
2.144720028576542870e+00
2.145490643054950741e+00
2.146295225862020928e+00
2.146623471259633931e+00
2.147116177551593896e+00
2.147611851844354547e+00
2.148158245294136570e+00
2.148640824594823862e+00
2.149158984367338654e+00
2.149592232308033424e+00
2.150560231217901741e+00
2.151148329474476650e+00
2.152008015834962151e+00
2.152487532890610122e+00
2.152903817426762956e+00
2.153915192185319238e+00
2.154454926412160631e+00
2.154911088242402073e+00
2.155458402711176724e+00
2.155824453790318618e+00
2.156535977963895068e+00
2.157038840780459932e+00
2.157513020929139991e+00
2.158004319492377920e+00
2.158338812994604172e+00
2.158816737258377305e+00
2.159342013775292557e+00
2.160184086691611327e+00
2.160501395796074142e+00
2.161034896979015851e+00
2.161677767328822775e+00
2.162199028028693348e+00
2.162768850027697365e+00
2.163329954898527419e+00
2.163923963016301855e+00
2.164509186978238020e+00
2.164787654016433471e+00
2.165364528762102392e+00
2.165979822515392783e+00
2.166686809310049533e+00
2.167532787001182459e+00
2.168177256139009135e+00
2.168783730017194156e+00
2.169830575204126255e+00
2.170431880139212399e+00
2.171457111894178116e+00
2.171739496965681138e+00
2.172272118746133795e+00
2.173129143343285108e+00
2.173522312946783774e+00
2.174416543381506361e+00
2.174872057957617955e+00
2.175247856369982635e+00
2.175698301528461887e+00
2.176277873775930960e+00
2.176829166195921150e+00
2.177324842113231629e+00
2.177851345922876103e+00
2.178194188647626817e+00
2.178807726682867596e+00
2.179253405698566404e+00
2.179890545674498359e+00
2.180523392215111489e+00
2.181034150440861907e+00
2.181523067682344941e+00
2.182551062139667764e+00
2.183071372379148833e+00
2.183437245960625717e+00
2.184046167528172155e+00
2.184721772592315592e+00
2.185201183881126052e+00
2.186138647529712653e+00
2.186487738067576458e+00
2.187179452237612232e+00
2.188137627885724523e+00
2.188540567039552354e+00
2.188987499473872056e+00
2.189588181357918550e+00
2.190035937590656179e+00
2.190719333640828825e+00
2.191772787976224546e+00
2.192140090395375385e+00
2.192677270882109397e+00
2.193192833622091165e+00
2.193798529766210592e+00
2.194365103923474170e+00
2.195245742375500075e+00
2.195714670573447158e+00
2.196590303462982785e+00
2.197093233085007480e+00
2.197965634629004406e+00
2.198734608222712161e+00
2.199337460728202132e+00
2.199655161156721661e+00
2.200093329200048853e+00
2.200706903908910661e+00
2.201409841029779990e+00
2.202210474730781797e+00
2.203090024610970143e+00
2.203684053360889461e+00
2.204318000577735859e+00
2.204792611080235609e+00
2.205305206024021025e+00
2.205996456070932421e+00
2.206383490462204389e+00
2.207272348526307937e+00
2.207720787972532239e+00
2.207998390900240082e+00
2.208387054254536075e+00
2.208815038125392149e+00
2.209415195374267782e+00
2.209818873635214675e+00
2.210476908293101950e+00
2.211035597567897693e+00
2.211528906136299710e+00
2.212061098329405784e+00
2.212661710080535027e+00
2.213358780221785338e+00
2.214072286982965654e+00
2.215082303799452035e+00
2.215642559941442435e+00
2.216173603652501711e+00
2.216856465792695019e+00
2.217713007885197207e+00
2.218083711829039739e+00
2.218676402966324179e+00
2.219220141025348703e+00
2.219823963627785002e+00
2.220348581591171211e+00
2.220822524671302034e+00
2.221442691855451734e+00
2.222205052472454589e+00
2.222796767301840948e+00
2.223884344572415461e+00
2.224426546333904575e+00
2.225464245799504415e+00
2.226416251085964415e+00
2.226925383968227479e+00
2.227458084104797731e+00
2.228031036836974899e+00
2.228716782553836762e+00
2.229360699246469846e+00
2.230132349080585996e+00
2.230674337304589194e+00
2.231214031022861199e+00
2.231937960028012480e+00
2.232577529528156024e+00
2.233146321147790658e+00
2.233485840140509548e+00
2.233981968635276871e+00
2.234564684251667099e+00
2.235174194097553801e+00
2.235737468074264989e+00
2.236310953969713466e+00
2.236862107044748971e+00
2.237469226346614271e+00
2.237902509305329968e+00
2.238719973097123894e+00
2.239236216736763208e+00
2.239621287634176117e+00
2.240550063279398874e+00
2.241067776848260529e+00
2.241524602045182224e+00
2.242086122553678784e+00
2.242478309963455096e+00
2.243198180872291392e+00
2.243622915810147944e+00
2.244108500731851752e+00
2.244793135538501794e+00
2.245691914312223592e+00
2.246237345155011944e+00
2.246985159344008665e+00
2.247497138567593922e+00
2.248384270312808297e+00
2.248915197914637787e+00
2.249593016576830973e+00
2.250248308621138005e+00
2.251067638191197595e+00
2.252463997957464326e+00
2.253179708047027940e+00
2.254109652564122435e+00
2.255011384888193415e+00
2.255658606634090901e+00
2.256201645980536963e+00
2.257252047476357326e+00
2.258075690153217518e+00
2.258574994496330479e+00
2.259314023710003561e+00
2.259807206302590021e+00
2.260475222518300686e+00
2.260983469648810917e+00
2.261653046684526380e+00
2.262150486102304292e+00
2.262735125460684671e+00
2.263089375265976422e+00
2.263866641232278987e+00
2.264280362254385892e+00
2.264591084654169695e+00
2.264895346802764386e+00
2.265308250310016813e+00
2.265675040829109310e+00
2.266299944169385405e+00
2.266784039118978189e+00
2.267210546228659140e+00
2.267769577196431463e+00
2.268242067096284842e+00
2.268591622145370579e+00
2.269070929766530131e+00
2.269355141494199479e+00
2.269761194934873050e+00
2.270021728444771014e+00
2.270427544900919692e+00
2.270841123640941817e+00
2.271399169358423453e+00
2.271719874822748952e+00
2.272154878372749653e+00
2.272522496638771816e+00
2.272837789475244730e+00
2.273136538569895393e+00
2.273398062818215326e+00
2.273764617156489809e+00
2.274067265741797073e+00
2.274399569544719668e+00
2.274711010179009563e+00
2.275121205682443914e+00
2.275283797004459263e+00
2.275617762336546779e+00
2.275907568032159212e+00
2.276227156064424495e+00
2.276432512857728963e+00
2.276728491451229797e+00
2.276897589221808182e+00
2.277287582364844631e+00
2.277514829386906747e+00
2.277792122134590258e+00
2.278019603450502029e+00
2.278236854603905126e+00
2.278429291625619246e+00
2.278736554786814583e+00
2.278945273837610141e+00
2.279221549704948835e+00
2.279342761765790204e+00
2.279526686104479172e+00
2.279941979812458275e+00
2.280261633075441718e+00
2.280406806538264775e+00
2.280511970560409551e+00
2.280734419322297146e+00
2.281012279019989819e+00
2.281168376536309328e+00
2.281387131395105072e+00
2.281604801096418278e+00
2.281746318760686343e+00
2.281910992806658101e+00
2.282148187983885634e+00
2.282311500864070641e+00
2.282559490034409500e+00
2.282727124708211708e+00
2.283051225564514564e+00
2.283221538563536157e+00
2.283430733096365461e+00
2.283586767314319754e+00
2.283731729257029386e+00
2.284004321674324434e+00
2.284128655096714144e+00
2.284413378023964381e+00
2.284624270427620285e+00
2.284728273097888618e+00
2.284887381243444704e+00
2.285132459333168775e+00
2.285255807079855650e+00
2.285505840787677823e+00
2.285673237227873855e+00
2.285858537408685276e+00
2.286052686990694305e+00
2.286181557926651564e+00
2.286394775336957785e+00
2.286508272063763503e+00
2.286665912240577914e+00
2.286807740201445949e+00
2.286997628315959208e+00
2.287136640645551111e+00
2.287418659153154010e+00
2.287658402966515681e+00
2.287772759437900483e+00
2.287959134340397771e+00
2.288092395824870895e+00
2.288249809584915972e+00
2.288418274755788850e+00
2.288560606529701502e+00
2.288660666155771128e+00
2.288815224211292687e+00
2.289023868344079560e+00
2.289206822401271602e+00
2.289291058505118048e+00
2.289454319241340130e+00
2.289610513105643452e+00
2.289820059286966192e+00
2.289918235452359063e+00
2.290006833648159379e+00
2.290187200707011428e+00
2.290251332195400558e+00
2.290382889334207750e+00
2.290544832075733339e+00
2.290655667244352767e+00
2.290776239219169508e+00
2.290907959736732113e+00
2.291017520141231500e+00
2.291177065082797171e+00
2.291251035135013936e+00
2.291423131335679653e+00
2.291590769146657269e+00
2.291730635131832283e+00
2.291798980716259315e+00
2.291927810819299527e+00
2.292056966042797850e+00
2.292144080216072854e+00
2.292270352273835243e+00
2.292376554068462635e+00
2.292557584861832698e+00
2.292623449130855917e+00
2.292714216121133575e+00
2.292838426577711086e+00
2.292944048985841921e+00
2.293085117464865430e+00
2.293226812832495742e+00
2.293295919614361633e+00
2.293431757617207190e+00
2.293559054504031192e+00
2.293613211982615585e+00
2.293720601396501024e+00
2.293873842385028894e+00
2.293949856350131267e+00
2.294019694962359246e+00
2.294129458877999905e+00
2.294269589132432507e+00
2.294446764375458692e+00
2.294513960401841413e+00
2.294691423495919924e+00
2.294749654895823721e+00
2.294807158308231010e+00
2.294907623921046635e+00
2.295069924625441349e+00
2.295162910502041687e+00
2.295248951576550844e+00
2.295326730014449090e+00
2.295452076882697590e+00
2.295561007863883507e+00
2.295636059352327063e+00
2.295755809333732245e+00
2.295824969313192021e+00
2.295953865610944167e+00
2.296045742371781717e+00
2.296196522990304967e+00
2.296281335010601055e+00
2.296334870479616708e+00
2.296419379090968160e+00
2.296521143866674386e+00
2.296584470087835506e+00
2.296771023313946447e+00
2.296830963932654956e+00
2.296925810265261436e+00
2.297009364660938857e+00
2.297085485050541553e+00
2.297177745231761659e+00
2.297233102570373831e+00
2.297359425332628380e+00
2.297408368330131623e+00
2.297527024779447480e+00
2.297623241687400952e+00
2.297730402782279135e+00
2.297784102020446806e+00
2.297900668494945453e+00
2.298042809331218628e+00
2.298100673608375999e+00
2.298146897885530393e+00
2.298259125594378283e+00
2.298354698820527009e+00
2.298412384507226403e+00
2.298542053006167318e+00
2.298598234242394955e+00
2.298673407156287762e+00
2.298748458656857618e+00
2.298850068257082491e+00
2.298925270323076031e+00
2.298989450252357347e+00
2.299082339870701652e+00
2.299150276366928036e+00
2.299302985168691027e+00
2.299326081267644817e+00
2.299377895287925799e+00
2.299510965704956167e+00
2.299622439114757277e+00
2.299686369266473296e+00
2.299802604178323051e+00
2.299853569191466551e+00
2.299920682464061894e+00
2.300000283399056045e+00
2.300092703662052873e+00
2.300142516647660340e+00
2.300248275389252139e+00
2.300319155076169242e+00
2.300432867612500765e+00
2.300516604480014049e+00
2.300590119317845961e+00
2.300665148780658420e+00
2.300706555696654387e+00
2.300776665912649399e+00
2.300856039702453337e+00
2.300985619472746713e+00
2.301039423045025067e+00
2.301114446123017299e+00
2.301205745332202124e+00
2.301314431210573108e+00
2.301376775419159415e+00
2.301455704724321372e+00
2.301521168180211241e+00
2.301601070848567243e+00
2.301666921391575915e+00
2.301724109345451907e+00
2.301827054500867664e+00
2.301899356906874416e+00
2.301980820042517362e+00
2.302032575379866053e+00
2.302100481467207249e+00
2.302164934703974097e+00
2.302240685183585267e+00
2.302288491516472746e+00
2.302355320300239594e+00
2.302467724819934780e+00
2.302538288847016723e+00
2.302595028452824710e+00
2.302696187602489619e+00
2.302743191492400587e+00
2.302781947125290607e+00
2.302873483466072013e+00
2.302903388341521307e+00
2.303011593729955564e+00
2.303038006666296766e+00
2.303099696335710878e+00
2.303196721207290132e+00
2.303231024996218679e+00
2.303302886793215709e+00
2.303379278754320136e+00
2.303469178107735882e+00
2.303559560428566133e+00
2.303613323074358732e+00
2.303696106743752470e+00
2.303729897728558740e+00
2.303770566599646408e+00
2.303836131851219715e+00
2.303970613054340699e+00
2.304024033026738305e+00
2.304087189625529497e+00
2.304136901353041278e+00
2.304197770512040222e+00
2.304232842264835490e+00
2.304331888130603190e+00
2.304359524215315869e+00
2.304414597980722235e+00
2.304484226983787742e+00
2.304526419126601500e+00
2.304552680652473207e+00
2.304621292331154869e+00
2.304677495024532785e+00
2.304768740245358494e+00
2.304827255675315989e+00
2.304901060974076543e+00
2.304948475441488398e+00
2.305027416367292581e+00
2.305085567299286264e+00
2.305138610754688955e+00
2.305206163475615355e+00
2.305251287152789708e+00
2.305297927975938688e+00
2.305377940213839683e+00
2.305442452145508803e+00
2.305509015983503218e+00
2.305600682316010896e+00
2.305708885056814150e+00
2.305760981511485230e+00
2.305843722840137389e+00
2.305899479209827074e+00
2.305948598376785341e+00
2.306004971784726632e+00
2.306074147960425869e+00
2.306169119201772588e+00
2.306232498068021108e+00
2.306262490409640264e+00
2.306337148946187465e+00
2.306392702054979704e+00
2.306435491587566222e+00
2.306487063279650140e+00
2.306532538206583549e+00
2.306607569599318008e+00
2.306651536206612008e+00
2.306678437220439637e+00
2.306760134711790311e+00
2.306820265774490952e+00
2.306892096778596635e+00
2.306963716064595715e+00
2.307002360658895856e+00
2.307093435728042596e+00
2.307130630525900727e+00
2.307167789943612490e+00
2.307223404864543692e+00
2.307286027916388704e+00
2.307348168368817731e+00
2.307420485747677663e+00
2.307439798861142144e+00
2.307496889779372840e+00
2.307561124845725065e+00
2.307580798376867470e+00
2.307637758569650366e+00
2.307695369887003523e+00
2.307771467372279339e+00
2.307820402682328353e+00
2.307864969713744330e+00
2.307916924636471467e+00
2.307939765922911945e+00
2.308022223824425900e+00
2.308069961408512061e+00
2.308109703628058007e+00
2.308201403947932384e+00
2.308266620343057518e+00
2.308320676279447259e+00
2.308370562457007225e+00
2.308391965273582702e+00
2.308438633100997617e+00
2.308521138631249858e+00
2.308566497505849302e+00
2.308627186324301750e+00
2.308685965653353378e+00
2.308709071296764836e+00
2.308754140763666474e+00
2.308811204909249959e+00
2.308857647038693450e+00
2.308898303229342641e+00
2.308935282156290292e+00
2.308988255167800929e+00
2.309076016540664966e+00
2.309146423711678775e+00
2.309179939605971121e+00
2.309203558394071099e+00
2.309231541659047870e+00
2.309279205365833754e+00
2.309330140361013584e+00
2.309412346824930573e+00
2.309428769784117375e+00
2.309449803077748165e+00
2.309484338753782673e+00
2.309532588385465601e+00
2.309584680138462964e+00
2.309612470937919770e+00
2.309683995516575106e+00
2.309726264263824103e+00
2.309756921181790545e+00
2.309818935063718826e+00
2.309858753643560636e+00
2.309914893057599450e+00
2.309957412696674428e+00
2.310031531146243822e+00
2.310054998525998826e+00
2.310089248072405788e+00
2.310166191251299850e+00
2.310214932081608552e+00
2.310269863269930557e+00
2.310304275709292199e+00
2.310354928322623458e+00
2.310408686091358632e+00
2.310465081750107341e+00
2.310516434158412125e+00
2.310544457065901724e+00
2.310576975141551692e+00
2.310639153928801370e+00
2.310687024586462801e+00
2.310714743919920711e+00
2.310782157350652177e+00
2.310819701660926206e+00
2.310844937062022542e+00
2.310892549398117168e+00
2.310973387748757713e+00
2.310997832347363001e+00
2.311018754818602083e+00
2.311050687137532478e+00
2.311096743285943500e+00
2.311155728325798631e+00
2.311240787952211218e+00
2.311262367147859820e+00
2.311343605684190727e+00
2.311389755188387074e+00
2.311430367231762428e+00
2.311480867191239241e+00
2.311529233454452825e+00
2.311572158237626518e+00
2.311593869208257157e+00
2.311669587035661610e+00
2.311690878515348935e+00
2.311746022362498376e+00
2.311785686850651889e+00
2.311814332716517484e+00
2.311851395363853534e+00
2.311893670213493124e+00
2.311933768133085376e+00
2.311979012541872880e+00
2.312008653411150583e+00
2.312041209358980165e+00
2.312094110199975461e+00
2.312132995814061953e+00
2.312178044102795926e+00
2.312228866072570277e+00
2.312266699030832040e+00
2.312305283113251342e+00
2.312347011194182400e+00
2.312384875724412758e+00
2.312413628871647031e+00
2.312451632962242432e+00
2.312526083390810339e+00
2.312563503913623641e+00
2.312593523316651911e+00
2.312669452026130390e+00
2.312722056780952329e+00
2.312759640929854754e+00
2.312793840743905704e+00
2.312835870030031327e+00
2.312899382030505713e+00
2.312939380473788997e+00
2.312971300154611942e+00
2.313001598597389741e+00
2.313071009483719909e+00
2.313103445030558980e+00
2.313140539364013648e+00
2.313180309699575332e+00
2.313237178166919428e+00
2.313289982752579910e+00
2.313330922755183483e+00
2.313384728728316020e+00
2.313429547541235642e+00
2.313455393890051059e+00
2.313496113982861591e+00
2.313544610542550117e+00
2.313612312101843038e+00
2.313642311533129270e+00
2.313691103206980682e+00
2.313726425817447030e+00
2.313745131705067237e+00
2.313791064375281703e+00
2.313829979982160445e+00
2.313882598045243100e+00
2.313915038268699043e+00
2.313956827186974152e+00
2.313988466831265800e+00
2.314032779416697938e+00
2.314078599503880174e+00
2.314116859144317750e+00
2.314153338568079921e+00
2.314213501917758098e+00
2.314242271994664701e+00
2.314277170041136866e+00
2.314296491521704358e+00
2.314322397309952706e+00
2.314383231418600140e+00
2.314435614025226684e+00
2.314483436371689518e+00
2.314515114563927334e+00
2.314551585219181362e+00
2.314609637637874862e+00
2.314649973119599746e+00
2.314675904646764426e+00
2.314734379393348807e+00
2.314775113828977826e+00
2.314823597349649820e+00
2.314870410007808132e+00
2.314902964660052298e+00
2.314942096773768831e+00
2.314975085102513486e+00
2.315003994465134163e+00
2.315037010816771712e+00
2.315071543409779498e+00
2.315116185105079438e+00
2.315139666996382850e+00
2.315184823531179603e+00
2.315217526557162397e+00
2.315237477924454890e+00
2.315277083259867474e+00
2.315310388865933877e+00
2.315372095721250467e+00
2.315405615307607690e+00
2.315447506302824809e+00
2.315503924646498124e+00
2.315540823804117299e+00
2.315571237328742704e+00
2.315596293764102587e+00
2.315646901641212452e+00
2.315688110857316850e+00
2.315708612949174849e+00
2.315751394568723143e+00
2.315780925884359132e+00
2.315796734655130251e+00
2.315841472913064081e+00
2.315885357637893716e+00
2.315913204457559882e+00
2.315942801157360176e+00
2.315962415055416557e+00
2.316012801216313921e+00
2.316030555777925493e+00
2.316072545665111448e+00
2.316112961528563385e+00
2.316151104878450440e+00
2.316196564740585107e+00
2.316217112369283182e+00
2.316249789703191730e+00
2.316282609875520926e+00
2.316336546928136730e+00
2.316370497253629424e+00
2.316406762710817802e+00
2.316438807488089946e+00
2.316442658092282336e+00
2.316467599013887213e+00
2.316492381669673861e+00
2.316531041045299499e+00
2.316568593779940954e+00
2.316625286535526573e+00
2.316654364144278944e+00
2.316697096212672058e+00
2.316713004584867175e+00
2.316735664589156141e+00
2.316771149240162142e+00
2.316823008444756304e+00
2.316857361512918878e+00
2.316904304732502418e+00
2.316930523938141917e+00
2.316970505002815095e+00
2.317001952730451730e+00
2.317033109080384623e+00
2.317081594393510802e+00
2.317134394639331685e+00
2.317167485100598334e+00
2.317192832271640413e+00
2.317216449749959661e+00
2.317227619128873872e+00
2.317273447989698365e+00
2.317293185826623247e+00
2.317327388120430154e+00
2.317339831237306136e+00
2.317368049330887025e+00
2.317387928445428180e+00
2.317420303188328479e+00
2.317449555169227793e+00
2.317482109629305675e+00
2.317505207073806694e+00
2.317556469036401889e+00
2.317596491904512224e+00
2.317623736914738775e+00
2.317646360632382052e+00
2.317678407036964483e+00
2.317709462394052622e+00
2.317752802533912249e+00
2.317781361371046955e+00
2.317808041793233631e+00
2.317855923913422878e+00
2.317877797281613361e+00
2.317917690846299728e+00
2.317944182619435356e+00
2.317973387104202310e+00
2.317999334438691328e+00
2.318028083103313097e+00
2.318052972964185887e+00
2.318076253104993878e+00
2.318105772004491527e+00
2.318131357369799694e+00
2.318166566952710284e+00
2.318216595535322000e+00
2.318233354614766650e+00
2.318283519332867471e+00
2.318299541705023170e+00
2.318322394902935013e+00
2.318345910073353888e+00
2.318372493808385837e+00
2.318400390538531308e+00
2.318429382834288344e+00
2.318477253978162622e+00
2.318509566291992563e+00
2.318554090707875215e+00
2.318571264876276850e+00
2.318598851469243716e+00
2.318640587682062826e+00
2.318665609679510187e+00
2.318698982943283138e+00
2.318742915437559393e+00
2.318764329455505813e+00
2.318791852919284135e+00
2.318830316877075859e+00
2.318843817457031609e+00
2.318876925524203880e+00
2.318898851891308510e+00
2.318917992117596416e+00
2.318960755554710484e+00
2.319005773675931081e+00
2.319027315418642043e+00
2.319039916346411712e+00
2.319073819079767507e+00
2.319101394594363708e+00
2.319125121507832787e+00
2.319179085790162631e+00
2.319204965097604987e+00
2.319227177239412629e+00
2.319262287739186856e+00
2.319292507910333256e+00
2.319321705904135555e+00
2.319358569266205095e+00
2.319381520154933263e+00
2.319421588647937238e+00
2.319441988962735568e+00
2.319473614351541091e+00
2.319488239199791746e+00
2.319518918150226483e+00
2.319547870632462594e+00
2.319597338598414105e+00
2.319624414306593163e+00
2.319653233702538397e+00
2.319695285820616792e+00
2.319721241035114900e+00
2.319751821243507539e+00
2.319774205589259175e+00
2.319803108866831387e+00
2.319834365344787486e+00
2.319857365529224058e+00
2.319886287912335199e+00
2.319906883989294233e+00
2.319942738151169248e+00
2.319973668657871357e+00
2.320000056218615825e+00
2.320020474497852092e+00
2.320064907168144508e+00
2.320101357496236361e+00
2.320115462187327449e+00
2.320144975152065747e+00
2.320174164838404440e+00
2.320194436591722198e+00
2.320239311955733630e+00
2.320259426655970181e+00
2.320285853566689038e+00
2.320318842982519225e+00
2.320329053668229946e+00
2.320357146127373760e+00
2.320382789026648407e+00
2.320404258742259529e+00
2.320434305239104766e+00
2.320475403782777502e+00
2.320507191709939576e+00
2.320523207043131197e+00
2.320551420610842186e+00
2.320581799915941712e+00
2.320594938992829093e+00
2.320604176965729071e+00
2.320638124199696062e+00
2.320658763280258885e+00
2.320676486257801763e+00
2.320694699418759388e+00
2.320724359444870544e+00
2.320762738909293521e+00
2.320784987938449007e+00
2.320797046481322568e+00
2.320847549135841348e+00
2.320891387837421771e+00
2.320907065236572198e+00
2.320930905825167923e+00
2.320944801601555252e+00
2.320967414035672416e+00
2.320996087025448240e+00
2.321023563558548108e+00
2.321053613761885348e+00
2.321094100607450805e+00
2.321118225480453656e+00
2.321154208082990777e+00
2.321180807048322414e+00
2.321205021989772188e+00
2.321237976996127994e+00
2.321257749186457442e+00
2.321270070423482323e+00
2.321310752430577384e+00
2.321350104260239355e+00
2.321372627493561325e+00
2.321403556090594567e+00
2.321423570514208556e+00
2.321443884284906556e+00
2.321479401053682778e+00
2.321496113871774014e+00
2.321531730452854436e+00
2.321545931596247225e+00
2.321575838897022237e+00
2.321597474885787271e+00
2.321628426223708797e+00
2.321644149228863530e+00
2.321673365144145684e+00
2.321689728328102387e+00
2.321727657545504808e+00
2.321742031643499793e+00
2.321773217982225912e+00
2.321793801111558420e+00
2.321809503795019491e+00
2.321832165037569506e+00
2.321862490073879570e+00
2.321877290526968451e+00
2.321895257012241309e+00
2.321939738574374967e+00
2.321966358350533000e+00
2.321995651302997121e+00
2.322021549452709444e+00
2.322047495470257239e+00
2.322070514727178292e+00
2.322089410015713451e+00
2.322121860458553844e+00
2.322136925460943413e+00
2.322171004447109333e+00
2.322186388052045913e+00
2.322210734492073048e+00
2.322239015881898183e+00
2.322270189443215394e+00
2.322296766965273651e+00
2.322311091534871696e+00
2.322326804976283743e+00
2.322347846550539607e+00
2.322381494328528362e+00
2.322392278037301860e+00
2.322411674576030371e+00
2.322427062747471016e+00
2.322456992001849851e+00
2.322484923608644447e+00
2.322497509727301068e+00
2.322531139227802299e+00
2.322551253520978243e+00
2.322563521137697595e+00
2.322589773944742753e+00
2.322617975645837163e+00
2.322641723772450373e+00
2.322661761793964441e+00
2.322685657149444971e+00
2.322692693799311314e+00
2.322714501088978700e+00
2.322749944020161550e+00
2.322762930061070374e+00
2.322802197960359916e+00
2.322822513482584394e+00
2.322844014854531292e+00
2.322865798695333162e+00
2.322892773315272663e+00
2.322913299371084150e+00
2.322927890164384390e+00
2.322957008039896465e+00
2.322994976855357052e+00
2.323031653612121605e+00
2.323046730496209911e+00
2.323077082048478736e+00
2.323104518590843437e+00
2.323124906571999659e+00
2.323160324507133279e+00
2.323174962277329225e+00
2.323196181817775319e+00
2.323210366230447299e+00
2.323239510559477861e+00
2.323263835719754145e+00
2.323279480194999636e+00
2.323314707939959423e+00
2.323338072352056916e+00
2.323364675796057544e+00
2.323382517357884591e+00
2.323403523147503424e+00
2.323432030914240443e+00
2.323460279265508799e+00
2.323474024281484418e+00
2.323485699629050494e+00
2.323505592348112270e+00
2.323525017608149668e+00
2.323547964294140566e+00
2.323567077749626009e+00
2.323592905462600999e+00
2.323628524048555910e+00
2.323648166731024034e+00
2.323666071172197256e+00
2.323696661919856243e+00
2.323727940594538577e+00
2.323744015618321335e+00
2.323773513049748551e+00
2.323804813977798922e+00
2.323816963962424431e+00
2.323831208916127711e+00
2.323846895756469966e+00
2.323876594942548390e+00
2.323895989031799392e+00
2.323925328217601116e+00
2.323941586252165514e+00
2.323969427851611425e+00
2.324000081960765574e+00
2.324019814307355158e+00
2.324032842390595377e+00
2.324060895236404356e+00
2.324076806097052916e+00
2.324103867350841401e+00
2.324116910031379213e+00
2.324137246929635747e+00
2.324157190860135280e+00
2.324175081285778433e+00
2.324204608779562253e+00
2.324220541265140216e+00
2.324244434167009654e+00
2.324254835623637661e+00
2.324272709829636074e+00
2.324305362602097080e+00
2.324334482528815471e+00
2.324353597482207601e+00
2.324368979992811113e+00
2.324385267659625054e+00
2.324419957958226313e+00
2.324453063679046583e+00
2.324466137297223511e+00
2.324491664548685943e+00
2.324524228836308826e+00
2.324538862407552031e+00
2.324553399527396369e+00
2.324571031342645533e+00
2.324591710433628222e+00
2.324623734744012626e+00
2.324640708446299442e+00
2.324674891808133026e+00
2.324695560936424599e+00
2.324723201609113055e+00
2.324750648003735876e+00
2.324762529080091067e+00
2.324784143708232609e+00
2.324817934059918656e+00
2.324839357159178999e+00
2.324854913222369035e+00
2.324871875325499992e+00
2.324891174547288664e+00
2.324920088378383376e+00
2.324935427548593836e+00
2.324951798420943572e+00
2.324972346572631299e+00
2.324990331217134276e+00
2.325010153828552362e+00
2.325031540665691399e+00
2.325058173136263839e+00
2.325080849306663033e+00
2.325098436719473582e+00
2.325129088638181241e+00
2.325154465598412656e+00
2.325170295716368685e+00
2.325196962835950565e+00
2.325217782037041658e+00
2.325242667110548833e+00
2.325267254390310345e+00
2.325292697053174873e+00
2.325317738002980583e+00
2.325324845450077227e+00
2.325354282158937469e+00
2.325365858739136815e+00
2.325396094865585184e+00
2.325413762201652634e+00
2.325432166161986114e+00
2.325466340206002069e+00
2.325496073303953803e+00
2.325527171520335390e+00
2.325537586427132819e+00
2.325559807222968622e+00
2.325572767098778915e+00
2.325596843095989463e+00
2.325610668160620786e+00
2.325631194628833942e+00
2.325657320132509920e+00
2.325674993640903132e+00
2.325685967505832341e+00
2.325700869937483262e+00
2.325718115665762031e+00
2.325750358118882311e+00
2.325774668048281590e+00
2.325790958738602310e+00
2.325808894385735570e+00
2.325826588768135750e+00
2.325844811507840948e+00
2.325865405766983862e+00
2.325890840090394818e+00
2.325919910303104743e+00
2.325945213278556523e+00
2.325969759294020722e+00
2.325984628694129697e+00
2.326007153820485396e+00
2.326021533337037095e+00
2.326043696456982612e+00
2.326057767049880987e+00
2.326088377796541096e+00
2.326106361895681651e+00
2.326132996277531895e+00
2.326155862397521812e+00
2.326182818907855054e+00
2.326203318302606959e+00
2.326210409607726515e+00
2.326231016674531471e+00
2.326256320338361050e+00
2.326278530099823882e+00
2.326288194989852176e+00
2.326299245991295894e+00
2.326311825891855811e+00
2.326328130067215838e+00
2.326354651345783342e+00
2.326362130388268223e+00
2.326390816545627516e+00
2.326413487254903156e+00
2.326427830026043253e+00
2.326445298459989708e+00
2.326461832675248864e+00
2.326483983335452255e+00
2.326494199701262033e+00
2.326510169795818594e+00
2.326537768784031179e+00
2.326561599463657704e+00
2.326581146142870260e+00
2.326607679265786377e+00
2.326616747207835179e+00
2.326638738682220264e+00
2.326647024974818567e+00
2.326672338083981995e+00
2.326686199954035583e+00
2.326699679881313543e+00
2.326719911205340718e+00
2.326733318222830693e+00
2.326755265336135192e+00
2.326762301870719529e+00
2.326789299067558492e+00
2.326802416598468426e+00
2.326816796072169069e+00
2.326836752906258354e+00
2.326846851973859209e+00
2.326857240330064247e+00
2.326876157598331218e+00
2.326898118741013377e+00
2.326913832155134809e+00
2.326940641309611646e+00
2.326956898803545837e+00
2.326974097051345058e+00
2.326998824377358055e+00
2.327006446799321449e+00
2.327020477131307885e+00
2.327041679757747339e+00
2.327065658218422151e+00
2.327082002284767359e+00
2.327105767185454255e+00
2.327129768238911378e+00
2.327140049783706477e+00
2.327152064263952713e+00
2.327168616140975921e+00
2.327188457640267050e+00
2.327206080188834569e+00
2.327214257201781766e+00
2.327237279090947020e+00
2.327251113566120910e+00
2.327263923933970524e+00
2.327291702532876538e+00
2.327306464499066863e+00
2.327328479366115310e+00
2.327349796785063596e+00
2.327375530015899141e+00
2.327390394266834139e+00
2.327404144652998941e+00
2.327418946263315469e+00
2.327447186348026165e+00
2.327458001376529140e+00
2.327483320828386493e+00
2.327497370135796828e+00
2.327514464299541341e+00
2.327529610010094618e+00
2.327547389063943761e+00
2.327559600413940721e+00
2.327569811461662752e+00
2.327586037870313262e+00
2.327602355503243015e+00
2.327626587889524146e+00
2.327650112132115368e+00
2.327659613687096840e+00
2.327675210674436279e+00
2.327687567336615526e+00
2.327694550180557265e+00
2.327714058745560255e+00
2.327741301197136181e+00
2.327757861483567670e+00
2.327782108007147244e+00
2.327800264739865010e+00
2.327809990497316850e+00
2.327823305738782267e+00
2.327848179591827993e+00
2.327856650768233227e+00
2.327873134202548489e+00
2.327889843011421878e+00
2.327900878982885668e+00
2.327909048166624917e+00
2.327936680359924626e+00
2.327953293326442186e+00
2.327969372193162467e+00
2.327984180887837873e+00
2.327994178040908579e+00
2.328020385672127546e+00
2.328041685820218198e+00
2.328050470470145683e+00
2.328064051303224691e+00
2.328091940344443334e+00
2.328107485614392846e+00
2.328130342263354358e+00
2.328138641785907126e+00
2.328154356535521607e+00
2.328172080815825495e+00
2.328183429574156804e+00
2.328193926441378903e+00
2.328217878081312531e+00
2.328225278345271487e+00
2.328251106667853065e+00
2.328266849991307286e+00
2.328285303769026537e+00
2.328299116035279503e+00
2.328311222035099881e+00
2.328337016505492407e+00
2.328345688789413170e+00
2.328356540682128273e+00
2.328377086813376184e+00
2.328390060973938525e+00
2.328412941073801701e+00
2.328424723162876742e+00
2.328451108952251047e+00
2.328470652257220497e+00
2.328489532442328702e+00
2.328512349432987794e+00
2.328533247063268696e+00
2.328545548972540846e+00
2.328556461300761438e+00
2.328571940825432396e+00
2.328584538811757199e+00
2.328602283025586139e+00
2.328617450365663810e+00
2.328636863071942287e+00
2.328660599616272808e+00
2.328682768210690313e+00
2.328691460084737042e+00
2.328706522134649237e+00
2.328728730993239626e+00
2.328752947771166593e+00
2.328774314623208497e+00
2.328778803526034391e+00
2.328801800898789853e+00
2.328818716247512910e+00
2.328837510604724770e+00
2.328847173846303242e+00
2.328875793255992033e+00
2.328895306741479043e+00
2.328903117108957588e+00
2.328922175637780256e+00
2.328943230687871235e+00
2.328950312968989689e+00
2.328970814434246694e+00
2.328994260773890712e+00
2.329003708846238752e+00
2.329015898655812489e+00
2.329032019747787619e+00
2.329046781406642896e+00
2.329064040188463913e+00
2.329085515276158702e+00
2.329104207319042885e+00
2.329115250365333178e+00
2.329133129059035578e+00
2.329148292809051224e+00
2.329160012685749237e+00
2.329168500902942363e+00
2.329181244688064201e+00
2.329195828849259353e+00
2.329209712463809812e+00
2.329231155626036998e+00
2.329239500712784849e+00
2.329249860813881412e+00
2.329272833714996604e+00
2.329285146294711062e+00
2.329302534332469587e+00
2.329306035234187444e+00
2.329330214898847728e+00
2.329351862080063729e+00
2.329374127094356872e+00
2.329384571479274246e+00
2.329394530659422813e+00
2.329413766979345102e+00
2.329419804205108857e+00
2.329443863478703580e+00
2.329463718343252498e+00
2.329483910704681193e+00
2.329501843145661777e+00
2.329512657153468780e+00
2.329523427530616697e+00
2.329536918819602231e+00
2.329550434768135059e+00
2.329566704488883477e+00
2.329579729889874606e+00
2.329600930279473125e+00
2.329625669324519865e+00
2.329648663971413569e+00
2.329669306389329453e+00
2.329681649792310516e+00
2.329693450183790482e+00
2.329716840386488297e+00
2.329728334846972615e+00
2.329736258079166511e+00
2.329748741074465723e+00
2.329768390811477907e+00
2.329777754630660613e+00
2.329800078067588487e+00
2.329809289587728038e+00
2.329830515426699833e+00
2.329852061069780600e+00
2.329860943866938872e+00
2.329881154638114182e+00
2.329889121996832735e+00
2.329910087541267494e+00
2.329922803987515501e+00
2.329929939306537801e+00
2.329949317396670327e+00
2.329958793882190626e+00
2.329971490191843131e+00
2.329990511939691977e+00
2.330001970188460891e+00
2.330022926980378717e+00
2.330029754885837079e+00
2.330034580377508213e+00
2.330059773632198183e+00
2.330072085398425141e+00
2.330083730571986145e+00
2.330093245123817880e+00
2.330112679424351629e+00
2.330123771542639499e+00
2.330142606152492135e+00
2.330150309356922911e+00
2.330162798289810766e+00
2.330176758222612055e+00
2.330191141734854199e+00
2.330212755352253140e+00
2.330221453018818778e+00
2.330245896950215556e+00
2.330246328603256867e+00
2.330261772624467209e+00
2.330283991625611506e+00
2.330295909298942814e+00
2.330310633194006886e+00
2.330334036259350761e+00
2.330343876850782259e+00
2.330354975923474292e+00
2.330364744333117244e+00
2.330375347212417569e+00
2.330390413091792734e+00
2.330412017946865255e+00
2.330418910197961324e+00
2.330431033780247407e+00
2.330438953741943653e+00
2.330453040736742309e+00
2.330473333825416216e+00
2.330486698238013243e+00
2.330493218565479197e+00
2.330515747479637856e+00
2.330529649288572092e+00
2.330542472275462185e+00
2.330564470621340867e+00
2.330582075159665312e+00
2.330593460697741204e+00
2.330615110854294514e+00
2.330625558943326681e+00
2.330635487124918193e+00
2.330642515296891037e+00
2.330656564635815275e+00
2.330669437912737063e+00
2.330683464117671466e+00
2.330701070364465721e+00
2.330722755539542668e+00
2.330742875783676116e+00
2.330754857421807102e+00
2.330775160622078790e+00
2.330794551423976735e+00
2.330803966849330777e+00
2.330818168750861563e+00
2.330837887434199729e+00
2.330851490367028322e+00
2.330871597081665580e+00
2.330881076448418465e+00
2.330891372973485254e+00
2.330909196369692182e+00
2.330922010208953843e+00
2.330942149813699071e+00
2.330952485853139855e+00
2.330973836744271832e+00
2.330993592319691388e+00
2.331000236794987135e+00
2.331018132422508771e+00
2.331026194829538767e+00
2.331041213919299082e+00
2.331049459766929566e+00
2.331068997650048047e+00
2.331086993581956701e+00
2.331103034896023551e+00
2.331114227826176499e+00
2.331127404002305337e+00
2.331140567946170084e+00
2.331154450298245528e+00
2.331167807455002627e+00
2.331179743302978835e+00
2.331191212856753570e+00
2.331216044573030555e+00
2.331229220191470386e+00
2.331253162864164619e+00
2.331273836790840992e+00
2.331282605999290158e+00
2.331297036457333771e+00
2.331309757125956228e+00
2.331323669737128679e+00
2.331346847060038474e+00
2.331356240377811417e+00
2.331370597266551048e+00
2.331389643203624740e+00
2.331392381465822172e+00
2.331407644772379495e+00
2.331429598484828780e+00
2.331443398944844425e+00
2.331464281658995663e+00
2.331472743054817442e+00
2.331486771181537687e+00
2.331497209241854662e+00
2.331506896941256457e+00
2.331517635263554489e+00
2.331528204554657702e+00
2.331535682544096044e+00
2.331554014622863047e+00
2.331564330061568047e+00
2.331576242416793843e+00
2.331582094451833953e+00
2.331594197491138498e+00
2.331615869127296126e+00
2.331627889625700334e+00
2.331633171974214047e+00
2.331643821122100668e+00
2.331659259467176337e+00
2.331681604001549779e+00
2.331693913351533087e+00
2.331706231722324496e+00
2.331722186210379189e+00
2.331728952730657056e+00
2.331748265676247378e+00
2.331756975651497310e+00
2.331769065011163100e+00
2.331777665473450778e+00
2.331793847669400677e+00
2.331812573842191760e+00
2.331823309051582527e+00
2.331833974179320368e+00
2.331853140917989897e+00
2.331859004697780513e+00
2.331870276640554351e+00
2.331883126626964842e+00
2.331900213207371841e+00
2.331908769954773586e+00
2.331923306976547483e+00
2.331933748209641166e+00
2.331947955857352817e+00
2.331964238759061558e+00
2.331978881925187874e+00
2.331985840139605859e+00
2.331998066945627723e+00
2.332009629633322145e+00
2.332026601602944282e+00
2.332041212618231718e+00
2.332051803959688474e+00
2.332064440389663318e+00
2.332073403322330929e+00
2.332087255785320057e+00
2.332102518207645137e+00
2.332112751742704493e+00
2.332122686177767967e+00
2.332145437130665577e+00
2.332157483598463532e+00
2.332173411924662432e+00
2.332182709255018693e+00
2.332193511348795933e+00
2.332207061776497614e+00
2.332213479710302462e+00
2.332225739426810218e+00
2.332238658212806737e+00
2.332259398850994536e+00
2.332270712572462656e+00
2.332289549286094665e+00
2.332305661323132551e+00
2.332316169844359077e+00
2.332325572732055985e+00
2.332335127521582230e+00
2.332352897082224708e+00
2.332369262042770064e+00
2.332376160255860587e+00
2.332385967002218230e+00
2.332403420418624584e+00
2.332418366998191050e+00
2.332431086558999667e+00
2.332440581776153099e+00
2.332460037218108795e+00
2.332471585367333233e+00
2.332483274762740422e+00
2.332497808614708124e+00
2.332507129669455281e+00
2.332513321948013196e+00
2.332525871518073224e+00
2.332543192435299950e+00
2.332557300191830496e+00
2.332573421718205697e+00
2.332588694228683313e+00
2.332603526101304503e+00
2.332619347967711310e+00
2.332633955693496741e+00
2.332635767372496005e+00
2.332654299779385543e+00
2.332660370895800472e+00
2.332666007087079940e+00
2.332683361082128926e+00
2.332694138448032639e+00
2.332709260692947151e+00
2.332720260479197893e+00
2.332731297045653740e+00
2.332747854702228896e+00
2.332753559904954699e+00
2.332766005421352595e+00
2.332780136463540988e+00
2.332784357493028260e+00
2.332803526871819244e+00
2.332811862093825184e+00
2.332822585025188022e+00
2.332833680909435436e+00
2.332845685249090195e+00
2.332861048670845872e+00
2.332872997633864909e+00
2.332879836002043294e+00
2.332888684624841336e+00
2.332907199276936350e+00
2.332918329659122936e+00
2.332936167747873490e+00
2.332945454497621363e+00
2.332948993045372621e+00
2.332961373775540359e+00
2.332970456523261404e+00
2.332981411675610239e+00
2.332991022153206195e+00
2.333001707857767393e+00
2.333018212279359460e+00
2.333032066157650686e+00
2.333047150103519041e+00
2.333061229960389671e+00
2.333071689009146521e+00
2.333086133595382528e+00
2.333094178139748287e+00
2.333109193940964943e+00
2.333118201756091192e+00
2.333124125823222705e+00
2.333134535778826013e+00
2.333151213368342081e+00
2.333162859705966152e+00
2.333177642539249863e+00
2.333187452785528748e+00
2.333203063299052360e+00
2.333213450950047729e+00
2.333225959634241953e+00
2.333240029198903720e+00
2.333250480654645020e+00
2.333267172279101853e+00
2.333282447095847534e+00
2.333299655830825881e+00
2.333310669810219284e+00
2.333323093417627891e+00
2.333332090920663404e+00
2.333339946271263621e+00
2.333362595991816946e+00
2.333369172076233955e+00
2.333385554972696951e+00
2.333393648544355159e+00
2.333405226911421604e+00
2.333423625096999743e+00
2.333438646835083841e+00
2.333450521646772913e+00
2.333461338624835957e+00
2.333472197030285411e+00
2.333480459041668009e+00
2.333500617662803922e+00
2.333511570677559988e+00
2.333522707878858071e+00
2.333538704187382962e+00
2.333553193182090091e+00
2.333560876659846350e+00
2.333575286100067370e+00
2.333583922647576525e+00
2.333599075435287329e+00
2.333606889876146173e+00
2.333623421341806115e+00
2.333639351261268313e+00
2.333654186495106142e+00
2.333664028268680912e+00
2.333670701545713211e+00
2.333681613326172855e+00
2.333699128868205630e+00
2.333709938189119981e+00
2.333710733954731165e+00
2.333727737005318659e+00
2.333738239054075070e+00
2.333747782357197487e+00
2.333753055592521441e+00
2.333765488160367330e+00
2.333775839456210033e+00
2.333793792989472315e+00
2.333812565137456829e+00
2.333830181493457445e+00
2.333839418366382201e+00
2.333855884852813922e+00
2.333866241434271238e+00
2.333876041657296341e+00
2.333891874925130949e+00
2.333904233270770234e+00
2.333914369901645358e+00
2.333923333162835512e+00
2.333933223247413036e+00
2.333942009204627244e+00
2.333958338040461378e+00
2.333963989833262254e+00
2.333972098792827410e+00
2.333978917090675953e+00
2.333989395518972998e+00
2.334008334617233782e+00
2.334016751427957281e+00
2.334025657687005761e+00
2.334035787231604431e+00
2.334052908274184546e+00
2.334063096096826495e+00
2.334071497590047617e+00
2.334084081789795651e+00
2.334092025091652367e+00
2.334098112063855979e+00
2.334108584173096190e+00
2.334125135280796570e+00
2.334132167265445368e+00
2.334152593876915205e+00
2.334166399026329053e+00
2.334179748394610510e+00
2.334188259923822617e+00
2.334198333854830221e+00
2.334216761269896079e+00
2.334230632502110492e+00
2.334237156846415751e+00
2.334243758357287923e+00
2.334252038862424161e+00
2.334268550546489074e+00
2.334278893863297011e+00
2.334291162959295285e+00
2.334300150987753675e+00
2.334309638244711049e+00
2.334319861308848054e+00
2.334324084139947075e+00
2.334340181328439456e+00
2.334352572019548155e+00
2.334367018675769678e+00
2.334381756079673575e+00
2.334391385244268147e+00
2.334399866546072122e+00
2.334414620892569570e+00
2.334427442405591524e+00
2.334441108601411408e+00
2.334454410784307488e+00
2.334459440525492813e+00
2.334466860688010126e+00
2.334475161157105294e+00
2.334486212097633295e+00
2.334492254460023730e+00
2.334501413484452392e+00
2.334516570075204633e+00
2.334530017070706620e+00
2.334541196754219339e+00
2.334549186304910595e+00
2.334557890630172050e+00
2.334572870304508108e+00
2.334585954205695923e+00
2.334590794568626837e+00
2.334601449144423579e+00
2.334616173555942975e+00
2.334621620592192581e+00
2.334631675161423559e+00
2.334643797079128280e+00
2.334651601465768778e+00
2.334666314474445947e+00
2.334675588991237838e+00
2.334690413830156519e+00
2.334698813510536208e+00
2.334712126186746062e+00
2.334718202335076764e+00
2.334731393751330319e+00
2.334744363094629183e+00
2.334751063956169936e+00
2.334758705318744632e+00
2.334772885373798790e+00
2.334781121634883938e+00
2.334793893004492471e+00
2.334802021113631998e+00
2.334813499887034460e+00
2.334817966629776365e+00
2.334832629384444136e+00
2.334846766082031788e+00
2.334860956663916021e+00
2.334876007131598374e+00
2.334881010458463191e+00
2.334894195402830164e+00
2.334900161028692356e+00
2.334913309528375613e+00
2.334916625479341423e+00
2.334926366782970053e+00
2.334938461255153364e+00
2.334945784611774489e+00
2.334948690685811012e+00
2.334955665572204797e+00
2.334970763427930862e+00
2.334979732795678498e+00
2.334989093955442740e+00
2.334993595089158269e+00
2.335005121545707052e+00
2.335019642272006646e+00
2.335028302882636630e+00
2.335043287302046799e+00
2.335050923655908051e+00
2.335064881997432451e+00
2.335078530523018170e+00
2.335087733646465935e+00
2.335101354488157810e+00
2.335104846469023165e+00
2.335120833340831759e+00
2.335135295332469774e+00
2.335148754988902287e+00
2.335162218778697785e+00
2.335170370504548565e+00
2.335180415100073681e+00
2.335190990681439427e+00
2.335206774164169996e+00
2.335213788639439958e+00
2.335224965537929798e+00
2.335241620839795473e+00
2.335248930845836846e+00
2.335259155830979427e+00
2.335268992370814090e+00
2.335286379089239972e+00
2.335300673396738524e+00
2.335313826000676052e+00
2.335327926393073295e+00
2.335335629631461352e+00
2.335343076924980998e+00
2.335351430206375145e+00
2.335359667915688053e+00
2.335363982109524894e+00
2.335373136120987514e+00
2.335383419557377493e+00
2.335396281755746095e+00
2.335408469171230905e+00
2.335415260080690558e+00
2.335429415090921168e+00
2.335438416523371252e+00
2.335447280076031085e+00
2.335455810762774309e+00
2.335471082478927318e+00
2.335476824571555809e+00
2.335491170342466116e+00
2.335504889540267026e+00
2.335516682077071415e+00
2.335521295022560118e+00
2.335533814488345072e+00
2.335545750985028590e+00
2.335552932040514396e+00
2.335556307546141852e+00
2.335567123262414668e+00
2.335575408002059206e+00
2.335585102473185071e+00
2.335601164044884825e+00
2.335615748065773989e+00
2.335629502528572043e+00
2.335632956674023042e+00
2.335643613210871106e+00
2.335655447836461729e+00
2.335663246424861672e+00
2.335669021170167170e+00
2.335684295606560212e+00
2.335694038992297550e+00
2.335702045505441582e+00
2.335710351591286038e+00
2.335726515259491265e+00
2.335740181245274716e+00
2.335746855097843078e+00
2.335759959698037846e+00
2.335766982188708596e+00
2.335779179616826795e+00
2.335787989390129660e+00
2.335798321996239046e+00
2.335801332866172864e+00
2.335809929720825906e+00
2.335817436794325630e+00
2.335826345552314276e+00
2.335837087778962928e+00
2.335850178826586632e+00
2.335857962222544604e+00
2.335872752215604642e+00
2.335879050827380787e+00
2.335886190638896576e+00
2.335896249130379410e+00
2.335907112397939134e+00
2.335915309123980599e+00
2.335931044168932935e+00
2.335937639936741306e+00
2.335945117066733800e+00
2.335948631296099531e+00
2.335965988240699343e+00
2.335981384886950174e+00
2.335986947069029984e+00
2.335997898488115787e+00
2.336003358936529217e+00
2.336014492378823082e+00
2.336031105863110469e+00
2.336041193093195911e+00
2.336053749428931070e+00
2.336063387648180889e+00
2.336075614297291825e+00
2.336082940050423939e+00
2.336092321244932268e+00
2.336099035126486090e+00
2.336113237475116122e+00
2.336127148042403956e+00
2.336135299705857538e+00
2.336146056485168376e+00
2.336151685610236672e+00
2.336158163655080777e+00
2.336170937077485021e+00
2.336188426526871087e+00
2.336194682831767011e+00
2.336210590293617440e+00
2.336215077297953080e+00
2.336222448597382151e+00
2.336231041515294482e+00
2.336234305127139255e+00
2.336246857749994188e+00
2.336254042150213373e+00
2.336262029405778318e+00
2.336268608116498058e+00
2.336273761073816235e+00
2.336278091630194620e+00
2.336287908572609595e+00
2.336302899774428177e+00
2.336312088846316026e+00
2.336328958854638760e+00
2.336334283463842976e+00
2.336344728643988233e+00
2.336353765392292559e+00
2.336372111724046796e+00
2.336384520898339812e+00
2.336390578789987682e+00
2.336401546961285103e+00
2.336415123991997689e+00
2.336421606596714273e+00
2.336430835274365680e+00
2.336443370681344334e+00
2.336454801254593150e+00
2.336457223942877359e+00
2.336465660267640132e+00
2.336478981758884910e+00
2.336485241172534977e+00
2.336489282680861646e+00
2.336503657928759026e+00
2.336513334875607750e+00
2.336516149314868507e+00
2.336525531270984501e+00
2.336536613840499488e+00
2.336548054752334291e+00
2.336560437821040725e+00
2.336569737687498982e+00
2.336584106249653736e+00
2.336593781306132822e+00
2.336606000709088526e+00
2.336608000686642317e+00
2.336615234625927684e+00
2.336631755616056516e+00
2.336640518650623388e+00
2.336654411338107806e+00
2.336666357195766430e+00
2.336672820950366436e+00
2.336677506530136839e+00
2.336684340733868659e+00
2.336694457987007034e+00
2.336700234318282998e+00
2.336707601821729874e+00
2.336719472773785000e+00
2.336730863021982962e+00
2.336738584521153239e+00
2.336747550013978714e+00
2.336759571171603156e+00
2.336769209059617047e+00
2.336772320345189335e+00
2.336780357263284813e+00
2.336789846650578095e+00
2.336797953390911342e+00
2.336812744129832087e+00
2.336816269419230263e+00
2.336832217641895859e+00
2.336839877157474099e+00
2.336851327939071243e+00
2.336857814873493311e+00
2.336865773362813758e+00
2.336869241126844354e+00
2.336878440558661119e+00
2.336887695154821198e+00
2.336897578726056857e+00
2.336906177631404624e+00
2.336915929056698538e+00
2.336926560844913681e+00
2.336939473042113580e+00
2.336950909338173066e+00
2.336958218283719191e+00
2.336972297395064402e+00
2.336985858532187432e+00
2.336990356307718564e+00
2.336998551466356933e+00
2.337008263791862994e+00
2.337022092399732909e+00
2.337036395937305056e+00
2.337039196425370058e+00
2.337051101519016516e+00
2.337053422322293184e+00
2.337061324312998067e+00
2.337069519354878278e+00
2.337078773622525141e+00
2.337082739144796584e+00
2.337096615813765155e+00
2.337106113684576325e+00
2.337112499147427691e+00
2.337125588453197622e+00
2.337131756874467836e+00
2.337138431624481427e+00
2.337144855136723987e+00
2.337158356606603871e+00
2.337170985825090419e+00
2.337177729698843187e+00
2.337188638237088334e+00
2.337195673345344282e+00
2.337199527783848207e+00
2.337206698223933454e+00
2.337218371103074510e+00
2.337224868916472076e+00
2.337236137740459352e+00
2.337245138606841355e+00
2.337257815999738586e+00
2.337267826356597578e+00
2.337275596108745912e+00
2.337288535734026063e+00
2.337292540139924046e+00
2.337302133876645538e+00
2.337313022154657638e+00
2.337314640676960487e+00
2.337328363363087025e+00
2.337336096952604247e+00
2.337346985983993264e+00
2.337351164586895624e+00
2.337358742483975682e+00
2.337363481194884240e+00
2.337373396122290448e+00
2.337382527579527913e+00
2.337393093754995377e+00
2.337403208263268972e+00
2.337419271040870772e+00
2.337423800597267398e+00
2.337436106535741853e+00
2.337439331354342009e+00
2.337448392234670713e+00
2.337460082023192776e+00
2.337466838060952234e+00
2.337475212285137438e+00
2.337488276221740158e+00
2.337493374817940062e+00
2.337508254039670330e+00
2.337521298122605451e+00
2.337524800048802476e+00
2.337534166234311428e+00
2.337542884301494706e+00
2.337550177448870947e+00
2.337561874683490970e+00
2.337568486939914258e+00
2.337583847471441434e+00
2.337590214632407459e+00
2.337601387494878669e+00
2.337611265659449877e+00
2.337620241594918546e+00
2.337628873751262049e+00
2.337638782513284053e+00
2.337643293515854204e+00
2.337648401171986468e+00
2.337660771108748925e+00
2.337666126945407985e+00
2.337677451541059437e+00
2.337688960859453324e+00
2.337695791117209154e+00
2.337707030267198061e+00
2.337712417828879730e+00
2.337723329913445003e+00
2.337732156263324867e+00
2.337746224911211534e+00
2.337755598245923050e+00
2.337766443412793382e+00
2.337773834402744555e+00
2.337779974508108705e+00
2.337787570141131255e+00
2.337798023055881025e+00
2.337805380616163831e+00
2.337812703321337171e+00
2.337824208403152859e+00
2.337836251997350789e+00
2.337846973628533664e+00
2.337849677562342077e+00
2.337862577742098491e+00
2.337874602584617101e+00
2.337882612377213842e+00
2.337886647847030819e+00
2.337895046910834829e+00
2.337901825656318433e+00
2.337914146680097893e+00
2.337916190289953011e+00
2.337929404388615406e+00
2.337931794892971649e+00
2.337944652194743345e+00
2.337953086151134396e+00
2.337959168631193574e+00
2.337968105507602257e+00
2.337980025092534220e+00
2.337988727488901741e+00
2.337996767028901690e+00
2.338006331142820304e+00
2.338014690150707953e+00
2.338027028183875533e+00
2.338035256143867979e+00
2.338049036131454539e+00
2.338055315739250517e+00
2.338068634860776207e+00
2.338081180433000839e+00
2.338092150323248575e+00
2.338094748748549279e+00
2.338106995116532527e+00
2.338114725987801457e+00
2.338121097535029946e+00
2.338133767060157631e+00
2.338144834926433546e+00
2.338156678448613413e+00
2.338160615446839063e+00
2.338171690061355612e+00
2.338177489402329279e+00
2.338184000050132383e+00
2.338197970931855885e+00
2.338211104408996377e+00
2.338219055428628845e+00
2.338226184872525426e+00
2.338236701465233658e+00
2.338247830054572152e+00
2.338258086693826510e+00
2.338268350430050102e+00
2.338278181665339961e+00
2.338280309458927952e+00
2.338287319879858828e+00
2.338299098843065416e+00
2.338306427210072869e+00
2.338318761759178077e+00
2.338328202749210938e+00
2.338333575493245498e+00
2.338341682563868762e+00
2.338346294341423270e+00
2.338347677307214934e+00
2.338357668424768221e+00
2.338366882128587676e+00
2.338381729505244255e+00
2.338387636293017824e+00
2.338399419442139582e+00
2.338402226960492492e+00
2.338409777724351102e+00
2.338421016932290097e+00
2.338426846583251173e+00
2.338437448984181266e+00
2.338442273958273532e+00
2.338446203869045892e+00
2.338460617562861721e+00
2.338470350002570086e+00
2.338482517263095417e+00
2.338489428592812391e+00
2.338494082060960544e+00
2.338504465143227851e+00
2.338512040056257124e+00
2.338519571730731439e+00
2.338532438260200852e+00
2.338542945950194518e+00
2.338549754372626577e+00
2.338556769145875514e+00
2.338564566080659990e+00
2.338572930423716389e+00
2.338578541241191022e+00
2.338590707751484477e+00
2.338597546736731925e+00
2.338604184808043662e+00
2.338611213606692552e+00
2.338621748217393215e+00
2.338634062406681480e+00
2.338637679570556127e+00
2.338650543745699917e+00
2.338658323116659776e+00
2.338659486198780613e+00
2.338669876113552260e+00
2.338679431434050660e+00
2.338689413132529982e+00
2.338694412179019189e+00
2.338700369134674606e+00
2.338712737270078890e+00
2.338719519437138405e+00
2.338729621792757118e+00
2.338736216783842359e+00
2.338742034426960714e+00
2.338753365282058905e+00
2.338758987886861540e+00
2.338770748054810333e+00
2.338778274098713528e+00
2.338785777412949685e+00
2.338795183225433671e+00
2.338803424170384115e+00
2.338812276562900472e+00
2.338822506326907913e+00
2.338829275372348526e+00
2.338832512291884491e+00
2.338838653339944784e+00
2.338848348139031419e+00
2.338850369124237716e+00
2.338862987460785803e+00
2.338868833270141945e+00
2.338879876461690266e+00
2.338884744828507056e+00
2.338892103402506972e+00
2.338898513659502854e+00
2.338909983305274221e+00
2.338919809741253353e+00
2.338926300063246089e+00
2.338936174894015174e+00
2.338938291254184509e+00
2.338950222958327885e+00
2.338961004243082620e+00
2.338964552567525779e+00
2.338973759566361554e+00
2.338982046292534367e+00
2.338992640442874471e+00
2.338995783958183416e+00
2.339005025140759031e+00
2.339013945883168244e+00
2.339020330875108300e+00
2.339030109046803751e+00
2.339038934510196732e+00
2.339045592375355032e+00
2.339053197142971996e+00
2.339060769285488117e+00
2.339064166235257147e+00
2.339075705708592690e+00
2.339078522289358197e+00
2.339092158327265469e+00
2.339097603375210888e+00
2.339108202945670012e+00
2.339114022230693202e+00
2.339123301378167596e+00
2.339126739578051950e+00
2.339132880933578296e+00
2.339139823717121036e+00
2.339151757155809808e+00
2.339164261989309157e+00
2.339168748282171251e+00
2.339170715312546722e+00
2.339184433978479749e+00
2.339196057243812632e+00
2.339201829680744638e+00
2.339213194342068203e+00
2.339222383606504252e+00
2.339227536417770370e+00
2.339237441485326308e+00
2.339242131520015366e+00
2.339253882728008715e+00
2.339264498749095367e+00
2.339270562793564157e+00
2.339280633542153431e+00
2.339284329532683060e+00
2.339289540909303078e+00
2.339297703759739999e+00
2.339306757077828536e+00
2.339312632829430250e+00
2.339320284101940040e+00
2.339322475212565422e+00
2.339330067633199395e+00
2.339337291589465906e+00
2.339341424560196447e+00
2.339354583288126843e+00
2.339362134181407704e+00
2.339369531630241639e+00
2.339377953471281746e+00
2.339388046058558324e+00
2.339399626959067113e+00
2.339412126763914301e+00
2.339419368025095203e+00
2.339429128820769144e+00
2.339433227060555343e+00
2.339438131119131903e+00
2.339445525906705292e+00
2.339455761596640482e+00
2.339467445248461175e+00
2.339473344720529369e+00
2.339482295020343994e+00
2.339489817612211642e+00
2.339499771817376228e+00
2.339504977817219000e+00
2.339514183573812467e+00
2.339519789145129813e+00
2.339525501305605104e+00
2.339533463941003699e+00
2.339545981052771673e+00
2.339556851156734840e+00
2.339562544910417152e+00
2.339574502905219067e+00
2.339585930241133926e+00
2.339593470810854559e+00
2.339604081904873123e+00
2.339612229859533432e+00
2.339618658822515851e+00
2.339630622357349310e+00
2.339639602337301394e+00
2.339642512751519909e+00
2.339655552201205246e+00
2.339659160010939765e+00
2.339673707629789323e+00
2.339683648835434671e+00
2.339687688385075681e+00
2.339695243602130326e+00
2.339700670611744471e+00
2.339705402299611325e+00
2.339712711914599286e+00
2.339719479326038964e+00
2.339726780042668874e+00
2.339733132208186905e+00
2.339745369737995073e+00
2.339753036780343631e+00
2.339765080840827238e+00
2.339774146100528807e+00
2.339780207981489557e+00
2.339788581979862503e+00
2.339793459922233865e+00
2.339803278172335244e+00
2.339811827023341895e+00
2.339815848279632515e+00
2.339821608627355332e+00
2.339828051625042260e+00
2.339832256106528341e+00
2.339839856678524566e+00
2.339846747509571667e+00
2.339855128768994152e+00
2.339867737441598372e+00
2.339873477461935192e+00
2.339880600808912803e+00
2.339887683896128223e+00
2.339895445906304161e+00
2.339904835494579949e+00
2.339911104404334363e+00
2.339922013970007431e+00
2.339932812555369779e+00
2.339943035898037316e+00
2.339953309352153621e+00
2.339959121690887489e+00
2.339964091364922893e+00
2.339976885442618837e+00
2.339988579670507107e+00
2.339994131830995805e+00
2.340000584541137574e+00
2.340005173389949178e+00
2.340011608785871999e+00
2.340017898615995851e+00
2.340028102721451564e+00
2.340038448794370396e+00
2.340045565094226454e+00
2.340054819479933546e+00
2.340060731810441830e+00
2.340071306312588639e+00
2.340077716760837756e+00
2.340089243029610522e+00
2.340094853442298284e+00
2.340099211664207424e+00
2.340104445736753913e+00
2.340111017022791451e+00
2.340115585270768683e+00
2.340119986704664701e+00
2.340132728547991370e+00
2.340138102332707692e+00
2.340144952716275206e+00
2.340158502319734435e+00
2.340168346788821463e+00
2.340176243921558541e+00
2.340180174483176945e+00
2.340190344117216270e+00
2.340196640402074202e+00
2.340206770272056147e+00
2.340211518747362884e+00
2.340216454806474111e+00
2.340226658059061826e+00
2.340231551745798555e+00
2.340238437500184787e+00
2.340246600183584658e+00
2.340256614639918187e+00
2.340262360532255670e+00
2.340267871919783360e+00
2.340277694128277908e+00
2.340282008634426258e+00
2.340286628588914564e+00
2.340296582998214969e+00
2.340298545267502917e+00
2.340309536039512306e+00
2.340316023283551594e+00
2.340323183683308272e+00
2.340330244262596615e+00
2.340337112708932299e+00
2.340341023382150887e+00
2.340352083706958908e+00
2.340361523160146895e+00
2.340365689386351811e+00
2.340376401491004454e+00
2.340385290990082190e+00
2.340390682584529980e+00
2.340399518017384661e+00
2.340407350613780135e+00
2.340415107647311643e+00
2.340419863740989648e+00
2.340427579211591169e+00
2.340436166070913870e+00
2.340440032310455276e+00
2.340452148894863971e+00
2.340462382077893810e+00
2.340470281403271624e+00
2.340477009541169995e+00
2.340488109394083249e+00
2.340494396593766346e+00
2.340501252843877111e+00
2.340512358029520623e+00
2.340522751479236607e+00
2.340526058362554007e+00
2.340537373937469745e+00
2.340546550993528818e+00
2.340551555481524382e+00
2.340557924437813853e+00
2.340561898831428067e+00
2.340568168103380309e+00
2.340574497703749923e+00
2.340582257363123198e+00
2.340592038181019241e+00
2.340596780633916740e+00
2.340602958518356758e+00
2.340613138412163341e+00
2.340616250649268260e+00
2.340621844434332743e+00
2.340630151181586349e+00
2.340638508019186048e+00
2.340640611940654203e+00
2.340647174407903375e+00
2.340653143141064874e+00
2.340659706357058223e+00
2.340670584494652928e+00
2.340672870947317019e+00
2.340683142523549254e+00
2.340693198932662256e+00
2.340698661753323417e+00
2.340702022676615979e+00
2.340714791385030580e+00
2.340724872305250504e+00
2.340730182618663058e+00
2.340739418763325030e+00
2.340742662773707572e+00
2.340744560926640183e+00
2.340752427575681249e+00
2.340758380735088906e+00
2.340768911111259065e+00
2.340774492558153064e+00
2.340779605283218157e+00
2.340786952974194701e+00
2.340794550891784453e+00
2.340801440785750476e+00
2.340812789198158939e+00
2.340818723388320421e+00
2.340827858010396945e+00
2.340830350040898900e+00
2.340836292957496401e+00
2.340847620705844623e+00
2.340854359580226696e+00
2.340860030691946037e+00
2.340866577412393568e+00
2.340877885513383383e+00
2.340888150964346437e+00
2.340893678721382543e+00
2.340901181799748265e+00
2.340907388475897744e+00
2.340909908261135541e+00
2.340916593634373655e+00
2.340923275404559245e+00
2.340933655807791780e+00
2.340939816739404655e+00
2.340943884680929621e+00
2.340953008829604887e+00
2.340955403728905537e+00
2.340961819813367484e+00
2.340971324967256795e+00
2.340980202186086157e+00
2.340986561199337235e+00
2.340996022074071092e+00
2.341001971276190030e+00
2.341007739436986590e+00
2.341014257041794444e+00
2.341020419268314168e+00
2.341030262935001716e+00
2.341033476243015166e+00
2.341043385508089880e+00
2.341053899606495126e+00
2.341057039078529911e+00
2.341066240464279247e+00
2.341069429796038381e+00
2.341077707628928195e+00
2.341080835128419135e+00
2.341089733619901914e+00
2.341094688181761363e+00
2.341100629969966374e+00
2.341107380507555291e+00
2.341116490369123504e+00
2.341125284761023106e+00
2.341134615153564802e+00
2.341144460869307053e+00
2.341149235913358329e+00
2.341158304631020037e+00
2.341168379283069090e+00
2.341171874072836889e+00
2.341175726364261411e+00
2.341180384903771117e+00
2.341187881350390576e+00
2.341193939801974988e+00
2.341199293228670264e+00
2.341208226700270956e+00
2.341215333881010885e+00
2.341222450037400815e+00
2.341235637156835026e+00
2.341241797488402998e+00
2.341252696685786283e+00
2.341257012259137404e+00
2.341267563719838130e+00
2.341275751699391172e+00
2.341280581125434246e+00
2.341285239603280832e+00
2.341295632974889962e+00
2.341298951004898932e+00
2.341304628710767943e+00
2.341313057107986317e+00
2.341316054687809789e+00
2.341319010413723589e+00
2.341327973980249944e+00
2.341331206078157035e+00
2.341340573289641291e+00
2.341346935370310245e+00
2.341354027879590571e+00
2.341364312046442908e+00
2.341369305091354658e+00
2.341378836948872610e+00
2.341381494413964148e+00
2.341392014030667656e+00
2.341400731297349047e+00
2.341405369814796966e+00
2.341414693587885676e+00
2.341417069122231354e+00
2.341424538131533950e+00
2.341426678936111117e+00
2.341432934077833927e+00
2.341438784951555441e+00
2.341443390361590549e+00
2.341451309429128713e+00
2.341457633059411236e+00
2.341466674305443085e+00
2.341471501876987382e+00
2.341476934376620633e+00
2.341483145234653396e+00
2.341493171603134638e+00
2.341497525034892835e+00
2.341506557927387266e+00
2.341512229490311015e+00
2.341516348074589970e+00
2.341521926494091854e+00
2.341530037067370618e+00
2.341536183004716332e+00
2.341544196117725463e+00
2.341555023627932108e+00
2.341565266892711605e+00
2.341569407685004656e+00
2.341577530715005295e+00
2.341583265293340155e+00
2.341587845372460119e+00
2.341594493098664742e+00
2.341598580064832458e+00
2.341608880464009612e+00
2.341615054527022011e+00
2.341624430594650086e+00
2.341629971837935642e+00
2.341637105208548508e+00
2.341646126387323168e+00
2.341653000325664369e+00
2.341661106517087365e+00
2.341669857907505925e+00
2.341673010282681044e+00
2.341676637992771148e+00
2.341682699159975733e+00
2.341691234984986547e+00
2.341694482644325781e+00
2.341697997426070543e+00
2.341703782677923673e+00
2.341709782623191405e+00
2.341719519367712277e+00
2.341728132709704369e+00
2.341736396257757757e+00
2.341740538404333272e+00
2.341746746926077094e+00
2.341752399735828050e+00
2.341757571972967522e+00
2.341767371849229118e+00
2.341770966518841313e+00
2.341780617578402168e+00
2.341786793165534064e+00
2.341791699262175008e+00
2.341797345826340582e+00
2.341806842752023776e+00
2.341811172234451455e+00
2.341819273285671521e+00
2.341823134258964600e+00
2.341828729666449949e+00
2.341838000431856859e+00
2.341845841678619422e+00
2.341850113486239504e+00
2.341859132867520454e+00
2.341861438202997636e+00
2.341866152347450658e+00
2.341873158048678683e+00
2.341881957336691134e+00
2.341892006277487503e+00
2.341899081055665910e+00
2.341903884236078870e+00
2.341912100354190951e+00
2.341917093986688236e+00
2.341925751458948657e+00
2.341932814359753756e+00
2.341940591523747450e+00
2.341945376376903365e+00
2.341950355756929447e+00
2.341958594708490882e+00
2.341963142855253643e+00
2.341970868341784140e+00
2.341975015321295039e+00
2.341982911062824524e+00
2.341985960953292256e+00
2.341994869753252662e+00
2.342004226121736643e+00
2.342008478056904597e+00
2.342017925573198767e+00
2.342024682005638070e+00
2.342027602751053816e+00
2.342034159195065079e+00
2.342043419165451557e+00
2.342048922888346318e+00
2.342054070192108650e+00
2.342060924272259204e+00
2.342070327522245865e+00
2.342081064311394734e+00
2.342087471244813646e+00
2.342088836556393439e+00
2.342091930839923730e+00
2.342098229166519108e+00
2.342105864953576422e+00
2.342113154603209235e+00
2.342117264495470863e+00
2.342126981867303837e+00
2.342136349544599039e+00
2.342139449069680968e+00
2.342146379293345682e+00
2.342155675677461968e+00
2.342164341346929746e+00
2.342167260557150854e+00
2.342170810569998540e+00
2.342177285418090005e+00
2.342187422701140775e+00
2.342192271609039089e+00
2.342201715309785381e+00
2.342203703763997780e+00
2.342212904237763738e+00
2.342221481019131968e+00
2.342226417938609639e+00
2.342231285778330285e+00
2.342236393540882755e+00
2.342244192339882680e+00
2.342253302663683812e+00
2.342258785886157213e+00
2.342265828528836025e+00
2.342273898097853913e+00
2.342277324768212932e+00
2.342286412850303368e+00
2.342290203905407875e+00
2.342292744947029881e+00
2.342297799103562284e+00
2.342307987151126980e+00
2.342315852082934136e+00
2.342321575231984365e+00
2.342332116531284036e+00
2.342339916891831741e+00
2.342344271456115568e+00
2.342346869917061980e+00
2.342353716665569685e+00
2.342358868246029235e+00
2.342365640246228065e+00
2.342374267018144440e+00
2.342382867908842758e+00
2.342390825429879087e+00
2.342398404913769827e+00
2.342400526889609313e+00
2.342408078779372627e+00
2.342411852946110429e+00
2.342421204103550370e+00
2.342428050060608502e+00
2.342432326098078832e+00
2.342440537702742187e+00
2.342445138408528749e+00
2.342450628551013381e+00
2.342459546537202453e+00
2.342464887514116523e+00
2.342469741770417890e+00
2.342475760230202653e+00
2.342481611397837948e+00
2.342483807244781779e+00
2.342493786664076705e+00
2.342499053429075939e+00
2.342509269486964030e+00
2.342515662774438123e+00
2.342522986562381337e+00
2.342526848535905870e+00
2.342530832169173127e+00
2.342537109241977777e+00
2.342543597469480154e+00
2.342551910415781258e+00
2.342559144147005501e+00
2.342561455744458065e+00
2.342566644586166813e+00
2.342572419402118467e+00
2.342577278270539409e+00
2.342585175582485135e+00
2.342587301382134335e+00
2.342595782813377880e+00
2.342601086555681000e+00
2.342609649887914092e+00
2.342617129914460250e+00
2.342622975397532059e+00
2.342625326470710423e+00
2.342634550715471775e+00
2.342641818821734390e+00
2.342646123725429241e+00
2.342652366649729423e+00
2.342656204565383149e+00
2.342663940029021674e+00
2.342665597552179957e+00
2.342671648905884751e+00
2.342680643719964095e+00
2.342684875458536098e+00
2.342689628739895724e+00
