1.250675441388414022e+00
1.250675467952921505e+00
1.250675360019515292e+00
1.250675255077314363e+00
1.250675177661539905e+00
1.250675137092960298e+00
1.250675132644545329e+00
1.250675159859284236e+00
1.250675195081164981e+00
1.250675442244307378e+00
1.250675481075386841e+00
1.250675519770076738e+00
1.250675589434827817e+00
1.250675914905198027e+00
1.250676242591031162e+00
1.250676139377949969e+00
1.250676090532543139e+00
1.250676238182986566e+00
1.250675980300212986e+00
1.250675737243208019e+00
1.250675929863221958e+00
1.250675296157728988e+00
1.250675220384956043e+00
1.250674990804359732e+00
1.250673801642523397e+00
1.250673868083367335e+00
1.250673880496207646e+00
1.250672538544766788e+00
1.250671743462135943e+00
1.250672203851045161e+00
1.250672757241638733e+00
1.250673387182308360e+00
1.250674086464297341e+00
1.250674852362954281e+00
1.250674879234271009e+00
1.250675327287504635e+00
1.250675932520693534e+00
1.250677053705928188e+00
1.250678401126978034e+00
1.250680000045136575e+00
1.250681810599947985e+00
1.250683748895647263e+00
1.250685700875985962e+00
1.250687541454582830e+00
1.250689339409690737e+00
1.250687913120793970e+00
1.250688117277281464e+00
1.250686755635456615e+00
1.250689139005252137e+00
1.250689459245732049e+00
1.250689126264289852e+00
1.250689532296012541e+00
1.250686298162946963e+00
1.250685526632278277e+00
1.250671848691182531e+00
1.250671128956853062e+00
1.250667613726836214e+00
1.250652230654736519e+00
1.250641040822964900e+00
1.250641455781849931e+00
1.250639522785304658e+00
1.250640002040360743e+00
1.250641490295328229e+00
1.250638578448731719e+00
1.250636820345640832e+00
1.250621593219144234e+00
1.250624592013265035e+00
1.250630375934559169e+00
1.250638803040469371e+00
1.250654360360805795e+00
1.250672696627278757e+00
1.250695660157131073e+00
1.250694765606270575e+00
1.250736291140920109e+00
1.250790168152133397e+00
1.250851784962208502e+00
1.250921477586257158e+00
1.250999465689891510e+00
1.251085675364780769e+00
1.251180346654368725e+00
1.251283978888471982e+00
1.251395876147568975e+00
1.251516080685850074e+00
1.251590612694468030e+00
1.251645817315305775e+00
1.251805918267234530e+00
1.251962605762275249e+00
1.252146938580318114e+00
1.252239551555175412e+00
1.252372414322765470e+00
1.252546839239116583e+00
1.252594132316125153e+00
1.252828990094385864e+00
1.253092315226828068e+00
1.253330433130122046e+00
1.253373770740469073e+00
1.253559138041067555e+00
1.253801150663713226e+00
1.254074207821086029e+00
1.254385770779896880e+00
1.254589404097503857e+00
1.254986086461358008e+00
1.255244790337955108e+00
1.255581829136837690e+00
1.255914739931196067e+00
1.256191812106175032e+00
1.256569909539344998e+00
1.256676618592155181e+00
1.256981771119523472e+00
1.257393957639798554e+00
1.257816285489021801e+00
1.258014484171346536e+00
1.258069602761377137e+00
1.258511561151329339e+00
1.258618962591835366e+00
1.259114888104351904e+00
1.259563326015106011e+00
1.259778341026965176e+00
1.260231112157052191e+00
1.260493549907512278e+00
1.260612860605430319e+00
1.261033698823309290e+00
1.261420482999052073e+00
1.261860289389086232e+00
1.262277454310550828e+00
1.262726096029019862e+00
1.263204046281215076e+00
1.263568995856110266e+00
1.263765520029661360e+00
1.264234250284513195e+00
1.264456470607940641e+00
1.264668255170119382e+00
1.265251732899545845e+00
1.265788799887318294e+00
1.266332173167352249e+00
1.266541428767221422e+00
1.266808608855363172e+00
1.267353168846518496e+00
1.267515962659691464e+00
1.267931864759911598e+00
1.268180191346857999e+00
1.268455681729482531e+00
1.268966565124661550e+00
1.269437453562351159e+00
1.269995792683606961e+00
1.270542984809230669e+00
1.270877927902823945e+00
1.271353040407774637e+00
1.271889927175470891e+00
1.272160964406736872e+00
1.272500841416694950e+00
1.273050205529313805e+00
1.273372044886584398e+00
1.273470151932788452e+00
1.274138073279936334e+00
1.274732759600566867e+00
1.274998438120264144e+00
1.275205018129906609e+00
1.275520049660534561e+00
1.275837909086441124e+00
1.276394527054949046e+00
1.276659277362043987e+00
1.276994983968063879e+00
1.277492693543795133e+00
1.278002756177280652e+00
1.278126598304875072e+00
1.278679781949555672e+00
1.278946654807097572e+00
1.279526917730595237e+00
1.279858040078808878e+00
1.280225760907225396e+00
1.280895644698281099e+00
1.281104281180683646e+00
1.281443261892332597e+00
1.282024285200933811e+00
1.282364591287802336e+00
1.282855735047701673e+00
1.283531363517590451e+00
1.283704365548482329e+00
1.284134855583105139e+00
1.284831161941960120e+00
1.285206471726528576e+00
1.285930385359434602e+00
1.286141859147357236e+00
1.286888081528756667e+00
1.287294031228692459e+00
1.287954093665772737e+00
1.288505786336324732e+00
1.289022328187935829e+00
1.289536922750760484e+00
1.289671728802167294e+00
1.290093484088064235e+00
1.290268016683747243e+00
1.291172122126423849e+00
1.291434374077987668e+00
1.291866860025732588e+00
1.292365920152604097e+00
1.292727739402294684e+00
1.293114772858959594e+00
1.293546036497980278e+00
1.294265327488160144e+00
1.294679949399400787e+00
1.295419417653887129e+00
1.295662769584802865e+00
1.296157279526501949e+00
1.296668005724302297e+00
1.297089803685135045e+00
1.297980523593801783e+00
1.298592840199805032e+00
1.298776457025585751e+00
1.299241792322588740e+00
1.299966704559032404e+00
1.300256298208494421e+00
1.300673904840099482e+00
1.301203331198198754e+00
1.301555663556397180e+00
1.301884031580264223e+00
1.302689362935080863e+00
1.303106178985185215e+00
1.303754462253010171e+00
1.304171183386308774e+00
1.304499077700508325e+00
1.304919387939831976e+00
1.305377164739098816e+00
1.305647344961570422e+00
1.306081142750376456e+00
1.306483826052555308e+00
1.307329169451141082e+00
1.307733590436021220e+00
1.308489676747838670e+00
1.308848493126879786e+00
1.309517962585994733e+00
1.310121823530950635e+00
1.310375478343950961e+00
1.310791839517478241e+00
1.311258767492290866e+00
1.311731550765370846e+00
1.312218848752422895e+00
1.312740895546501196e+00
1.313188935853497163e+00
1.313685541060495288e+00
1.314394268292645718e+00
1.314842705399283274e+00
1.315327178860770996e+00
1.315692750467328587e+00
1.316244928368849987e+00
1.316685710563769485e+00
1.317471499663330547e+00
1.317870510304692599e+00
1.318168001514632426e+00
1.318817494066515383e+00
1.319362878661896499e+00
1.319765996270275910e+00
1.320175240477302392e+00
1.320879833073493659e+00
1.321308824538174997e+00
1.321787795296329726e+00
1.322314531105942104e+00
1.322723591161505174e+00
1.323263926704043580e+00
1.323955296501800216e+00
1.324221653726102677e+00
1.324787872619942020e+00
1.325576573447653228e+00
1.326308612104232898e+00
1.326581256231384565e+00
1.327100983389654543e+00
1.327455161108973769e+00
1.328019396414658049e+00
1.328512854931521048e+00
1.328991101097233063e+00
1.329762598851889743e+00
1.330257220022170728e+00
1.330697013328201228e+00
1.331072496019754636e+00
1.331329970359368842e+00
1.331819406263736960e+00
1.332129569977244854e+00
1.332675287900683125e+00
1.333196755819528345e+00
1.333734562798774448e+00
1.334368750585302354e+00
1.335129562294013583e+00
1.335552757943988533e+00
1.336144261208033202e+00
1.336978517728080407e+00
1.337738951583318014e+00
1.338567305895144832e+00
1.339036630948997830e+00
1.339890024978729333e+00
1.340176207881963677e+00
1.340556931281011943e+00
1.341370971745337926e+00
1.341863184725452074e+00
1.342346171328802518e+00
1.343169290922874959e+00
1.343620302155904556e+00
1.344120656861164553e+00
1.344660473788846788e+00
1.345393557554352748e+00
1.345824510046104150e+00
1.346135350975882883e+00
1.346664500516578711e+00
1.347366608071694616e+00
1.347772576319856919e+00
1.348285350463303667e+00
1.348587051994798447e+00
1.349639509888953981e+00
1.350222661821229186e+00
1.350788239570501537e+00
1.351762694069262416e+00
1.352248579794480987e+00
1.352771450885808191e+00
1.353274074486091383e+00
1.353808283894942344e+00
1.354803814620613167e+00
1.355275551306582615e+00
1.355804534226325186e+00
1.356339426507432444e+00
1.356860104500625663e+00
1.357533961337167971e+00
1.358259449106075101e+00
1.358874871915106919e+00
1.359592794130356053e+00
1.360659372119506383e+00
1.361160716092993717e+00
1.361787847694895248e+00
1.362270567095267504e+00
1.362914926534218196e+00
1.363433948975550480e+00
1.363944021402308193e+00
1.364451302015911027e+00
1.365342356969364568e+00
1.365686629403150443e+00
1.366300706987146008e+00
1.367111649577880783e+00
1.367558567655517532e+00
1.368297270765128637e+00
1.368832887827083233e+00
1.369707022864594448e+00
1.370131897030122614e+00
1.370483913185332359e+00
1.371028717303693467e+00
1.371377466014245483e+00
1.372321983794487998e+00
1.372670759183560296e+00
1.373213498324130644e+00
1.373658203083232721e+00
1.374213217261362363e+00
1.375163812781901029e+00
1.375671739543785188e+00
1.376296369658119856e+00
1.376654210036399206e+00
1.377510033487739038e+00
1.378000222938366104e+00
1.378412351016970572e+00
1.378734108507398526e+00
1.379139936982850756e+00
1.379692503782619539e+00
1.380322014433138733e+00
1.380737919839828631e+00
1.381420963803031254e+00
1.381970862672319722e+00
1.382265877309928115e+00
1.382800623892916914e+00
1.383234752916490118e+00
1.384407787789401212e+00
1.385084229364903052e+00
1.385664705572511757e+00
1.386155264271505816e+00
1.386925282347932553e+00
1.387378315299951259e+00
1.387993473018578561e+00
1.388440871720829861e+00
1.389027907146929808e+00
1.389835570873146908e+00
1.390338885102620381e+00
1.390669474179544229e+00
1.391280430198166940e+00
1.392042295246053385e+00
1.392517116316430270e+00
1.392907536762750143e+00
1.393441447282662615e+00
1.393941027740177141e+00
1.394464991536436660e+00
1.394918486009340208e+00
1.395854109244560881e+00
1.396264818822498643e+00
1.396894984367197168e+00
1.397569029531309903e+00
1.398009045309569931e+00
1.398679327702881725e+00
1.399087169740526271e+00
1.399422170263463494e+00
1.399924711577081871e+00
1.400377738911822822e+00
1.400888767628788889e+00
1.401431299023403021e+00
1.402222074931533946e+00
1.402912440688514062e+00
1.403608439683154741e+00
1.404044170497184219e+00
1.404353152348012612e+00
1.404892958358963995e+00
1.405516764396491425e+00
1.406033901916817985e+00
1.406489895100680787e+00
1.407450561187585603e+00
1.407938483044158140e+00
1.408342279451727963e+00
1.408995931649797084e+00
1.409422599134080745e+00
1.409970243525417777e+00
1.410850443071047788e+00
1.411310182534674773e+00
1.411766877091852113e+00
1.412580813514767941e+00
1.412945174511982760e+00
1.413519697958299792e+00
1.414065697118997988e+00
1.414559752226969946e+00
1.415211930633146098e+00
1.415722410007625109e+00
1.416238040642757046e+00
1.416690619054380873e+00
1.417188589173537183e+00
1.417820973524106298e+00
1.418262570411135348e+00
1.418991844595037799e+00
1.419662206432122709e+00
1.420732198196235974e+00
1.421299168201342944e+00
1.421830912547015213e+00
1.422374043196040772e+00
1.422924658734894265e+00
1.423354830983783570e+00
1.423683211428036000e+00
1.424477441588158699e+00
1.424990066114053544e+00
1.425517062414565217e+00
1.426367548207690295e+00
1.427055995991579840e+00
1.427409834067521199e+00
1.427964547385990324e+00
1.428432148944786872e+00
1.428975428751177335e+00
1.429702307594203470e+00
1.430265081005898109e+00
1.431100436810168963e+00
1.431849134052429307e+00
1.432254436405257847e+00
1.432991480052377753e+00
1.433472344674127097e+00
1.433833050497191453e+00
1.434225129028404933e+00
1.434717183485451519e+00
1.435541505542019758e+00
1.435990171147385697e+00
1.436643309385059464e+00
1.437228852765839893e+00
1.438059427053679507e+00
1.438546504700194850e+00
1.439302481356614205e+00
1.439731592902401269e+00
1.440142113635325183e+00
1.440868156805005240e+00
1.441530692277907866e+00
1.442234288169679246e+00
1.443083222630259899e+00
1.443655487659412540e+00
1.444246937886825677e+00
1.444636779478599697e+00
1.445313734099706204e+00
1.445932327946864993e+00
1.446585651592199762e+00
1.447197118156238194e+00
1.447751377205577672e+00
1.448309015101764130e+00
1.448980321607638455e+00
1.449535761802921430e+00
1.450049956842394128e+00
1.450631641457483800e+00
1.451470246441622480e+00
1.451808999661548860e+00
1.452361457347235651e+00
1.452866201607095009e+00
1.453553019400033675e+00
1.454191077067479965e+00
1.454805166034352171e+00
1.455236613111205779e+00
1.456426984144813419e+00
1.457422994500139568e+00
1.458240380853438989e+00
1.458714206211158659e+00
1.459304728938970674e+00
1.460139811962764878e+00
1.460755458304771492e+00
1.461689712187473233e+00
1.462257394316756720e+00
1.462825118879045094e+00
1.463282412161878598e+00
1.464006006188590003e+00
1.464615170372280506e+00
1.465358609435854387e+00
1.466236937113994721e+00
1.466666262097139573e+00
1.467330271918413143e+00
1.468019008283631965e+00
1.468986003321265166e+00
1.469474258053380389e+00
1.469957463563422495e+00
1.470569974481333642e+00
1.471142253029715352e+00
1.471796647110360512e+00
1.472136597472929909e+00
1.472791783367393803e+00
1.473226865983306766e+00
1.473856498289840111e+00
1.474178822454532689e+00
1.474647568505899287e+00
1.475011786457232521e+00
1.475325000682548682e+00
1.475831892087150710e+00
1.476148957392580119e+00
1.476501239298217971e+00
1.477036064280472516e+00
1.477385724934485500e+00
1.477905733091940066e+00
1.478527959807017567e+00
1.478776786808230437e+00
1.479155802785196538e+00
1.479504207733581378e+00
1.479752050890090986e+00
1.480124975189149872e+00
1.480556852087080433e+00
1.480841534779012036e+00
1.481283395441139739e+00
1.481946311109473724e+00
1.482341617673266221e+00
1.482772974007886324e+00
1.483073900909381182e+00
1.483313480819071328e+00
1.483624465359124400e+00
1.483968048880368151e+00
1.484279426777717736e+00
1.484642420027449949e+00
1.485115391852994904e+00
1.485297721953341199e+00
1.485520384519614545e+00
1.485833224284523135e+00
1.486038533993877531e+00
1.486330182565771096e+00
1.486683600485480428e+00
1.486841035306314174e+00
1.487060023129936903e+00
1.487342827116788335e+00
1.487723277988270087e+00
1.487893800969451341e+00
1.488143498013364763e+00
1.488471360134749899e+00
1.488673799669411490e+00
1.488931058642711802e+00
1.489101103105559876e+00
1.489280749759083644e+00
1.489558645782245838e+00
1.489802291189179728e+00
1.489967847592655437e+00
1.490148564700528588e+00
1.490421734573051049e+00
1.490738260727128672e+00
1.490943289548570361e+00
1.491137446637182951e+00
1.491330865198723599e+00
1.491572590183491975e+00
1.491756861081171337e+00
1.491939286486934302e+00
1.492071888044137262e+00
1.492328884224580987e+00
1.492527410068633653e+00
1.492851286198263683e+00
1.493002164699150258e+00
1.493225467242383919e+00
1.493413257397893101e+00
1.493545312924793533e+00
1.493878631003201951e+00
1.494107096640385102e+00
1.494235012537804552e+00
1.494342610792387838e+00
1.494598630080959056e+00
1.494711340619716111e+00
1.494962199782344792e+00
1.495097554678411989e+00
1.495225299387959339e+00
1.495407466621939463e+00
1.495621097327802795e+00
1.495732512094198885e+00
1.495837864023626063e+00
1.496104240220202719e+00
1.496221467330067334e+00
1.496315557541107122e+00
1.496433670786116998e+00
1.496583625191852729e+00
1.496785734805983203e+00
1.496873158699032702e+00
1.496969267400312997e+00
1.497083254898501359e+00
1.497278496810245496e+00
1.497420641535833985e+00
1.497659677792494426e+00
1.497802824682151757e+00
1.497898353225498580e+00
1.498042992030561793e+00
1.498228299260846663e+00
1.498381007355053862e+00
1.498470198471970605e+00
1.498605234570479672e+00
1.498707614750465433e+00
1.498870230876094167e+00
1.498984611067844641e+00
1.499060117853278973e+00
1.499305503035145204e+00
1.499400214865640457e+00
1.499540190737077561e+00
1.499666830272790241e+00
1.499792457173499294e+00
1.499925750452425266e+00
1.500061142758122745e+00
1.500272941275447192e+00
1.500364354381761967e+00
1.500568798447279528e+00
1.500657270221073425e+00
1.500777618363031918e+00
1.500837065214003063e+00
1.500918214291409924e+00
1.501013375201053934e+00
1.501146988822984252e+00
1.501242571637388057e+00
1.501413611224118538e+00
1.501542100836952498e+00
1.501652979568180557e+00
1.501779317079247722e+00
1.501868106723338814e+00
1.501931873191696853e+00
1.501998076833879869e+00
1.502133520728822669e+00
1.502302824925633828e+00
1.502406967858730180e+00
1.502477255113219279e+00
1.502607341895769499e+00
1.502728548409841602e+00
1.502848108017869055e+00
1.502966588228037637e+00
1.503158875900960423e+00
1.503295620661042831e+00
1.503391208151398706e+00
1.503559836485564460e+00
1.503695947826287238e+00
1.503759742854373638e+00
1.503846660881351216e+00
1.503972439371382253e+00
1.504054801400352526e+00
1.504218873629322939e+00
1.504300316454656006e+00
1.504372226455783945e+00
1.504512839870400631e+00
1.504554296435190341e+00
1.504667845192551034e+00
1.504788419490218798e+00
1.504907560540788447e+00
1.505060937664752796e+00
1.505131614727834855e+00
1.505231851316924052e+00
1.505322924663889506e+00
1.505357527245952065e+00
1.505528903460809254e+00
1.505555669437623090e+00
1.505748489301721005e+00
1.505841804584664878e+00
1.505916925893802105e+00
1.506085274403411445e+00
1.506168762668164129e+00
1.506258231973420347e+00
1.506391503522021447e+00
1.506506672536271463e+00
1.506570877155232635e+00
1.506631922941595647e+00
1.506734324197546160e+00
1.506838684798427641e+00
1.507002635694713932e+00
1.507089982986532517e+00
1.507252546942724258e+00
1.507309319808688874e+00
1.507401752787245197e+00
1.507472149117647930e+00
1.507555191256715554e+00
1.507701968591329766e+00
1.507768147488355304e+00
1.507845946161838313e+00
1.507956676667255858e+00
1.508070302251214967e+00
1.508129489019802261e+00
1.508209728694003715e+00
1.508301460690650408e+00
1.508374234931331603e+00
1.508457044063617136e+00
1.508546248377466537e+00
1.508609506702938363e+00
1.508658918944779881e+00
1.508795381061712293e+00
1.508848200743905688e+00
1.508885538760606160e+00
1.508971335370967282e+00
1.509048281716008244e+00
1.509142196603273200e+00
1.509241284562768737e+00
1.509396442371788494e+00
1.509380329701720536e+00
1.509460144958281624e+00
1.509587010269919372e+00
1.509667647129172119e+00
1.509777843930052876e+00
1.509863736126594080e+00
1.509939474472579146e+00
1.510014151668626070e+00
1.510103656445863862e+00
1.510173352414394321e+00
1.510236059295211541e+00
1.510327385350915153e+00
1.510412251610121936e+00
1.510458210027058046e+00
1.510527679210730279e+00
1.510563025109875168e+00
1.510640262457559224e+00
1.510773172547217325e+00
1.510833152783683575e+00
1.510918522243874573e+00
1.511034564945419323e+00
1.511100832631081303e+00
1.511174647862940423e+00
1.511223631758815911e+00
1.511304285618724208e+00
1.511375879546481782e+00
1.511444525108655679e+00
1.511539722332752911e+00
1.511604918661133778e+00
1.511675895695169025e+00
1.511742127918852985e+00
1.511857063054738548e+00
1.511937742198509183e+00
1.512024985137671695e+00
1.512115154558450580e+00
1.512231996300486880e+00
1.512296258321493836e+00
1.512391085694404058e+00
1.512442554075402956e+00
1.512519803257612150e+00
1.512559611068311272e+00
1.512636612090185739e+00
1.512702583772224552e+00
1.512784511267323717e+00
1.512870678776959243e+00
1.512951571679573837e+00
1.513028485328856476e+00
1.513133963678530591e+00
1.513196226313242576e+00
1.513306776680708232e+00
1.513397838030136944e+00
1.513466736193286089e+00
1.513523653596084539e+00
1.513575203397428792e+00
1.513628695772303967e+00
1.513702670755451507e+00
1.513749574693366462e+00
1.513828484587280920e+00
1.513874411904769346e+00
1.513978892054901992e+00
1.514024999903504698e+00
1.514090845590703616e+00
1.514131413341974763e+00
1.514245463038032646e+00
1.514310310724475972e+00
1.514363602942286890e+00
1.514436150085783916e+00
1.514541946008713280e+00
1.514602237136212448e+00
1.514648083199496398e+00
1.514718590162789091e+00
1.514778272469050391e+00
1.514865069096449357e+00
1.514926041021702918e+00
1.514987174679636395e+00
1.515045356669879828e+00
1.515052216855778067e+00
1.515116749856750378e+00
1.515198607765642969e+00
1.515241343848402478e+00
1.515305404135745881e+00
1.515381561898115459e+00
1.515429736062966271e+00
1.515492868375479363e+00
1.515566953643989079e+00
1.515616658933861549e+00
1.515672992616050152e+00
1.515703655235120628e+00
1.515753106167469610e+00
1.515816100682711554e+00
1.515868482609211476e+00
1.515956371778786060e+00
1.515989317135577163e+00
1.516040588042612658e+00
1.516105363344574908e+00
1.516161885328810577e+00
1.516204117978318555e+00
1.516260955545369438e+00
1.516341840678135711e+00
1.516392498665629418e+00
1.516437613072874280e+00
1.516494011635860506e+00
1.516593218902293927e+00
1.516657267284133193e+00
1.516718904962959469e+00
1.516773152097109501e+00
1.516818193849400087e+00
1.516912761763086870e+00
1.516973538381936493e+00
1.517016901146881924e+00
1.517077128516626461e+00
1.517094442461607073e+00
1.517172431527783694e+00
1.517202928420181340e+00
1.517251204536102405e+00
1.517323908800424226e+00
1.517402904672919828e+00
1.517428117408508914e+00
1.517454707496499910e+00
1.517512853749143575e+00
1.517595925529811041e+00
1.517669760828702419e+00
1.517707578499137178e+00
1.517749809554768792e+00
1.517824754897946660e+00
1.517863037688475192e+00
1.517905658147194803e+00
1.517975690650974485e+00
1.518039803939600141e+00
1.518062222321483468e+00
1.518112075922376292e+00
1.518168305881042457e+00
1.518254362074169528e+00
1.518315282165058955e+00
1.518366414626308059e+00
1.518410145479615281e+00
1.518449977456503008e+00
1.518511668230878797e+00
1.518601635244124726e+00
1.518653412840047068e+00
1.518744427202271652e+00
1.518781800882303745e+00
1.518839120216232796e+00
1.518903568890298539e+00
1.518952240285014854e+00
1.519036931194947426e+00
1.519110662015528135e+00
1.519158583515287653e+00
1.519207189264530244e+00
1.519254142934724605e+00
1.519297059241304870e+00
1.519353267955092068e+00
1.519396494503246098e+00
1.519445758090526288e+00
1.519502310507965914e+00
1.519584038523363212e+00
1.519614789587432568e+00
1.519685653986383223e+00
1.519712407113019914e+00
1.519753671582905419e+00
1.519803727086245893e+00
1.519879422472928843e+00
1.519892847420929893e+00
1.519937370734534721e+00
1.519962695522727447e+00
1.520006186800265890e+00
1.520085465788598933e+00
1.520128280440904422e+00
1.520208352562903320e+00
1.520250644207089330e+00
1.520303585087133591e+00
1.520350839543657795e+00
1.520430524599688971e+00
1.520460005031160966e+00
1.520488114871384022e+00
1.520532623568469299e+00
1.520578052946513381e+00
1.520598866675475946e+00
1.520684016064264510e+00
1.520746326402160564e+00
1.520787222526481575e+00
1.520864129425296474e+00
1.520893966701468925e+00
1.520959502032377175e+00
1.521016913077874566e+00
1.521036062062974148e+00
1.521091582596122427e+00
1.521134578166653872e+00
1.521188367279643350e+00
1.521233279718429365e+00
1.521296856857368152e+00
1.521363441793766036e+00
1.521383902532641219e+00
1.521431086364608554e+00
1.521456265826273135e+00
1.521475850613366765e+00
1.521523449247311754e+00
1.521563959120359799e+00
1.521613080449256916e+00
1.521664204823483413e+00
1.521709348073883694e+00
1.521776169618056285e+00
1.521798090942906301e+00
1.521835251051685045e+00
1.521906169811514165e+00
1.521938288923606164e+00
1.521977693224664696e+00
1.522013799226908271e+00
1.522075603816532841e+00
1.522124856624955669e+00
1.522183433437041877e+00
1.522208060470439550e+00
1.522256357525005210e+00
1.522300794987642369e+00
1.522329616099703298e+00
1.522410039118464509e+00
1.522447419314393979e+00
1.522497352393859638e+00
1.522525066013369344e+00
1.522584881404515311e+00
1.522633373017191261e+00
1.522673630855956306e+00
1.522707847782298174e+00
1.522752359424093038e+00
1.522765741314448640e+00
1.522831856350603363e+00
1.522855914354399820e+00
1.522880413554332790e+00
1.522925573150447409e+00
1.522973234783311147e+00
1.523011612985580410e+00
1.523040240518753308e+00
1.523082119064929962e+00
1.523119645486993523e+00
1.523161792221804811e+00
1.523208936514589107e+00
1.523232201783689899e+00
1.523285119530023657e+00
1.523341602378776027e+00
1.523373008878147861e+00
1.523418460452008683e+00
1.523478403703137918e+00
1.523511536880401751e+00
1.523553064065250373e+00
1.523632669736180834e+00
1.523674048451157281e+00
1.523704507251136597e+00
1.523739539872110305e+00
1.523764178855822715e+00
1.523811299365124938e+00
1.523870087202120027e+00
1.523905223223769534e+00
1.523956869149797333e+00
1.524004119858509476e+00
1.524029888820754186e+00
1.524082601869856113e+00
1.524144459210050151e+00
1.524171594096442872e+00
1.524244724694919118e+00
1.524283667344675797e+00
1.524304701909298787e+00
1.524374746969446859e+00
1.524416675495973150e+00
1.524482872991526516e+00
1.524512829431881267e+00
1.524556048104247497e+00
1.524592930628586362e+00
1.524649581522067088e+00
1.524675831101148571e+00
1.524742640205563493e+00
1.524797261210685484e+00
1.524821784924886403e+00
1.524844658995655688e+00
1.524902111883143174e+00
1.524952763103681219e+00
1.525004344209612395e+00
1.525041211874617497e+00
1.525072442760433189e+00
1.525117881371464090e+00
1.525139265165896596e+00
1.525171262723839183e+00
1.525208102345968042e+00
1.525230114833958650e+00
1.525275349345442955e+00
1.525320967383603010e+00
1.525331933059506095e+00
1.525350334397010954e+00
1.525390347329094398e+00
1.525427186466818519e+00
1.525497526743470500e+00
1.525547161906686711e+00
1.525572720459458687e+00
1.525600057937564147e+00
1.525645133561293276e+00
1.525696731969523823e+00
1.525716892574072725e+00
1.525742294579136571e+00
1.525782969006045819e+00
1.525832650148161163e+00
1.525849986571334194e+00
1.525884236372859748e+00
1.525930541133804885e+00
1.525956421466299284e+00
1.525991611310407947e+00
1.526045937990063495e+00
1.526091358017251043e+00
1.526105493932569113e+00
1.526127694851465488e+00
1.526162821721418261e+00
1.526193076359811718e+00
1.526248310469958902e+00
1.526254330239937840e+00
1.526287823647217046e+00
1.526319587469366246e+00
1.526383347689537207e+00
1.526410032527133920e+00
1.526440217289520618e+00
1.526472025006945676e+00
1.526518373019481789e+00
1.526542626762196209e+00
1.526583167170130650e+00
1.526631089461166102e+00
1.526671753980000767e+00
1.526699185569453165e+00
1.526731500651200113e+00
1.526759555644682465e+00
1.526804467975242829e+00
1.526824115959439565e+00
1.526879120605416196e+00
1.526895305728299457e+00
1.526921976231209177e+00
1.526956836037180576e+00
1.526971135937660318e+00
1.527003122055848650e+00
1.527036646843303647e+00
1.527067475993096224e+00
1.527089252138406739e+00
1.527135441507616376e+00
1.527170348784319787e+00
1.527211646219024832e+00
1.527239879156219393e+00
1.527262075116096129e+00
1.527304177659488671e+00
1.527333484721947521e+00
1.527348024344191257e+00
1.527373129294510745e+00
1.527415259348029908e+00
1.527448583795917747e+00
1.527481507087795620e+00
1.527495647689333769e+00
1.527541969504387920e+00
1.527597806543866676e+00
1.527621738669307616e+00
1.527631669564634143e+00
1.527668030902745055e+00
1.527696459921201289e+00
1.527718854817879279e+00
1.527743689542186090e+00
1.527790168150748418e+00
1.527807357148422973e+00
1.527863037730074147e+00
1.527893627030087131e+00
1.527921954897349721e+00
1.527958143775181021e+00
1.527980892379823707e+00
1.528009289593573516e+00
1.528047427327260399e+00
1.528073062178865182e+00
1.528098895530409784e+00
1.528124189577128256e+00
1.528154175790157110e+00
1.528178955816066109e+00
1.528224984384784380e+00
1.528246953602167224e+00
1.528274706306424369e+00
1.528306072253236669e+00
1.528342379987016608e+00
1.528386546754320285e+00
1.528415189597555290e+00
1.528445620355360024e+00
1.528487788486566190e+00
1.528518153664134349e+00
1.528542230833112914e+00
1.528581946454210971e+00
1.528614461741104380e+00
1.528651570970351425e+00
1.528678743959589914e+00
1.528712723077773949e+00
1.528735474154557572e+00
1.528763834652779652e+00
1.528787021306675431e+00
1.528806934670004392e+00
1.528859032046443911e+00
1.528882749721225842e+00
1.528935686436996289e+00
1.528967831269394173e+00
1.529012820933950634e+00
1.529030634833573821e+00
1.529060386043733288e+00
1.529102834552301893e+00
1.529117082031529185e+00
1.529148183439939856e+00
1.529187255641231813e+00
1.529210586887471912e+00
1.529227962130804919e+00
1.529263860352900517e+00
1.529279424475381788e+00
1.529296351010437593e+00
1.529331240290087157e+00
1.529365944608057193e+00
1.529415032583147926e+00
1.529429585430709171e+00
1.529474945931431629e+00
1.529499115119516306e+00
1.529518596521035834e+00
1.529561389657361214e+00
1.529583981038897367e+00
1.529606459116213513e+00
1.529645535475522733e+00
1.529671745008623684e+00
1.529689527587132503e+00
1.529735907187231847e+00
1.529756279163033250e+00
1.529803320112367970e+00
1.529839244520017516e+00
1.529860697785562884e+00
1.529882520950227587e+00
1.529921041761197031e+00
1.529938884300400925e+00
1.529964002163860970e+00
1.529997625787731019e+00
1.530028784013796050e+00
1.530053839563840556e+00
1.530087279438600012e+00
1.530114526544845699e+00
1.530157467745727251e+00
1.530190171245041197e+00
1.530206874093475999e+00
1.530246452098519727e+00
1.530264978720013103e+00
1.530298066629910858e+00
1.530324706324966311e+00
1.530359982405193220e+00
1.530385540446650205e+00
1.530408464927713652e+00
1.530423993325545906e+00
1.530457945318767221e+00
1.530508749332283314e+00
1.530541085919116640e+00
1.530553861025182094e+00
1.530579112953256660e+00
1.530623036143863080e+00
1.530628739147118944e+00
1.530663440558061250e+00
1.530699114337202849e+00
1.530715818108733028e+00
1.530762651370624061e+00
1.530794205668054353e+00
1.530815217959462515e+00
1.530838531431974125e+00
1.530862285522214261e+00
1.530899224136615722e+00
1.530917216846768847e+00
1.530949308681333276e+00
1.530981165735530336e+00
1.530998723584987786e+00
1.531016420296799740e+00
1.531059549906601314e+00
1.531079382492173568e+00
1.531116162917439461e+00
1.531143410007805628e+00
1.531167569552750463e+00
1.531191457912167264e+00
1.531217099333185727e+00
1.531236287217498937e+00
1.531253143659481841e+00
1.531288714589547073e+00
1.531326876659639291e+00
1.531347376518318981e+00
1.531387441337370037e+00
1.531413211410599162e+00
1.531431327209822557e+00
1.531467701523338887e+00
1.531493423726137948e+00
1.531510231473905526e+00
1.531523360704207581e+00
1.531545183047539727e+00
1.531558947564657602e+00
1.531596618338515459e+00
1.531636557391676590e+00
1.531662183113835729e+00
1.531682780339465477e+00
1.531698275489131511e+00
1.531733842977089255e+00
1.531755103737921120e+00
1.531779217278656180e+00
1.531803900453663880e+00
1.531827907054775118e+00
1.531856319598497773e+00
1.531892799783908465e+00
1.531907545223385902e+00
1.531936604757539344e+00
1.531958358134401621e+00
1.531978231252132172e+00
1.532006857437718583e+00
1.532032236958273064e+00
1.532056810257134360e+00
1.532079338885581787e+00
1.532105226608409643e+00
1.532142547579455449e+00
1.532167386657289354e+00
1.532191864135262094e+00
1.532224813273313835e+00
1.532240872970004997e+00
1.532256546355703186e+00
1.532277894940806684e+00
1.532309930998149605e+00
1.532334320757564594e+00
1.532353241450997494e+00
1.532371933882964887e+00
1.532396659200894407e+00
1.532427405979077228e+00
1.532447179660165748e+00
1.532490904482930238e+00
1.532518541279883850e+00
1.532553384528747120e+00
1.532576715761084563e+00
1.532599373122948805e+00
1.532638051412522850e+00
1.532652608342898182e+00
1.532666805769182794e+00
1.532697110448530298e+00
1.532718147564619215e+00
1.532743869342221066e+00
1.532778093925450058e+00
1.532815717624514518e+00
1.532840485531125063e+00
1.532850828227758422e+00
1.532884057596077820e+00
1.532902647143125963e+00
1.532933666536652639e+00
1.532955590731052586e+00
1.532976422584337417e+00
1.532999129235283586e+00
1.533024272956712508e+00
1.533043517583060122e+00
1.533074040379415415e+00
1.533089444561120729e+00
1.533112488573226351e+00
1.533148792781050984e+00
1.533161875307744726e+00
1.533178508385267369e+00
1.533212900114158117e+00
1.533231719120751624e+00
1.533257751350554754e+00
1.533278968367608464e+00
1.533317155614841276e+00
1.533355673039402012e+00
1.533377438656446490e+00
1.533409521113308083e+00
1.533425156313809934e+00
1.533442478593433078e+00
1.533461653586975615e+00
1.533486810194051309e+00
1.533500139523436667e+00
1.533505207488744082e+00
1.533523933662002570e+00
1.533552268403684193e+00
1.533567382482723396e+00
1.533580075454975544e+00
1.533608087590834446e+00
1.533631572686141142e+00
1.533667940453386169e+00
1.533686523447693961e+00
1.533708414271560017e+00
1.533734298159057596e+00
1.533754072643075839e+00
1.533767116697041244e+00
1.533798860772786377e+00
1.533814632914152210e+00
1.533847852057542260e+00
1.533864028509209776e+00
1.533880459003486907e+00
1.533914329109975716e+00
1.533935711106424682e+00
1.533947143958392934e+00
1.533961410175364914e+00
1.533974288666058339e+00
1.534003795717443719e+00
1.534029970762929906e+00
1.534063140231223032e+00
1.534067255638556393e+00
1.534083410184391205e+00
1.534117979435746015e+00
1.534136183424171129e+00
1.534178297272846381e+00
1.534199556623359495e+00
1.534206598642655406e+00
1.534219455092961093e+00
1.534235667845686546e+00
1.534247265660896531e+00
1.534271755668182635e+00
1.534286453113619553e+00
1.534301852862987481e+00
1.534326942290207052e+00
1.534342070566306004e+00
1.534360648563056539e+00
1.534380819639992399e+00
1.534396244757982197e+00
1.534414416368221845e+00
1.534432536082478205e+00
1.534456524417014966e+00
1.534474216798036972e+00
1.534493904053308322e+00
1.534494570423882376e+00
1.534517452070765398e+00
1.534530370340887240e+00
1.534548308872937694e+00
1.534577141036058023e+00
1.534605463431198080e+00
1.534627949654616463e+00
1.534654455429370401e+00
1.534657833847199671e+00
1.534683302304161279e+00
1.534704879093665708e+00
1.534707503994988009e+00
1.534721635086827352e+00
1.534743896634366722e+00
1.534763282258241546e+00
1.534768177084018914e+00
1.534798084385075256e+00
1.534807626609736575e+00
1.534813001866203397e+00
1.534831422113148491e+00
1.534844830504094038e+00
1.534863535435196269e+00
1.534873222348241306e+00
1.534888836552502189e+00
1.534897818493950128e+00
1.534913639340435010e+00
1.534938177859871633e+00
1.534958835677303179e+00
1.534967139200756003e+00
1.534973034838554629e+00
1.534983572913681815e+00
1.534991773749631472e+00
1.535012796477690733e+00
1.535008386561403926e+00
1.535022795684405361e+00
1.535024240268199280e+00
1.535033630979698582e+00
1.535030996495382105e+00
1.535036413855196180e+00
1.535042081747997722e+00
1.535052566825922726e+00
1.535072414470952662e+00
1.535076689362900648e+00
1.535086514975519068e+00
1.535096766879731067e+00
1.535104582594339684e+00
1.535111136518956920e+00
1.535122214161326326e+00
1.535129416877428543e+00
1.535132393531637218e+00
1.535148488288680557e+00
1.535164737912325883e+00
1.535174068352393562e+00
1.535179126933675198e+00
1.535179959286190332e+00
1.535195034493218813e+00
1.535192528649974797e+00
1.535200702450915555e+00
1.535208513891718862e+00
1.535231930571085313e+00
1.535242500091177575e+00
1.535240254813361238e+00
1.535262280960794090e+00
1.535285373474032600e+00
1.535299713426230284e+00
1.535311286547071052e+00
1.535312773808152675e+00
1.535307245520936670e+00
1.535297201369586695e+00
1.535319144421081639e+00
1.535317210564582480e+00
1.535314318873245876e+00
1.535312350201210263e+00
1.535320734941421295e+00
1.535340164394931151e+00
1.535343909415892494e+00
1.535363369997074567e+00
1.535360880501135394e+00
1.535362518702234613e+00
1.535362319817224597e+00
1.535369554883646348e+00
1.535376930841670928e+00
1.535400621140000199e+00
1.535407743830237370e+00
1.535409469671538574e+00
1.535418432201629546e+00
1.535421620120716257e+00
1.535414395896169459e+00
1.535418702562878712e+00
1.535433769381462588e+00
1.535427699664731360e+00
1.535444369192659586e+00
1.535441511672157811e+00
1.535447054272406575e+00
1.535450573557464615e+00
1.535437742602138389e+00
1.535438878173983834e+00
1.535437191301965099e+00
1.535448306026101717e+00
1.535449887451783457e+00
1.535461217101634412e+00
1.535461370633071976e+00
1.535462763125571950e+00
1.535461421462281484e+00
1.535466157936874909e+00
1.535464359003970936e+00
1.535465398793618874e+00
1.535465193175524545e+00
1.535467328422384092e+00
1.535478967092148039e+00
1.535482925390344811e+00
1.535483717549595228e+00
1.535474415938747006e+00
1.535472587720641879e+00
1.535476035387722593e+00
1.535489634504151990e+00
1.535498903931725501e+00
1.535489525992791204e+00
1.535488440932699428e+00
1.535485800179597016e+00
1.535487477598005635e+00
1.535494882070724598e+00
1.535498797477766075e+00
1.535494176176552150e+00
1.535488583576546606e+00
1.535492412599177570e+00
1.535520742635046121e+00
1.535529290148895054e+00
1.535541261723297746e+00
1.535550476147012011e+00
1.535555319494348758e+00
1.535559831221108951e+00
1.535581005581511560e+00
1.535579048298751248e+00
1.535574584271025111e+00
1.535584933636751748e+00
1.535585219358761355e+00
1.535583602519850155e+00
1.535562102571903287e+00
1.535564112242209012e+00
1.535565737302689193e+00
1.535548874512275397e+00
1.535554379405977610e+00
1.535545380367811630e+00
1.535555961583325191e+00
1.535565855595862894e+00
1.535549808820410256e+00
1.535553044728781513e+00
1.535546848369381934e+00
1.535546714991371298e+00
1.535535463791082744e+00
1.535538952299678295e+00
1.535537443546167058e+00
1.535525753837307938e+00
1.535518260205443131e+00
1.535507675328964705e+00
1.535495458039352057e+00
1.535504626306628095e+00
1.535497143463518510e+00
1.535481865531562073e+00
1.535483088692703779e+00
1.535477404345385821e+00
1.535481475209437674e+00
1.535484927897235563e+00
1.535477913242294656e+00
1.535480809589157447e+00
1.535474899308632679e+00
1.535473933948987568e+00
1.535470166338155362e+00
1.535472561157105176e+00
1.535465134817354915e+00
1.535468853818763968e+00
1.535457073706034015e+00
1.535452382852541042e+00
1.535443162653385318e+00
1.535433305531873405e+00
1.535429007541827762e+00
1.535417987421002994e+00
1.535420689962263330e+00
1.535419971920904736e+00
1.535417266863849495e+00
1.535408193793351694e+00
1.535399101577469949e+00
1.535395204306774453e+00
1.535388945028195007e+00
1.535381370169969895e+00
1.535367604329068492e+00
1.535357919692601714e+00
1.535362888036702289e+00
1.535363389273932011e+00
1.535377069098417646e+00
1.535373503642021742e+00
1.535358864206314955e+00
1.535354260289187645e+00
1.535341896544717866e+00
1.535331276141308710e+00
1.535317238157889674e+00
1.535318905646421817e+00
1.535305076507681665e+00
1.535295062576613523e+00
1.535292605742852423e+00
1.535303444106942417e+00
1.535291924382062634e+00
1.535293775913197489e+00
1.535280562821645933e+00
1.535266469317942750e+00
1.535256809740042305e+00
1.535250399662071219e+00
1.535234062273724387e+00
1.535235261348535385e+00
1.535218857861599950e+00
1.535213232811991624e+00
1.535207577397361911e+00
1.535197594499673635e+00
1.535184192682234716e+00
1.535168992749559536e+00
1.535157305537709238e+00
1.535142750513242005e+00
1.535139288134126812e+00
1.535142351898515889e+00
1.535149382394250361e+00
1.535135632774240921e+00
1.535151434758271316e+00
1.535152816880816840e+00
1.535150585791282829e+00
1.535148556362226469e+00
1.535140379833880964e+00
1.535133245642184008e+00
1.535123647168292971e+00
1.535108321055977498e+00
1.535114821726000667e+00
1.535110423381500722e+00
1.535099997730776655e+00
1.535081677692410107e+00
1.535082206313337805e+00
1.535093820051905533e+00
1.535085992883178818e+00
1.535075393823715828e+00
1.535066347438652556e+00
1.535056031067274507e+00
1.535047216915267132e+00
1.535050855819593663e+00
1.535042332883525873e+00
1.535045958368854491e+00
1.535022266017876280e+00
1.535025187205543373e+00
1.535015573015457324e+00
1.535022746619639999e+00
1.535010265785699435e+00
1.534985444920739850e+00
1.534987892044417102e+00
1.534967141486626829e+00
1.534959153053898184e+00
1.534953863756499226e+00
1.534938959003723014e+00
1.534932013315313704e+00
1.534924845462309895e+00
1.534927214380301441e+00
1.534909275060658329e+00
1.534901914632902820e+00
1.534885903966577203e+00
1.534876292910506423e+00
1.534872285678379411e+00
1.534882171589283528e+00
1.534868368887617240e+00
1.534847702129019886e+00
1.534834221978159885e+00
1.534821694519866053e+00
1.534808025689229360e+00
1.534785134897835412e+00
1.534777091044168040e+00
1.534760160366242188e+00
1.534751381890880229e+00
1.534736870061736758e+00
1.534726682268448217e+00
1.534706703055746191e+00
1.534692170928925847e+00
1.534676349324610278e+00
1.534666297580766559e+00
1.534649265219729219e+00
1.534631825310512010e+00
1.534622447082363950e+00
1.534603920715080561e+00
1.534588324523125102e+00
1.534566460832893720e+00
1.534564781225632446e+00
1.534544410685016125e+00
1.534537410545817160e+00
1.534517632935229692e+00
1.534498019683461667e+00
1.534481680938177384e+00
1.534465379275503860e+00
1.534457099339345376e+00
1.534439841975791641e+00
1.534427579210782433e+00
1.534417535073809180e+00
1.534401762292078031e+00
1.534418642978713443e+00
1.534397476516979442e+00
1.534378533961888058e+00
1.534381978394615542e+00
1.534359801403907708e+00
1.534342607811072901e+00
1.534323165727574656e+00
1.534307141278949072e+00
1.534299110955446910e+00
1.534281469341553628e+00
1.534264339996080473e+00
1.534242956356203003e+00
1.534223580404923570e+00
1.534216364355009299e+00
1.534198931224138862e+00
1.534191014215008142e+00
1.534173388334437949e+00
1.534156117913300532e+00
1.534161647840671661e+00
1.534142921099631351e+00
1.534133298894148512e+00
1.534123456789858952e+00
1.534118694827865781e+00
1.534096632096324964e+00
1.534079745711558918e+00
1.534062707424915573e+00
1.534058617400735569e+00
1.534066949616289754e+00
1.534049728896739406e+00
1.534024521884916226e+00
1.534006985400159007e+00
1.533989585451177140e+00
1.533963515158450752e+00
1.533952740965192518e+00
1.533940133536281891e+00
1.533953285490080365e+00
1.533926206735255260e+00
1.533901327460951203e+00
1.533885524707349512e+00
1.533872896499143268e+00
1.533853820796379219e+00
1.533847194773866773e+00
1.533849715096523347e+00
1.533837310311607638e+00
1.533830577109029702e+00
1.533824207282361574e+00
1.533807311713604626e+00
1.533779340938806524e+00
1.533754879330027299e+00
1.533729626846276339e+00
1.533724700087598647e+00
1.533699090667478337e+00
1.533678440078829253e+00
1.533664010581016646e+00
1.533643421529205408e+00
1.533630359662371045e+00
1.533605795584816578e+00
1.533592422475565265e+00
1.533567333692932966e+00
1.533548804008306954e+00
1.533536539370753182e+00
1.533516949671753782e+00
1.533505398445322632e+00
1.533483699968404501e+00
1.533471963912105940e+00
1.533450228923478154e+00
1.533443852583276534e+00
1.533423422688407145e+00
1.533412545094442248e+00
1.533407754040383653e+00
1.533389045308186205e+00
1.533403794935556785e+00
1.533397852271972894e+00
1.533372764669208133e+00
1.533361209063888175e+00
1.533336185093183035e+00
1.533338620339686154e+00
1.533310169739388718e+00
1.533283682249377389e+00
1.533268114779017699e+00
1.533257023084018789e+00
1.533255853165068849e+00
1.533232291249177814e+00
1.533205603084763169e+00
1.533187443469921307e+00
1.533178179256039053e+00
1.533175679190675211e+00
1.533172620860329571e+00
1.533177295527811346e+00
1.533177463805656338e+00
1.533153829444714455e+00
1.533125137431329055e+00
1.533106958438838374e+00
1.533084760971193727e+00
1.533070168064043060e+00
1.533044839733106457e+00
1.533020523330846929e+00
1.533009807466916508e+00
1.532996467353705317e+00
1.532980761243624368e+00
1.532958496368433732e+00
1.532951222158785320e+00
1.532926241334159334e+00
1.532908652098946556e+00
1.532895370435317650e+00
1.532880417376055515e+00
1.532856818258743870e+00
1.532838986862549824e+00
1.532816083864699808e+00
1.532796699832719600e+00
1.532776250616189717e+00
1.532750311437468094e+00
1.532732772192266779e+00
1.532731053321238379e+00
1.532707545073176636e+00
1.532687223329106452e+00
1.532663051640680729e+00
1.532653013207060155e+00
1.532635887382427287e+00
1.532614223284533894e+00
1.532614650710535376e+00
1.532595888162332276e+00
1.532587715922897331e+00
1.532567515865516983e+00
1.532553813152788047e+00
1.532545395176635461e+00
1.532530288191978229e+00
1.532519079932046502e+00
1.532488026548870730e+00
1.532472784584112624e+00
1.532448513122583789e+00
1.532426372061275188e+00
1.532403637179280631e+00
1.532382063402154326e+00
1.532369572952357650e+00
1.532346692964521973e+00
1.532330262883676797e+00
1.532305646296270307e+00
1.532278217564804201e+00
1.532269698407222158e+00
1.532257681134027383e+00
1.532259466871408904e+00
1.532250169476830681e+00
1.532225315367580221e+00
1.532210119088028399e+00
1.532185170672785146e+00
1.532159427485259018e+00
1.532138243138143840e+00
1.532114353978189847e+00
1.532118855199253726e+00
1.532093232413051842e+00
1.532096089664745753e+00
1.532070819550389373e+00
1.532055568867423778e+00
1.532036987942969386e+00
1.532021208068419016e+00
1.532011619795608626e+00
1.531993184253119589e+00
1.531972544429595962e+00
1.531952430683379607e+00
1.531932179440659736e+00
1.531911394695954609e+00
1.531898371603104048e+00
1.531873820985562240e+00
1.531852490075225059e+00
1.531844231070857099e+00
1.531824152965507890e+00
1.531802503374565028e+00
1.531804286681307747e+00
1.531784249552416766e+00
1.531763327601509017e+00
1.531747978568128055e+00
1.531729884812478959e+00
1.531702734170780289e+00
1.531677042964084912e+00
1.531655488470720528e+00
1.531635290053376064e+00
1.531629401905525434e+00
1.531626288416931603e+00
1.531597645464385149e+00
1.531588757092044117e+00
1.531569272346905652e+00
1.531545646929030058e+00
1.531520718094032896e+00
1.531502267430725261e+00
1.531478491179195212e+00
1.531457998949155686e+00
1.531457084940695879e+00
1.531444945331968066e+00
1.531426166050324778e+00
1.531412458664995979e+00
1.531388445064788550e+00
1.531377217721026973e+00
1.531352885013960385e+00
1.531335023370496318e+00
1.531327037282167902e+00
1.531311567730121670e+00
1.531283377567857817e+00
1.531266541097429101e+00
1.531240099516540720e+00
1.531221976520693362e+00
1.531230147948294817e+00
1.531205211315108672e+00
1.531177861029412668e+00
1.531159131319068667e+00
1.531137756003395189e+00
1.531113090821058176e+00
1.531091681004077776e+00
1.531065348916166968e+00
1.531057611968753118e+00
1.531029051440845334e+00
1.531006310035968099e+00
1.531000421274006040e+00
1.530999329159032252e+00
1.530971096310777879e+00
1.530955111489277876e+00
1.530935251296840161e+00
1.530931477027186460e+00
1.530905988863312084e+00
1.530886858667391603e+00
1.530869782341585328e+00
1.530856279026727718e+00
1.530835544965193806e+00
1.530823059954963927e+00
1.530818299567663354e+00
1.530809632867537795e+00
1.530785136435447669e+00
1.530758523394310178e+00
1.530738398783096477e+00
1.530708881917399289e+00
1.530681064038904582e+00
1.530658367286259702e+00
1.530656196612613984e+00
1.530626723210046336e+00
1.530608392781283467e+00
1.530589004528053687e+00
1.530559183120690392e+00
1.530557887537528527e+00
1.530556196015708359e+00
1.530525661804426729e+00
1.530514322649562109e+00
1.530483864708005015e+00
1.530456095114065995e+00
1.530445717183076981e+00
1.530421200498209178e+00
1.530401978389079432e+00
1.530376047314731425e+00
1.530377869394974555e+00
1.530350652892156882e+00
1.530329656294662222e+00
1.530326710324269035e+00
1.530299562309259676e+00
1.530293551117156037e+00
1.530270391029904697e+00
1.530250067435588779e+00
1.530233005008132308e+00
1.530210264670210485e+00
1.530184342832770383e+00
1.530188628986253185e+00
1.530166447166093180e+00
1.530140415916835250e+00
1.530123128057713000e+00
1.530115986654659865e+00
1.530091817824460687e+00
1.530067390389496795e+00
1.530045079064756397e+00
1.530018001415934137e+00
1.530014960028103221e+00
1.529992182876676710e+00
1.529968964209552640e+00
1.529953981451190215e+00
1.529930408797673724e+00
1.529926619037630386e+00
1.529908789252480528e+00
1.529903505220237880e+00
1.529899646794852019e+00
1.529880890977382668e+00
1.529860629756532919e+00
1.529852523988542767e+00
1.529821875001724951e+00
1.529824952007043937e+00
1.529801860322091533e+00
1.529773160135373233e+00
1.529747985675028010e+00
1.529727485410072418e+00
1.529699223739211966e+00
1.529691849564923212e+00
1.529669461508494033e+00
1.529653510968925101e+00
1.529626318047467404e+00
1.529603901716215963e+00
1.529575640854006657e+00
1.529571352295939768e+00
1.529546491973824418e+00
1.529529689206365450e+00
1.529501979268169221e+00
1.529493757244149377e+00
1.529471058713306020e+00
1.529446266160704448e+00
1.529427563664086831e+00
1.529416788527593773e+00
1.529411498208126607e+00
1.529399245701391852e+00
1.529374671132846419e+00
1.529365759352946386e+00
1.529355191218455312e+00
1.529330108694813450e+00
1.529313033039734648e+00
1.529291812956187657e+00
1.529263489910062557e+00
1.529245587957781316e+00
1.529225910425835000e+00
1.529218013033046164e+00
1.529188723600655830e+00
1.529178732339959268e+00
1.529152104257923472e+00
1.529120562129316685e+00
1.529094246669572499e+00
1.529087199087634907e+00
1.529058653566325532e+00
1.529042441491873738e+00
1.529049282991366665e+00
1.529024431086243752e+00
1.529002033492801615e+00
1.528996066278862198e+00
1.528966507066112035e+00
1.528942833246345057e+00
1.528931020780199379e+00
1.528918050009461460e+00
1.528916654884057591e+00
1.528909828367979840e+00
1.528885367078296031e+00
1.528859526295785809e+00
1.528830964382819735e+00
1.528804601860530132e+00
1.528783563481771246e+00
1.528753970031332399e+00
1.528734190706166451e+00
1.528705939949675408e+00
1.528682672721017211e+00
1.528672827685187086e+00
1.528647456255914916e+00
1.528623109602771812e+00
1.528603528665649858e+00
1.528595180336625559e+00
1.528569040841159188e+00
1.528552594729845060e+00
1.528544864550732019e+00
1.528544168768829037e+00
1.528518326943900663e+00
1.528492284153429859e+00
1.528466225615337626e+00
1.528450180824090010e+00
1.528426874507865518e+00
1.528408941541553157e+00
1.528385265570278095e+00
1.528380406226582222e+00
1.528372683331623350e+00
1.528348865080209062e+00
1.528323594268933716e+00
1.528300438381334336e+00
1.528279737914084002e+00
1.528275656937604587e+00
1.528248467625395568e+00
1.528226485008624680e+00
1.528216702409922467e+00
1.528208461756275893e+00
1.528182996118932824e+00
1.528160909888757413e+00
1.528161854706018730e+00
1.528139528174310646e+00
1.528113812843342689e+00
1.528091556804879403e+00
1.528066827368956382e+00
1.528040162659948020e+00
1.528017519839056648e+00
1.527992169004319889e+00
1.527986167393917016e+00
1.527960397753630462e+00
1.527940579761849271e+00
1.527930673193184097e+00
1.527901782780576312e+00
1.527893197966612604e+00
1.527865819983333484e+00
1.527866926133369274e+00
1.527841187693954828e+00
1.527808283422247504e+00
1.527793759259496786e+00
1.527777305049341505e+00
1.527760968680712095e+00
1.527742570060371952e+00
1.527712355566482438e+00
1.527715375299260492e+00
1.527699977969126044e+00
1.527690414886283765e+00
1.527665185158445960e+00
1.527653836630709083e+00
1.527650301134309441e+00
1.527625899074427807e+00
1.527596010147806105e+00
1.527574831364999053e+00
1.527547701211331654e+00
1.527516058157662560e+00
1.527488728035806487e+00
1.527468858521376704e+00
1.527465373281214456e+00
1.527463099611995112e+00
1.527454175968277150e+00
1.527439854193238133e+00
1.527429490006871449e+00
1.527393144134392866e+00
1.527386269647587502e+00
1.527361892370212137e+00
1.527333791244962269e+00
1.527311730358426489e+00
1.527291167934776928e+00
1.527283539566917980e+00
1.527281338672632272e+00
1.527268193224186277e+00
1.527238056630918273e+00
1.527213567766374291e+00
1.527200883696789413e+00
1.527173543314337856e+00
1.527148948569306386e+00
1.527117350900198511e+00
1.527090624246083550e+00
1.527057156313976538e+00
1.527050144542017929e+00
1.527018151880218610e+00
1.527028299099289610e+00
1.526995030229384875e+00
1.526978742381746246e+00
1.526953507431180190e+00
1.526927373376996133e+00
1.526900095871637442e+00
1.526871763278910610e+00
1.526853463241587550e+00
1.526828058664570831e+00
1.526818648157439506e+00
1.526793940443234465e+00
1.526764677828350347e+00
1.526735981885174009e+00
1.526709295610826800e+00
1.526678903071204019e+00
1.526660107337194372e+00
1.526639814260578376e+00
1.526617972494783704e+00
1.526592355452262240e+00
1.526572099972492325e+00
1.526553104887732548e+00
1.526533075686855812e+00
1.526512398429858752e+00
1.526488398324675533e+00
1.526484318524103934e+00
1.526476544062939311e+00
1.526450533434420942e+00
1.526441586115254934e+00
1.526436594614668518e+00
1.526416456118328435e+00
1.526408001399412573e+00
1.526390001550042674e+00
1.526363779690790068e+00
1.526342869180169037e+00
1.526325558789332515e+00
1.526304158453944959e+00
1.526303877653483410e+00
1.526292032823184597e+00
1.526260561936436000e+00
1.526235737097948464e+00
1.526217209217757942e+00
1.526203309624185378e+00
1.526180043725291480e+00
1.526174937823922884e+00
1.526152616872160195e+00
1.526147676891177252e+00
1.526122181511354592e+00
1.526114437271242297e+00
1.526089768923769130e+00
1.526064864593362991e+00
1.526038974870189913e+00
1.526016626751441674e+00
1.526005213622570578e+00
1.525976138798912141e+00
1.525951136699119859e+00
1.525927229249045336e+00
1.525906421835724558e+00
1.525884358994227474e+00
1.525882346470480044e+00
1.525855963151970807e+00
1.525831769779610436e+00
1.525816148801270922e+00
1.525791725559281664e+00
1.525765071983512966e+00
1.525741460229173008e+00
1.525720926814382983e+00
1.525696829139655541e+00
1.525686025642401633e+00
1.525687473462186139e+00
1.525680497183528939e+00
1.525670260826822888e+00
1.525648436839061040e+00
1.525639857164635904e+00
1.525612841033006761e+00
1.525611294148945696e+00
1.525608631280432892e+00
1.525578269933876241e+00
1.525573586119577607e+00
1.525550602642730791e+00
1.525549015011935516e+00
1.525546319223765268e+00
1.525520298987987911e+00
1.525515129873340481e+00
1.525487816838007049e+00
1.525460690665823238e+00
1.525447201636415784e+00
1.525441578959273681e+00
1.525415430125307337e+00
1.525407336708712869e+00
1.525399905133743017e+00
1.525377349088631096e+00
1.525349280563834897e+00
1.525327256100580176e+00
1.525300031078145935e+00
1.525278462606338703e+00
1.525268299648108616e+00
1.525242986968873282e+00
1.525238351802567394e+00
1.525234271440096601e+00
1.525204757961170943e+00
1.525176556753469637e+00
1.525172494435204973e+00
1.525145936786135303e+00
1.525116324550482405e+00
1.525094939715762266e+00
1.525067497447563980e+00
1.525039947984769384e+00
1.525023091988866986e+00
1.524994787222474724e+00
1.524989504424059561e+00
1.524963405785150217e+00
1.524951474965348552e+00
1.524919327445623640e+00
1.524899092916406351e+00
1.524873711926161945e+00
1.524867412242211451e+00
1.524840788333488684e+00
1.524831988323859244e+00
1.524810192021836652e+00
1.524795581664180499e+00
1.524767288721497582e+00
1.524744381124069736e+00
1.524715731526443019e+00
1.524688138815649463e+00
1.524664561856831302e+00
1.524647419801117287e+00
1.524624412466239809e+00
1.524600150516115971e+00
1.524589318956278916e+00
1.524584141110444602e+00
1.524586413072162028e+00
1.524555205114347167e+00
1.524543444151850835e+00
1.524516732319461720e+00
1.524501273725822559e+00
1.524471848613394576e+00
1.524448924577438857e+00
1.524428675484246654e+00
1.524399935929263261e+00
1.524375463377016127e+00
1.524356510621682981e+00
1.524333077412568072e+00
1.524308151037982118e+00
1.524285837392796550e+00
1.524257177440060618e+00
1.524230146848138512e+00
1.524207761700163699e+00
1.524202370803863671e+00
1.524195427564090988e+00
1.524162991447693516e+00
1.524144290256835843e+00
1.524118872755146237e+00
1.524094065492823225e+00
1.524067915460388223e+00
1.524042625491245806e+00
1.524026809480501399e+00
1.524008321916179076e+00
1.523985518316308019e+00
1.523960036344568225e+00
1.523939719931943992e+00
1.523921506107007495e+00
1.523895908426709633e+00
1.523882551132057950e+00
1.523879772169041136e+00
1.523858121790943709e+00
1.523845205910031586e+00
1.523821812245199414e+00
1.523796389403596852e+00
1.523791850041772644e+00
1.523784125626918007e+00
1.523757001726642191e+00
1.523754683260351461e+00
1.523746818697449212e+00
1.523735021681007051e+00
1.523702892495821137e+00
1.523681878710088089e+00
1.523656289084579951e+00
1.523646951823034446e+00
1.523619094060292278e+00
1.523592145920170671e+00
1.523567526779296966e+00
1.523558551387404147e+00
1.523550900488386040e+00
1.523540191410470479e+00
1.523514897258128276e+00
1.523506054788214215e+00
1.523474635614155304e+00
1.523446467774264068e+00
1.523446065314027376e+00
1.523418771415334882e+00
1.523397158137347329e+00
1.523375689200523908e+00
1.523351750771468449e+00
1.523324482447244277e+00
1.523300306911864466e+00
1.523275805400992944e+00
1.523249062958641042e+00
1.523225457781899106e+00
1.523208376519747054e+00
1.523185717428478858e+00
1.523161665612244198e+00
1.523144354972839398e+00
1.523126208637374468e+00
1.523109702818417288e+00
1.523087806119690857e+00
1.523068063110308845e+00
1.523042994520201088e+00
1.523014865432629428e+00
1.523005480000533707e+00
1.522975525399692165e+00
1.522968765178599693e+00
1.522943826613625928e+00
1.522918698725225228e+00
1.522907013445766067e+00
1.522880461805760310e+00
1.522855381717505452e+00
1.522850188113896941e+00
1.522847674937112927e+00
1.522822025955874681e+00
1.522815380613617542e+00
1.522789778505862834e+00
1.522768453539289357e+00
1.522742607955551053e+00
1.522738922517366422e+00
1.522712532522997542e+00
1.522704230415180549e+00
1.522677552922907296e+00
1.522647059011359660e+00
1.522643680946418110e+00
1.522615643650851114e+00
1.522587500171853847e+00
1.522562034975065259e+00
1.522542875648972505e+00
1.522517692725864791e+00
1.522490061667725492e+00
1.522471550702493737e+00
1.522446975629974775e+00
1.522432677189345940e+00
1.522425825044593672e+00
1.522404322290774159e+00
1.522379526246478321e+00
1.522352146398932238e+00
1.522337137995871670e+00
1.522316633404031005e+00
1.522307319669317316e+00
1.522282486232387821e+00
1.522262151767614702e+00
1.522235459931398305e+00
1.522214579719405991e+00
1.522191139394668769e+00
1.522169854534484834e+00
1.522147313446669870e+00
1.522124072626260372e+00
1.522104479479183370e+00
1.522078700010631946e+00
1.522054874330780683e+00
1.522033909254185691e+00
1.522011861740918182e+00
1.521987923535808918e+00
1.521981741390706633e+00
1.521954119235237712e+00
1.521938791757322607e+00
1.521925121543965087e+00
1.521899670368549895e+00
1.521894456630753734e+00
1.521887614360516006e+00
1.521875245476921990e+00
1.521861007753799955e+00
1.521831612644946041e+00
1.521804981173044524e+00
1.521802887619382982e+00
1.521780241840254400e+00
1.521751449080444019e+00
1.521730805211531923e+00
1.521705010643645384e+00
1.521675716614243834e+00
1.521652663447719434e+00
1.521635258891501419e+00
1.521607186072547524e+00
1.521588660888420819e+00
1.521569061136662571e+00
1.521557930643814505e+00
1.521539965644272074e+00
1.521539448786659365e+00
1.521517633960068006e+00
1.521502714147504598e+00
1.521500820827716982e+00
1.521478903122010840e+00
1.521467137912880796e+00
1.521459956084575627e+00
1.521433854374023342e+00
1.521425667223369471e+00
1.521415922691176092e+00
1.521388926861294344e+00
1.521384379005982002e+00
1.521368394604629692e+00
1.521346820929479593e+00
1.521322239599549153e+00
1.521324241451146975e+00
1.521311581925396395e+00
1.521285654105831275e+00
1.521265188837104265e+00
1.521250752455251876e+00
1.521218179282252336e+00
1.521190052198857945e+00
1.521166661739893122e+00
1.521137294093541925e+00
1.521131253104518466e+00
1.521099941349720597e+00
1.521077175116879232e+00
1.521047113463614542e+00
1.521026550028334201e+00
1.521003911060007319e+00
1.520980016657676792e+00
1.520956074617295872e+00
1.520936472940210837e+00
1.520908420771454050e+00
1.520902630685840418e+00
1.520883203929848104e+00
1.520860062268720725e+00
1.520833145494377314e+00
1.520809074349164236e+00
1.520788369117078043e+00
1.520765648950975102e+00
1.520747630797799399e+00
1.520725006923371758e+00
1.520714585042950207e+00
1.520683331077096412e+00
1.520659376708230814e+00
1.520647133261520123e+00
1.520636386832500575e+00
1.520615329462974286e+00
1.520603693134261025e+00
1.520579665812103132e+00
1.520548883278835639e+00
1.520523021519742946e+00
1.520498040242499238e+00
1.520493731806327631e+00
1.520469324660487009e+00
1.520442715705832448e+00
1.520415670217973858e+00
1.520390327096741601e+00
1.520387805214911348e+00
1.520365535707637550e+00
1.520336950140319221e+00
1.520316227478310855e+00
1.520290233105270561e+00
1.520281776292218279e+00
1.520268505536489290e+00
1.520242048070036489e+00
1.520210966795118024e+00
1.520205341173737512e+00
1.520183905794332935e+00
1.520172183203449601e+00
1.520165489071889864e+00
1.520141276627099636e+00
1.520112338236063954e+00
1.520084469734144905e+00
1.520064128057884156e+00
1.520040036889163337e+00
1.520016738469138984e+00
1.519993153622459126e+00
1.519971495444674359e+00
1.519949034445118086e+00
1.519921935052026107e+00
1.519904321454997209e+00
1.519890745490153128e+00
1.519871073050100163e+00
1.519849810644312571e+00
1.519827879448351515e+00
1.519809374295711946e+00
1.519799939062671523e+00
1.519777873637174759e+00
1.519758250858161741e+00
1.519749553356121163e+00
1.519722682031675820e+00
1.519697807149684943e+00
1.519677176484033554e+00
1.519651554197080978e+00
1.519629999645597307e+00
1.519618346812630527e+00
1.519593815154508309e+00
1.519582096154255879e+00
1.519555250417383263e+00
1.519544934789045287e+00
1.519521405918163204e+00
1.519515297827139788e+00
1.519490674866644797e+00
1.519466592822782403e+00
1.519441571661389823e+00
1.519416884541864077e+00
1.519410120545077181e+00
1.519406316877729424e+00
1.519377047103512623e+00
1.519352745159084472e+00
1.519335155710962448e+00
1.519323887340361612e+00
1.519317906300208465e+00
1.519312796526586240e+00
1.519285620918298108e+00
1.519257756292044181e+00
1.519253809232181229e+00
1.519226577214812357e+00
1.519218542645365266e+00
1.519189688397409421e+00
1.519162076181961307e+00
1.519135510050073190e+00
1.519110912497696697e+00
1.519104691608603064e+00
1.519074457754128638e+00
1.519047634828611049e+00
1.519038328607193566e+00
1.519039921122228076e+00
1.519008593601944845e+00
1.518981526368269330e+00
1.518960583207821013e+00
1.518933712165322802e+00
1.518911537399747047e+00
1.518889747721323902e+00
1.518862978101797490e+00
1.518840206036666363e+00
1.518820641342810029e+00
1.518795359824132829e+00
1.518772176251326211e+00
1.518748257355424958e+00
1.518722955725533952e+00
1.518703372169027510e+00
1.518678029520678319e+00
1.518659225406891577e+00
1.518632483389620091e+00
1.518607634450684918e+00
1.518588576735311779e+00
1.518561401250275056e+00
1.518539658215453558e+00
1.518519157713601242e+00
1.518513596021103584e+00
1.518488242860517978e+00
1.518469334239348933e+00
1.518449401007528454e+00
1.518423549376800574e+00
1.518416887582691333e+00
1.518393462370125180e+00
1.518387842046901914e+00
1.518361321728061597e+00
1.518340377256061302e+00
1.518313719444669863e+00
1.518294566675676194e+00
1.518287944119704358e+00
1.518261451461121014e+00
1.518236653321800134e+00
1.518227691335325202e+00
1.518204162504748655e+00
1.518180035639660197e+00
1.518175746674022886e+00
1.518156493758127112e+00
1.518147532767959884e+00
1.518120005364515634e+00
1.518097796094370455e+00
1.518086312001261762e+00
1.518072746359149683e+00
1.518045584993839459e+00
1.518023859879034987e+00
1.518011056548298043e+00
1.517990764336274889e+00
1.517965600688197858e+00
1.517940875753941210e+00
1.517916132239584659e+00
1.517913526036700711e+00
1.517893389626190359e+00
1.517884325027026415e+00
1.517873001144847578e+00
1.517847296529512224e+00
1.517843227853103771e+00
1.517814068112615322e+00
1.517789382359950201e+00
1.517766900896926341e+00
1.517748822353471860e+00
1.517731000761679772e+00
1.517707090191801278e+00
1.517688489636114246e+00
1.517681474076255643e+00
1.517660017888612600e+00
1.517639996458476803e+00
1.517613411803112378e+00
1.517590969467689010e+00
1.517584126069805306e+00
1.517577056018140080e+00
1.517556266104133078e+00
1.517548525475197918e+00
1.517544929309386115e+00
1.517515805626093339e+00
1.517509916397483449e+00
1.517501839527393814e+00
1.517481052537041242e+00
1.517473185647629341e+00
1.517464531530299032e+00
1.517439359641560515e+00
1.517432566255306092e+00
1.517422180769735451e+00
1.517397052650857558e+00
1.517390457798853509e+00
1.517381253234159288e+00
1.517359448289951729e+00
1.517347672118487312e+00
1.517329840586065126e+00
1.517302591184161109e+00
1.517276770645739736e+00
1.517259230548463123e+00
1.517239341319137180e+00
1.517229465028896218e+00
1.517201874476811874e+00
1.517179335700586496e+00
1.517155514671327365e+00
1.517131907131016755e+00
1.517126915004216592e+00
1.517100371684401816e+00
1.517095059729503870e+00
1.517090620061787076e+00
1.517061682711983162e+00
1.517035078828715688e+00
1.517014742401300298e+00
1.516991394318446984e+00
1.516968086204454780e+00
1.516962231630082591e+00
1.516941450188140417e+00
1.516920301690327433e+00
1.516903923542369581e+00
1.516881274171378635e+00
1.516857548054570293e+00
1.516834255907801632e+00
1.516819395843896245e+00
1.516797159462357714e+00
1.516777769415758925e+00
1.516771347879376286e+00
1.516750841671653749e+00
1.516743020708095635e+00
1.516720630511835699e+00
1.516711425676741554e+00
1.516699028257497472e+00
1.516687995568940073e+00
1.516665916057097885e+00
1.516635654967870561e+00
1.516615010931457785e+00
1.516593323691522777e+00
1.516597408647807343e+00
1.516568248055965018e+00
1.516546402835325935e+00
1.516520386596196479e+00
1.516510675423820675e+00
1.516484434253394520e+00
1.516456600973540736e+00
1.516432283040309192e+00
1.516429314346240176e+00
1.516418000399488264e+00
1.516392744977776319e+00
1.516368627151470694e+00
1.516344094816816090e+00
1.516322201338413445e+00
1.516311637344747831e+00
1.516295425530250540e+00
1.516272974496891912e+00
1.516251530968194761e+00
1.516230157180739280e+00
1.516207618975251359e+00
1.516205891318489263e+00
1.516181338767144338e+00
1.516174289446894807e+00
1.516150015843240384e+00
1.516139944064208045e+00
1.516136150956236772e+00
1.516111925756111534e+00
1.516091507868915000e+00
1.516092407160289923e+00
1.516082092304269935e+00
1.516072125838050955e+00
1.516043555184995562e+00
1.516014294093064763e+00
1.516008600521809413e+00
1.515982084748769720e+00
1.515969594216914906e+00
1.515953838748659743e+00
1.515927380636045152e+00
1.515901518149014970e+00
1.515876055507708431e+00
1.515848570823541852e+00
1.515830896129709338e+00
1.515811788431539631e+00
1.515787481674104598e+00
1.515769260207000757e+00
1.515750567999220033e+00
1.515727694267818393e+00
1.515705551010883445e+00
1.515687521764379264e+00
1.515664157373822540e+00
1.515642771778355602e+00
1.515638859255093562e+00
1.515612149265953779e+00
1.515605488426714276e+00
1.515599430097109179e+00
1.515576165409792564e+00
1.515553878814341227e+00
1.515533001463740259e+00
1.515510313735398462e+00
1.515501042262200393e+00
1.515480914119663458e+00
1.515460030932870739e+00
1.515434761270554542e+00
1.515411402949280451e+00
1.515394455429867948e+00
1.515389408132918003e+00
1.515367813103708938e+00
1.515347831979579674e+00
1.515338938337283725e+00
1.515331829463433477e+00
1.515304312377347307e+00
1.515281984339561294e+00
1.515262418405015632e+00
1.515252127251792702e+00
1.515231864320168542e+00
1.515207461764816799e+00
1.515187632865480305e+00
1.515180297275185328e+00
1.515175299506666073e+00
1.515154115417979064e+00
1.515129003027229748e+00
1.515108525861068811e+00
1.515087265022240226e+00
1.515074730155045568e+00
1.515054870855175428e+00
1.515028050069863852e+00
1.515007608357206159e+00
1.514998590584794469e+00
1.514977813505544724e+00
1.514967280994130805e+00
1.514942267738125015e+00
1.514923822041197132e+00
1.514899158578065785e+00
1.514882412292440250e+00
1.514862559922197871e+00
1.514851851647063485e+00
1.514825625812249221e+00
1.514806630047919045e+00
1.514800966199258303e+00
1.514792292788665007e+00
1.514764193176248774e+00
1.514743318324252019e+00
1.514733753693144891e+00
1.514708838610860919e+00
1.514685526794151027e+00
1.514664363200047381e+00
1.514643704909770960e+00
1.514617227875641570e+00
1.514592267095564715e+00
1.514570183726746677e+00
1.514546192441865280e+00
1.514522386702329859e+00
1.514499647075221889e+00
1.514474381488722043e+00
1.514460088975011720e+00
1.514436464149496953e+00
1.514430093433120295e+00
1.514426112645819611e+00
1.514415689218825189e+00
1.514409170616698219e+00
1.514397876873088356e+00
1.514370030046554128e+00
1.514341962688958043e+00
1.514312776438510477e+00
1.514306550444579846e+00
1.514276305459369976e+00
1.514250008010954218e+00
1.514232027135807401e+00
1.514206614654382443e+00
1.514197984509160211e+00
1.514189557927970053e+00
1.514183129802963323e+00
1.514172371242096471e+00
1.514141862706599229e+00
1.514120466232834028e+00
1.514093608582447459e+00
1.514067362048755472e+00
1.514047209897586788e+00
1.514028855661715856e+00
1.514009530123860081e+00
1.514000278418069501e+00
1.513975206791309702e+00
1.513966425218502998e+00
1.513962069058835791e+00
1.513932976027559718e+00
1.513909745435460641e+00
1.513884966507734076e+00
1.513879330193813821e+00
1.513850679433676794e+00
1.513829827993228072e+00
1.513826281488809267e+00
1.513798439708301302e+00
1.513794754288027233e+00
1.513773242866707447e+00
1.513744252702376558e+00
1.513740700402031125e+00
1.513732650672066304e+00
1.513720150914764639e+00
1.513691799417985928e+00
1.513672001058719907e+00
1.513651524118190039e+00
1.513632549113812287e+00
1.513607453596350405e+00
1.513585727894139810e+00
1.513564111952109048e+00
1.513543107339063498e+00
1.513521464547934903e+00
1.513499637824429866e+00
1.513490692263666837e+00
1.513472145256517853e+00
1.513452233492424970e+00
1.513445463755896947e+00
1.513435181756209724e+00
1.513410848753893090e+00
1.513384186043930324e+00
1.513362586734284365e+00
1.513339862267164548e+00
1.513316664484239515e+00
1.513297914407177425e+00
1.513274413454158474e+00
1.513251306899173310e+00
1.513230825386615130e+00
1.513208041065264631e+00
1.513197543289013458e+00
1.513178151628861823e+00
1.513158677266258190e+00
1.513137756759556529e+00
1.513120660896317027e+00
1.513097541368997101e+00
1.513103588437604508e+00
1.513092941480756126e+00
1.513067266059499039e+00
1.513041578906115570e+00
1.513031507288593369e+00
1.513010690881655851e+00
1.512991403985780803e+00
1.512973393138798750e+00
1.512952524435279056e+00
1.512935990614651116e+00
1.512922174988287516e+00
1.512902771817554726e+00
1.512894218316734207e+00
1.512874307223717407e+00
1.512867074082907770e+00
1.512859304615264522e+00
1.512834898850244247e+00
1.512831663589326192e+00
1.512821397303929283e+00
1.512796194179367504e+00
1.512778134772275518e+00
1.512773049919340140e+00
1.512744928259337263e+00
1.512725110605243950e+00
1.512700510456759684e+00
1.512681056400646318e+00
1.512660340329104569e+00
1.512642546207676464e+00
1.512632825945549264e+00
1.512607749766351484e+00
1.512598027450631433e+00
1.512575033593025253e+00
1.512549366830427955e+00
1.512538499817195792e+00
1.512512306828487585e+00
1.512503481335158773e+00
1.512481086921926510e+00
1.512461595877050646e+00
1.512442532980841525e+00
1.512438231167166469e+00
1.512415198827142149e+00
1.512392508185854023e+00
1.512368903634195627e+00
1.512348508520924062e+00
1.512340423765286879e+00
1.512334177040407512e+00
1.512308653608394504e+00
1.512292654549495907e+00
1.512270610199636378e+00
1.512261187009999119e+00
1.512254794080892584e+00
1.512231372170652177e+00
1.512207685002785240e+00
1.512196399913249278e+00
1.512194814368371443e+00
1.512176053942153819e+00
1.512153518475823022e+00
1.512148840176987141e+00
1.512124166144535042e+00
1.512100433893971640e+00
1.512097230685720106e+00
1.512072798586572731e+00
1.512068767089408183e+00
1.512060424011048010e+00
1.512052009876321712e+00
1.512028724345321429e+00
1.512015648933589640e+00
1.511998469578201165e+00
1.511989776527454810e+00
1.511970086790283885e+00
1.511960479667710411e+00
1.511939179874149719e+00
1.511919526683068282e+00
1.511901538262933054e+00
1.511884514303644789e+00
1.511877392002380027e+00
1.511855246242663764e+00
1.511836662488346361e+00
1.511829280073747173e+00
1.511820507822930759e+00
1.511801999682635289e+00
1.511780947156375010e+00
1.511761545095426262e+00
1.511754142341360740e+00
1.511735782410242424e+00
1.511726719423909238e+00
1.511706068479886866e+00
1.511681542648525500e+00
1.511672944721714762e+00
1.511652718538495144e+00
1.511641241759438037e+00
1.511618740534354410e+00
1.511612058734557840e+00
1.511591918689805691e+00
1.511585396611473842e+00
1.511574205035726148e+00
1.511551460045347683e+00
1.511539326123575222e+00
1.511533816666925878e+00
1.511502919611446893e+00
1.511478110037995481e+00
1.511455872214781060e+00
1.511449716249877007e+00
1.511431609751724636e+00
1.511408552644958769e+00
1.511388790322771625e+00
1.511368281260504931e+00
1.511355146022661744e+00
1.511334201246759434e+00
1.511320443770813871e+00
1.511299262419823375e+00
1.511276586050344539e+00
1.511270631726679303e+00
1.511259557219772232e+00
1.511235136681550628e+00
1.511210974606535862e+00
1.511186662419920612e+00
1.511165510337281415e+00
1.511144039287018570e+00
1.511123088987281315e+00
1.511099287766041632e+00
1.511087682202709503e+00
1.511067816054750157e+00
1.511043709937122781e+00
1.511038533342186962e+00
1.511015816063372208e+00
1.510992654257299339e+00
1.510972974389722001e+00
1.510964335732803532e+00
1.510941320220199779e+00
1.510921517420934279e+00
1.510913880802750908e+00
1.510891335030103200e+00
1.510872757751864803e+00
1.510863913416035320e+00
1.510849645624834814e+00
1.510827784239788363e+00
1.510800712807283785e+00
1.510783246916071354e+00
1.510763098935638871e+00
1.510741727149599090e+00
1.510722908165277323e+00
1.510707499376399365e+00
1.510704377569301204e+00
1.510681990048343470e+00
1.510663291992159429e+00
1.510652225721744957e+00
1.510640398532255180e+00
1.510619713564749889e+00
1.510598190242041561e+00
1.510575424890004292e+00
1.510565386902926299e+00
1.510561829407491841e+00
1.510553553586108100e+00
1.510536076553847584e+00
1.510509977842504181e+00
1.510484355254662292e+00
1.510461217527842903e+00
1.510440375033382576e+00
1.510418608358257808e+00
1.510409341777594117e+00
1.510384533508357885e+00
1.510379782780287172e+00
1.510359782558519548e+00
1.510349763847267157e+00
1.510325651163999972e+00
1.510303112930436953e+00
1.510287999269140924e+00
1.510284345495899183e+00
1.510259590402210472e+00
1.510234802571008617e+00
1.510214618939900166e+00
1.510210272643560447e+00
1.510184258086753051e+00
1.510162743919934769e+00
1.510143341814083495e+00
1.510138210671762904e+00
1.510126833850520489e+00
1.510118246040222711e+00
1.510107849702152505e+00
1.510082551395738104e+00
1.510064200864815520e+00
1.510040929180082703e+00
1.510031821766007587e+00
1.510021687140458813e+00
1.509996549552028222e+00
1.509992998487645233e+00
1.509985952949240540e+00
1.509963533424847570e+00
1.509955862264153348e+00
1.509948911158421225e+00
1.509925296990625609e+00
1.509918773835487116e+00
1.509891436795602893e+00
1.509870334513892631e+00
1.509844833322145474e+00
1.509822256982080058e+00
1.509803512543563597e+00
1.509783453186925195e+00
1.509764926469522095e+00
1.509753010513700922e+00
1.509733716391318259e+00
1.509722054384264212e+00
1.509710302314752450e+00
1.509685844014123202e+00
1.509679819588385818e+00
1.509655377708964075e+00
1.509630527210380047e+00
1.509609218478511927e+00
1.509600956903533575e+00
1.509595508810391618e+00
