2.036814203067582874e+00
2.036814219431040129e+00
2.036814219310037810e+00
2.036814204773532477e+00
2.036814180953148590e+00
2.036814154274545263e+00
2.036814127851090728e+00
2.036814105155050125e+00
2.036814087774275084e+00
2.036814065695760956e+00
2.036814065865390155e+00
2.036814069071997135e+00
2.036814069668684724e+00
2.036814083901371308e+00
2.036814100320581744e+00
2.036814118362386683e+00
2.036814137929291224e+00
2.036814158286935239e+00
2.036814180522444229e+00
2.036814203590764816e+00
2.036814226575268005e+00
2.036814249647585395e+00
2.036814323407136751e+00
2.036814323680671279e+00
2.036814391242301792e+00
2.036814380696966076e+00
2.036814444149475545e+00
2.036814452722877089e+00
2.036814414853808763e+00
2.036814398838031170e+00
2.036814470378163655e+00
2.036814423156191545e+00
2.036814398642806001e+00
2.036814361420812070e+00
2.036814350198266954e+00
2.036814344573015134e+00
2.036814337836607258e+00
2.036814422601612495e+00
2.036814481564117152e+00
2.036814504626030864e+00
2.036814484714556617e+00
2.036814357911922002e+00
2.036814386320145331e+00
2.036814401938223273e+00
2.036814186993705089e+00
2.036814051833058858e+00
2.036814012253753248e+00
2.036813851519454044e+00
2.036813772658581989e+00
2.036813642470931995e+00
2.036813536665063040e+00
2.036813452560502391e+00
2.036813451111984197e+00
2.036813377609682174e+00
2.036813519766003111e+00
2.036813465991864636e+00
2.036813347706270871e+00
2.036813567089043708e+00
2.036813719279464863e+00
2.036813825586248683e+00
2.036813496800836010e+00
2.036813352910597175e+00
2.036813456002668499e+00
2.036813601917627281e+00
2.036813629618078103e+00
2.036813653299710314e+00
2.036813667759391322e+00
2.036813693004794423e+00
2.036813720991649923e+00
2.036813754166739709e+00
2.036813794744538164e+00
2.036813485913582245e+00
2.036813311774094526e+00
2.036813576608559107e+00
2.036813461377259937e+00
2.036813804537823902e+00
2.036813740489026969e+00
2.036814160120981931e+00
2.036814137165928962e+00
2.036814627220499219e+00
2.036815070997161747e+00
2.036815481898513358e+00
2.036815868572141142e+00
2.036816234717046648e+00
2.036816584605266378e+00
2.036816918847683233e+00
2.036817239655636769e+00
2.036817546983039406e+00
2.036817841951579666e+00
2.036818122064245618e+00
2.036818387122558693e+00
2.036818636305484542e+00
2.036818867918109621e+00
2.036819080222312284e+00
2.036819271411506538e+00
2.036819439553906097e+00
2.036819582533480943e+00
2.036819698246284727e+00
2.036819784518128174e+00
2.036819840279759930e+00
2.036819861122442177e+00
2.036819847196428945e+00
2.036819794588233368e+00
2.036819702824771205e+00
2.036819568959314708e+00
2.036819391967463311e+00
2.036819170292471171e+00
2.036818914331792740e+00
2.036818613045650928e+00
2.036818264358705832e+00
2.036818471958292687e+00
2.036818622976380500e+00
2.036818717315812322e+00
2.036818040157102772e+00
2.036817319495299650e+00
2.036816554367097964e+00
2.036815744672941353e+00
2.036814891478805567e+00
2.036814873429797057e+00
2.036814786677311861e+00
2.036814634461370233e+00
2.036814419124335807e+00
2.036814143113571340e+00
2.036812728221744528e+00
2.036808460411327459e+00
2.036806689576358576e+00
2.036807019165926658e+00
2.036806057387835711e+00
2.036802122795857706e+00
2.036801416618765792e+00
2.036800356476913709e+00
2.036800601918875131e+00
2.036796052990545114e+00
2.036795283036233251e+00
2.036791777769703771e+00
2.036790646640030733e+00
2.036791601379400518e+00
2.036791660653747282e+00
2.036790686108544524e+00
2.036790795667227982e+00
2.036788037281702213e+00
2.036787712628690183e+00
2.036789705781492099e+00
2.036790640110639039e+00
2.036790442911991850e+00
2.036791400021431553e+00
2.036788885378651326e+00
2.036786590476669989e+00
2.036789005360829297e+00
2.036787073346841392e+00
2.036785335511348105e+00
2.036788467819554693e+00
2.036786795068937117e+00
2.036790347087908959e+00
2.036791785451444348e+00
2.036795633802358729e+00
2.036793959356897776e+00
2.036800706483448575e+00
2.036805157591532023e+00
2.036803611232943290e+00
2.036808097203347767e+00
2.036812272431207216e+00
2.036811139536404802e+00
2.036815863159148421e+00
2.036815349684778731e+00
2.036812971303807451e+00
2.036814802963492710e+00
2.036817817880923975e+00
2.036830534623681022e+00
2.036844214685804122e+00
2.036858174911386321e+00
2.036856970102353781e+00
2.036861353657039242e+00
2.036878471267646873e+00
2.036897986566818641e+00
2.036897091341482113e+00
2.036918397059157559e+00
2.036936200344161563e+00
2.036954159473690407e+00
2.036970050747706207e+00
2.036989655814991806e+00
2.036994813983398878e+00
2.036995992537856015e+00
2.037020566019774215e+00
2.037045741172455848e+00
2.037068361477406775e+00
2.037092904338774435e+00
2.037115227730721845e+00
2.037117930010338807e+00
2.037142877198858226e+00
2.037146266232411129e+00
2.037159653056105135e+00
2.037190908909963127e+00
2.037227112841017096e+00
2.037237209724665377e+00
2.037272390932742372e+00
2.037273064435582537e+00
2.037309099312726079e+00
2.037312602851667709e+00
2.037317074431435060e+00
2.037348886353639976e+00
2.037367237425920852e+00
2.037370436838147114e+00
2.037395899608455352e+00
2.037400809099743526e+00
2.037447441102611556e+00
2.037458271178061775e+00
2.037472456738697257e+00
2.037523395238552748e+00
2.037532446902426297e+00
2.037593615281560577e+00
2.037618420558294119e+00
2.037625791869133174e+00
2.037641225972048442e+00
2.037679331649683068e+00
2.037691438661325183e+00
2.037751767302688588e+00
2.037767447103339347e+00
2.037807714788358204e+00
2.037855104529247452e+00
2.037877567257011968e+00
2.037882248937541441e+00
2.037931099816824076e+00
2.037972292443957389e+00
2.038022034308410113e+00
2.038063958433500300e+00
2.038107868453021609e+00
2.038161646202362842e+00
2.038207596463230242e+00
2.038262183450913589e+00
2.038308884886562922e+00
2.038357540094649867e+00
2.038416126913605630e+00
2.038466873285111003e+00
2.038526075198391574e+00
2.038577420108258487e+00
2.038630621117999198e+00
2.038693620655149807e+00
2.038748818113277572e+00
2.038785957627746281e+00
2.038856750424324016e+00
2.038922432061670342e+00
2.038980992657090319e+00
2.039055007986417589e+00
2.039108274517195785e+00
2.039146135955567374e+00
2.039212061927571540e+00
2.039234023668972107e+00
2.039308849939045931e+00
2.039383637116488845e+00
2.039467385282493606e+00
2.039538945151659899e+00
2.039597398641316506e+00
2.039659242352555690e+00
2.039736217954883912e+00
2.039813929459381114e+00
2.039860496138488966e+00
2.039930740425595967e+00
2.039992126398487038e+00
2.040061920898167624e+00
2.040113315016487849e+00
2.040190937817059069e+00
2.040247745932510792e+00
2.040321613615292407e+00
2.040401470941091588e+00
2.040421396132539034e+00
2.040499041618318632e+00
2.040577427827082513e+00
2.040646503836005987e+00
2.040735359440936758e+00
2.040806154269041883e+00
2.040883087166147192e+00
2.040978041662742992e+00
2.041005569717948998e+00
2.041054612503818699e+00
2.041139516857144898e+00
2.041237137898429310e+00
2.041299039921774749e+00
2.041363626830070110e+00
2.041440947662847449e+00
2.041530607696182997e+00
2.041600209727607140e+00
2.041681450998624303e+00
2.041767510568560873e+00
2.041848173201285199e+00
2.041941815395217130e+00
2.042026817002392747e+00
2.042109902467649896e+00
2.042186562426806962e+00
2.042258444128529415e+00
2.042290447951685017e+00
2.042333725811044776e+00
2.042416250162622848e+00
2.042486393692342528e+00
2.042564245975977411e+00
2.042610229074422801e+00
2.042699400831144985e+00
2.042794280715912514e+00
2.042807832684271574e+00
2.042889661324385653e+00
2.042979476732468491e+00
2.043005270987658939e+00
2.043038659877205454e+00
2.043089943938831254e+00
2.043198303046812825e+00
2.043229446821830386e+00
2.043277040604048356e+00
2.043382647378705119e+00
2.043414221331319780e+00
2.043499175532833778e+00
2.043584782577705816e+00
2.043632457923886481e+00
2.043716520413564997e+00
2.043800300096714206e+00
2.043882275930571257e+00
2.043966870734020613e+00
2.044052702263312593e+00
2.044126528910702234e+00
2.044192262789163550e+00
2.044231614102325345e+00
2.044304988043489146e+00
2.044388331325760699e+00
2.044461224586436199e+00
2.044501188091202071e+00
2.044582197972056647e+00
2.044646881660228122e+00
2.044721394754640098e+00
2.044761086155717944e+00
2.044827777373874333e+00
2.044899051614392782e+00
2.044936970804079213e+00
2.044974411348537302e+00
2.045013094639045903e+00
2.045095080950324551e+00
2.045135950253396562e+00
2.045216293535303542e+00
2.045266283428608833e+00
2.045300190765870330e+00
2.045350471692180871e+00
2.045426388584452582e+00
2.045500476298575343e+00
2.045573862292716871e+00
2.045652585052517569e+00
2.045719080221815034e+00
2.045780954040430810e+00
2.045813310671127816e+00
2.045888529513930187e+00
2.045920271331309603e+00
2.045955314995139052e+00
2.045991261653032023e+00
2.046027757784126155e+00
2.046064640924643463e+00
2.046101646758368364e+00
2.046138667236579778e+00
2.046175634482489958e+00
2.046212504434509860e+00
2.046249253034555515e+00
2.046285867602323449e+00
2.046322343575945890e+00
2.046358681420775039e+00
2.046394884766612687e+00
2.046430959105716152e+00
2.046466910809253470e+00
2.046502746508046755e+00
2.046538473440135064e+00
2.046574096605502824e+00
2.046609622304389031e+00
2.046645055865043972e+00
2.046680402063378867e+00
2.046715664559914938e+00
2.046750846923346412e+00
2.046785951975524487e+00
2.046820982709229853e+00
2.046855939539832026e+00
2.046890824320880764e+00
2.046925638627719035e+00
2.046960381608948332e+00
2.046995054013474036e+00
2.047029655713159979e+00
2.047064186216714265e+00
2.047098644808330370e+00
2.047133036735445444e+00
2.047167782188570762e+00
2.047202523568296240e+00
2.047237253139910784e+00
2.047271964950775125e+00
2.047306654093228762e+00
2.047341316210823603e+00
2.047423858155340337e+00
2.047468589157718899e+00
2.047538129212600033e+00
2.047604065831905018e+00
2.047666977621092066e+00
2.047728712338101165e+00
2.047780448768228734e+00
2.047832340060424361e+00
2.047884863745135675e+00
2.047937536072655718e+00
2.047990094099692904e+00
2.048042391382809857e+00
2.048094344869204164e+00
2.048145907532702648e+00
2.048197053510123933e+00
2.048247770562269920e+00
2.048298052493481514e+00
2.048347900113677955e+00
2.048397316582220462e+00
2.048446307469360850e+00
2.048494879073327279e+00
2.048543038567933738e+00
2.048590725142225288e+00
2.048638634400929970e+00
2.048690835175154046e+00
2.048740437551626936e+00
2.048782772186116929e+00
2.048824405223686362e+00
2.048848434703601118e+00
2.048889536339447037e+00
2.048912031647152521e+00
2.048964936107528167e+00
2.048988837671307461e+00
2.049038231808708144e+00
2.049088849897921172e+00
2.049115872529633897e+00
2.049140149372596476e+00
2.049163670127572168e+00
2.049189048139204772e+00
2.049236564729873589e+00
2.049286027232248397e+00
2.049307771663333000e+00
2.049331186564803176e+00
2.049376000011512211e+00
2.049421785975004351e+00
2.049443598190155313e+00
2.049471481428371433e+00
2.049498548898464279e+00
2.049544081392860928e+00
2.049565003294982368e+00
2.049584052143786028e+00
2.049623030047970307e+00
2.049666064113248254e+00
2.049705312517508204e+00
2.049726791471073728e+00
2.049770156387005215e+00
2.049793375985065946e+00
2.049816821384254251e+00
2.049860834450652369e+00
2.049902841924693409e+00
2.049923083152636938e+00
2.049965858137074548e+00
2.050007556529620523e+00
2.050032294451312076e+00
2.050041321258021743e+00
2.050088704949086793e+00
2.050129478904384683e+00
2.050168611369652893e+00
2.050189902468077197e+00
2.050210825988088903e+00
2.050251847735286237e+00
2.050276084729534709e+00
2.050317502324870311e+00
2.050358036286561880e+00
2.050397346308439506e+00
2.050436587086359008e+00
2.050475716644990953e+00
2.050511008384408917e+00
2.050545315385214451e+00
2.050578159048328963e+00
2.050609815348357401e+00
2.050640480243033359e+00
2.050670299556273779e+00
2.050699385905408789e+00
2.050727829748938635e+00
2.050755705032965892e+00
2.050783073668302148e+00
2.050809988391402605e+00
2.050836492422372093e+00
2.050862624526557987e+00
2.050872100075173510e+00
2.050901673030763650e+00
2.050928699255313070e+00
2.050958009493600631e+00
2.050986903638348124e+00
2.051014664207220672e+00
2.051041516256134400e+00
2.051067637295728385e+00
2.051093165361022042e+00
2.051118207307734753e+00
2.051142845710426155e+00
2.051167411028413934e+00
2.051190963101836129e+00
2.051201850446108921e+00
2.051214064542901561e+00
2.051245678678266238e+00
2.051278196330575732e+00
2.051292973794219154e+00
2.051325216720368161e+00
2.051352797626130098e+00
2.051367456336001815e+00
2.051399203190401366e+00
2.051430306652869628e+00
2.051461040512322587e+00
2.051479235772318166e+00
2.051509108910945844e+00
2.051539249545757837e+00
2.051570048346233133e+00
2.051596641884326111e+00
2.051614316514748015e+00
2.051641983967567917e+00
2.051671099815517429e+00
2.051697718025126349e+00
2.051724882405468797e+00
2.051754461543557451e+00
2.051780470952383251e+00
2.051797649920106270e+00
2.051828026085645185e+00
2.051853287984474417e+00
2.051879390617215915e+00
2.051906111174332636e+00
2.051933076181267523e+00
2.051963449196564593e+00
2.051986594644837236e+00
2.052011418157499101e+00
2.052039733383535847e+00
2.052063116750881377e+00
2.052087389449210875e+00
2.052100915850414431e+00
2.052114465907255880e+00
2.052145158897514143e+00
2.052170168975205655e+00
2.052195648548556850e+00
2.052221406545709392e+00
2.052247079408356267e+00
2.052277247284544970e+00
2.052298167102551307e+00
2.052308618307174815e+00
2.052334861357164808e+00
2.052358770046675662e+00
2.052367790939935155e+00
2.052388923161286183e+00
2.052415096533505068e+00
2.052426481829740190e+00
2.052450831125319120e+00
2.052473768097202722e+00
2.052497538191945470e+00
2.052522615006331375e+00
2.052546004193907425e+00
2.052558312467594792e+00
2.052583653754146642e+00
2.052608794947798909e+00
2.052634272967725604e+00
2.052658283573828513e+00
2.052670741277477617e+00
2.052684131344410190e+00
2.052699720812913409e+00
2.052712654018093552e+00
2.052741357679318313e+00
2.052758258466361951e+00
2.052783410168757428e+00
2.052795777834290014e+00
2.052821507175032867e+00
2.052846592847268781e+00
2.052872676268578278e+00
2.052895036853603639e+00
2.052920411961953739e+00
2.052941783485423777e+00
2.052953878255816544e+00
2.052977321377019049e+00
2.053000100496610969e+00
2.053023422323653868e+00
2.053046438412143182e+00
2.053070783461311333e+00
2.053082712884775951e+00
2.053106159646361117e+00
2.053130448386416784e+00
2.053152987704375931e+00
2.053175896588242733e+00
2.053200844779851320e+00
2.053220143662930042e+00
2.053231658038660257e+00
2.053254986721885000e+00
2.053274980097407276e+00
2.053296003530419078e+00
2.053316495935811670e+00
2.053339049098366065e+00
2.053358960978948655e+00
2.053378635817046050e+00
2.053400657720831468e+00
2.053419846868170584e+00
2.053440021063079879e+00
2.053462229428792529e+00
2.053484466646974038e+00
2.053500408840815084e+00
2.053519117982278264e+00
2.053528050283867312e+00
2.053549252248458856e+00
2.053568742878804088e+00
2.053580067706225254e+00
2.053590304785449572e+00
2.053602302059866158e+00
2.053625112616906723e+00
2.053636849925435826e+00
2.053649605734286787e+00
2.053661356140154659e+00
2.053685318045883168e+00
2.053698070770982209e+00
2.053720662746235881e+00
2.053743015905688640e+00
2.053753010423161829e+00
2.053765544373870267e+00
2.053788528848736306e+00
2.053799297687743497e+00
2.053812233457410041e+00
2.053835556464667533e+00
2.053847713389941987e+00
2.053870036736684668e+00
2.053880818873314418e+00
2.053903183779372199e+00
2.053926385554981859e+00
2.053937951194838352e+00
2.053949889753524882e+00
2.053972410315457520e+00
2.053993572771140919e+00
2.054016365060228555e+00
2.054038467681389424e+00
2.054046985321043017e+00
2.054065949827148074e+00
2.054084786421412012e+00
2.054104370265958046e+00
2.054124176411245006e+00
2.054143833086082171e+00
2.054163685901677638e+00
2.054180833991446686e+00
2.054198778570129669e+00
2.054208364425476496e+00
2.054228454990898900e+00
2.054245356241916731e+00
2.054254782333205576e+00
2.054264868511710862e+00
2.054284950165072843e+00
2.054307194679958037e+00
2.054324684811616120e+00
2.054340610860129424e+00
2.054348977201147175e+00
2.054367809646180376e+00
2.054386386129680275e+00
2.054405055481458131e+00
2.054423375212909075e+00
2.054442034007199158e+00
2.054458332051282365e+00
2.054475809581840284e+00
2.054493547265887177e+00
2.054512054543076172e+00
2.054527494974736523e+00
2.054545403174211859e+00
2.054560732215069851e+00
2.054569598346380754e+00
2.054587700234518088e+00
2.054604771233832228e+00
2.054622163743921703e+00
2.054629225092629685e+00
2.054637909092775772e+00
2.054654187574536994e+00
2.054672454648819091e+00
2.054680362541449590e+00
2.054697701333776827e+00
2.054715170322593654e+00
2.054733050396407634e+00
2.054749306469066283e+00
2.054765881494135638e+00
2.054783544317658084e+00
2.054798743346170742e+00
2.054812790213414786e+00
2.054829104627891478e+00
2.054844130542651470e+00
2.054859296774483646e+00
2.054873781906965124e+00
2.054881902314200204e+00
2.054890799583733330e+00
2.054906693007808371e+00
2.054915353230269748e+00
2.054922664057903248e+00
2.054932064020270843e+00
2.054950047007079394e+00
2.054967389724424276e+00
2.054983963213745657e+00
2.055001539136132038e+00
2.055016825938301928e+00
2.055033040105620934e+00
2.055040600245991556e+00
2.055050240601011158e+00
2.055066191090069605e+00
2.055076122041403330e+00
2.055083294060851884e+00
2.055101172492284967e+00
2.055119483332501051e+00
2.055125897765394782e+00
2.055144236140592273e+00
2.055159311112932485e+00
2.055174620944707709e+00
2.055189202727644382e+00
2.055196340176324021e+00
2.055214287660788397e+00
2.055222695969636248e+00
2.055238812604458065e+00
2.055246415196399390e+00
2.055263404599244836e+00
2.055277886580025637e+00
2.055294842788812915e+00
2.055309091303767044e+00
2.055322794130050035e+00
2.055336352481537787e+00
2.055351285243330661e+00
2.055357261433108818e+00
2.055370995317205463e+00
2.055385353359743039e+00
2.055400033736352050e+00
2.055414407557803802e+00
2.055430745436528372e+00
2.055444483744063522e+00
2.055459864753210741e+00
2.055466173717458211e+00
2.055480853292018129e+00
2.055495385624305005e+00
2.055509764089016311e+00
2.055516288221943988e+00
2.055530621653574475e+00
2.055545493118002387e+00
2.055560194592094270e+00
2.055568278570463647e+00
2.055583537659181559e+00
2.055600665361912327e+00
2.055606649119665619e+00
2.055620595355957647e+00
2.055634290809982279e+00
2.055648256558380904e+00
2.055662643117743382e+00
2.055669993363763659e+00
2.055677698203090209e+00
2.055685358897236803e+00
2.055701282065236501e+00
2.055716722057914669e+00
2.055731358589313551e+00
2.055737369763067868e+00
2.055751197108683481e+00
2.055764576532108201e+00
2.055778669313672147e+00
2.055792739350592591e+00
2.055807486535185635e+00
2.055820617929083660e+00
2.055833211197650279e+00
2.055838923495599158e+00
2.055853812418930282e+00
2.055866748124913990e+00
2.055873569293112268e+00
2.055888106131019022e+00
2.055895645437646024e+00
2.055909244660807378e+00
2.055922717498522623e+00
2.055936938046707851e+00
2.055951134668127622e+00
2.055964379306448819e+00
2.055976606126140638e+00
2.055983356558028330e+00
2.055990416761376949e+00
2.056004298787077023e+00
2.056017977056146417e+00
2.056032188565381613e+00
2.056044893556032704e+00
2.056058920411455659e+00
2.056070890409965379e+00
2.056077237630373311e+00
2.056084804808916644e+00
2.056100310048818436e+00
2.056112886015737828e+00
2.056124384733871047e+00
2.056136200344258924e+00
2.056142597190331767e+00
2.056156156334826957e+00
2.056169051260642977e+00
2.056175410073469045e+00
2.056190002337010991e+00
2.056202425646800336e+00
2.056208570388821322e+00
2.056214796495580810e+00
2.056228360141980627e+00
2.056241667438403642e+00
2.056248245009829390e+00
2.056262278844367408e+00
2.056274976474351757e+00
2.056288300643135170e+00
2.056299969024608210e+00
2.056311311499919192e+00
2.056317650107733819e+00
2.056324361153760272e+00
2.056337145871437677e+00
2.056349768228858732e+00
2.056363137940897090e+00
2.056368863392377566e+00
2.056375257967972381e+00
2.056389439022190402e+00
2.056402840361264417e+00
2.056413314410853399e+00
2.056419310743069495e+00
2.056431661923375565e+00
2.056438102820850489e+00
2.056452108308537419e+00
2.056463361744421459e+00
2.056475366194973731e+00
2.056488798825394593e+00
2.056499844893111995e+00
2.056510707711285857e+00
2.056522511308034762e+00
2.056528438710774953e+00
2.056539313572850691e+00
2.056545601828929204e+00
2.056557645853275496e+00
2.056569703787440417e+00
2.056581705614780375e+00
2.056595263508024907e+00
2.056607375761769774e+00
2.056612411487601211e+00
2.056618197741825416e+00
2.056624162449537163e+00
2.056630551397216067e+00
2.056643784463646263e+00
2.056656765930811925e+00
2.056669707639409594e+00
2.056680946971356061e+00
2.056692650623648255e+00
2.056703592133013014e+00
2.056715090896000131e+00
2.056726418342889051e+00
2.056738166678706570e+00
2.056749531120062979e+00
2.056755228088572363e+00
2.056766999216826264e+00
2.056779443253903494e+00
2.056790523938637261e+00
2.056801690209680178e+00
2.056807248022033185e+00
2.056817788607326225e+00
2.056822967689620363e+00
2.056834168846444655e+00
2.056846395930508997e+00
2.056857058824378637e+00
2.056867559656702760e+00
2.056878882300101186e+00
2.056883499945381111e+00
2.056894862294641690e+00
2.056901204081174495e+00
2.056907228539829102e+00
2.056920218092289421e+00
2.056931671880553480e+00
2.056938749892192497e+00
2.056949932677357928e+00
2.056956503415594106e+00
2.056967477256262278e+00
2.056972773987194802e+00
2.056984679780746728e+00
2.056996871434726426e+00
2.057002352399979195e+00
2.057008921160068837e+00
2.057020891400077822e+00
2.057031632028006651e+00
2.057043731964183220e+00
2.057053782984764823e+00
2.057058524162904689e+00
2.057064748328413017e+00
2.057076888599684406e+00
2.057084187668739794e+00
2.057090614907164827e+00
2.057102885538583781e+00
2.057107767063828252e+00
2.057119623870832914e+00
2.057124582843763871e+00
2.057136721996646767e+00
2.057148358060720827e+00
2.057158598418884043e+00
2.057164646544934250e+00
2.057175913147768931e+00
2.057186845524386243e+00
2.057197647690450992e+00
2.057208333397454236e+00
2.057213513622719869e+00
2.057225514845677505e+00
2.057236268981388783e+00
2.057247317514747209e+00
2.057256706787284006e+00
2.057267225273156530e+00
2.057277030829284925e+00
2.057281609653254684e+00
2.057291925702395385e+00
2.057302669045506072e+00
2.057307344303107577e+00
2.057317522130996057e+00
2.057327825766955609e+00
2.057338288920246949e+00
2.057344823914077026e+00
2.057355512057513103e+00
2.057366376056112056e+00
2.057375695999056120e+00
2.057385989956562078e+00
2.057390525790327995e+00
2.057399809517558964e+00
2.057409216643533600e+00
2.057419988315436044e+00
2.057429737433755346e+00
2.057434581491022207e+00
2.057445681949918725e+00
2.057455487450340126e+00
2.057466050837105431e+00
2.057470713993235112e+00
2.057475066262426378e+00
2.057478849917937946e+00
2.057489533385675529e+00
2.057499768973615861e+00
2.057506284123001628e+00
2.057511785785802516e+00
2.057522172343718481e+00
2.057528629056050384e+00
2.057534059629527956e+00
2.057543718826873924e+00
2.057549519782990277e+00
2.057559150316104368e+00
2.057569673962909462e+00
2.057575248780713295e+00
2.057585476301277527e+00
2.057590748413646864e+00
2.057600966081544414e+00
2.057611211350708125e+00
2.057615981270449090e+00
2.057627180435374292e+00
2.057632996062827235e+00
2.057638508697928081e+00
2.057649242961129943e+00
2.057654390535268885e+00
2.057659208835532549e+00
2.057664029306854214e+00
2.057675978403558315e+00
2.057687018987734984e+00
2.057691418619363777e+00
2.057702100007014590e+00
2.057706698591751593e+00
2.057711309058236182e+00
2.057718758039192686e+00
2.057729962001799695e+00
2.057740859820870849e+00
2.057751231629911359e+00
2.057757540430363186e+00
2.057768019593662512e+00
2.057778498059287031e+00
2.057783805702144253e+00
2.057794405615980704e+00
2.057799222448890131e+00
2.057809746006599383e+00
2.057818809194704723e+00
2.057829757836378448e+00
2.057837914053719963e+00
2.057847226094376314e+00
2.057851756447601321e+00
2.057860967828068599e+00
2.057865761452795983e+00
2.057875085303662033e+00
2.057884160989701616e+00
2.057893503025370219e+00
2.057902330734764362e+00
2.057910849226238348e+00
2.057919487806010750e+00
2.057929426946497831e+00
2.057933735590048663e+00
2.057942363404306807e+00
2.057951678076497704e+00
2.057960927718653021e+00
2.057969172147712023e+00
2.057974216560922720e+00
2.057982549343082113e+00
2.057986741590221325e+00
2.057996103411896982e+00
2.058000419814370652e+00
2.058010176544502912e+00
2.058018870067712225e+00
2.058028474520448015e+00
2.058032274698153863e+00
2.058040969562197287e+00
2.058045558166933464e+00
2.058054910869167919e+00
2.058063806309601951e+00
2.058073063210912768e+00
2.058077977209684217e+00
2.058081954726976637e+00
2.058091442476799759e+00
2.058101375502027430e+00
2.058110355381303602e+00
2.058115190323127397e+00
2.058119842506564989e+00
2.058129886657108720e+00
2.058139075212471969e+00
2.058143190876852824e+00
2.058153221912346176e+00
2.058162627729395400e+00
2.058168291789419069e+00
2.058172748285921116e+00
2.058181711258391111e+00
2.058190394983891114e+00
2.058199668906027568e+00
2.058208092173359649e+00
2.058216573475782685e+00
2.058220510694584782e+00
2.058229294056182379e+00
2.058238224303802433e+00
2.058246927516668379e+00
2.058255567015634391e+00
2.058263881692397490e+00
2.058272660709267843e+00
2.058280604406990566e+00
2.058285164692788882e+00
2.058293348929653543e+00
2.058301635875239732e+00
2.058309867083119027e+00
2.058314584335469100e+00
2.058323337701267519e+00
2.058331588774662269e+00
2.058340637972905895e+00
2.058348169323340304e+00
2.058355888835559533e+00
2.058363574689566544e+00
2.058372264199466173e+00
2.058381025980545509e+00
2.058388842496133631e+00
2.058392682648273464e+00
2.058396124793433923e+00
2.058405423825297564e+00
2.058414023317990171e+00
2.058422381788682642e+00
2.058431106809984534e+00
2.058439885819590476e+00
2.058449222566635761e+00
2.058459064238831182e+00
2.058470686863445032e+00
2.058480165171381771e+00
2.058486048117914358e+00
2.058490893038817937e+00
2.058501590570017026e+00
2.058512246797440159e+00
2.058517253913714207e+00
2.058528600554088150e+00
2.058540409539640681e+00
2.058552843433304691e+00
2.058565855552042301e+00
2.058575873593842864e+00
2.058589595930274019e+00
2.058600505353945564e+00
2.058613327219487310e+00
2.058616462355928434e+00
2.058630434488332384e+00
2.058645651242757335e+00
2.058654973645067443e+00
2.058671760303978804e+00
2.058689818621719070e+00
2.058707522170326154e+00
2.058725951758844541e+00
2.058745466412494451e+00
2.058766529941593149e+00
2.058783690669653499e+00
2.058800921809531559e+00
2.058820733833457428e+00
2.058842977846317979e+00
2.058855621486940457e+00
2.058864437778376910e+00
2.058886305794929150e+00
2.058910337754555453e+00
2.058934913500197084e+00
2.058959118774438934e+00
2.058983288218851460e+00
2.059011345357567357e+00
2.059035831853519571e+00
2.059064717495189267e+00
2.059090416437645121e+00
2.059102214113643914e+00
2.059130787210564417e+00
2.059158820967531778e+00
2.059168916784051007e+00
2.059192129379507907e+00
2.059213289085743526e+00
2.059233938307455158e+00
2.059267803946273734e+00
2.059302528347899397e+00
2.059337660777295742e+00
2.059372988922762993e+00
2.059410300340461575e+00
2.059427196910558866e+00
2.059442695472499807e+00
2.059485314278451717e+00
2.059526650545445925e+00
2.059538445324171185e+00
2.059579402686109617e+00
2.059597086752980033e+00
2.059624868761664729e+00
2.059671152149709528e+00
2.059714938818321794e+00
2.059762146895915969e+00
2.059806186774207681e+00
2.059852189939487488e+00
2.059900518743519537e+00
2.059940440412470597e+00
2.059982952127982880e+00
2.060025283603335478e+00
2.060047040558167897e+00
2.060095997791477007e+00
2.060137544796770026e+00
2.060184218041267723e+00
2.060224493262888590e+00
2.060268236789141394e+00
2.060286104352178516e+00
2.060308712982066748e+00
2.060362034481702409e+00
2.060420267336067646e+00
2.060477304799726017e+00
2.060532136176669749e+00
2.060587282940977261e+00
2.060642980413793346e+00
2.060703721138849698e+00
2.060757613481623451e+00
2.060804157697590622e+00
2.060855759285399991e+00
2.060910594081071689e+00
2.060967951073042315e+00
2.061025789772244821e+00
2.061059373612031287e+00
2.061121938367496575e+00
2.061185691283042409e+00
2.061251942056065101e+00
2.061308587129285552e+00
2.061369583170334252e+00
2.061431187750156990e+00
2.061467564190404111e+00
2.061512148166738001e+00
2.061553580300309108e+00
2.061599205302609761e+00
2.061660015105541977e+00
2.061725028557504835e+00
2.061765499757563180e+00
2.061795307241271580e+00
2.061867696385212945e+00
2.061940364667407710e+00
2.062010515769030494e+00
2.062081012380224898e+00
2.062153815914246735e+00
2.062197683134597614e+00
2.062270614522263568e+00
2.062341964134461580e+00
2.062412203991565551e+00
2.062486952217130298e+00
2.062556514962804233e+00
2.062628396964675925e+00
2.062700387415868253e+00
2.062742662431277907e+00
2.062810413487429440e+00
2.062849582322273001e+00
2.062896904409546650e+00
2.062951522018298345e+00
2.063039865168296849e+00
2.063117914394455799e+00
2.063191004772193970e+00
2.063233568431326326e+00
2.063274191424954829e+00
2.063362489173580006e+00
2.063446340363027431e+00
2.063530174790217053e+00
2.063618402295767318e+00
2.063659371066027592e+00
2.063736194427172155e+00
2.063778843767694049e+00
2.063818060962705037e+00
2.063905428185728752e+00
2.063996509130346269e+00
2.064084852054583585e+00
2.064174101886943724e+00
2.064262790036013762e+00
2.064311627810206939e+00
2.064388519137687172e+00
2.064463205282327962e+00
2.064531948248447879e+00
2.064573976574355374e+00
2.064579657387282552e+00
2.064630049391229516e+00
2.064685286873170433e+00
2.064730544753840213e+00
2.064823859444228749e+00
2.064915566301670502e+00
2.064960032586935501e+00
2.065057932137023489e+00
2.065109348272194723e+00
2.065195851152705320e+00
2.065288397146548771e+00
2.065381979640339871e+00
2.065479804877190073e+00
2.065535826408822384e+00
2.065632676118929645e+00
2.065690755955212676e+00
2.065743465136084644e+00
2.065855548022494936e+00
2.065954226259516524e+00
2.066036884467147949e+00
2.066082323100236096e+00
2.066129785749863945e+00
2.066206782635944705e+00
2.066320970812126401e+00
2.066432377161262046e+00
2.066539041137499755e+00
2.066647192750560080e+00
2.066662385927187540e+00
2.066730990735131002e+00
2.066833086497919414e+00
2.066939763858592904e+00
2.067036158695135573e+00
2.067095086389303837e+00
2.067192183192215538e+00
2.067295214896974542e+00
2.067358400566225107e+00
2.067405479755821673e+00
2.067460439366775038e+00
2.067523308429259021e+00
2.067641233449847071e+00
2.067664924076313859e+00
2.067771372537318797e+00
2.067879819637975292e+00
2.067995937617411961e+00
2.068051098213738559e+00
2.068103286091708348e+00
2.068221302971424702e+00
2.068280841366286538e+00
2.068353553823886859e+00
2.068427061444632287e+00
2.068541018901689288e+00
2.068614191323084661e+00
2.068716668255262459e+00
2.068772950765773277e+00
2.068827824339456001e+00
2.068860778312737292e+00
2.068979725003535552e+00
2.069004162364085797e+00
2.069131258210008095e+00
2.069199153174970274e+00
2.069324641626105521e+00
2.069385236371952708e+00
2.069511275189778843e+00
2.069638286276944683e+00
2.069762396019582784e+00
2.069830378328270104e+00
2.069894076717668785e+00
2.069970285417880973e+00
2.070035600407685195e+00
2.070111108493810192e+00
2.070176102458229472e+00
2.070274392875672387e+00
2.070404012177120112e+00
2.070434884309955148e+00
2.070531115539543165e+00
2.070682608417934834e+00
2.070755481661584518e+00
2.070836374500746757e+00
2.070963540751293408e+00
2.071084044467381258e+00
2.071196669308856819e+00
2.071313292218068369e+00
2.071437523939030356e+00
2.071559643500783032e+00
2.071682938122626272e+00
2.071804789554609894e+00
2.071929486310402968e+00
2.071995514535792449e+00
2.072057648721014278e+00
2.072129990628151841e+00
2.072270561457173699e+00
2.072349927866528496e+00
2.072481744150576066e+00
2.072556552715329570e+00
2.072703415454399511e+00
2.072777010577162571e+00
2.072921255770862725e+00
2.073002216770793993e+00
2.073136442726437600e+00
2.073205762239621830e+00
2.073332332100566777e+00
2.073448318113460864e+00
2.073573539967726198e+00
2.073688546604464111e+00
2.073818871389843554e+00
2.073932139539536479e+00
2.074002767232055344e+00
2.074126936585110492e+00
2.074229743029418316e+00
2.074344858682250159e+00
2.074412925080747705e+00
2.074533672389309302e+00
2.074645960209044127e+00
2.074763308596278222e+00
2.074863616152739176e+00
2.074958209422177013e+00
2.075008497931860152e+00
2.075069055300744481e+00
2.075186381026147053e+00
2.075295627288806788e+00
2.075390575549032945e+00
2.075471692208324281e+00
2.075484420883694892e+00
2.075544748938549233e+00
2.075664063219237132e+00
2.075770706361030449e+00
2.075780315716303281e+00
2.075842701240805610e+00
2.075953446685019355e+00
2.076059994903337369e+00
2.076116334732555302e+00
2.076218234875312874e+00
2.076271431220945818e+00
2.076374470941237504e+00
2.076426657063593861e+00
2.076451713696802148e+00
2.076566783308759323e+00
2.076664126365527441e+00
2.076755698221080859e+00
2.076764681714108995e+00
2.076866334058033114e+00
2.076965765501029626e+00
2.077009308137808041e+00
2.077064004850941004e+00
2.077147182383028756e+00
2.077198227126148655e+00
2.077267589354701016e+00
2.077319975066470814e+00
2.077355771690760022e+00
2.077440997114458732e+00
2.077531452817256152e+00
2.077581271250951378e+00
2.077601862093039653e+00
2.077660792977556348e+00
2.077705436390228311e+00
2.077802023409444310e+00
2.077856480457789701e+00
2.077901425028159554e+00
2.077989243259433128e+00
2.078068227093176734e+00
2.078142215239370927e+00
2.078172468276779927e+00
2.078247545050440959e+00
2.078285761581586399e+00
2.078367999675364342e+00
2.078444343435519759e+00
2.078468802274906047e+00
2.078543271441969598e+00
2.078584649806755724e+00
2.078621843148558579e+00
2.078665496146008262e+00
2.078710714190628028e+00
2.078790507442080493e+00
2.078854200958075271e+00
2.078909978459899666e+00
2.078916399011791594e+00
2.078955977450803960e+00
2.079006198446642362e+00
2.079048949506488775e+00
2.079102123722123885e+00
2.079184922890640053e+00
2.079254630860090103e+00
2.079291519499754326e+00
2.079328940194500319e+00
2.079379024689815392e+00
2.079461699941181685e+00
2.079537453833157024e+00
2.079577891312762272e+00
2.079642691413478683e+00
2.079670955485595663e+00
2.079701659347335863e+00
2.079775477449372190e+00
2.079813956208068415e+00
2.079859144800249471e+00
2.079901626824490535e+00
2.079935691957204735e+00
2.079969588494325894e+00
2.080044132967804771e+00
2.080113361767627289e+00
2.080147228804997361e+00
2.080208217413097138e+00
2.080258148223804060e+00
2.080315228142672002e+00
2.080372863480005385e+00
2.080386446593784022e+00
2.080449582709845036e+00
2.080510099126439805e+00
2.080567916742083412e+00
2.080625656468026108e+00
2.080636494119775470e+00
2.080655790867562249e+00
2.080699433344844085e+00
2.080767709816790045e+00
2.080801233249935933e+00
2.080835525307734635e+00
2.080874809377743162e+00
2.080930281942038107e+00
2.080956725217624204e+00
2.080991165598643278e+00
2.081043003847198314e+00
2.081089002139190569e+00
2.081140863544729935e+00
2.081166051214474511e+00
2.081194060900368736e+00
2.081231379326481612e+00
2.081266642731925298e+00
2.081323885660953277e+00
2.081371537578778241e+00
2.081390009544110242e+00
2.081410571133313514e+00
2.081448030156237472e+00
2.081471609416526203e+00
2.081530416131011751e+00
2.081558036146067714e+00
2.081578375094308431e+00
2.081637182258623042e+00
2.081664602701545519e+00
2.081710713386916822e+00
2.081758318018370080e+00
2.081795649457057529e+00
2.081809871710830873e+00
2.081855387767959975e+00
2.081876857034213657e+00
2.081931283383089859e+00
2.081961406505791423e+00
2.081990300302543506e+00
2.082042917686994343e+00
2.082093543723811724e+00
2.082120424621507482e+00
2.082150958795170315e+00
2.082202609567446405e+00
2.082250680316629410e+00
2.082274954975255277e+00
2.082327509601547888e+00
2.082336969707690777e+00
2.082369303522827675e+00
2.082398202631368100e+00
2.082446668688044511e+00
2.082457210897683986e+00
2.082482963005494181e+00
2.082506340729342487e+00
2.082555294841385241e+00
2.082598509116302399e+00
2.082642055178061113e+00
2.082659400243107584e+00
2.082682558158826414e+00
2.082704874723378730e+00
2.082735794244257477e+00
2.082758645380320406e+00
2.082808892454181215e+00
2.082830583531570134e+00
2.082851164034369429e+00
2.082870521512413475e+00
2.082914461683205598e+00
2.082934081600699372e+00
2.082938942335338606e+00
2.082985023468786778e+00
2.083025246773756223e+00
2.083063337879211829e+00
2.083098854430397662e+00
2.083116492953409171e+00
2.083162782064645224e+00
2.083201831904161416e+00
2.083244391824813135e+00
2.083280332543141711e+00
2.083317801190333274e+00
2.083339515029609235e+00
2.083362523018112533e+00
2.083405085671627965e+00
2.083444957198964609e+00
2.083461814487596708e+00
2.083481930350537858e+00
2.083498415208693277e+00
2.083538851589334495e+00
2.083557647738490282e+00
2.083576803184072457e+00
2.083619456957516825e+00
2.083641184499426036e+00
2.083663632186982806e+00
2.083707376868614070e+00
2.083747363451884826e+00
2.083767518897320148e+00
2.083807541228835714e+00
2.083832301138488052e+00
2.083847971452744918e+00
2.083869741313960411e+00
2.083888160977189319e+00
2.083929374282038616e+00
2.083953616808020826e+00
2.083995421419383653e+00
2.084037655801405542e+00
2.084075684688992514e+00
2.084095683963480106e+00
2.084112997798094113e+00
2.084152336822789220e+00
2.084171174438056884e+00
2.084188917220723525e+00
2.084206367575359931e+00
2.084224120713090933e+00
2.084264618444429118e+00
2.084302253908731917e+00
2.084335501829333026e+00
2.084364039163361770e+00
2.084395889534223834e+00
2.084411401952988019e+00
2.084433921918406707e+00
2.084455780114788492e+00
2.084477621864763375e+00
2.084503493273406338e+00
2.084539453672537679e+00
2.084573797297594400e+00
2.084593220843979466e+00
2.084625893149944620e+00
2.084645766205399653e+00
2.084678149445589046e+00
2.084705487603206731e+00
2.084723166579852904e+00
2.084739036586880534e+00
2.084773890587047429e+00
2.084788704965596651e+00
2.084806948838139551e+00
2.084821416156156015e+00
2.084838102305332619e+00
2.084859092332056907e+00
2.084895532005417884e+00
2.084929165047522570e+00
2.084963489210666321e+00
2.084994500497112213e+00
2.085023896384007092e+00
2.085054122116004827e+00
2.085070473938201996e+00
2.085084974030021243e+00
2.085093434402967016e+00
2.085129772590216479e+00
2.085160618628035145e+00
2.085175460957136462e+00
2.085209915237113520e+00
2.085229039053542177e+00
2.085260913786828318e+00
2.085277506525513136e+00
2.085309069438546103e+00
2.085340942470835568e+00
2.085354875593667945e+00
2.085370776648369784e+00
2.085386863056737372e+00
2.085406178202699135e+00
2.085423543903469401e+00
2.085447982075169460e+00
2.085466223661155638e+00
2.085500538049653407e+00
2.085518160243137409e+00
2.085536511967866602e+00
2.085554438516935338e+00
2.085587434418285646e+00
2.085602713781884443e+00
2.085633267185424966e+00
2.085645710886714355e+00
2.085678346476700362e+00
2.085708700740831034e+00
2.085723826359074273e+00
2.085730279923137864e+00
2.085749533459405392e+00
2.085765630338284105e+00
2.085800148363349926e+00
2.085833800807378680e+00
2.085848453288722482e+00
2.085881361322523553e+00
2.085910182484971731e+00
2.085926236437867676e+00
2.085942393097587111e+00
2.085959592673073626e+00
2.085977939266999037e+00
2.086011261167694197e+00
2.086043127201337555e+00
2.086059121069766320e+00
2.086075459964029211e+00
2.086094699772866434e+00
2.086128051403431716e+00
2.086159346723291286e+00
2.086185367592294782e+00
2.086214203727373206e+00
2.086225908490909831e+00
2.086257026191137509e+00
2.086272965492192988e+00
2.086301684033164960e+00
2.086327905200549004e+00
2.086342032465156038e+00
2.086356069418723980e+00
2.086386278815251849e+00
2.086401044625383783e+00
2.086430734385090080e+00
2.086459656357786852e+00
2.086487007212329825e+00
2.086490326705737086e+00
2.086506972646666735e+00
2.086538027157089914e+00
2.086563733567255330e+00
2.086587754315238463e+00
2.086609835192850149e+00
2.086634785189449559e+00
2.086661444420903511e+00
2.086681449993901705e+00
2.086703823948577341e+00
2.086716429293473229e+00
2.086730456013069279e+00
2.086745112562372828e+00
2.086774320770521385e+00
2.086786691180140707e+00
2.086803424140112551e+00
2.086832142549460034e+00
2.086847920023074288e+00
2.086874034825083601e+00
2.086886747283628996e+00
2.086899322581588390e+00
2.086918476312113135e+00
2.086944156147081397e+00
2.086971067305180227e+00
2.086996232035625898e+00
2.087020692931033317e+00
2.087031812490180993e+00
2.087046494553044251e+00
2.087073293844531108e+00
2.087097755709267144e+00
2.087120545023775531e+00
2.087143515202881439e+00
2.087166405783288603e+00
2.087187644540374531e+00
2.087197588411104920e+00
2.087209320455250428e+00
2.087221793593840413e+00
2.087245863685754266e+00
2.087258882104368496e+00
2.087283790760114499e+00
2.087307703832340877e+00
2.087331726047814584e+00
2.087352690716786974e+00
2.087374630693034305e+00
2.087396744066095877e+00
2.087418673700796923e+00
2.087431451009308159e+00
2.087455174289953863e+00
2.087479726457049267e+00
2.087501985902807444e+00
2.087509653409832300e+00
2.087530624622794040e+00
2.087551905581185530e+00
2.087571740771444695e+00
2.087592255704310951e+00
2.087613297674757451e+00
2.087635747904541539e+00
2.087656196400654363e+00
2.087675749647128320e+00
2.087686103857788744e+00
2.087696695351423326e+00
2.087708165171598296e+00
2.087730078944800560e+00
2.087749826448530577e+00
2.087769273624706212e+00
2.087787447291366227e+00
2.087805048413600595e+00
2.087822168399747547e+00
2.087841668352069746e+00
2.087861402552513734e+00
2.087877871363728488e+00
2.087894828834834016e+00
2.087911073915229121e+00
2.087926892372113485e+00
2.087934255902584191e+00
2.087944112979420730e+00
2.087965486273382520e+00
2.087984092542317871e+00
2.088002924885151046e+00
2.088022997328158326e+00
2.088042133218858787e+00
2.088059735681152773e+00
2.088079691045131359e+00
2.088097730268917651e+00
2.088118611776129896e+00
2.088135761745868901e+00
2.088153744090055497e+00
2.088172630943794239e+00
2.088181793054466162e+00
2.088192302306922876e+00
2.088211976176867157e+00
2.088223638656300007e+00
2.088233975345199944e+00
2.088244931156975071e+00
2.088256081746405979e+00
2.088267409465041968e+00
2.088279220251100021e+00
2.088290667938871970e+00
2.088306780299086007e+00
2.088320637307950367e+00
2.088332568758505037e+00
2.088357912493131963e+00
2.088381142674857749e+00
2.088401719866112671e+00
2.088422642960604314e+00
2.088431817211314545e+00
2.088441257566542308e+00
2.088454513937105794e+00
2.088465729326729470e+00
2.088476562564048677e+00
2.088500934530027386e+00
2.088524067494122782e+00
2.088546557961977967e+00
2.088565688215214156e+00
2.088584672686229826e+00
2.088604317514052511e+00
2.088624179765102173e+00
2.088643020772551928e+00
2.088661467868999200e+00
2.088680599984905850e+00
2.088699256026682161e+00
2.088718946560379042e+00
2.088735999306198909e+00
2.088754691541274244e+00
2.088762121728820365e+00
2.088782321519911278e+00
2.088802129109449623e+00
2.088812059769344920e+00
2.088829143452186177e+00
2.088844790953217068e+00
2.088853173266919327e+00
2.088870421447509784e+00
2.088889362766182867e+00
2.088901227038453268e+00
2.088910975211946131e+00
2.088922114811962771e+00
2.088941688254165374e+00
2.088960880719247015e+00
2.088979507140249048e+00
2.088997490819429537e+00
2.089015701549225223e+00
2.089022500166474394e+00
2.089041124982395470e+00
2.089058557207271516e+00
2.089076153235364774e+00
2.089094480174823687e+00
2.089112070386679676e+00
2.089121686376732789e+00
2.089140576527716675e+00
2.089158295078001437e+00
2.089175515831769747e+00
2.089192470602772911e+00
2.089201694249631203e+00
2.089214167756165086e+00
2.089232407784780143e+00
2.089249554777854900e+00
2.089267312327472759e+00
2.089284209777813928e+00
2.089292461829083791e+00
2.089310712537934211e+00
2.089327912823714772e+00
2.089344920087687463e+00
2.089361870642617358e+00
2.089379563907805881e+00
2.089395992359152299e+00
2.089412183240673127e+00
2.089427866971591996e+00
2.089435652944623190e+00
2.089446391281833737e+00
2.089464097377611740e+00
2.089474544690751223e+00
2.089490895438967044e+00
2.089507347935849690e+00
2.089524117636461398e+00
2.089538600879048413e+00
2.089554127954290408e+00
2.089562861547341832e+00
2.089579812723706187e+00
2.089588747380404676e+00
2.089606846370684501e+00
2.089624175469504408e+00
2.089633914919065916e+00
2.089653958919007515e+00
2.089670644099759667e+00
2.089680293402133682e+00
2.089691751874950043e+00
2.089710851301412209e+00
2.089725792335211274e+00
2.089736423123484954e+00
2.089751976398388500e+00
2.089760080865934455e+00
2.089776726717083477e+00
2.089791486622115002e+00
2.089807261102319735e+00
2.089823624070778152e+00
2.089831898725684312e+00
2.089848216737362652e+00
2.089864253034216635e+00
2.089878160785986871e+00
2.089892511003196063e+00
2.089900689630677100e+00
2.089908089586593576e+00
2.089916820753336513e+00
2.089934133076350342e+00
2.089950554613900113e+00
2.089965709398954985e+00
2.089973085869317071e+00
2.089989233118367817e+00
2.089997289155514082e+00
2.090015099629271678e+00
2.090031149600361626e+00
2.090046113031526875e+00
2.090059461464444102e+00
2.090073934054080596e+00
2.090088132310506719e+00
2.090102002655895852e+00
2.090116938502249777e+00
2.090131001214087458e+00
2.090144751994146066e+00
2.090159123111460904e+00
2.090172775269081296e+00
2.090186378694472324e+00
2.090200728967811727e+00
2.090213895151486589e+00
2.090224349683091898e+00
2.090236898206058846e+00
2.090248441418422143e+00
2.090261329511761801e+00
2.090268590696719997e+00
2.090282797185063934e+00
2.090289982027734972e+00
2.090305284635027405e+00
2.090310529877027701e+00
2.090326163354927047e+00
2.090341682586502436e+00
2.090347090719070877e+00
2.090361808336409943e+00
2.090370745614229087e+00
2.090379647575426603e+00
2.090388067747611878e+00
2.090405680696417967e+00
2.090415593794462179e+00
2.090422376975459517e+00
2.090439173228283654e+00
2.090447062261026723e+00
2.090458031332896205e+00
2.090473231940671806e+00
2.090480981257497817e+00
2.090496583309715550e+00
2.090512073084757283e+00
2.090520259438538364e+00
2.090537752250581249e+00
2.090551745190214028e+00
2.090557347291555068e+00
2.090571637347919065e+00
2.090585965373782606e+00
2.090599589634964506e+00
2.090614049899505833e+00
2.090627133330296150e+00
2.090640173865726759e+00
2.090653036685631072e+00
2.090659032860005428e+00
2.090673464253331115e+00
2.090686449211409670e+00
2.090692336049360112e+00
2.090700942843212840e+00
2.090717081460100601e+00
2.090728903734856203e+00
2.090741873825893382e+00
2.090755957028320733e+00
2.090768945274550372e+00
2.090782601470893010e+00
2.090796376767066977e+00
2.090804244503202458e+00
2.090811106184383927e+00
2.090826289081306744e+00
2.090839064290030080e+00
2.090852020988956284e+00
2.090858148358743396e+00
2.090871804270299616e+00
2.090885276223655609e+00
2.090898782244817955e+00
2.090912382747706744e+00
2.090926104171978217e+00
2.090933505525433223e+00
2.090946991516553499e+00
2.090960855189133216e+00
2.090973945781838594e+00
2.090986531510178548e+00
2.090998981036809923e+00
2.091011595826883784e+00
2.091017565278360024e+00
2.091025920996231857e+00
2.091038335170968043e+00
2.091051091034632048e+00
2.091057320390266927e+00
2.091070611762360087e+00
2.091076304832882649e+00
2.091090092598741457e+00
2.091097944629789041e+00
2.091111747140098842e+00
2.091124568694144870e+00
2.091136169114901744e+00
2.091141898673168686e+00
2.091155393719504652e+00
2.091162390752498990e+00
2.091169792295422436e+00
2.091177610678608634e+00
2.091192038447936774e+00
2.091205712884898205e+00
2.091219213131859433e+00
2.091232453568742766e+00
2.091238806173496112e+00
2.091247093476431118e+00
2.091261901616800145e+00
2.091274658148481791e+00
2.091287267181048737e+00
2.091292721876599980e+00
2.091306073139171051e+00
2.091317794142608211e+00
2.091330039241007910e+00
2.091334722238954225e+00
2.091341872249419254e+00
2.091349078271551143e+00
2.091356961105394152e+00
2.091364944076223864e+00
2.091372053232674944e+00
2.091385808137303126e+00
2.091400368726032077e+00
2.091413426006131004e+00
2.091427023623340986e+00
2.091439692549745821e+00
2.091451787822277364e+00
2.091457710366078970e+00
2.091469622599972489e+00
2.091481826318152937e+00
2.091494472580599506e+00
2.091501405936098124e+00
2.091515078448374698e+00
2.091521094271874048e+00
2.091535338179846271e+00
2.091546891538971664e+00
2.091559154618047423e+00
2.091571449757842149e+00
2.091582935513261798e+00
2.091589150278470033e+00
2.091602473441649401e+00
2.091614138818015167e+00
2.091626476556180503e+00
2.091632575873815014e+00
2.091644674146899696e+00
2.091650763429105275e+00
2.091664098303076980e+00
2.091670207842827978e+00
2.091682867370542542e+00
2.091696080628655086e+00
2.091702173276648757e+00
2.091715048102547048e+00
2.091720641230929267e+00
2.091732933480638934e+00
2.091739672615892776e+00
2.091752624483718126e+00
2.091758243765861280e+00
2.091770533298203727e+00
2.091782818191016524e+00
2.091795474024904067e+00
2.091808199416298919e+00
2.091819877293613406e+00
2.091830599178145178e+00
2.091841817017327632e+00
2.091847957365676081e+00
2.091859724225302752e+00
2.091871691739496164e+00
2.091883199944377214e+00
2.091893402731934248e+00
2.091903232361221221e+00
2.091913318140008027e+00
2.091922289180576655e+00
2.091932168931769365e+00
2.091942159322945916e+00
2.091951480026498444e+00
2.091956360064310960e+00
2.091963061315152306e+00
2.091975126297350940e+00
2.091980191340177431e+00
2.091991681812597648e+00
2.091997884694575927e+00
2.092009916381951218e+00
2.092019785392927211e+00
2.092030959186133465e+00
2.092041943194435483e+00
2.092052461119344731e+00
2.092064050581302848e+00
2.092069969778520555e+00
2.092079726139411289e+00
2.092090479824456839e+00
2.092100062044127906e+00
2.092110669480437668e+00
2.092121810421884831e+00
2.092131111961580636e+00
2.092136700723994824e+00
2.092147213827841856e+00
2.092158407263586817e+00
2.092167922724061491e+00
2.092172902594724437e+00
2.092184074151751894e+00
2.092188472910501584e+00
2.092198648247596715e+00
2.092208135806928659e+00
2.092217834004264088e+00
2.092224592652042858e+00
2.092234972365804690e+00
2.092244405470955471e+00
2.092253390271989311e+00
2.092258916169220662e+00
2.092268836037985302e+00
2.092278909552992339e+00
2.092284093634489306e+00
2.092290804533282422e+00
2.092302431421696696e+00
2.092314581555597464e+00
2.092324346270198365e+00
2.092329829649534290e+00
2.092341693818714710e+00
2.092354035284450742e+00
2.092366427284827246e+00
2.092371333831930968e+00
2.092385071931695872e+00
2.092390358015544738e+00
2.092405811058273279e+00
2.092420758118305635e+00
2.092429031306365594e+00
2.092437928525104240e+00
2.092447483303576661e+00
2.092464446317630511e+00
2.092473344527870260e+00
2.092484592591343340e+00
2.092505214931724034e+00
2.092526068227803737e+00
2.092546333380003620e+00
2.092566340319014007e+00
2.092585406934276193e+00
2.092597395739621113e+00
2.092619525659363156e+00
2.092629298813286187e+00
2.092651227823166593e+00
2.092674955963148342e+00
2.092689309013795906e+00
2.092702987471353193e+00
2.092725019931929609e+00
2.092744220131729005e+00
2.092767289036549183e+00
2.092790380947327833e+00
2.092802030806910185e+00
2.092829468065738219e+00
2.092856857854682673e+00
2.092884532575103762e+00
2.092913153526614778e+00
2.092944993174420176e+00
2.092971362540265723e+00
2.092974133115869328e+00
2.093009960725731755e+00
2.093044514402311318e+00
2.093081069651637538e+00
2.093118179518658195e+00
2.093155591800530235e+00
2.093194367491689523e+00
2.093211601950069944e+00
2.093225325722518626e+00
2.093269958880020987e+00
2.093311785014284165e+00
2.093349118643498930e+00
2.093371952636476685e+00
2.093416724256166983e+00
2.093458925521474612e+00
2.093494383415679838e+00
2.093506612709608472e+00
2.093549825110175622e+00
2.093585390499047350e+00
2.093614500590698313e+00
2.093627836419764687e+00
2.093674314804245373e+00
2.093723428140679133e+00
2.093747813124458457e+00
2.093784758604389840e+00
2.093841500936026279e+00
2.093898220117762055e+00
2.093954041185934756e+00
2.094010604875541137e+00
2.094046881465086329e+00
2.094077434652190650e+00
2.094145429632992883e+00
2.094173041662253709e+00
2.094241540933380996e+00
2.094273449670736476e+00
2.094336565268206218e+00
2.094347101069526484e+00
2.094381161152609305e+00
2.094415464647377156e+00
2.094468926734679215e+00
2.094538842563155701e+00
2.094609950452769542e+00
2.094677045525466852e+00
2.094747034142232067e+00
2.094787468937055586e+00
2.094829753145499573e+00
2.094901568273459525e+00
2.094941708918726775e+00
2.095005782749264078e+00
2.095067889744650191e+00
2.095136852623826762e+00
2.095206738899763277e+00
2.095269312422074037e+00
2.095335277187938772e+00
2.095393664996644034e+00
2.095428090246287400e+00
2.095492337704039087e+00
2.095562916566251932e+00
2.095636128219530381e+00
2.095681707390419035e+00
2.095721822589378558e+00
2.095774076410571229e+00
2.095821948661783729e+00
2.095880462859277760e+00
2.095973018742835592e+00
2.096063089257425016e+00
2.096150420379057966e+00
2.096196115051131237e+00
2.096239606011968792e+00
2.096320441653184652e+00
2.096371520298779600e+00
2.096423288360571124e+00
2.096519756533670176e+00
2.096607663028270174e+00
2.096693600579093708e+00
2.096713211599908089e+00
2.096807385032107618e+00
2.096830065852179015e+00
2.096866039503388457e+00
2.096961731510207816e+00
2.097056573302002569e+00
2.097154328012814428e+00
2.097249350591647410e+00
2.097292802398263323e+00
2.097388862738926107e+00
2.097432835392807782e+00
2.097490500328949903e+00
2.097545009883146072e+00
2.097648415647459963e+00
2.097704687696089199e+00
2.097765426393638943e+00
2.097869347520323835e+00
2.097975309771506147e+00
2.098074820345650959e+00
2.098127159537943154e+00
2.098230990742392166e+00
2.098284439797265755e+00
2.098389845546741572e+00
2.098487492165097112e+00
2.098581235048059490e+00
2.098621683941982230e+00
2.098710151235419819e+00
2.098764759417563130e+00
2.098866074460551623e+00
2.098892382264042400e+00
2.098950102971110176e+00
2.099000960433885954e+00
2.099108687493284275e+00
2.099135147180567262e+00
2.099236855360870901e+00
2.099341420229272170e+00
2.099435360348928192e+00
2.099525808271820448e+00
2.099610156297492480e+00
2.099707217357348110e+00
2.099805416567352978e+00
2.099895397053666457e+00
2.099942821577367003e+00
2.099969905036416229e+00
2.100077418295589027e+00
2.100136101583982118e+00
2.100188179873572647e+00
2.100296055601234446e+00
2.100362484215430037e+00
2.100466429603371044e+00
2.100525244321463259e+00
2.100645225712429731e+00
2.100707015959557555e+00
2.100735243264019392e+00
2.100792769330768195e+00
2.100899991091322416e+00
2.101019883875925309e+00
2.101129687454678763e+00
2.101189633027857884e+00
2.101201075739086654e+00
2.101329771598800633e+00
2.101453038622071112e+00
2.101562396126845478e+00
2.101625064546956079e+00
2.101688985009699806e+00
2.101762545035624541e+00
2.101890871011115713e+00
2.101962796587156568e+00
2.102082005970413725e+00
2.102139872791532582e+00
2.102213633163673823e+00
2.102354012461015831e+00
2.102425731814678400e+00
2.102545066803820362e+00
2.102664172096427198e+00
2.102785484704208674e+00
2.102854571794267713e+00
2.102884171876182595e+00
2.102909921642309499e+00
2.102986363309070850e+00
2.103136496020241442e+00
2.103265293093754096e+00
2.103392665574479459e+00
2.103463109902387274e+00
2.103589659698681835e+00
2.103610631362748506e+00
2.103685774052844515e+00
2.103753400125836670e+00
2.103905957978430052e+00
2.104043894860714303e+00
2.104107276145620986e+00
2.104193025302374842e+00
2.104250732721700157e+00
2.104387842690747412e+00
2.104459232118400358e+00
2.104581801009664410e+00
2.104656161819172144e+00
2.104734653598910210e+00
2.104827563600985219e+00
2.104905574575556049e+00
2.105061542990661394e+00
2.105199311567639064e+00
2.105261931732843372e+00
2.105288733121991829e+00
2.105372125942117645e+00
2.105528153618910991e+00
2.105666817560364557e+00
2.105744176225648800e+00
2.105801621613194730e+00
2.105949558780203734e+00
2.106080086366984183e+00
2.106157058090343703e+00
2.106284852828240517e+00
2.106321047441906291e+00
2.106397030233868595e+00
2.106537085953526844e+00
2.106567655521873306e+00
2.106705020407803719e+00
2.106776912802622359e+00
2.106901343600433130e+00
2.106970837884692305e+00
2.107112899345847890e+00
2.107181389210465827e+00
2.107336994981042544e+00
2.107486698858542784e+00
2.107557992904641075e+00
2.107637416515913742e+00
2.107714574333456881e+00
2.107798428719268369e+00
2.107885148049091217e+00
2.108047902830991305e+00
2.108189075135125101e+00
2.108266851844697864e+00
2.108397701768480736e+00
2.108465165770450955e+00
2.108529928899347539e+00
2.108610042403144647e+00
2.108698179726361310e+00
2.108835772203093040e+00
2.108964467939351106e+00
2.108990881794985395e+00
2.109030776803054064e+00
2.109209691583616486e+00
2.109307628622547615e+00
2.109461270540191613e+00
2.109525790789563704e+00
2.109668112865453971e+00
2.109800922386843691e+00
2.109862469049340827e+00
2.109935389746177670e+00
2.110090117859191317e+00
2.110156744436702869e+00
2.110291082951217589e+00
2.110313899509783209e+00
2.110351503303188547e+00
2.110428892011899205e+00
2.110512086396890030e+00
2.110613399617311092e+00
2.110696889187109626e+00
2.110786722307416152e+00
2.110898476868332541e+00
2.111053038422080252e+00
2.111131552363399777e+00
2.111229553608637843e+00
2.111318716058445677e+00
2.111414312988283193e+00
2.111567114798341027e+00
2.111603664439144268e+00
2.111684874282708346e+00
2.111762934536194791e+00
2.111862542178588154e+00
2.112000401789483561e+00
2.112075197742901977e+00
2.112214963901834608e+00
2.112344314653726851e+00
2.112383821445219745e+00
2.112447109036525106e+00
2.112577867875736981e+00
2.112687815654689327e+00
2.112747342926905247e+00
2.112807436306652242e+00
2.112929697954220476e+00
2.112993205444805955e+00
2.113116719612768701e+00
2.113177287834978824e+00
2.113294052001826184e+00
2.113398969443769371e+00
2.113457034082340869e+00
2.113561969693054987e+00
2.113656518377569071e+00
2.113708305905364071e+00
2.113754103800916440e+00
2.113820457913121231e+00
2.113926365705742771e+00
2.114025839016187458e+00
2.114115651242023386e+00
2.114152466178595535e+00
2.114249428589930702e+00
2.114301422183518575e+00
2.114328150627099223e+00
2.114424416485591873e+00
2.114517891784891468e+00
2.114613275102021905e+00
2.114702145885500872e+00
2.114785454926153996e+00
2.114832777158166977e+00
2.114877076062843919e+00
2.114944132890806738e+00
2.114998298027358725e+00
2.115094303754177396e+00
2.115176379930033601e+00
2.115224396782598326e+00
2.115313862086940500e+00
2.115360789968325772e+00
2.115411249532560767e+00
2.115432457129174715e+00
2.115528977071329031e+00
2.115574255842640028e+00
2.115657487696752881e+00
2.115694445892971398e+00
2.115774042785460995e+00
2.115791319461123088e+00
2.115885540015883581e+00
2.115962671321172994e+00
2.115998435527531196e+00
2.116074927207325374e+00
2.116089330765948073e+00
2.116173252797643123e+00
2.116192360875328138e+00
2.116276983082287177e+00
2.116313809051549644e+00
2.116371822646315959e+00
2.116415675196688273e+00
2.116463243328801092e+00
2.116544338378656853e+00
2.116582022204917202e+00
2.116634624505376205e+00
2.116676497828407832e+00
2.116711242531491344e+00
2.116789477042550605e+00
2.116862913255857848e+00
2.116934161900275502e+00
2.116968132953761739e+00
2.117030236648577368e+00
2.117094893246379339e+00
2.117116914795462712e+00
2.117187843182604556e+00
2.117224150438839825e+00
2.117291243813221868e+00
2.117351695929130084e+00
2.117380796998865833e+00
2.117424016922977881e+00
2.117493049695203133e+00
2.117525717710392996e+00
2.117592854512439615e+00
2.117621090990437605e+00
2.117642095878354613e+00
2.117709561615870761e+00
2.117771898051797219e+00
2.117830914114839036e+00
2.117887882906341446e+00
2.117913576944618459e+00
2.117950696870036342e+00
2.118007534065092123e+00
2.118032354026275321e+00
2.118086613398161067e+00
2.118142308589783251e+00
2.118163889101705166e+00
2.118187454691400795e+00
2.118213125968980037e+00
2.118280285601017887e+00
2.118308592404639867e+00
2.118341294480834414e+00
2.118376583401547997e+00
2.118435281556340755e+00
2.118447526412668758e+00
2.118510792376870011e+00
2.118568205396047510e+00
2.118617539946450190e+00
2.118641791467636093e+00
2.118695114937207968e+00
2.118745591867202016e+00
2.118752442925709634e+00
2.118785276089220293e+00
2.118817159879910150e+00
2.118867934624164562e+00
2.118888924373967697e+00
2.118944408486358011e+00
2.118970738549289301e+00
2.118987049020384816e+00
2.119043945175508092e+00
2.119089717804794049e+00
2.119135188632053080e+00
2.119161857598189425e+00
2.119194124755575004e+00
2.119247621051981945e+00
2.119270167665565641e+00
2.119321170729552950e+00
2.119365752197460928e+00
2.119406330264807181e+00
2.119446956455828701e+00
2.119464836750969639e+00
2.119486223395463220e+00
2.119533832399130624e+00
2.119579998383326114e+00
2.119601185360139084e+00
2.119632533998360824e+00
2.119679517512705225e+00
2.119717312931310271e+00
2.119725081206921935e+00
2.119772774036364105e+00
2.119797235999958396e+00
2.119818668382201121e+00
2.119869110206141549e+00
2.119916334279701609e+00
2.119961555347547488e+00
2.119967851623238975e+00
2.120015726979075144e+00
2.120034629311684515e+00
2.120079949676363373e+00
2.120117701301206026e+00
2.120138830151071296e+00
2.120184320175860559e+00
2.120212209184380026e+00
2.120240147082531834e+00
2.120282447150285687e+00
2.120299159159061642e+00
2.120344329827425156e+00
2.120390411166190869e+00
2.120429349004459674e+00
2.120464426000010061e+00
2.120497680347273928e+00
2.120521113221215614e+00
2.120557965368984998e+00
2.120591123571429204e+00
2.120609994579885971e+00
2.120631545647581273e+00
2.120672621490445220e+00
2.120711452326851543e+00
2.120745783282878882e+00
2.120762861792203413e+00
2.120787692486163056e+00
2.120812168278480403e+00
2.120838610823866599e+00
2.120864797200584295e+00
2.120911069554020312e+00
2.120920866789181680e+00
2.120967449620288825e+00
2.121006049446418906e+00
2.121044282027941374e+00
2.121067911188285304e+00
2.121089594065229456e+00
2.121134936784286218e+00
2.121153433451069326e+00
2.121163658329810797e+00
2.121206340685915404e+00
2.121230459360867293e+00
2.121269433032926699e+00
2.121302505541243555e+00
2.121322752187002614e+00
2.121345147310206958e+00
2.121379719106940342e+00
2.121398352948437704e+00
2.121437224255766196e+00
2.121475039413127650e+00
2.121510055970266428e+00
2.121529706186990438e+00
2.121553316498498098e+00
2.121590320461492318e+00
2.121604631524083295e+00
2.121637159963506214e+00
2.121667944659123339e+00
2.121681560787278986e+00
2.121694675863739832e+00
2.121728336383521096e+00
2.121751284872415155e+00
2.121771603717415022e+00
2.121797437991931101e+00
2.121832951488175745e+00
2.121851199672158295e+00
2.121883630433302859e+00
2.121897601686700163e+00
2.121931967369161676e+00
2.121940199043816033e+00
2.121954084191060019e+00
2.121991929835497004e+00
2.122021976994338033e+00
2.122041798182208616e+00
2.122075822179142257e+00
2.122104834940145679e+00
2.122117256912459116e+00
2.122149319817166369e+00
2.122181299414051647e+00
2.122186847868114956e+00
2.122218869835696964e+00
2.122246100036618177e+00
2.122260071442999330e+00
2.122291889541057408e+00
2.122325417379526957e+00
2.122342996639554169e+00
2.122376646334566352e+00
2.122385170250763231e+00
2.122416308570933108e+00
2.122443737077290837e+00
2.122472403135581498e+00
2.122498258979729435e+00
2.122515522485367789e+00
2.122535888153115113e+00
2.122570752665606797e+00
2.122587256116951870e+00
2.122601314988524113e+00
2.122623099557130466e+00
2.122657789320318678e+00
2.122664703342923787e+00
2.122686259639384065e+00
2.122722179398006226e+00
2.122750570786392732e+00
2.122782429846603591e+00
2.122812409521985799e+00
2.122842317342567675e+00
2.122868576241306648e+00
2.122880461651466710e+00
2.122903765172960089e+00
2.122911236288768766e+00
2.122940812289280110e+00
2.122968428451478040e+00
2.122991282006450930e+00
2.123017476817067539e+00
2.123019714025269788e+00
2.123033561777828648e+00
2.123066036876117391e+00
2.123097848865917570e+00
2.123116138381370366e+00
2.123138488383798261e+00
2.123169634299487907e+00
2.123185800479768126e+00
2.123201114256937583e+00
2.123232490918568249e+00
2.123263354278287718e+00
2.123280300449860825e+00
2.123311885460422932e+00
2.123337008888174449e+00
2.123347855594523548e+00
2.123377042262331926e+00
2.123404483261030595e+00
2.123417365016001312e+00
2.123429664301290209e+00
2.123442273348910003e+00
2.123462066381293312e+00
2.123469768604449914e+00
2.123478801631386137e+00
2.123512819115066730e+00
2.123543572465416585e+00
2.123560462037396679e+00
2.123577664253913699e+00
2.123606174180402650e+00
2.123631902497173485e+00
2.123648613553357212e+00
2.123662418730261070e+00
2.123692488193171357e+00
2.123721341269288132e+00
2.123744984297976757e+00
2.123755816977574984e+00
2.123771876179519680e+00
2.123801630075442315e+00
2.123813039635081612e+00
2.123830307455195410e+00
2.123858732115708303e+00
2.123870603342598251e+00
2.123900099920091211e+00
2.123927737814826688e+00
2.123950443340053340e+00
2.123959385484887274e+00
2.123985475669342815e+00
2.123990910486581729e+00
2.124021663902630586e+00
2.124048379759366778e+00
2.124059701256872490e+00
2.124078725788249855e+00
2.124106647536148085e+00
2.124131297496954840e+00
2.124142565840120511e+00
2.124167279690715837e+00
2.124181674130621644e+00
2.124205401558123096e+00
2.124226994366164245e+00
2.124249722539894414e+00
2.124273211122494232e+00
2.124293169324441788e+00
2.124302581081443986e+00
2.124323360889071921e+00
2.124331617692448937e+00
2.124354561185846091e+00
2.124367855005467209e+00
2.124378353561227506e+00
2.124395396298165650e+00
2.124402945627906991e+00
2.124418990893276238e+00
2.124433411410394879e+00
2.124451205339997983e+00
2.124465271949844247e+00
2.124496061938622393e+00
2.124522454382212988e+00
2.124534993417566575e+00
2.124551546761031862e+00
2.124564398810953048e+00
2.124592019325564962e+00
2.124615095413760812e+00
2.124639710093018330e+00
2.124661268589223440e+00
2.124672478015509736e+00
2.124696805442041647e+00
2.124711549697068325e+00
2.124737555669899081e+00
2.124747430654142288e+00
2.124761462428026437e+00
2.124786765507118869e+00
2.124809796157216990e+00
2.124823071717489409e+00
2.124840324543058045e+00
2.124847056402690892e+00
2.124862465911714793e+00
2.124874484045555345e+00
2.124892187293475843e+00
2.124918177461887936e+00
2.124939859797589925e+00
2.124951488569797764e+00
2.124962013711830799e+00
2.124976847984059170e+00
2.124994821913580356e+00
2.125001493935744445e+00
2.125028439871718078e+00
2.125051621235725996e+00
2.125062556382720569e+00
2.125085824301370163e+00
2.125099793460079489e+00
2.125113274093948235e+00
2.125120119847299982e+00
2.125137030725095411e+00
2.125152518545322611e+00
2.125159170591203850e+00
2.125174382009800134e+00
2.125200572975118440e+00
2.125211806102264678e+00
2.125235230418577093e+00
2.125246296576089655e+00
2.125271905752016188e+00
2.125281413204729741e+00
2.125294814831601986e+00
2.125317368763166126e+00
2.125326295002837096e+00
2.125336181230083277e+00
2.125350278475378385e+00
2.125363160305270505e+00
2.125391141863282041e+00
2.125404384315563000e+00
2.125430338879705783e+00
2.125434229471641512e+00
2.125460576688810832e+00
2.125485303012168536e+00
2.125509457159790117e+00
2.125520142042384375e+00
2.125543275874971272e+00
2.125557376114068031e+00
2.125582285323897924e+00
2.125604068697103166e+00
2.125613524528624065e+00
2.125628085073953510e+00
2.125649996982356793e+00
2.125669240155247053e+00
2.125688185533593177e+00
2.125690366340655668e+00
2.125702891877493173e+00
2.125725849707525317e+00
2.125735550996176393e+00
2.125747998307051301e+00
2.125771303715201288e+00
2.125781061596450083e+00
2.125792898177961465e+00
2.125814047861534828e+00
2.125832341880148135e+00
2.125842906231697693e+00
2.125855236810323845e+00
2.125877346333687967e+00
2.125891513494203799e+00
2.125914756176749520e+00
2.125936131520535177e+00
2.125947054160765237e+00
2.125967069176556645e+00
2.125987095957857065e+00
2.125995745090485833e+00
2.126016621662124795e+00
2.126026903434597770e+00
2.126039268642445634e+00
2.126060886472128431e+00
2.126066056416280770e+00
2.126086712912227839e+00
2.126106777901600964e+00
2.126127755887696757e+00
2.126137645027989631e+00
2.126148838506237038e+00
2.126171564542366887e+00
2.126181527882815558e+00
2.126192119048775808e+00
2.126198416635202371e+00
2.126209341885692439e+00
2.126222608014639359e+00
2.126233401471501860e+00
2.126253568851178777e+00
2.126274054582162343e+00
2.126282208262517237e+00
2.126295448800784360e+00
2.126305979009863290e+00
2.126313480869808537e+00
2.126318682840194985e+00
2.126341759339065884e+00
2.126352531627305975e+00
2.126364494148346385e+00
2.126382752697124623e+00
2.126390875067343700e+00
2.126401893856415981e+00
2.126415802245785081e+00
2.126426815500155776e+00
2.126449387239147892e+00
2.126470221550111894e+00
2.126490129771269721e+00
2.126500387982125595e+00
2.126512155797254611e+00
2.126534237166764818e+00
2.126543259415411669e+00
2.126553243927850279e+00
2.126566412892894053e+00
2.126589290416216471e+00
2.126608985364418558e+00
2.126618168646395191e+00
2.126636017372433685e+00
2.126644747503891431e+00
2.126654303193072693e+00
2.126667706070484165e+00
2.126673332148419693e+00
2.126684938751635556e+00
2.126704742461881459e+00
2.126716333882309407e+00
2.126738693858604368e+00
2.126758141788735124e+00
2.126776346136433737e+00
2.126786936790513671e+00
2.126797673210015116e+00
2.126818411756104421e+00
2.126837923575454425e+00
2.126854270491607135e+00
2.126870163041637785e+00
2.126886507004472904e+00
2.126900967646427443e+00
2.126916649205862431e+00
2.126933300541739680e+00
2.126941038309390297e+00
2.126950170960773878e+00
2.126966328309991550e+00
2.126973370466337609e+00
2.126990957854720143e+00
2.127004901415633586e+00
2.127011746843304518e+00
2.127014686157719048e+00
2.127022671068794502e+00
2.127035836877910757e+00
2.127055768765925947e+00
2.127064079597231760e+00
2.127076127375265191e+00
2.127096667348272963e+00
2.127105474688657072e+00
2.127123446684335395e+00
2.127129294303417240e+00
2.127138694270636066e+00
2.127151549454379342e+00
2.127172270944154508e+00
2.127179973175850503e+00
2.127197413753853183e+00
2.127204194955773175e+00
2.127223017471748356e+00
2.127234459817482382e+00
2.127253517085689882e+00
2.127261248742023270e+00
2.127272216365477586e+00
2.127290593258948981e+00
2.127301222810376480e+00
2.127319694514674620e+00
2.127329145085689710e+00
2.127347501546397179e+00
2.127364907306933173e+00
2.127382547752232789e+00
2.127400796483408740e+00
2.127416279201789884e+00
2.127424399207814787e+00
2.127434255430135757e+00
2.127439257135159245e+00
2.127458688024949751e+00
2.127478343892144963e+00
2.127488974997196802e+00
2.127499097212232293e+00
2.127516609366761902e+00
2.127519994578214835e+00
2.127531366618079733e+00
2.127543028341130515e+00
2.127559026192792579e+00
2.127569337462231758e+00
2.127577845037329496e+00
2.127596260880858292e+00
2.127613530991155688e+00
2.127628507947764813e+00
2.127644487246988625e+00
2.127658864169460262e+00
2.127665136780271471e+00
2.127680867626205341e+00
2.127687087833401769e+00
2.127703427622678500e+00
2.127711536148726879e+00
2.127719338125568793e+00
2.127729319219754611e+00
2.127739681586559684e+00
2.127755249769819557e+00
2.127772494237036405e+00
2.127787382764324331e+00
2.127795901513136911e+00
2.127806295515676904e+00
2.127815318045083615e+00
2.127823583311358568e+00
2.127842317399821770e+00
2.127852764111962891e+00
2.127869818764994037e+00
2.127887396905151718e+00
2.127897272684867946e+00
2.127902303193907940e+00
2.127921220015452697e+00
2.127925156326007983e+00
2.127933899990448907e+00
2.127941803922267727e+00
2.127953510617960120e+00
2.127961735448869351e+00
2.127969657081402843e+00
2.127982248155863676e+00
2.127991911574247386e+00
2.128000848740753792e+00
2.128013478611894271e+00
2.128023013870145697e+00
2.128032543023282042e+00
2.128050342894075353e+00
2.128059382414256628e+00
2.128065663414377973e+00
2.128069846427559586e+00
2.128076309306278002e+00
2.128093988118171076e+00
2.128102777866299533e+00
2.128104493985676360e+00
2.128115749835992165e+00
2.128133628230917118e+00
2.128150338639173356e+00
2.128167403631671117e+00
2.128185919562332717e+00
2.128189186251176146e+00
2.128198645365634079e+00
2.128210559474200014e+00
2.128221142117091791e+00
2.128230217587417261e+00
2.128249063421811638e+00
2.128257858086486376e+00
2.128276999915402534e+00
2.128286611465072475e+00
2.128292369476945112e+00
2.128303510063732862e+00
2.128321518318520678e+00
2.128329313425903369e+00
2.128340807989884009e+00
2.128348154045424323e+00
2.128358851974978538e+00
2.128368819012461444e+00
2.128379862314518700e+00
2.128384387003190437e+00
2.128395867625355820e+00
2.128407849084188008e+00
2.128426801536328128e+00
2.128436486533628713e+00
2.128447718859800997e+00
2.128466483629059880e+00
2.128483117938538616e+00
2.128491533685857640e+00
2.128506846426380328e+00
2.128523667372352435e+00
2.128538038109786701e+00
2.128545565917082882e+00
2.128555865015030690e+00
2.128565776844065116e+00
2.128568259007523444e+00
2.128585567552612634e+00
2.128601501026170073e+00
2.128610602355129444e+00
2.128617150232058108e+00
2.128632635954351038e+00
2.128636712605404657e+00
2.128652638486831172e+00
2.128659344909881401e+00
2.128667620825513307e+00
2.128681772464569466e+00
2.128689615283064995e+00
2.128697968859663003e+00
2.128705403296065501e+00
2.128724006224032017e+00
2.128740135589347382e+00
2.128755249348835754e+00
2.128759133008740978e+00
2.128774242055681665e+00
2.128789243391790098e+00
2.128804427078768047e+00
2.128818899961637978e+00
2.128833521241233040e+00
2.128839212480179821e+00
2.128848039960009153e+00
2.128864279110608937e+00
2.128871101730556159e+00
2.128887052741508690e+00
2.128901572771448869e+00
2.128915087390490513e+00
2.128929905133223777e+00
2.128943855324365142e+00
2.128948997340573968e+00
2.128954967141814869e+00
2.128961591053025959e+00
2.128972100330451145e+00
2.128981640308570622e+00
2.128989909578089534e+00
2.129005924290707341e+00
2.129012866464487175e+00
2.129019583315069131e+00
2.129036039558359850e+00
2.129043501559714890e+00
2.129049869037432874e+00
2.129057173980940743e+00
2.129063160673053900e+00
2.129073184109894878e+00
2.129082402093379400e+00
2.129087774196864569e+00
2.129100026512590560e+00
2.129103779810288533e+00
2.129115379048879042e+00
2.129126102782094687e+00
2.129135871006676339e+00
2.129152754292320537e+00
2.129167419298441999e+00
2.129180153730436231e+00
2.129193419551212774e+00
2.129201792164225449e+00
2.129216674728808822e+00
2.129230857868702920e+00
2.129236841881132491e+00
2.129251793379996371e+00
2.129266486624885601e+00
2.129280301750670290e+00
2.129288805429503828e+00
2.129298117017211389e+00
2.129306901121299056e+00
2.129313869121074898e+00
2.129327749244001922e+00
2.129342342022280121e+00
2.129348397164995799e+00
2.129363292133874985e+00
2.129376641295558148e+00
2.129389293068046474e+00
