9.648067530323747309e-01
9.648067920786566054e-01
9.648068239034318649e-01
9.648068475503969177e-01
9.648068615980534002e-01
9.648068651475382174e-01
9.648068581164218616e-01
9.648068419556177222e-01
9.648068188351596186e-01
9.648067910184069396e-01
9.648067603605259279e-01
9.648067282980987702e-01
9.648066958506036350e-01
9.648066637757140018e-01
9.648066324446993303e-01
9.648066022091951188e-01
9.648065732541435402e-01
9.648065457262771094e-01
9.648065195650009640e-01
9.648064948014732911e-01
9.648064714461053182e-01
9.648064495071224655e-01
9.648064288298933144e-01
9.648064094697440529e-01
9.648063912695716837e-01
9.648063742293238043e-01
9.648063583189370185e-01
9.648063434787226278e-01
9.648063296663612620e-01
9.648063168291617364e-01
9.648063049186725859e-01
9.648062939365921187e-01
9.648062838314728218e-01
9.648062745584908839e-01
9.648062661175921262e-01
9.648062584609983228e-01
9.648062515670852157e-01
9.648062454326444826e-01
9.648062400257532145e-01
9.648062353258696211e-01
9.648062313145436830e-01
9.648062280018985248e-01
9.648062253588916004e-01
9.648062233830705381e-01
9.648062220594502136e-01
9.648062213904486928e-01
9.648062213612889071e-01
9.648062802796704140e-01
9.648062891397924945e-01
9.648063427271402759e-01
9.648063310031227413e-01
9.648063241014850355e-01
9.648063207144736975e-01
9.648063362607864901e-01
9.648063306657688187e-01
9.648063479033942569e-01
9.648063414091652135e-01
9.648063588508219990e-01
9.648063523836368782e-01
9.648063702210915027e-01
9.648063870583587498e-01
9.648063771212316286e-01
9.648064815026456964e-01
9.648064976014035787e-01
9.648064862545705500e-01
9.648065986300783381e-01
9.648066142315924187e-01
9.648066024551645858e-01
9.648066098614568320e-01
9.648066021624440713e-01
9.648066032905343592e-01
9.648066161099736471e-01
9.648066285145211474e-01
9.648066406620212643e-01
9.648066442118123920e-01
9.648066591879581599e-01
9.648066739391212288e-01
9.648066887328839991e-01
9.648067035888456822e-01
9.648067186132385231e-01
9.648067339877982596e-01
9.648067498307388856e-01
9.648067662424211210e-01
9.648067832981721548e-01
9.648068011248522868e-01
9.648068198415999941e-01
9.648068393960722577e-01
9.648068599220060992e-01
9.648068814487319456e-01
9.648069041322472339e-01
9.648069277851790693e-01
9.648069525571782989e-01
9.648069615893061224e-01
9.648069715541323088e-01
9.648069858979292368e-01
9.648073570538893140e-01
9.648076545595606346e-01
9.648078955840091453e-01
9.648080934064440228e-01
9.648082579129063641e-01
9.648083964160147907e-01
9.648085142473200593e-01
9.648084570958156414e-01
9.648084171892438166e-01
9.648085541413408128e-01
9.648086620004681091e-01
9.648087508054506989e-01
9.648088249141009154e-01
9.648088872912483627e-01
9.648087754847886055e-01
9.648088383351856034e-01
9.648087261974002127e-01
9.648087907123681362e-01
9.648086680622310896e-01
9.648087297012077901e-01
9.648086966743160131e-01
9.648085677956325101e-01
9.648086328539652312e-01
9.648086014837689017e-01
9.648084573546683584e-01
9.648083103673085192e-01
9.648081682045822616e-01
9.648082352245536120e-01
9.648082044299439719e-01
9.648080456373812064e-01
9.648078808691670227e-01
9.648077255119971163e-01
9.648077948910002144e-01
9.648076131903424724e-01
9.648076735714171681e-01
9.648076423245568467e-01
9.648074440328683332e-01
9.648075042226369469e-01
9.648072761772459316e-01
9.648072520391238749e-01
9.648072282675328459e-01
9.648072993769594152e-01
9.648070444932438372e-01
9.648071106363069749e-01
9.648068103703112408e-01
9.648067798349915236e-01
9.648067528219934630e-01
9.648064902867998782e-01
9.648062090177130790e-01
9.648059416532361876e-01
9.648060215193928757e-01
9.648059981257606221e-01
9.648057250485769787e-01
9.648054349287888964e-01
9.648051616062458535e-01
9.648049360168652333e-01
9.648047222695934622e-01
9.648047323078978721e-01
9.648044923708188891e-01
9.648045775473563790e-01
9.648046469200872721e-01
9.648047079242879631e-01
9.648043619652303393e-01
9.648044239088964247e-01
9.648040727631544966e-01
9.648041369046723714e-01
9.648037838946624811e-01
9.648038514951189359e-01
9.648034995026386618e-01
9.648035717363536712e-01
9.648032231801996206e-01
9.648033012783422402e-01
9.648029582542620997e-01
9.648030434732378646e-01
9.648027077379246474e-01
9.648028015160248216e-01
9.648024743487547683e-01
9.648025780473817870e-01
9.648022603862598245e-01
9.648020037342125432e-01
9.648021352976575704e-01
9.648018764769863420e-01
9.648020185084458245e-01
9.648017603899136097e-01
9.648019150344829820e-01
9.648016596043549331e-01
9.648018295543843159e-01
9.648015792030366633e-01
9.648015983760191983e-01
9.648016181893288579e-01
9.648013834350496198e-01
9.648011817768180620e-01
9.648014469458996434e-01
9.648014819372787709e-01
9.648012630537077250e-01
9.648013032553038881e-01
9.648010981445263035e-01
9.648011400547612526e-01
9.648009469849954112e-01
9.648007701473579889e-01
9.648011676966602446e-01
9.648015752671065259e-01
9.648013698150395001e-01
9.648012218803646567e-01
9.648010914013139816e-01
9.648010053964654054e-01
9.648015883539422521e-01
9.648014477516255738e-01
9.648021196967027091e-01
9.648027040185601644e-01
9.648025694568097554e-01
9.648032537417055021e-01
9.648031196943267496e-01
9.648030081286849136e-01
9.648037498135482171e-01
9.648036463639731997e-01
9.648044275642291279e-01
9.648043292200125798e-01
9.648051462637390330e-01
9.648059094168669469e-01
9.648057862341262725e-01
9.648066011502886008e-01
9.648067281788147431e-01
9.648065890546401180e-01
9.648065366176888924e-01
9.648074519113510883e-01
9.648073452288543628e-01
9.648072908958296168e-01
9.648083378019507439e-01
9.648093920368147058e-01
9.648103780009524844e-01
9.648103688971991776e-01
9.648102240514406791e-01
9.648112116672800109e-01
9.648113157789404148e-01
9.648111632812844674e-01
9.648110497186991319e-01
9.648121605893705821e-01
9.648132352678369106e-01
9.648141882706491312e-01
9.648151264898542356e-01
9.648160096772133709e-01
9.648158494519557538e-01
9.648167056609685543e-01
9.648165666030756871e-01
9.648164591327252904e-01
9.648163528309834369e-01
9.648174696999272104e-01
9.648184790701568314e-01
9.648193962202594731e-01
9.648202532419630773e-01
9.648200296987954339e-01
9.648198678132036132e-01
9.648208427816011845e-01
9.648217103863072630e-01
9.648214425099450597e-01
9.648212600211549805e-01
9.648223006212222064e-01
9.648220524479684812e-01
9.648230774883934657e-01
9.648228660344293495e-01
9.648226424130021961e-01
9.648237640922193714e-01
9.648235763910920637e-01
9.648234066219080196e-01
9.648246004708397328e-01
9.648256478463763663e-01
9.648265719936768292e-01
9.648273496329539123e-01
9.648281248789802866e-01
9.648287917254293466e-01
9.648293889618573260e-01
9.648299332368888148e-01
9.648304356962931205e-01
9.648309036053244192e-01
9.648301369917581249e-01
9.648307280554582199e-01
9.648312626252173452e-01
9.648317528496002105e-01
9.648322069026584735e-01
9.648312941585344138e-01
9.648318706853349358e-01
9.648323884835561248e-01
9.648328599788861260e-01
9.648332935836435587e-01
9.648336953838484442e-01
9.648325454959906233e-01
9.648314941873102901e-01
9.648321452999961689e-01
9.648326456020376307e-01
9.648317314578108705e-01
9.648321810251341279e-01
9.648311834929765851e-01
9.648315900293941150e-01
9.648319758818213465e-01
9.648308143410342375e-01
9.648311609111628329e-01
9.648314900349777012e-01
9.648298355997881881e-01
9.648285792338602285e-01
9.648273339727609921e-01
9.648261031409863797e-01
9.648246188960751812e-01
9.648231682733749981e-01
9.648237626533346933e-01
9.648223575473853231e-01
9.648230591715174498e-01
9.648215795238529457e-01
9.648222833214870064e-01
9.648207049764163656e-01
9.648213959043149268e-01
9.648196788407148450e-01
9.648197024212384898e-01
9.648204202005790098e-01
9.648186116446937355e-01
9.648168565203968372e-01
9.648166356269048949e-01
9.648164249492839906e-01
9.648171536117876590e-01
9.648178116264976012e-01
9.648156683891714325e-01
9.648132998927501092e-01
9.648140042608565059e-01
9.648137112609085353e-01
9.648134412754306721e-01
9.648131886621196251e-01
9.648139989567519059e-01
9.648137186753091843e-01
9.648112351949293952e-01
9.648089143050317951e-01
9.648097488807105826e-01
9.648072458062075807e-01
9.648049159971106015e-01
9.648029368397477157e-01
9.648010341001029833e-01
9.648016630642043401e-01
9.647993422968166310e-01
9.647973756069326834e-01
9.647954931341850005e-01
9.647936852863137069e-01
9.647920278413366635e-01
9.647903142451356162e-01
9.647911419410610812e-01
9.647891810014567193e-01
9.647871285380980044e-01
9.647854118609009433e-01
9.647835706956608970e-01
9.647842185603572318e-01
9.647824187838038856e-01
9.647805172138961272e-01
9.647811478987252665e-01
9.647792955223912781e-01
9.647773589841981412e-01
9.647757519493862510e-01
9.647740274392075932e-01
9.647746502386926881e-01
9.647729866871612714e-01
9.647712262114638282e-01
9.647718432898672036e-01
9.647701509422078603e-01
9.647683771400296093e-01
9.647689665074474785e-01
9.647672767594163146e-01
9.647655161044802474e-01
9.647660944214883072e-01
9.647644295534125725e-01
9.647627008516551639e-01
9.647612831233564057e-01
9.647597659535365189e-01
9.647604369908355793e-01
9.647590028506578541e-01
9.647574842467372402e-01
9.647581490654524305e-01
9.647567269327714801e-01
9.647552295318899684e-01
9.647559066395393623e-01
9.647545146404101768e-01
9.647530529889070117e-01
9.647537567072445031e-01
9.647524066609710625e-01
9.647509899902320107e-01
9.647517322928704786e-01
9.647504314238271039e-01
9.647490653249902737e-01
9.647498570881460900e-01
9.647486097648920733e-01
9.647472973511138639e-01
9.647481487422780999e-01
9.647469570592898114e-01
9.647456995617390563e-01
9.647466204726969918e-01
9.647454850532304338e-01
9.647442826010308448e-01
9.647452827389951802e-01
9.647442033830172514e-01
9.647430552913521806e-01
9.647441444070460337e-01
9.647431201099808673e-01
9.647420250721688850e-01
9.647432128003156082e-01
9.647422421849015661e-01
9.647411985766347620e-01
9.647424948468590333e-01
9.647437307786429495e-01
9.647446225533585773e-01
9.647455368674637821e-01
9.647467961528606306e-01
9.647477070424996803e-01
9.647486404088120304e-01
9.647475583613782657e-01
9.647489208933632820e-01
9.647499304475868342e-01
9.647509627549857303e-01
9.647523398141664153e-01
9.647533671096689689e-01
9.647544168678863219e-01
9.647554884564328859e-01
9.647559881710672247e-01
9.647570410637205107e-01
9.647581163046348163e-01
9.647586092736996077e-01
9.647596684914333531e-01
9.647607508290066969e-01
9.647607879688983035e-01
9.647618699730409197e-01
9.647629769256059751e-01
9.647615967820777350e-01
9.647602983077652183e-01
9.647603494235593713e-01
9.647616854694421873e-01
9.647630485201077466e-01
9.647618271774122123e-01
9.647606758974152097e-01
9.647607413639229801e-01
9.647623477654752033e-01
9.647639831101395558e-01
9.647645380635093693e-01
9.647661596358998448e-01
9.647649687191632850e-01
9.647638527407949027e-01
9.647657722629944255e-01
9.647647692582268508e-01
9.647648014872273192e-01
9.647668701536824543e-01
9.647674798977534660e-01
9.647695346432374475e-01
9.647684803742717641e-01
9.647674948461046895e-01
9.647675613737674016e-01
9.647663513746576047e-01
9.647654987167132434e-01
9.647661416862474137e-01
9.647650414758778270e-01
9.647680712202062470e-01
9.647708488133297511e-01
9.647697443357206026e-01
9.647689226943053642e-01
9.647723087014231647e-01
9.647714908707760717e-01
9.647750341051857248e-01
9.647742261919409756e-01
9.647779374700993227e-01
9.647771441639709789e-01
9.647810329380828165e-01
9.647802577622515141e-01
9.647843324229621320e-01
9.647835781198796923e-01
9.647878461719234799e-01
9.647871147699254024e-01
9.647915827743267503e-01
9.647908758839622845e-01
9.647955498159631604e-01
9.647948686257914463e-01
9.647997537966641612e-01
9.647990992248699493e-01
9.648042003155858914e-01
9.648032041452696550e-01
9.648085227603848679e-01
9.648075385968842843e-01
9.648130785233647311e-01
9.648121058866448996e-01
9.648178706561015838e-01
9.648169089707793189e-01
9.648230319088034745e-01
9.648290256262235243e-01
9.648347791135029050e-01
9.648407057565090428e-01
9.648470719172745902e-01
9.648462866658426007e-01
9.648522139781969820e-01
9.648583240015013995e-01
9.648576533042210190e-01
9.648640183422397820e-01
9.648701553477115889e-01
9.648765746996336157e-01
9.648833826345446507e-01
9.648895318253347675e-01
9.648956280388538698e-01
9.649016772614853465e-01
9.649076846845098254e-01
9.649136549168426669e-01
9.649195918354566137e-01
9.649254990197810855e-01
9.649313796747703842e-01
9.649372365563532172e-01
9.649430820487714389e-01
9.649487153890462521e-01
9.649463312597668097e-01
9.649526907308859647e-01
9.649590012741212641e-01
9.649652684637266553e-01
9.649714970854919027e-01
9.649776913481770135e-01
9.649838549418801037e-01
9.649899998547869506e-01
9.649961193039280349e-01
9.650022159584725756e-01
9.650082922239653360e-01
9.650143503453785243e-01
9.650201935953389709e-01
9.650172457213508359e-01
9.650238937489322710e-01
9.650304917127539017e-01
9.650370452253335118e-01
9.650435589388787205e-01
9.650500460991501273e-01
9.650565005616341674e-01
9.650629256794573951e-01
9.650693245310688617e-01
9.650756996442273472e-01
9.650818383635320075e-01
9.650785662030834100e-01
9.650855650384974060e-01
9.650925061244485237e-01
9.650993955997867468e-01
9.651062475593610301e-01
9.651130569575447904e-01
9.651198279755575093e-01
9.651265643520116067e-01
9.651332693730277912e-01
9.651399459661551550e-01
9.651463648033188347e-01
9.651428007750439964e-01
9.651501308095588039e-01
9.651573957316310626e-01
9.651646021638693451e-01
9.651717647001053502e-01
9.651788785614441313e-01
9.651859483278337759e-01
9.651929779123797903e-01
9.651999709017687890e-01
9.652069304914379089e-01
9.652136096584874592e-01
9.652097889742864423e-01
9.652174259936012746e-01
9.652249903899953187e-01
9.652324892825866476e-01
9.652399378168279309e-01
9.652473313868135119e-01
9.652546748583595848e-01
9.652619725013845686e-01
9.652692281679627895e-01
9.652764452560838038e-01
9.652836267979497675e-01
9.652905079174907144e-01
9.652864015498563433e-01
9.652942889751803257e-01
9.653020984459588227e-01
9.653098373045022607e-01
9.653175117251888704e-01
9.653251367132265059e-01
9.653327068824970603e-01
9.653402267292520156e-01
9.653477001739685370e-01
9.653551307912007218e-01
9.653625217652642698e-01
9.653698759721979217e-01
9.653771960057786483e-01
9.653841966763785365e-01
9.653797537761666936e-01
9.653878151254879914e-01
9.653957958840782005e-01
9.654037033238695997e-01
9.654115437528401067e-01
9.654193319160847553e-01
9.654270624935000766e-01
9.654347400181282346e-01
9.654423684551465268e-01
9.654499514791103909e-01
9.654574921554309741e-01
9.654649934659209620e-01
9.654724580048102967e-01
9.654798881694058865e-01
9.654872860869612161e-01
9.654946537759175884e-01
9.655019930166435227e-01
9.655093055024941417e-01
9.655165926999816906e-01
9.655238560454985075e-01
9.655307806059643116e-01
9.655381104259580516e-01
9.655454029854807496e-01
9.655526615958486270e-01
9.655598891572130249e-01
9.655670882369750130e-01
9.655742611506887840e-01
9.655814098652529820e-01
9.655885362228011637e-01
9.655956418467439573e-01
9.656027282517042343e-01
9.656097967141187288e-01
9.656168483595858332e-01
9.656238843964630725e-01
9.656309057191768686e-01
9.656379133242842805e-01
9.656449079154417747e-01
9.656518903233326512e-01
9.656588612282125395e-01
9.656658213285927994e-01
9.656727710984589486e-01
9.656705950913547776e-01
9.656778088730560983e-01
9.656850727725557748e-01
9.656838074784110937e-01
9.656915569911624919e-01
9.656892703325710148e-01
9.656975488481424064e-01
9.656952717706026590e-01
9.657032755482884978e-01
9.657112941078312973e-01
9.657091065105298799e-01
9.657186960355313987e-01
9.657173932817558759e-01
9.657165000294407609e-01
9.657267663581176054e-01
9.657260806138043829e-01
9.657364592130307512e-01
9.657359875253928028e-01
9.657466580727439576e-01
9.657463690950656154e-01
9.657573096786787881e-01
9.657571882202069524e-01
9.657683777240499978e-01
9.657684102720578423e-01
9.657798299105605500e-01
9.657800044717276267e-01
9.657916359097622472e-01
9.657919418977700676e-01
9.658037682370376187e-01
9.658041961997010372e-01
9.658162014211740809e-01
9.658167429994188868e-01
9.658289123814256527e-01
9.658295599717520163e-01
9.658418797220607033e-01
9.658426267029178724e-01
9.658550838885595624e-01
9.658559242986489712e-01
9.658685069906693954e-01
9.658694355097088291e-01
9.658821325606484764e-01
9.658831445074250732e-01
9.658959456114665221e-01
9.658970366348633707e-01
9.659099320464832328e-01
9.659110984393607380e-01
9.659240792959976618e-01
9.659253177173809934e-01
9.659383755705883701e-01
9.659396830341389073e-01
9.659528102343687417e-01
9.659672726122039421e-01
9.659683535519069109e-01
9.659696760363403190e-01
9.659827252788671936e-01
9.659841208679094127e-01
9.659972382990865691e-01
9.659987044870709250e-01
9.660118829076194125e-01
9.660134173766378174e-01
9.660266497496092786e-01
9.660282502050336895e-01
9.660415300886616707e-01
9.660431946329698372e-01
9.660565159575323912e-01
9.660582428467026084e-01
9.660715999556798161e-01
9.660733876918908836e-01
9.660867753422508475e-01
9.660886226482761074e-01
9.661020360233842919e-01
9.661039417901218229e-01
9.661173762819361688e-01
9.661193395959086772e-01
9.661214040635272005e-01
9.661240011101092096e-01
9.661382519959780257e-01
9.661438127120708375e-01
9.661419873442510520e-01
9.661576013603514479e-01
9.661600574965519828e-01
9.661753927914210616e-01
9.661777174178128869e-01
9.661928024715189522e-01
9.662057607239130652e-01
9.662034295923439542e-01
9.662055421738223737e-01
9.662079653945738755e-01
9.662062517409428786e-01
9.662047107617615094e-01
9.662209035470487040e-01
9.662192333630293950e-01
9.662351777482860449e-01
9.662486563194966349e-01
9.662618665406621510e-01
9.662748181365301559e-01
9.662879067877653272e-01
9.662902241582301821e-01
9.662898631983232178e-01
9.662954509341478149e-01
9.662978152343983940e-01
9.663108969000542281e-01
9.663237255907044521e-01
9.663382298229100664e-01
9.663501696014353826e-01
9.663522312629772015e-01
9.663646047484337753e-01
9.663769435167762767e-01
9.663884001732517826e-01
9.663902461669657828e-01
9.664021931070898574e-01
9.664074742621135972e-01
9.664089306297553028e-01
9.664210587831181254e-01
9.664324920084838011e-01
9.664345923273764960e-01
9.664465067517766794e-01
9.664519737656669385e-01
9.664536790451779824e-01
9.664657613146214743e-01
9.664771463435863907e-01
9.664794871832358414e-01
9.664913461695833208e-01
9.664969950785831099e-01
9.665026526342697100e-01
9.665019805080734550e-01
9.665013369051955738e-01
9.664999786960882799e-01
9.664988462361163712e-01
9.664979252251721942e-01
9.665013192392677421e-01
9.665051859023219283e-01
9.665093280429788436e-01
9.665162300962891750e-01
9.665203300868251413e-01
9.665248381873329242e-01
9.665405303457661468e-01
9.665447049848107097e-01
9.665492858486562922e-01
9.665648781882184570e-01
9.665782178441079120e-01
9.665822359164150113e-01
9.665957481472902124e-01
9.665998370535306972e-01
9.666043263755651482e-01
9.666090840192993472e-01
9.666138860918379594e-01
9.666213102848013605e-01
9.666260897489219461e-01
9.666310652444008999e-01
9.666469477989786396e-01
9.666517525326751015e-01
9.666672454455547125e-01
9.666720021732897461e-01
9.666771293984603997e-01
9.666847311239037399e-01
9.666896863954838048e-01
9.666949132332146588e-01
9.667092400737924418e-01
9.667143536739077891e-01
9.667196584103799895e-01
9.667251363510200868e-01
9.667307719513317243e-01
9.667468232328045863e-01
9.667522755827983039e-01
9.667678940021930956e-01
9.667731865195696717e-01
9.667787398901613871e-01
9.667928849183275997e-01
9.667983246984432899e-01
9.668039454142539624e-01
9.668097300979507924e-01
9.668241850557988126e-01
9.668299156309294595e-01
9.668441299307632963e-01
9.668498268041381127e-01
9.668638327745369132e-01
9.668696141853935222e-01
9.668778065629005658e-01
9.668835626702196873e-01
9.668894959659656285e-01
9.669035787453594821e-01
9.669094864394779387e-01
9.669233202268768812e-01
9.669263761797020074e-01
9.669398239458787403e-01
9.669457105126032515e-01
9.669517224970907154e-01
9.669653225354993831e-01
9.669684897106263222e-01
9.669817188766375304e-01
9.669876870558564708e-01
9.669937800440228104e-01
9.670071767647117067e-01
9.670104593679685889e-01
9.670234979015144283e-01
9.670295599714292534e-01
9.670359551523957098e-01
9.670423127076896996e-01
9.670509824231141582e-01
9.670641898368687039e-01
9.670676726550222480e-01
9.670805331857152964e-01
9.670866419929853297e-01
9.670929358306463719e-01
9.671059797800340974e-01
9.671095770531744629e-01
9.671222822929572693e-01
9.671286018899132308e-01
9.671322918239350086e-01
9.671449791382349392e-01
9.671512776810246015e-01
9.671577513688275340e-01
9.671706039964549362e-01
9.671743998166726364e-01
9.671869200123686117e-01
9.671933145201238036e-01
9.672057847088837423e-01
9.672096204425724153e-01
9.672120241619575065e-01
9.672159667861875976e-01
9.672284763567877697e-01
9.672349890676567030e-01
9.672474450790413680e-01
9.672514287580269432e-01
9.672539740416417064e-01
9.672580478957679695e-01
9.672607075075672078e-01
9.672648519927673494e-01
9.672776276661287920e-01
9.672865739188134526e-01
9.672986918181808447e-01
9.673050813095318556e-01
9.673093021664203039e-01
9.673217081990306276e-01
9.673283982954774540e-01
9.673420893266181375e-01
9.673541906092933962e-01
9.673605623994714353e-01
9.673648846240892052e-01
9.673766867182133078e-01
9.673833625757128907e-01
9.673901987012017978e-01
9.674035522154302846e-01
9.674103112684608874e-01
9.674172239592757627e-01
9.674304660500865349e-01
9.674372964653851215e-01
9.674443525547725686e-01
9.674560994330007047e-01
9.674631076893231985e-01
9.674747130339861334e-01
9.674792834305693257e-01
9.674863912845812486e-01
9.674936344295183011e-01
9.675071696772947760e-01
9.675118259748632932e-01
9.675189683037461741e-01
9.675322762844491553e-01
9.675390957331492237e-01
9.675423982534333556e-01
9.675457505921760681e-01
9.675491477025834897e-01
9.675629144490289768e-01
9.675737519960571076e-01
9.675861999492373355e-01
9.675975015548996527e-01
9.676042854959238104e-01
9.676115190304478419e-01
9.676223860116948128e-01
9.676296069361083330e-01
9.676403714493547747e-01
9.676476969621800039e-01
9.676551745996243570e-01
9.676627680914871021e-01
9.676706593241416465e-01
9.676740476613604480e-01
9.676775245772872847e-01
9.676899018594623536e-01
9.677007089236807635e-01
9.677111194329152122e-01
9.677214590204792355e-01
9.677315683800479240e-01
9.677389432895416865e-01
9.677490531180299449e-01
9.677523358276851617e-01
9.677602047111012462e-01
9.677719523078374131e-01
9.677819067623417704e-01
9.677916704707484330e-01
9.677988895577508410e-01
9.678067455809264974e-01
9.678168673200262528e-01
9.678266136842810230e-01
9.678362420200466998e-01
9.678456644961667132e-01
9.678531603458565558e-01
9.678626188899587257e-01
9.678702061056072559e-01
9.678781558755416015e-01
9.678862491169728521e-01
9.678961779419729128e-01
9.679041661021985377e-01
9.679139168168929830e-01
9.679218773547557664e-01
9.679311514500028579e-01
9.679408534447242474e-01
9.679489245899540739e-01
9.679570963683402640e-01
9.679667253716247588e-01
9.679761747252364490e-01
9.679843007614932215e-01
9.679937343034838992e-01
9.680029050414235003e-01
9.680109456196497320e-01
9.680193204999748557e-01
9.680282522752443608e-01
9.680365219644073704e-01
9.680457888242826048e-01
9.680540883069418401e-01
9.680633441163218889e-01
9.680723433081057649e-01
9.680811793516721497e-01
9.680893354325612599e-01
9.680978256736303411e-01
9.681064452368668416e-01
9.681148340772924854e-01
9.681237882142745832e-01
9.681322090117107093e-01
9.681411617008455206e-01
9.681498710627448601e-01
9.681596310171851627e-01
9.681679327070461527e-01
9.681765682067275947e-01
9.681849251251931632e-01
9.681948036343952513e-01
9.682043169168180752e-01
9.682036238473901157e-01
9.682079755688300926e-01
9.682165940580037544e-01
9.682247896750417748e-01
9.682345141235515484e-01
9.682338767950234848e-01
9.682425224010834386e-01
9.682511217631583067e-01
9.682607900512121279e-01
9.682601641767354383e-01
9.682646367360038253e-01
9.682732598931652612e-01
9.682829499428636799e-01
9.682922891861502901e-01
9.683000209322659702e-01
9.683076381144226641e-01
9.683156929057130657e-01
9.683247507933461229e-01
9.683328337686577525e-01
9.683404847275437488e-01
9.683480214379623918e-01
9.683561579350133952e-01
9.683651074020824812e-01
9.683733086396556500e-01
9.683778256729024259e-01
9.683823936845015190e-01
9.683870018107075817e-01
9.683951234821632781e-01
9.684031121018727983e-01
9.684077372155323049e-01
9.684158057393299490e-01
9.684237441182461659e-01
9.684283867738301410e-01
9.684364081505674182e-01
9.684443019454230805e-01
9.684489625513542643e-01
9.684569418615672776e-01
9.684616264218840476e-01
9.684696782808732696e-01
9.684776003000775679e-01
9.684822995961801517e-01
9.684902984746308618e-01
9.684981706024027304e-01
9.685028856250007534e-01
9.685023723836799769e-01
9.685106759907482488e-01
9.685211522660848171e-01
9.685300356713274494e-01
9.685380427351459875e-01
9.685470548311342354e-01
9.685556459639356186e-01
9.685642222386607880e-01
9.685746089974238693e-01
9.685849159388454366e-01
9.685898046105058112e-01
9.685942403771387044e-01
9.686022350613642251e-01
9.686100630537128886e-01
9.686203719813852864e-01
9.686288633929415193e-01
9.686358763998206278e-01
9.686427478480285069e-01
9.686494836924746110e-01
9.686560909094097394e-01
9.686575752909361015e-01
9.686642399537416237e-01
9.686709148622758558e-01
9.686792484363833111e-01
9.686863623956876168e-01
9.686876583852198630e-01
9.686946135955467607e-01
9.687018679056476067e-01
9.687124285548532887e-01
9.687228811049046762e-01
9.687327295431883423e-01
9.687412330581179898e-01
9.687499984480357762e-01
9.687588238049488210e-01
9.687638908547997474e-01
9.687708367752894123e-01
9.687777617632427063e-01
9.687862969829883486e-01
9.687966007090326181e-01
9.688031710864493107e-01
9.688081166975391900e-01
9.688168142576308872e-01
9.688255135793503170e-01
9.688345176180237495e-01
9.688434275668093010e-01
9.688533811267544538e-01
9.688621488634342471e-01
9.688710948778116450e-01
9.688785431229305356e-01
9.688873339875964108e-01
9.688924372806618779e-01
9.688993198451805178e-01
9.689051409149922467e-01
9.689141133902492431e-01
9.689232542557237871e-01
9.689257091946225087e-01
9.689326952812382654e-01
9.689414770027695578e-01
9.689465643125029226e-01
9.689553372931565267e-01
9.689643025811962573e-01
9.689712235690458586e-01
9.689800123306487878e-01
9.689889806360332258e-01
9.689979647773757643e-01
9.690069574355011373e-01
9.690120423037674735e-01
9.690188471239465917e-01
9.690275102467605928e-01
9.690363623977258367e-01
9.690452407207751362e-01
9.690531777219062448e-01
9.690620216018495103e-01
9.690722006200134242e-01
9.690782763089813567e-01
9.690842600054764278e-01
9.690902001350041317e-01
9.690960806973415442e-01
9.691019089289157895e-01
9.691076906939385394e-01
9.691134307118532965e-01
9.691191330190525033e-01
9.691248008300502592e-01
9.691304370928728318e-01
9.691360441449602403e-01
9.691416242617336696e-01
9.691471791655045243e-01
9.691527106054805829e-01
9.691582200853440243e-01
9.691637387687830341e-01
9.691718283209554974e-01
9.691776216377234743e-01
9.691833419280982964e-01
9.691890004208629783e-01
9.691946060099160265e-01
9.692001660155973308e-01
9.692057145335439827e-01
9.692136206846057034e-01
9.692194824520612428e-01
9.692252508305000402e-01
9.692309413372195426e-01
9.692355391799671871e-01
9.692414305963054089e-01
9.692472273479242340e-01
9.692529373229089584e-01
9.692585694743438562e-01
9.692650457175693290e-01
9.692706103338392110e-01
9.692760582230505184e-01
9.692814190153337117e-01
9.692867134813923924e-01
9.692938341690529036e-01
9.692994643680350464e-01
9.693067975684573900e-01
9.693127032223300965e-01
9.693194623960801337e-01
9.693270475680465514e-01
9.693348425559985548e-01
9.693427195676670438e-01
9.693507617595956694e-01
9.693573777218159604e-01
9.693656002759664103e-01
9.693721767702691006e-01
9.693786967641975227e-01
9.693851560171385939e-01
9.693930882544329330e-01
9.693994753592205527e-01
9.694073273875257746e-01
9.694136326510085500e-01
9.694213799085251715e-01
9.694269325984194996e-01
9.694349526584444821e-01
9.694367058068424914e-01
9.694442570634133061e-01
9.694519331520011773e-01
9.694592705863711579e-01
9.694659799318192661e-01
9.694724362740557710e-01
9.694792725598594396e-01
9.694863927800738690e-01
9.694933531523597381e-01
9.695000308788138677e-01
9.695065123916343230e-01
9.695130303649337478e-01
9.695199186215964771e-01
9.695271264095088881e-01
9.695340648878149059e-01
9.695408200019021150e-01
9.695474381527120489e-01
9.695555746485923221e-01
9.695616361963628194e-01
9.695686318987258856e-01
9.695753306124932358e-01
9.695812712739629857e-01
9.695885034152527115e-01
9.695954597167389943e-01
9.696024551974025130e-01
9.696088619017304566e-01
9.696145226050371102e-01
9.696208261323783217e-01
9.696289696922764101e-01
9.696354514717744344e-01
9.696481608548602749e-01
9.696545064745546449e-01
9.696671747166697442e-01
9.696734124143758793e-01
9.696821003105206005e-01
9.696906816383189520e-01
9.696991242554109380e-01
9.697074735890364172e-01
9.697157643555140982e-01
9.697240236249590195e-01
9.697322730819522008e-01
9.697405303291701806e-01
9.697488100042008785e-01
9.697571243526013074e-01
9.697510161519656835e-01
9.697608205609455911e-01
9.697705368718496644e-01
9.697801778030727959e-01
9.697829212575360680e-01
9.697817605206183744e-01
9.697899351803995760e-01
9.698008107842575054e-01
9.698144223980610379e-01
9.698272106541070414e-01
9.698349891925767130e-01
9.698479812593501226e-01
9.698605938303926921e-01
9.698728013037630769e-01
9.698849686331870723e-01
9.698924544504441414e-01
9.698924595151088290e-01
9.699069397912181145e-01
9.699209806402958600e-01
9.699295390078370716e-01
9.699444594282100596e-01
9.699589219386693939e-01
9.699730501672348959e-01
9.699869239637509688e-01
9.700006046684044314e-01
9.700141404618867202e-01
9.700208753067756096e-01
9.700363320587552796e-01
9.700514123245981279e-01
9.700661156901579929e-01
9.700806155553971521e-01
9.700878443613044633e-01
9.701044354945032033e-01
9.701204632096430691e-01
9.701361505844914301e-01
9.701515762918304642e-01
9.701668017088069806e-01
9.701818782640676542e-01
9.701968484692565786e-01
9.702117482863781284e-01
9.702266082344241926e-01
9.702414545360981135e-01
9.702563099520056245e-01
9.702711943869098965e-01
9.702861254943937475e-01
9.703011189488657262e-01
9.703161888309175254e-01
9.703313478918389468e-01
9.703466077027539383e-01
9.703619788770785348e-01
9.703774711714884260e-01
9.703930935966713633e-01
9.704088545016991141e-01
9.704247617698454897e-01
9.704408225414334899e-01
9.704570436817983037e-01
9.704611504630306085e-01
9.704657245226540052e-01
9.704706739567191542e-01
9.704920431291382821e-01
9.705132313821387413e-01
9.705344279520067285e-01
9.705394612357527429e-01
9.705622569468657090e-01
9.705848250808740696e-01
9.706072152425883059e-01
9.706123752182058695e-01
9.706365178748356248e-01
9.706604092868971190e-01
9.706841009839766166e-01
9.706894494382999339e-01
9.707150270494333544e-01
9.707403140338265457e-01
9.707653662091125790e-01
9.707709479679587083e-01
9.707980125795340198e-01
9.708247367009892326e-01
9.708511826152861346e-01
9.708570346646983040e-01
9.708856193561608006e-01
9.709138062747265652e-01
9.709200401536652869e-01
9.709503350380384035e-01
9.709801298899447541e-01
9.710095078697974502e-01
9.710160257487536750e-01
9.710476899724779232e-01
9.710788073823601874e-01
9.710857544639971417e-01
9.711191270446962731e-01
9.711518424453728926e-01
9.711592073157144789e-01
9.711677265758640321e-01
9.711766641698693636e-01
9.712170900289561759e-01
9.712549703812241031e-01
9.712914144671194183e-01
9.713006058421111977e-01
9.713236319077681591e-01
9.713664168846407598e-01
9.714072507025393044e-01
9.714465763592228242e-01
9.714847047424497450e-01
9.715218418362309150e-01
9.715577943950738371e-01
9.715930818978961714e-01
9.716278358790594316e-01
9.716621509309573135e-01
9.716962439588909817e-01
9.717300293772260789e-01
9.717655003813525649e-01
9.718038577859122729e-01
9.718367498816604666e-01
9.718589955310331652e-01
9.718971169879123684e-01
9.719104964679808889e-01
9.719387639445707938e-01
9.719819715072252064e-01
9.720275846167883982e-01
9.720586323963336106e-01
9.721058721502695565e-01
9.721383631585662766e-01
9.721820476138391953e-01
9.722285966191115403e-01
9.722709601054834172e-01
9.723025934060836040e-01
9.722999031137116166e-01
9.722988748899764611e-01
9.723593077445986665e-01
9.723931472542569621e-01
9.724456428994620039e-01
9.724717135403125878e-01
9.724907040172605655e-01
9.725438588828768660e-01
9.725842355310524434e-01
9.726382758205768253e-01
9.726897528280185057e-01
9.727288324495899641e-01
9.727703397074031200e-01
9.728307107608107351e-01
9.728733646262355261e-01
9.729023065235311574e-01
9.729535267976696655e-01
9.730031245522132721e-01
9.730460903460262934e-01
9.730456595143122112e-01
9.731032041731796367e-01
9.731593935333474610e-01
9.732115321906792405e-01
9.732109727220885631e-01
9.732663889475648977e-01
9.732673236301420117e-01
9.733171318294189245e-01
9.733820479441270823e-01
9.734325744694614091e-01
9.734891078114195073e-01
9.735512079807425723e-01
9.735540210766140401e-01
9.736188310867771589e-01
9.736813423815265933e-01
9.736830190025369536e-01
9.737461350561429363e-01
9.738086153947830281e-01
9.738351604833885844e-01
9.739001621356528915e-01
9.738992083652443510e-01
9.739641047474411062e-01
9.740157450934453509e-01
9.740162961196566771e-01
9.740786767806768331e-01
9.740799217969193791e-01
9.741343087172105175e-01
9.741948569508700473e-01
9.742498274102093792e-01
9.743157354081125598e-01
9.743698693389527543e-01
9.744215000200402432e-01
9.744239016994927782e-01
9.744886522703275489e-01
9.744914044249547436e-01
9.745564565359309261e-01
9.746197873980332327e-01
9.746695330065550111e-01
9.746712838254980582e-01
9.747355391217257248e-01
9.747672512454587102e-01
9.748230837758542489e-01
9.748868464513748000e-01
9.749182012631263383e-01
9.749724963229968733e-01
9.750328079730111730e-01
9.750334175197652442e-01
9.750971816204437870e-01
9.751557958352650157e-01
9.752049417268492393e-01
9.752549031418747960e-01
9.753036754661783547e-01
9.753563120750355919e-01
9.754055212234820083e-01
9.754548331285695095e-01
9.754844178341458560e-01
9.755389543170568389e-01
9.755911815474740401e-01
9.756560883506919524e-01
9.757120865972375157e-01
9.757143653158084629e-01
9.757779879008267043e-01
9.758249839714655538e-01
9.758717772698908277e-01
9.759179207132325784e-01
9.759227281854403468e-01
9.759867763874929825e-01
9.760352299857346647e-01
9.760832083716579621e-01
9.761196839880381670e-01
9.761665585066646722e-01
9.761720263354748406e-01
9.762123510630702494e-01
9.762712032472173895e-01
9.763227410764465652e-01
9.763748520162046640e-01
9.764343036834155498e-01
9.764844678387285537e-01
9.764926966299053435e-01
9.765448581434534869e-01
9.765544766975480240e-01
9.766088811093250888e-01
9.766695423643297902e-01
9.767238883109198300e-01
9.767342437945248923e-01
9.767895921176729113e-01
9.768428217552261872e-01
9.769023091802029324e-01
9.769562480797282511e-01
9.769859099900227717e-01
9.770414210736619864e-01
9.771012857907341864e-01
9.771597092662487327e-01
9.772070447818280714e-01
9.772542602130633860e-01
9.773055856039292166e-01
9.773494434941195630e-01
9.773928777591464057e-01
9.774368307439385006e-01
9.774834505772059812e-01
9.775249983168889933e-01
9.775575252251718084e-01
9.775899804753247491e-01
9.776371230819943525e-01
9.776666626266417026e-01
9.776753323427271880e-01
9.777300215998973032e-01
9.777819739156474732e-01
9.778327374780546588e-01
9.778706504311502901e-01
9.778971288666747919e-01
9.779350162235456168e-01
9.779699904892651396e-01
9.779963826512714231e-01
9.780230821241088224e-01
9.780710496455282676e-01
9.781171106368975465e-01
9.781638221176446324e-01
9.782092874297740881e-01
9.782679424818968572e-01
9.783125001356673955e-01
9.783573883945172467e-01
9.783784584502414061e-01
9.784255244589666889e-01
9.784727212548441910e-01
9.785185912603693303e-01
9.785320696695716247e-01
9.785548138132708074e-01
9.786088626193596429e-01
9.786596962123796928e-01
9.787100969830691000e-01
9.787586893251027931e-01
9.788163529539215535e-01
9.788618472061803022e-01
9.789088925821174403e-01
9.789554617075908460e-01
9.789728980775742606e-01
9.790228266005496227e-01
9.790724594327117059e-01
9.791204558561319438e-01
9.791574321909204404e-01
9.792085775325551911e-01
9.792480754684703692e-01
9.792730448269767463e-01
9.792775989012609816e-01
9.793272020285782586e-01
9.793446355025013927e-01
9.793958110091395275e-01
9.794456739065944273e-01
9.794951212271951757e-01
9.795298813534182303e-01
9.795634807808268896e-01
9.796077483981002754e-01
9.796533138541643204e-01
9.796938486551288738e-01
9.797373749068679638e-01
9.797523370550589306e-01
9.797994718417744053e-01
9.798458159677266854e-01
9.798626582617000480e-01
9.798816995138341923e-01
9.799150052680890566e-01
9.799297016612624756e-01
9.799857959958785392e-01
9.800323440888208948e-01
9.800649417223622484e-01
9.801115679742099518e-01
9.801442035222704963e-01
9.801987223722072873e-01
9.802134515687979111e-01
9.802559507174073428e-01
9.803014873736908275e-01
9.803125073309717497e-01
9.803508800275093638e-01
9.803653640833419614e-01
9.804070820640642392e-01
9.804503512724902503e-01
9.804824974089255685e-01
9.805168863872799623e-01
9.805606537635689346e-01
9.805771698015901539e-01
9.806142665427109995e-01
9.806564707611692411e-01
9.806992169526713710e-01
9.807274774331397049e-01
9.807576934893937892e-01
9.807727891651791818e-01
9.808013635026109345e-01
9.808469392841281387e-01
9.808756513594257820e-01
9.809096524280258578e-01
9.809376464769219428e-01
9.809723099826750392e-01
9.810142270156985145e-01
9.810322286446087059e-01
9.810666215303359694e-01
9.810967433120083570e-01
9.811252478321540460e-01
9.811592223819844971e-01
9.811870778784902436e-01
9.812215774438044491e-01
9.812488038326849793e-01
9.812837500339458563e-01
9.813246995111438720e-01
9.813427438062477526e-01
9.813793988793734213e-01
9.814242136096943403e-01
9.814532258958479360e-01
9.814806619580513924e-01
9.815147423825838491e-01
9.815412920504682504e-01
9.815756620801265875e-01
9.816155376181886494e-01
9.816333171416076198e-01
9.816670215640147523e-01
9.816951044217595568e-01
9.817217275702683210e-01
9.817549939080258969e-01
9.817808986081150158e-01
9.818145885026020592e-01
9.818398322233528042e-01
9.818738950596990200e-01
9.818985237180075654e-01
9.819329128584068922e-01
9.819709526026549895e-01
9.819884074376186156e-01
9.820222028940204240e-01
9.820613036933472095e-01
9.820793439195736330e-01
9.821160023124844152e-01
9.821582626015786799e-01
9.821954684624636389e-01
9.822124142763205557e-01
9.822472995357893755e-01
9.822662374791855111e-01
9.823028743819856023e-01
9.823208178479070352e-01
9.823568289096707984e-01
9.823644692570546733e-01
9.823834023534188109e-01
9.824041642390825002e-01
9.824276011097088368e-01
9.824482625663882862e-01
9.824890161576717018e-01
9.825008318559688147e-01
9.825371362386662311e-01
9.825477041172382409e-01
9.825851586479013022e-01
9.825958541676740321e-01
9.826340758288705235e-01
9.826493950400808641e-01
9.826688390116478100e-01
9.827052114274171801e-01
9.827021330188102644e-01
9.827215392847309383e-01
9.827571892524815667e-01
9.827743057979504426e-01
9.828144610167269812e-01
9.828320164413869575e-01
9.828551374326651713e-01
9.828847995172164120e-01
9.829217357273142275e-01
9.829564218843444001e-01
9.829782250688497980e-01
9.830128248891205622e-01
9.830341252267982277e-01
9.830526927391349812e-01
9.830882001813298077e-01
9.831119439140145744e-01
9.831319316378233086e-01
9.831514374169992854e-01
9.831729582378575527e-01
9.832105948554381580e-01
9.832186465104869599e-01
9.832574788694844470e-01
9.832667717878522673e-01
9.833035147733147907e-01
9.833200129851173976e-01
9.833568686090068400e-01
9.833984711027713432e-01
9.834346669334607105e-01
9.834745530801434210e-01
9.835106117077806465e-01
9.835221694678254467e-01
9.835585855525907917e-01
9.835736967950510223e-01
9.835929088204264925e-01
9.836056736752463170e-01
9.836454962138445612e-01
9.836820149922108625e-01
9.837019774314761378e-01
9.837382121371083255e-01
9.837756464371001375e-01
9.837841099675714851e-01
9.838217965469954196e-01
9.838443460123362794e-01
9.838758839830518133e-01
9.838957282247972058e-01
9.839324687812793790e-01
9.839692633049990089e-01
9.840059714479532094e-01
9.840425029380870381e-01
9.840495814487140169e-01
9.840867302558263807e-01
9.840941497241791902e-01
9.841314907221468955e-01
9.841679968215703012e-01
9.841746108163273998e-01
9.841851896381748066e-01
9.841979866960974821e-01
9.842352024875005156e-01
9.842561305586279286e-01
9.842933762439796119e-01
9.843309238650438386e-01
9.843682135227614927e-01
9.844051398847046830e-01
9.844129694467974590e-01
9.844350813608204742e-01
9.844727076014609946e-01
9.845099341184833097e-01
9.845467481007817989e-01
9.845723607808927191e-01
9.846089375724152992e-01
9.846319190148443701e-01
9.846590845378518919e-01
9.846956145335874488e-01
9.847319802102876274e-01
9.847680988806711833e-01
9.848039214510149186e-01
9.848292632143451630e-01
9.848650013654510760e-01
9.848680036831836127e-01
9.849012598934465679e-01
9.849095319390126502e-01
9.849463090344142691e-01
9.849547530954861907e-01
9.849973265706817305e-01
9.850071093645349496e-01
9.850301062488245885e-01
9.850515424247976437e-01
9.850877702059784857e-01
9.851082978007732471e-01
9.851470983828219952e-01
9.851856975599219135e-01
9.852240624506558575e-01
9.852621567672308345e-01
9.852753363312769519e-01
9.853096865996052722e-01
9.853285891309816469e-01
9.853353017010223480e-01
9.853739227027868974e-01
9.854122333429288227e-01
9.854502101680217008e-01
9.854823558181656784e-01
9.854771302786802245e-01
9.854917381530050591e-01
9.855056727790699744e-01
9.854927085510656326e-01
9.855281425643388493e-01
9.855632659584189215e-01
9.855980340568090137e-01
9.856324260181628105e-01
9.856501197367502076e-01
9.856664320899106713e-01
9.856676239354441593e-01
9.856923557967449678e-01
9.856972363162608275e-01
9.857269828651860077e-01
9.857619607276592033e-01
9.857822380680666408e-01
9.858171147302855486e-01
9.858522543070736832e-01
9.858865744703069200e-01
9.859210341441420056e-01
9.859546760119871633e-01
9.859695081762686053e-01
9.859692594517208697e-01
9.859893317523238387e-01
9.859923039151924362e-01
9.860157560779849728e-01
9.860506670380360106e-01
9.860852899759662282e-01
9.861195719156852224e-01
9.861534853820840274e-01
9.861870198262195908e-01
9.862201757903915622e-01
9.862363999671712733e-01
9.862692068752580976e-01
9.862855714826740394e-01
9.863180566305611574e-01
9.863502166081880018e-01
9.863434224311455889e-01
9.863371946347851971e-01
9.863314810606358396e-01
9.863262371921395211e-01
9.863214245729864382e-01
9.863170097866952313e-01
9.863381476297318207e-01
9.863459247790619111e-01
9.863700746809640485e-01
9.864048078512485107e-01
9.864254761600141919e-01
9.864599048779382207e-01
9.864946655695067124e-01
9.865131875111500248e-01
9.865466629638088847e-01
9.865797374595127733e-01
9.865971264126961460e-01
9.866297517585961296e-01
9.866620058617096012e-01
9.866784840279941848e-01
9.867103889708898068e-01
9.867419546303540789e-01
9.867356788096970366e-01
9.867299755270326767e-01
9.867247911400807148e-01
9.867200797156299164e-01
9.867158016057048231e-01
9.867119223102318593e-01
9.867296848474813586e-01
9.867383646974603462e-01
9.867432316165072326e-01
9.867779059184303980e-01
9.867978559363284052e-01
9.868318321988477360e-01
9.868653864580951840e-01
9.868985010436926997e-01
9.869311730722287734e-01
9.869495180603997664e-01
9.869816290835524697e-01
9.870133424436234870e-01
9.870306651529270336e-01
9.870619472871877687e-01
9.870928737299264899e-01
9.871094010977220501e-01
9.871399990967113514e-01
9.871702762279817023e-01
9.871861793888444536e-01
9.872162059088288588e-01
9.872459392840347014e-01
9.872405469241225529e-01
9.872357119541248505e-01
9.872724490979227774e-01
9.872846330090480071e-01
9.872883204142008928e-01
9.873189033944996806e-01
9.873490280459662483e-01
9.873793333428567687e-01
9.873956529102438928e-01
9.874250379564606384e-01
9.874546636577647973e-01
9.874666294667390209e-01
9.875019564597035115e-01
9.875156638184064972e-01
9.875501151606157491e-01
9.875841017726442184e-01
9.875783555623023346e-01
9.875899160393163401e-01
9.875869175312296244e-01
9.876009033233041912e-01
9.876317244971222209e-01
9.876596366270996574e-01
9.876871534390697649e-01
9.876850573257730526e-01
9.877016065070609585e-01
9.877250146158988997e-01
9.877549657429864904e-01
9.877685980154192746e-01
9.877819510066396802e-01
9.878045380761655281e-01
9.878340007587600446e-01
9.878474660657703410e-01
9.878619581687404505e-01
9.878750210326479042e-01
9.878941832532558420e-01
9.879229420878414825e-01
9.879355292778096986e-01
9.879359498694900710e-01
9.879519561711564979e-01
9.879519139549287621e-01
9.879575747524407259e-01
9.879792212470279722e-01
9.880088024750710574e-01
9.880373427244448781e-01
9.880661786450745110e-01
9.880967312024917515e-01
9.881136541719943711e-01
9.881270793897202198e-01
9.881422521473466336e-01
9.881446435965849373e-01
9.881626102588660920e-01
9.881813314859414499e-01
9.882029272792980379e-01
9.882249647076388754e-01
9.882519563079181779e-01
9.882795345434332024e-01
9.883024783858100903e-01
9.883264701399415708e-01
9.883443547519927819e-01
9.883711747310758300e-01
9.883998707444572318e-01
9.884259815639547808e-01
9.884521111144339844e-01
9.884779950883731958e-01
9.884921010114107176e-01
9.885071169343494502e-01
9.885119637655370717e-01
9.885261344263145400e-01
9.885541105846894494e-01
9.885807486417914625e-01
9.886026314003630855e-01
9.886160603135079050e-01
9.886378857051225655e-01
9.886413738294296261e-01
9.886647076087322628e-01
9.886877040015222828e-01
9.887048300704118775e-01
9.887281385173920523e-01
9.887458340754551323e-01
9.887693323642215981e-01
9.887914569947047205e-01
9.888169781156084248e-01
9.888451712805023108e-01
9.888628644730416140e-01
9.888685368406904264e-01
9.888806913634426987e-01
9.889034384434760572e-01
9.889261925807046882e-01
9.889429736011496885e-01
9.889622155650441560e-01
9.889744156547136678e-01
9.889799696845151811e-01
9.889876781334914213e-01
9.890145355753562351e-01
9.890231764371467671e-01
9.890466762688736591e-01
9.890579798753674767e-01
9.890665713119681790e-01
9.890906980290565809e-01
9.891165249027453754e-01
9.891343760922602923e-01
9.891599018167166468e-01
9.891649447852232102e-01
9.891882804374811933e-01
9.891972553450760763e-01
9.892203946992338404e-01
9.892291181969385949e-01
9.892352032494423630e-01
9.892547445433458320e-01
9.892641108843163167e-01
9.892707401265559142e-01
9.892940974504962348e-01
9.893172784251599294e-01
9.893446528989283673e-01
9.893622453489054891e-01
9.893709196926492311e-01
9.893770427230023090e-01
9.893968534922514824e-01
9.894061670836822309e-01
9.894287609351511970e-01
9.894377969750692836e-01
9.894600939770102910e-01
9.894658292168704294e-01
9.894861756034435407e-01
9.894954799564813497e-01
9.895178290088734174e-01
9.895399948197620699e-01
9.895486872367219577e-01
9.895705947467650088e-01
9.895759719272534394e-01
9.896035239226086411e-01
9.896306692820148188e-01
9.896482568023547977e-01
9.896687632247833655e-01
9.896892890289648026e-01
9.897120351700828822e-01
9.897224281731182849e-01
9.897253559524540334e-01
9.897476692853894864e-01
9.897691394353925753e-01
9.897913351932401405e-01
9.898124595003441328e-01
9.898335361013929079e-01
9.898534425077635257e-01
9.898733265692057914e-01
9.898871357074233712e-01
9.899081290746902795e-01
9.899279527593880523e-01
9.899477478033020805e-01
9.899675074644860295e-01
9.899872275657445320e-01
9.900069056430578218e-01
9.900265404214556586e-01
9.900275472877532179e-01
9.900481727200858284e-01
9.900696283726535540e-01
9.900716535275301267e-01
9.900868624234647752e-01
9.901055884588482181e-01
9.901244086965387270e-01
9.901312192624321940e-01
9.901306033252583738e-01
9.901521218145048486e-01
9.901737061065967183e-01
9.901955183461079724e-01
9.902177763800444898e-01
9.902288716157692239e-01
9.902494776361610018e-01
9.902670788134693147e-01
9.902889656590703193e-01
9.902950884641783524e-01
9.903076770882235369e-01
9.903158433101280078e-01
9.903349853984162454e-01
9.903544069474968792e-01
9.903740612140660149e-01
9.903939152988747718e-01
9.904144653677177113e-01
9.904228320061401192e-01
9.904390575562215249e-01
9.904595632071236944e-01
9.904778539870862097e-01
9.904884142427743399e-01
9.904956139934226744e-01
9.905029847899640139e-01
9.905016164533945178e-01
9.905227673936866095e-01
9.905307880288179989e-01
9.905523293082518776e-01
9.905762125514356864e-01
9.905968654439597509e-01
9.906044791742447675e-01
9.906120211846799473e-01
9.906335340865873862e-01
9.906532552433233718e-01
9.906740456329797828e-01
9.906905296884984669e-01
9.907113242198357650e-01
9.907319528404863185e-01
9.907527347029062570e-01
9.907709223595294601e-01
9.907741186907745856e-01
9.907884005085006995e-01
9.907988016122424302e-01
9.908191512406229196e-01
9.908396250961314378e-01
9.908428348590887502e-01
9.908452711566825277e-01
9.908656234661230577e-01
9.908842218707901717e-01
9.908923955818600415e-01
9.909129873785095244e-01
9.909339504424098388e-01
9.909372346120733921e-01
9.909519953408799653e-01
9.909579626368794081e-01
9.909740044480386256e-01
9.909882313357085692e-01
9.910101421502169883e-01
9.910313241472873402e-01
9.910504027071540545e-01
9.910688936319729248e-01
9.910876274315278955e-01
9.910967469244446049e-01
9.911110138743970399e-01
9.911167793580749619e-01
9.911320318314117417e-01
9.911377412599094994e-01
9.911506792610610406e-01
9.911565883629176454e-01
9.911727745000814549e-01
9.911794338777898394e-01
9.912013972538482598e-01
9.912105608508607890e-01
9.912075343862647436e-01
9.912171972230909844e-01
9.912356831847244365e-01
9.912542848688352670e-01
9.912727668644073509e-01
9.912809842299322716e-01
9.913031701282912778e-01
9.913211636494652090e-01
9.913412861567307832e-01
9.913483069592350372e-01
9.913596716190550273e-01
9.913773899134018519e-01
9.913855970701218601e-01
9.914060279124271569e-01
9.914243611385730182e-01
9.914296817579238974e-01
9.914464340528100772e-01
9.914629077274933477e-01
9.914778363000196215e-01
9.914857854143549476e-01
9.915046204022273102e-01
9.915225457612734106e-01
9.915270915748027880e-01
9.915448827628303707e-01
9.915564737878136414e-01
9.915697725452736755e-01
9.915883874942994503e-01
9.916048433355728609e-01
9.916218837044700196e-01
9.916379121231573279e-01
9.916540563807016984e-01
9.916611449641727916e-01
9.916788429597412913e-01
9.917017400462314614e-01
9.917043676166614752e-01
9.917214220241611367e-01
9.917337928558418447e-01
9.917403274750017372e-01
9.917557604486136880e-01
9.917641359018409819e-01
9.917797355597987030e-01
9.917968412966879921e-01
9.918126700549693142e-01
9.918308006907261554e-01
9.918381137990539553e-01
9.918550952163506240e-01
9.918724280042389152e-01
9.918859238104691389e-01
9.919034318696247077e-01
9.919237053942380200e-01
9.919382904753190067e-01
9.919532736626603953e-01
9.919686296942910042e-01
9.919839730143596990e-01
9.920000852488706222e-01
9.920198996919321610e-01
9.920353227269899099e-01
9.920515482587483058e-01
9.920684562470689638e-01
9.920859403812816169e-01
9.920864129681875587e-01
9.920985124117360776e-01
9.921120117207242739e-01
9.921248824930641863e-01
9.921410641298625821e-01
9.921624687095416117e-01
9.921796187529507982e-01
9.921948176029403710e-01
9.922103260634322908e-01
9.922260704353691452e-01
9.922420424027809105e-01
9.922582127372514549e-01
9.922733212365717481e-01
9.922910451762484429e-01
9.923087110964210478e-01
9.923205004049002742e-01
9.923312825076996413e-01
9.923432709864625778e-01
9.923501195058688218e-01
9.923621721717615918e-01
9.923747368337643149e-01
9.923875642765778160e-01
9.924048259580634523e-01
9.924223035700555640e-01
9.924297235306441811e-01
9.924475989109322605e-01
9.924541615625510627e-01
9.924620241171638879e-01
9.924672188857887045e-01
9.924693184114115052e-01
9.924823321037473667e-01
9.924964011106763850e-01
9.925001098380358266e-01
9.925071788028467790e-01
9.925250145937730695e-01
9.925302940256011119e-01
9.925375620035248314e-01
9.925558503323649306e-01
9.925743487938051279e-01
9.925804517250323977e-01
9.925877921010334282e-01
9.926067894123925539e-01
9.926259833553580103e-01
9.926453458017970854e-01
9.926519227528874945e-01
9.926591791247404428e-01
9.926791044057491353e-01
9.926991940083861321e-01
9.927065943944816118e-01
9.927283142114242676e-01
9.927481848064927394e-01
9.927677317838047300e-01
9.927894242575546757e-01
9.928078013037181515e-01
9.928144818451583031e-01
9.928189074173014994e-01
9.928445897656000829e-01
9.928616231214892895e-01
9.928791280824679211e-01
9.928961321705294107e-01
9.929191419223382109e-01
9.929441264481722040e-01
9.929523983325249104e-01
9.929686859268246346e-01
9.929856320460225261e-01
9.930105268576210342e-01
9.930306757899755032e-01
9.930470789988762315e-01
9.930532290544823448e-01
9.930479540166479158e-01
9.930687163108178339e-01
9.930871082737549038e-01
9.931108052570917222e-01
9.931345891119036651e-01
9.931584546499835353e-01
9.931790064358144710e-01
9.932026254528023568e-01
9.932256906145164876e-01
9.932374866933053603e-01
9.932655926207826225e-01
9.932889345091951983e-01
9.933007599067998905e-01
9.933200622476168196e-01
9.933436830959785357e-01
9.933643134715351986e-01
9.933915858144324318e-01
9.934089416845998111e-01
9.934305727415327913e-01
9.934374392321410063e-01
9.934627359775889399e-01
9.934708113284076436e-01
9.934924458520741908e-01
9.935239644543544246e-01
9.935367997948768570e-01
9.935599076048931000e-01
9.935855926386131243e-01
9.936062450278377867e-01
9.936203877811859986e-01
9.936455118741696069e-01
9.936727407770066245e-01
9.936978331882080351e-01
9.937235739254290934e-01
9.937347366165776297e-01
9.937626197904131375e-01
9.937828043103060782e-01
9.938024859180734083e-01
9.938306514119636947e-01
9.938557639043368308e-01
9.938846477984691896e-01
9.938961253730237422e-01
9.939278093474349651e-01
9.939580524806689299e-01
9.939865783303208913e-01
9.939882896639564702e-01
9.940075860914107109e-01
9.940389886786834550e-01
9.940697367664151907e-01
9.940851827381763650e-01
9.940979047840041716e-01
9.941355598108708724e-01
9.941581005631296986e-01
9.941884870219517278e-01
9.942256595836700406e-01
9.942669713931523434e-01
9.943020091520295978e-01
9.943364649056608551e-01
9.943694689771422901e-01
9.944021688879548515e-01
9.944378969292784198e-01
9.944729046360871738e-01
9.945083289667862037e-01
9.945422271214627852e-01
9.945781283538114304e-01
9.946143364549931976e-01
9.946449868570659270e-01
9.946635702864542461e-01
9.947036221950240620e-01
9.947425807122597385e-01
9.947813495185996446e-01
9.948183582791700896e-01
9.948555546569844976e-01
9.948900140541026005e-01
9.949294247120044066e-01
9.949701824271451889e-01
9.950196820310480694e-01
9.950617924682021442e-01
9.950977125704955073e-01
9.951141229770572583e-01
9.951573708902869964e-01
9.951985484121214087e-01
9.952385194289069537e-01
9.952807230148515982e-01
9.953141938417680024e-01
9.953587941204414813e-01
9.954013978718272426e-01
9.954450970389041586e-01
9.954880092575671968e-01
9.955310355270566847e-01
9.955481751772744525e-01
9.955941481398080661e-01
9.956401393860813132e-01
9.956843878228743838e-01
9.957286951454047408e-01
9.957689306494595938e-01
9.958141236147463049e-01
9.958638167370340577e-01
9.959133828703820024e-01
9.959608280856258045e-01
9.960059949588160322e-01
9.960515702178943664e-01
9.960924832450549493e-01
9.961405249794444972e-01
9.961610693211677692e-01
9.962126186913370374e-01
9.962650475554077900e-01
9.963171216866540947e-01
9.963693129045976260e-01
9.964150849356389061e-01
9.964435983266617392e-01
9.964980013002598946e-01
9.965231169158986768e-01
9.965718254510490537e-01
9.966199207368761082e-01
9.966687575019108625e-01
9.967166538378461338e-01
9.967494420152039902e-01
9.967979694676865066e-01
9.968532359988661051e-01
9.968894859751499249e-01
9.969427155144329200e-01
9.970037165150610337e-01
9.970600646608420714e-01
9.971053207374861449e-01
9.971479403531033903e-01
9.971987861909659134e-01
9.972506619977161701e-01
9.973010843225350586e-01
9.973618079750325993e-01
9.973748216748858919e-01
9.974328143253319290e-01
9.974660319071937398e-01
9.975215592935634534e-01
9.975769593050837214e-01
9.976326141563358618e-01
9.976895377270329490e-01
9.977254132321617952e-01
9.977812878727759793e-01
9.978367693379580627e-01
9.978790780635167224e-01
9.979070187709689899e-01
9.979739352680538911e-01
9.980320468832037939e-01
9.980994114574082143e-01
9.981658650746332295e-01
9.982284178087772464e-01
9.982557447056601418e-01
9.982757237727762911e-01
9.982955770001461504e-01
9.983633495300306970e-01
9.984303530801291737e-01
9.984488048558840534e-01
9.985168056230008249e-01
9.986014285683294522e-01
9.986656668941116255e-01
9.987144713513390615e-01
9.987816460547710440e-01
9.988484597916872376e-01
9.989211540919349375e-01
9.989848208341964853e-01
9.990678908840067152e-01
9.991273669597776630e-01
9.991443468545337936e-01
9.991948660011799044e-01
9.992710619096828450e-01
9.993034542059207048e-01
9.993696355033441225e-01
9.994356189134194768e-01
9.995016599495341048e-01
9.995681099912022693e-01
9.995988836376126230e-01
9.996654881588289410e-01
9.997378326353213440e-01
9.998071250763793660e-01
9.998761378872000893e-01
9.999451599027674442e-01
1.000014388837938029e+00
1.000081628357958552e+00
1.000155376811765917e+00
1.000224645553836611e+00
1.000293560326807052e+00
1.000369591116623713e+00
1.000442373673255281e+00
1.000477898190009096e+00
1.000564406240556314e+00
1.000640195949053846e+00
1.000713292177417779e+00
1.000783053849162663e+00
1.000863143005511935e+00
1.000939174143898658e+00
1.001012369950598391e+00
1.001092123143678903e+00
1.001167983656545912e+00
1.001242634359855943e+00
1.001267831293242372e+00
1.001346154511732589e+00
1.001434054627527548e+00
1.001516690624074002e+00
1.001582281141728537e+00
1.001605015466270343e+00
1.001690081860175052e+00
1.001731125989091309e+00
1.001751061327319947e+00
1.001818900691283210e+00
1.001891518862176644e+00
1.001968153461605171e+00
1.002044410512503481e+00
1.002118910210594294e+00
1.002193591210669865e+00
1.002267118307111682e+00
1.002341762998872232e+00
1.002415236833630097e+00
1.002489132167193375e+00
1.002563633083444428e+00
1.002637056743433952e+00
1.002718876961619099e+00
1.002806210530652331e+00
1.002829488599620955e+00
1.002907028121744037e+00
1.002984199861520986e+00
1.003062450641383441e+00
1.003145670075033191e+00
1.003216119164475950e+00
1.003286912927840113e+00
1.003357621793382171e+00
1.003384681604456929e+00
1.003421831979539158e+00
1.003508187537116569e+00
1.003581320003545718e+00
1.003655111629605967e+00
1.003729269569665794e+00
1.003803607219775351e+00
1.003878002646372503e+00
1.003952374284503124e+00
1.004026666125144240e+00
1.004100838665593409e+00
1.004180325517080696e+00
1.004227916523042108e+00
1.004301455748013439e+00
1.004330312801713587e+00
1.004360596444940690e+00
1.004442180934939755e+00
1.004519413916501680e+00
1.004545287179526847e+00
1.004592002444963272e+00
1.004672116095071788e+00
1.004715749525278534e+00
1.004794569508492330e+00
1.004838929804426684e+00
1.004921035335795354e+00
1.004986263664856105e+00
1.005032321077499624e+00
1.005106002887925287e+00
1.005174450918483675e+00
1.005244822698787122e+00
1.005312525788676803e+00
1.005384725892896070e+00
1.005458555382733765e+00
1.005531718035133748e+00
1.005603681665881766e+00
1.005674056345314371e+00
1.005743752090181076e+00
1.005769009607398567e+00
1.005830969699122335e+00
1.005892319166166171e+00
1.005953555142486300e+00
1.006029103870122121e+00
1.006101984215858947e+00
1.006170106340135373e+00
1.006207412671872969e+00
1.006270127654805835e+00
1.006340304176664979e+00
1.006409187644437431e+00
1.006477249926810424e+00
1.006544605663267422e+00
1.006611347545891988e+00
1.006668828948628081e+00
1.006664176775651232e+00
1.006734530767045221e+00
1.006764231449842617e+00
1.006832225433033301e+00
1.006900456484032924e+00
1.006941115813807297e+00
1.007005933661243358e+00
1.007075876942365555e+00
1.007101269048876979e+00
1.007166809677900288e+00
1.007186529024496568e+00
1.007211490130579312e+00
1.007272658158268053e+00
1.007333694045369654e+00
1.007365025797400504e+00
1.007425516406269317e+00
1.007486057458552908e+00
1.007512599424646993e+00
1.007576368977998849e+00
1.007651701881997264e+00
1.007708982389633023e+00
1.007767399371973349e+00
1.007826613392717174e+00
1.007883444870388612e+00
1.007940970843724804e+00
1.008003360018473016e+00
1.008064720703892192e+00
1.008127410154110892e+00
1.008156799449075436e+00
1.008182511635342893e+00
1.008231783306819507e+00
1.008283820678408604e+00
1.008336830191871814e+00
1.008392288481787524e+00
1.008416904272912307e+00
1.008477369202604113e+00
1.008533053446507344e+00
1.008589062385331303e+00
1.008645273926106922e+00
1.008701786663686706e+00
1.008763116264776993e+00
1.008823453244306778e+00
1.008883896532056568e+00
1.008905219814531407e+00
1.008963736820351675e+00
1.008992239555572601e+00
1.009051493972288771e+00
1.009075453283827528e+00
1.009134021683439464e+00
1.009190110725194600e+00
1.009213234582117868e+00
1.009242806588720232e+00
1.009300856355736409e+00
1.009352672938030882e+00
1.009402069652743483e+00
1.009459797656418134e+00
1.009513603349541766e+00
1.009534490049613487e+00
1.009562163696099635e+00
1.009597498235216273e+00
1.009652493592575251e+00
1.009708757678271507e+00
1.009747079073622045e+00
1.009806359244358465e+00
1.009856687756572446e+00
1.009905046242228543e+00
1.009959300767619084e+00
1.009972920260811424e+00
1.010030737830906356e+00
1.010078108423355436e+00
1.010104105094582927e+00
1.010135770683088685e+00
1.010187827057140941e+00
1.010236979277270075e+00
1.010286090178643015e+00
1.010335166920773631e+00
1.010384203975297268e+00
1.010433190244114154e+00
1.010482112690169743e+00
1.010530958440511995e+00
1.010579715820151714e+00
1.010628374823255404e+00
1.010676927112347911e+00
1.010725366032332762e+00
1.010773686389023762e+00
1.010821884229346157e+00
1.010875540561898989e+00
1.010925730418861468e+00
1.010976329469335910e+00
1.011015112101851576e+00
1.011060862128237314e+00
1.011102748304576693e+00
1.011150380190578790e+00
1.011198388650406788e+00
1.011217630905817622e+00
1.011237079269520001e+00
1.011278824558900391e+00
1.011328927022407509e+00
1.011373625004621246e+00
1.011396124845193256e+00
1.011412760853447557e+00
1.011459123628246193e+00
1.011502458306432040e+00
1.011550271004078683e+00
1.011596358740978863e+00
1.011641625341880069e+00
1.011667352116461194e+00
1.011682210517176106e+00
1.011725107344465968e+00
1.011775027701379503e+00
1.011798469446776094e+00
1.011815802228559047e+00
1.011837379360751799e+00
1.011887749287911475e+00
1.011939303167440185e+00
1.011984722519111202e+00
1.012029167015228381e+00
1.012073192820551082e+00
1.012117019762842851e+00
1.012160682495788722e+00
1.012204203929560009e+00
1.012247599370657669e+00
1.012290879088820761e+00
1.012340665424380726e+00
1.012379726821462933e+00
1.012420082021772361e+00
1.012437003846024419e+00
1.012482801215851547e+00
1.012523840227352645e+00
1.012564961742314473e+00
1.012606146303426158e+00
1.012647377548718142e+00
1.012688640416601560e+00
1.012736362791323730e+00
1.012773898138113804e+00
1.012814253714948487e+00
1.012840077681105955e+00
1.012876274709382907e+00
1.012914800138507765e+00
1.012954836639541334e+00
1.012995952757334450e+00
1.013017727965344505e+00
1.013055344463281937e+00
1.013074645401387919e+00
1.013092679491155446e+00
1.013136239546830186e+00
1.013156307751422958e+00
1.013202019973682422e+00
1.013245040438468969e+00
1.013285532216436247e+00
1.013330090773291614e+00
1.013378824102884934e+00
1.013416212480072964e+00
1.013459487029775730e+00
1.013482052534826705e+00
1.013524952897006282e+00
1.013569554295543185e+00
1.013587970686413264e+00
1.013613197004233024e+00
1.013624124319559838e+00
1.013666098064899712e+00
1.013685591905633787e+00
1.013723252221993887e+00
1.013765296103292135e+00
1.013807686628641402e+00
1.013829676290667781e+00
1.013857794600188544e+00
1.013900483568790145e+00
1.013909849534376351e+00
1.013925638164280274e+00
1.013965790976395720e+00
1.014011191308337390e+00
1.014057599626181805e+00
1.014089535080689330e+00
1.014127933305369433e+00
1.014161879533491684e+00
1.014182095492084379e+00
1.014197575816390584e+00
1.014241474510283680e+00
1.014257115326454350e+00
1.014300218768860562e+00
1.014323132822565698e+00
1.014366135770700561e+00
1.014404446346645505e+00
1.014426874736461981e+00
1.014446242190964131e+00
1.014484153895797158e+00
1.014500897858066075e+00
1.014521638314917151e+00
1.014558875402516547e+00
1.014577381768415387e+00
1.014618508455268575e+00
1.014654340699384427e+00
1.014688574402491827e+00
1.014722841943853204e+00
1.014760409399698693e+00
1.014800975444627440e+00
1.014839220529870412e+00
1.014871633201321899e+00
1.014904703044641643e+00
1.014940923632057679e+00
1.014975663431321617e+00
1.015010274297192483e+00
1.015045658012214691e+00
1.015081314420257286e+00
1.015117353513120824e+00
1.015152122693288694e+00
1.015193982368837622e+00
1.015219251524922317e+00
1.015248239318454981e+00
1.015260851193385161e+00
1.015295205234647336e+00
1.015327979150639326e+00
1.015361683824608674e+00
1.015397049532068774e+00
1.015428847822224423e+00
1.015463198758209007e+00
1.015482066393886162e+00
1.015496315124479132e+00
1.015534773984166472e+00
1.015579541633134575e+00
1.015620146333461760e+00
1.015658343195580127e+00
1.015688446656314081e+00
1.015707377094210884e+00
1.015743420773769667e+00
1.015770032781330379e+00
1.015788790564063460e+00
1.015816167898795364e+00
1.015856042509935664e+00
1.015891476127694926e+00
1.015924025709085132e+00
1.015960150495019976e+00
1.015995415000114477e+00
1.016020834473470691e+00
1.016052701048053342e+00
1.016088184723412446e+00
1.016118700234333261e+00
1.016152371388034492e+00
1.016185543361529886e+00
1.016210488768571896e+00
1.016238238239296487e+00
1.016275587928106683e+00
1.016293835066233830e+00
1.016327822913095202e+00
1.016361765965555275e+00
1.016396049454555861e+00
1.016402669485206856e+00
1.016439851596359745e+00
1.016471777378909147e+00
1.016501213996877206e+00
1.016532705639971335e+00
1.016566573044773492e+00
1.016596631688954311e+00
1.016615603590871775e+00
1.016641278365744583e+00
1.016675479099610202e+00
1.016703973206634748e+00
1.016720078735177113e+00
1.016754385389112114e+00
1.016781583771904307e+00
1.016816364951283802e+00
1.016829854772538289e+00
1.016859678621511387e+00
1.016863832429033554e+00
1.016889778606447914e+00
1.016925624964202912e+00
1.016949348458669800e+00
1.016963956813180081e+00
1.016993650923863513e+00
1.017006297314771990e+00
1.017039310605966751e+00
1.017050855779630947e+00
1.017083875045124541e+00
1.017116119998784596e+00
1.017149300940253021e+00
1.017164120297219254e+00
1.017200564034944632e+00
1.017238956212810130e+00
1.017251211301850367e+00
1.017282822931696806e+00
1.017309412563642823e+00
1.017336589063087660e+00
1.017371309379851541e+00
1.017398619499272350e+00
1.017409034016514280e+00
1.017422847811914499e+00
1.017452103833595745e+00
1.017462175700202254e+00
1.017475766746918753e+00
1.017489015687075060e+00
1.017505858166420252e+00
1.017536359415992964e+00
1.017563186056282154e+00
1.017591763178969932e+00
1.017621563916033534e+00
1.017638407684887003e+00
1.017655933214495878e+00
1.017686814368541359e+00
1.017718513457032792e+00
1.017735420498446786e+00
1.017753985135087191e+00
1.017765334122122445e+00
1.017781640522732012e+00
1.017816777761980873e+00
1.017852399271866215e+00
1.017890574294593620e+00
1.017923597581200212e+00
1.017935851907067146e+00
1.017949888915916867e+00
1.017963399652460854e+00
1.017995200659567612e+00
1.018023578986126276e+00
1.018052717774428961e+00
1.018081865815954057e+00
1.018096089018212247e+00
1.018108778207845733e+00
1.018121883621072810e+00
1.018153110601607958e+00
1.018181662861811443e+00
1.018214423083929843e+00
1.018241987430252626e+00
1.018254734636546255e+00
1.018280419222409305e+00
1.018310627221497455e+00
1.018338152639989946e+00
1.018370150645971473e+00
1.018399277698238237e+00
1.018428227202449188e+00
1.018455281153541225e+00
1.018465401879349974e+00
1.018492228507348107e+00
1.018522594815258531e+00
1.018535538238198201e+00
1.018547226703947928e+00
1.018557804898329699e+00
1.018577082078247820e+00
1.018600225275889892e+00
1.018627834598660797e+00
1.018657735368098116e+00
1.018684328050753818e+00
1.018713478270335315e+00
1.018742466643719924e+00
1.018751263273194763e+00
1.018777802627973017e+00
1.018806220750167801e+00
1.018839867083956463e+00
1.018844610214271418e+00
1.018878362573016449e+00
1.018908565957902912e+00
1.018929139065585909e+00
1.018941169333004604e+00
1.018953290916426724e+00
1.018977543408754682e+00
1.019010085062084459e+00
1.019042642539750521e+00
1.019077469037185324e+00
1.019079942149408780e+00
1.019090214698726404e+00
1.019104248701283355e+00
1.019135648086509471e+00
1.019154985132267655e+00
1.019173233848593263e+00
1.019178119797355953e+00
1.019201354434311479e+00
1.019213715228450612e+00
1.019221201070498628e+00
1.019239173172642454e+00
1.019272532711133383e+00
1.019305838687467824e+00
1.019333879921351160e+00
1.019363589483962329e+00
1.019387714321356553e+00
1.019404897554877065e+00
1.019439750387538979e+00
1.019454031150395901e+00
1.019471223984415698e+00
1.019477308888321776e+00
1.019500555612770309e+00
1.019507350645196153e+00
1.019532176334824403e+00
1.019548929448338415e+00
1.019564700296315518e+00
1.019579282907775664e+00
1.019601061026650823e+00
1.019628248793961411e+00
1.019654949922446763e+00
1.019684350358708524e+00
1.019709773676553244e+00
1.019730105960562572e+00
1.019752405353330893e+00
1.019778812246879607e+00
1.019800604428516611e+00
1.019822586582983304e+00
1.019853159985962820e+00
1.019875447765723919e+00
1.019898122535966456e+00
1.019906402629648268e+00
1.019931429743733409e+00
1.019957419483636274e+00
1.019981273381594500e+00
1.019991833908176382e+00
1.020002998858736021e+00
1.020016243061396599e+00
1.020047094979922520e+00
1.020053583148619047e+00
1.020076394716181278e+00
1.020107653155553296e+00
1.020134394729756533e+00
1.020156857381366411e+00
1.020162893545736083e+00
1.020194542688948269e+00
1.020223787844113383e+00
1.020245736451478979e+00
1.020264828250336375e+00
1.020273512471079336e+00
1.020296501424815094e+00
1.020297067578775696e+00
1.020316722952755661e+00
1.020328031710831196e+00
1.020355895554449610e+00
1.020379343227756141e+00
1.020405699792517051e+00
1.020428937878096631e+00
1.020454814727272286e+00
1.020465522604533604e+00
1.020488980264506074e+00
1.020512437711236897e+00
1.020521782645444242e+00
1.020547220035356917e+00
1.020565980103729897e+00
1.020594021387130956e+00
1.020606835402171342e+00
1.020629254000139818e+00
1.020638185555762467e+00
1.020663298809316721e+00
1.020673624961256687e+00
1.020699406991035341e+00
1.020724058191806671e+00
1.020743978263972673e+00
1.020767467928696215e+00
1.020788683458082824e+00
1.020818517375365220e+00
1.020839100764107554e+00
1.020859297341340399e+00
1.020880615061887653e+00
1.020903157196944910e+00
1.020912358579862733e+00
1.020933469487569800e+00
1.020942471637617865e+00
1.020967783705567289e+00
1.020986450414440805e+00
1.021007870894816705e+00
1.021032302932636915e+00
1.021038349340014362e+00
1.021046537747668737e+00
1.021057883435326774e+00
1.021068689070701918e+00
1.021093077204827226e+00
1.021104002993920457e+00
1.021128091526102288e+00
1.021138368070592772e+00
1.021150089787534299e+00
1.021162259980652909e+00
1.021188849303323876e+00
1.021216186547920568e+00
1.021229007807224143e+00
1.021239993550117964e+00
1.021264252717577703e+00
1.021292407444995165e+00
1.021316812471845470e+00
1.021342627336098596e+00
1.021365287303125147e+00
1.021390724655231397e+00
1.021416891649533865e+00
1.021442882083642312e+00
1.021454691894701838e+00
1.021466806905461766e+00
1.021486525401383627e+00
1.021492132957678267e+00
1.021516977791682823e+00
1.021525968573577803e+00
1.021538124350447552e+00
1.021558904520710520e+00
1.021584731554322056e+00
1.021604167210071079e+00
1.021628619695926776e+00
1.021648223241682807e+00
1.021657082874298794e+00
1.021668755111978522e+00
1.021693833515666672e+00
1.021716957412482696e+00
1.021738338469313279e+00
1.021751397990389609e+00
1.021776365169615897e+00
1.021801810393495158e+00
1.021823412657024477e+00
1.021849441962129346e+00
1.021870561545465739e+00
1.021893641402265018e+00
1.021902488528820818e+00
1.021924255591304842e+00
1.021932495043433198e+00
1.021955201177705552e+00
1.021965065826102803e+00
1.021985119326553892e+00
1.022006976172330051e+00
1.022030040319386712e+00
1.022038262415224885e+00
1.022048525915525197e+00
1.022057724710284665e+00
1.022078916464629561e+00
1.022088026335990163e+00
1.022098384285444084e+00
1.022121151798629723e+00
1.022145194897680742e+00
1.022164546709883659e+00
1.022188687082442593e+00
1.022212563536425423e+00
1.022221178857890322e+00
1.022242143783674395e+00
1.022261418736562621e+00
1.022271993245213118e+00
1.022294358813852222e+00
1.022320704897715871e+00
1.022339789744932226e+00
1.022363257844703277e+00
1.022374512251133183e+00
1.022385290872719343e+00
1.022405784609968782e+00
1.022429605448012202e+00
1.022453024849374614e+00
1.022461168658844510e+00
1.022482286445616451e+00
1.022502744472301384e+00
1.022513769703664810e+00
1.022538213048155065e+00
1.022561291486954183e+00
1.022581259103161555e+00
1.022590515584264725e+00
1.022599840959195205e+00
1.022619610014478431e+00
1.022642183774322255e+00
1.022652846955128370e+00
1.022675920987859088e+00
1.022683883822763873e+00
1.022694411557313554e+00
1.022717152309237099e+00
1.022730026429128802e+00
1.022752298071518018e+00
1.022763416862459751e+00
1.022773805357222621e+00
1.022793076201128804e+00
1.022813827652105934e+00
1.022835989947807445e+00
1.022853276083192764e+00
1.022876130665110184e+00
1.022883596937551598e+00
1.022893632427745336e+00
1.022917613088101696e+00
1.022941277239015401e+00
1.022953692058685471e+00
1.022961334833027758e+00
1.022970203865005701e+00
1.022979228005787888e+00
1.022988314249782871e+00
1.022997490290703304e+00
1.023018479335093822e+00
1.023040588066372880e+00
1.023065979413385618e+00
1.023076467561576219e+00
1.023083327795640818e+00
1.023108340240788783e+00
1.023128709622837196e+00
1.023150217767622383e+00
1.023170209101623485e+00
1.023188321037212578e+00
1.023206474493134621e+00
1.023225205046465858e+00
1.023244162436644400e+00
1.023264618559747596e+00
1.023284849946777930e+00
1.023300794275197267e+00
1.023321852818233513e+00
1.023334089693169746e+00
1.023339308225362121e+00
1.023358358237423937e+00
1.023376872210787436e+00
1.023395226093366528e+00
1.023413122831512423e+00
1.023431475363724807e+00
1.023448403014588726e+00
1.023455917610281984e+00
1.023474172198044041e+00
1.023492269755854611e+00
1.023512228028456761e+00
1.023520124222044192e+00
1.023541349492649744e+00
1.023560588342244060e+00
1.023582416233424164e+00
1.023589836336279202e+00
1.023597421830282794e+00
1.023617761561276485e+00
