2.036814204117832094e+00
2.036814221178750550e+00
2.036814220534175934e+00
2.036814204627047875e+00
2.036814177675716930e+00
2.036814147868190705e+00
2.036814118995526002e+00
2.036814095051593831e+00
2.036814077362550268e+00
2.036814054246337768e+00
2.036814057121071553e+00
2.036814063168088662e+00
2.036814064837744631e+00
2.036814082726226882e+00
2.036814102026732964e+00
2.036814122774345925e+00
2.036814145293816658e+00
2.036814169363033056e+00
2.036814195171916975e+00
2.036814221018548476e+00
2.036814247382515486e+00
2.036814256183042016e+00
2.036814350864684986e+00
2.036814353115008025e+00
2.036814438527063231e+00
2.036814417415060863e+00
2.036814478300487785e+00
2.036814483726797853e+00
2.036814525226430916e+00
2.036814472910863039e+00
2.036814445387689521e+00
2.036814524819359651e+00
2.036814576730988868e+00
2.036814580698250055e+00
2.036814486237171984e+00
2.036814414308277144e+00
2.036814349597820151e+00
2.036814289027451430e+00
2.036814333544120004e+00
2.036814401541620079e+00
2.036814426202675943e+00
2.036814368514609175e+00
2.036814169037669320e+00
2.036814201046190931e+00
2.036814175540393901e+00
2.036814016193754018e+00
2.036813971683159696e+00
2.036813680768659207e+00
2.036813453975867105e+00
2.036813349868247247e+00
2.036813185857956565e+00
2.036813140775182163e+00
2.036813099887312184e+00
2.036813063095224585e+00
2.036813030129766666e+00
2.036813001223646058e+00
2.036812961639662856e+00
2.036812930021016044e+00
2.036812909938477301e+00
2.036812901763556560e+00
2.036812907298215958e+00
2.036812928530205902e+00
2.036812964840077900e+00
2.036813017888834398e+00
2.036813088036360408e+00
2.036813175688100053e+00
2.036813280885704902e+00
2.036813401788541089e+00
2.036813540671752243e+00
2.036813697288763603e+00
2.036813871171673007e+00
2.036814062881624920e+00
2.036814272766211520e+00
2.036814498353451963e+00
2.036814736792877945e+00
2.036814987847899605e+00
2.036815250941761857e+00
2.036815523229524416e+00
2.036815804098231375e+00
2.036816091684278796e+00
2.036816384029870530e+00
2.036816699103316530e+00
2.036817005836425665e+00
2.036817303573497995e+00
2.036817591132181970e+00
2.036817867046995190e+00
2.036818129315406622e+00
2.036818355079847986e+00
2.036819716733022201e+00
2.036820615518515343e+00
2.036820414182153538e+00
2.036820234008791086e+00
2.036820075906331962e+00
2.036819939528565104e+00
2.036819825396564809e+00
2.036819732914033398e+00
2.036819660850774483e+00
2.036821041908156715e+00
2.036820836093176545e+00
2.036820853851860402e+00
2.036822136440067155e+00
2.036822174213040348e+00
2.036821363915848782e+00
2.036820601202549597e+00
2.036821257268550678e+00
2.036820260086664724e+00
2.036818893363215199e+00
2.036817835153474032e+00
2.036816413771822543e+00
2.036815293293918305e+00
2.036813815519482596e+00
2.036812633697351771e+00
2.036811102274618701e+00
2.036812408022456999e+00
2.036812352567094031e+00
2.036809814939797292e+00
2.036810618238969361e+00
2.036810772555615490e+00
2.036810859811691188e+00
2.036810862158698665e+00
2.036809627934664579e+00
2.036808352713136649e+00
2.036807042059086470e+00
2.036805700966452637e+00
2.036804350604142666e+00
2.036802975299619067e+00
2.036801584893600303e+00
2.036800205607956826e+00
2.036798974581007116e+00
2.036797706934198704e+00
2.036796424191773092e+00
2.036794352868305680e+00
2.036794879382508583e+00
2.036793885320202779e+00
2.036792855982044514e+00
2.036791801121477619e+00
2.036786727904132288e+00
2.036788252631706708e+00
2.036788068964066500e+00
2.036783464552450518e+00
2.036780198000720521e+00
2.036782161601939922e+00
2.036784059230794863e+00
2.036781642728657804e+00
2.036777592872989207e+00
2.036781780890215554e+00
2.036779071944162300e+00
2.036777979095939717e+00
2.036777119564598504e+00
2.036777437830305182e+00
2.036775431340637432e+00
2.036777271181105409e+00
2.036786033654276906e+00
2.036796270688082000e+00
2.036798411744372928e+00
2.036801133817648157e+00
2.036813670884824123e+00
2.036817033149338929e+00
2.036830549750579866e+00
2.036848208983247144e+00
2.036849354805267076e+00
2.036848056892015535e+00
2.036852478764782592e+00
2.036873045963429441e+00
2.036870687473160135e+00
2.036889182683641497e+00
2.036909147900332062e+00
2.036928156127214340e+00
2.036926542321128242e+00
2.036935390271566781e+00
2.036963768851162371e+00
2.036991842707081890e+00
2.037007768603721125e+00
2.037006562287064337e+00
2.037038811928338689e+00
2.037051150868172122e+00
2.037056290471036757e+00
2.037097748534916875e+00
2.037119004457694338e+00
2.037147278865059974e+00
2.037179262081441955e+00
2.037210838495990384e+00
2.037242404080652936e+00
2.037279162305658975e+00
2.037307168873501606e+00
2.037321688632883543e+00
2.037353795089789532e+00
2.037390574403381116e+00
2.037388486161211709e+00
2.037393858551552750e+00
2.037441782489401998e+00
2.037471754860233020e+00
2.037507815513100340e+00
2.037547366651361269e+00
2.037551821307676203e+00
2.037597873467982712e+00
2.037641080379700931e+00
2.037682942496597871e+00
2.037724783839806264e+00
2.037765505509304464e+00
2.037806068634657741e+00
2.037846468830241786e+00
2.037874504674211273e+00
2.037923993576709947e+00
2.037974441752871346e+00
2.038030531152828395e+00
2.038067983622312340e+00
2.038097856938436703e+00
2.038154632163109881e+00
2.038203518319044782e+00
2.038243915808982010e+00
2.038271450342427293e+00
2.038326244140723276e+00
2.038372553278557042e+00
2.038418219605718562e+00
2.038467694888148607e+00
2.038521148030931762e+00
2.038579130314428944e+00
2.038642665923027675e+00
2.038707280724438409e+00
2.038787119465763187e+00
2.038849345433367155e+00
2.038916829592228197e+00
2.038978088487853668e+00
2.038997659435326071e+00
2.039073215418544027e+00
2.039141714695069219e+00
2.039217071228432765e+00
2.039287982970096724e+00
2.039363849764503023e+00
2.039447407325926331e+00
2.039507847990377432e+00
2.039517669357843843e+00
2.039592494310411119e+00
2.039663064986199092e+00
2.039692841523971012e+00
2.039776597864717544e+00
2.039858884849151455e+00
2.039940739817577509e+00
2.040021115256290596e+00
2.040060583035213426e+00
2.040159476785278869e+00
2.040185881848143090e+00
2.040276555578457440e+00
2.040350901392726346e+00
2.040386096628667101e+00
2.040471906061608109e+00
2.040561345665660831e+00
2.040596640593471012e+00
2.040683989372868989e+00
2.040728208402870170e+00
2.040824558555568657e+00
2.040899425582499482e+00
2.040998617739244736e+00
2.041104508241162740e+00
2.041191696360723284e+00
2.041235464400206201e+00
2.041330142749485432e+00
2.041432628089468793e+00
2.041492194934593662e+00
2.041591386869134439e+00
2.041646729241767044e+00
2.041681291023707434e+00
2.041782865663346325e+00
2.041823891332710250e+00
2.041887385304215208e+00
2.042006151264965208e+00
2.042116675522386515e+00
2.042192765236332974e+00
2.042301008262256801e+00
2.042365089424381441e+00
2.042494334770453168e+00
2.042532881848206472e+00
2.042647843720450940e+00
2.042754901282378466e+00
2.042870195862519722e+00
2.042982056612973274e+00
2.043083242149383860e+00
2.043188193124207963e+00
2.043295771343722755e+00
2.043392351395831863e+00
2.043487177817422840e+00
2.043539967523654077e+00
2.043633332668310043e+00
2.043683053831360841e+00
2.043741096619983377e+00
2.043866717243391307e+00
2.043927306211895889e+00
2.044036199858371816e+00
2.044135610013296134e+00
2.044217768944792901e+00
2.044319450628416579e+00
2.044371014021895583e+00
2.044487761711829776e+00
2.044587825806303716e+00
2.044642286829407407e+00
2.044751605882961343e+00
2.044869070718148940e+00
2.044922677752248230e+00
2.045051473656181340e+00
2.045170602681825933e+00
2.045239189532217061e+00
2.045300538133296264e+00
2.045366933830867318e+00
2.045509861952726105e+00
2.045560109142940952e+00
2.045687782951262523e+00
2.045802703118977828e+00
2.045906858351274504e+00
2.045960973729624488e+00
2.046085687537886777e+00
2.046163856486665100e+00
2.046275558249164295e+00
2.046332708861299032e+00
2.046444206287854062e+00
2.046565373056634218e+00
2.046669197588478983e+00
2.046785588078340545e+00
2.046911580376032269e+00
2.046971241804000030e+00
2.047043904753745647e+00
2.047166112070652577e+00
2.047233618403146771e+00
2.047363719837424156e+00
2.047446471415288904e+00
2.047560833176047979e+00
2.047626716698422555e+00
2.047753819277719600e+00
2.047813355914058331e+00
2.047933982868186398e+00
2.048056774524648294e+00
2.048189725106253078e+00
2.048256259957711212e+00
2.048371492205252498e+00
2.048382321588573252e+00
2.048458168614859964e+00
2.048595914560713993e+00
2.048735841279437864e+00
2.048864882238146112e+00
2.048916996023470549e+00
2.049037903693530893e+00
2.049107224246677461e+00
2.049180140081292123e+00
2.049240723945291887e+00
2.049380887889326708e+00
2.049495663268478651e+00
2.049544878018964233e+00
2.049574366658256874e+00
2.049712294308505989e+00
2.049748335416347711e+00
2.049891530011259011e+00
2.050039934108012663e+00
2.050185014480271573e+00
2.050324050165291734e+00
2.050407750297810416e+00
2.050554258512827133e+00
2.050712044716104021e+00
2.050804323295559062e+00
2.050890594288639512e+00
2.051047322695963349e+00
2.051110521319552404e+00
2.051255436099386209e+00
2.051338149094629415e+00
2.051474734038806425e+00
2.051564400774934516e+00
2.051663441229019114e+00
2.051737438310684780e+00
2.051895318625184927e+00
2.051916413701684760e+00
2.051988553748184341e+00
2.052091487768532563e+00
2.052157993409447823e+00
2.052259002758143325e+00
2.052428978676659188e+00
2.052579739937378189e+00
2.052673013338815355e+00
2.052763281787858496e+00
2.052917673611554417e+00
2.053012449078412960e+00
2.053105580407167619e+00
2.053251665464625564e+00
2.053335728454196207e+00
2.053422647869688422e+00
2.053580498020200817e+00
2.053737084421130010e+00
2.053832638427754542e+00
2.053996654615080075e+00
2.054054601140774761e+00
2.054212344331250772e+00
2.054265650955739542e+00
2.054356492663280243e+00
2.054519714128788088e+00
2.054606923775825766e+00
2.054681369597955332e+00
2.054829761141591327e+00
2.054906681141781988e+00
2.055041634753662638e+00
2.055113428166593259e+00
2.055192642885840471e+00
2.055350846105616025e+00
2.055486509508823723e+00
2.055590462341950531e+00
2.055651695589630901e+00
2.055786372078900470e+00
2.055857339060632949e+00
2.055926431290667544e+00
2.056005638498366039e+00
2.056135781687633113e+00
2.056245148450301041e+00
2.056300839798777425e+00
2.056354455751161936e+00
2.056470171799314794e+00
2.056580143460199128e+00
2.056652370307833877e+00
2.056703230564836726e+00
2.056763770932002355e+00
2.056881021921525221e+00
2.056941370975388761e+00
2.057025697608629855e+00
2.057113929368893590e+00
2.057135437126579092e+00
2.057253392274470460e+00
2.057366614140688110e+00
2.057465290634023170e+00
2.057566721451410618e+00
2.057610182059869786e+00
2.057697287563615252e+00
2.057797224469993136e+00
2.057898796252521922e+00
2.057939418409506782e+00
2.057988764811909288e+00
2.058091205090664566e+00
2.058200553630001206e+00
2.058290519572410382e+00
2.058389500413214890e+00
2.058481392382845776e+00
2.058568732523729850e+00
2.058663397939288320e+00
2.058714136781653270e+00
2.058815843272535862e+00
2.058904656915282683e+00
2.058950537206038156e+00
2.059010582563210345e+00
2.059111983000654345e+00
2.059164318670206661e+00
2.059196464051116227e+00
2.059265694198627816e+00
2.059320277938762267e+00
2.059362524196316713e+00
2.059458776545794123e+00
2.059503200201003636e+00
2.059598064028993925e+00
2.059656962288991533e+00
2.059749173456699722e+00
2.059804454318878708e+00
2.059897981508307829e+00
2.059940019508045062e+00
2.060031889140636618e+00
2.060096087675389764e+00
2.060164995871994975e+00
2.060209114639349526e+00
2.060251082722743821e+00
2.060331758606466224e+00
2.060411669944101742e+00
2.060453048189036629e+00
2.060490857799849529e+00
2.060529837007803788e+00
2.060576699990437355e+00
2.060659353809616068e+00
2.060703230372288530e+00
2.060745131794796237e+00
2.060785532566823619e+00
2.060840860564654431e+00
2.060881664669853119e+00
2.060923877672574900e+00
2.061007948077427709e+00
2.061082058967529385e+00
2.061115194832665587e+00
2.061189543024873227e+00
2.061268290381326640e+00
2.061336381295393316e+00
2.061367691261244417e+00
2.061402107685749829e+00
2.061434424996668291e+00
2.061510892198553879e+00
2.061572734402585372e+00
2.061631766964684864e+00
2.061693329033604805e+00
2.061724626354898948e+00
2.061749603881273707e+00
2.061815079932224570e+00
2.061868969937562746e+00
2.061890153594381658e+00
2.061923796532304287e+00
2.061983169330430243e+00
2.062043516829285217e+00
2.062079657074914696e+00
2.062148562670130580e+00
2.062211101062160434e+00
2.062274040967499111e+00
2.062331625862659390e+00
2.062357912680012451e+00
2.062415072086070555e+00
2.062446934208670868e+00
2.062477160827936640e+00
2.062546505153557863e+00
2.062583846759114881e+00
2.062621719972201006e+00
2.062674136064924557e+00
2.062728817088894218e+00
2.062756689495043094e+00
2.062787738197211507e+00
2.062826243163803586e+00
2.062891506340637005e+00
2.062951214918652187e+00
2.062979114391139124e+00
2.063018824338265222e+00
2.063051685358402221e+00
2.063078123843228529e+00
2.063115562643138556e+00
2.063151345102950174e+00
2.063210685168110015e+00
2.063244559145842594e+00
2.063312793867694062e+00
2.063338354980375211e+00
2.063394869936655773e+00
2.063450043008655310e+00
2.063505463105689053e+00
2.063529316427588522e+00
2.063559995240201950e+00
2.063583703349869847e+00
2.063611279622509898e+00
2.063668337275212927e+00
2.063723919271223117e+00
2.063776938555335949e+00
2.063829986306849662e+00
2.063854344836689503e+00
2.063880973040728595e+00
2.063910276949183054e+00
2.063957040691655198e+00
2.064010591480938572e+00
2.064051962540013996e+00
2.064098934908657146e+00
2.064141672693703633e+00
2.064183756132131009e+00
2.064221366066748331e+00
2.064263387761976709e+00
2.064286636228854110e+00
2.064312650852983655e+00
2.064365226896403005e+00
2.064390144796496074e+00
2.064441218489998953e+00
2.064467885057379437e+00
2.064496793526706231e+00
2.064529125031753676e+00
2.064554991865282574e+00
2.064583629361528061e+00
2.064616407762261296e+00
2.064667539876383184e+00
2.064716789919431417e+00
2.064739157531513492e+00
2.064763081017924495e+00
2.064791211450526909e+00
2.064823327505743045e+00
2.064844639364940448e+00
2.064899570890486924e+00
2.064924608245352289e+00
2.064973569105621021e+00
2.064997817555037418e+00
2.065043484510309835e+00
2.065066212288382275e+00
2.065092178067015727e+00
2.065122363101522751e+00
2.065149001196883383e+00
2.065201145323695808e+00
2.065246626845569367e+00
2.065290481578394566e+00
2.065315488323151261e+00
2.065343861236909717e+00
2.065388281523134140e+00
2.065430537643172748e+00
2.065471692794606184e+00
2.065511301209704165e+00
2.065550663510520746e+00
2.065569421461865840e+00
2.065609535711565581e+00
2.065629578324538862e+00
2.065649758911692668e+00
2.065676384904704843e+00
2.065703482256536105e+00
2.065730541625091288e+00
2.065753287094151069e+00
2.065797072207768093e+00
2.065822069331477717e+00
2.065841921760894540e+00
2.065889133433218561e+00
2.065911646896929632e+00
2.065934868199704955e+00
2.065953902074600723e+00
2.065979193628078914e+00
2.066025220422195829e+00
2.066047749308911996e+00
2.066071982793218353e+00
2.066100280183317928e+00
2.066146426402757807e+00
2.066183168403106230e+00
2.066224336911351322e+00
2.066240413040459689e+00
2.066277234090187598e+00
2.066294866588138657e+00
2.066334319004546671e+00
2.066353400651700589e+00
2.066395304037584868e+00
2.066414559570448617e+00
2.066438525611508759e+00
2.066463185687798632e+00
2.066485148216850032e+00
2.066528004653821693e+00
2.066548953450452863e+00
2.066566218798805199e+00
2.066603236544985567e+00
2.066641069475270598e+00
2.066659811526796453e+00
2.066700792822367294e+00
2.066735552101115481e+00
2.066766664685399935e+00
2.066799215342951079e+00
2.066828434825310978e+00
2.066862087607646892e+00
2.066876464009065550e+00
2.066909329585693289e+00
2.066939187408879164e+00
2.066971200542395692e+00
2.066997944911837415e+00
2.067022670563423148e+00
2.067050720693648369e+00
2.067083328620559435e+00
2.067111873760623997e+00
2.067142677228001713e+00
2.067168720590367492e+00
2.067194418553941038e+00
2.067218575901281330e+00
2.067246536696082604e+00
2.067271325280235050e+00
2.067299613199066410e+00
2.067326613379022238e+00
2.067352447563268303e+00
2.067380734972280809e+00
2.067397569658452117e+00
2.067425728812921193e+00
2.067438770650682933e+00
2.067469572355680185e+00
2.067497892525990366e+00
2.067511969794745053e+00
2.067526647035609955e+00
2.067543100797657907e+00
2.067558895636278038e+00
2.067575983548654683e+00
2.067593456821515741e+00
2.067610044617541831e+00
2.067648877530891216e+00
2.067671281223988800e+00
2.067691876526420725e+00
2.067727163352544917e+00
2.067743712530278444e+00
2.067776054331072810e+00
2.067795230366703318e+00
2.067811244327566023e+00
2.067831143897979729e+00
2.067866258103967070e+00
2.067902860166721091e+00
2.067930550144340796e+00
2.067945636296195655e+00
2.067961784117418489e+00
2.067992958333582099e+00
2.068013857728759231e+00
2.068046529349719886e+00
2.068076491807673278e+00
2.068109119689050424e+00
2.068122325692377306e+00
2.068134860433709754e+00
2.068165570191772495e+00
2.068195349088989055e+00
2.068211109481805643e+00
2.068229510665834159e+00
2.068246479027246121e+00
2.068281104292571726e+00
2.068310363753671055e+00
2.068339949762709740e+00
2.068353929581360440e+00
2.068369626851304321e+00
2.068383676259031301e+00
2.068414603921609363e+00
2.068445056823364769e+00
2.068474167329227953e+00
2.068501812043602062e+00
2.068506451900468779e+00
2.068522657534538123e+00
2.068554498634692873e+00
2.068585514868509279e+00
2.068616015394589613e+00
2.068645388744184022e+00
2.068659830554466783e+00
2.068674863297549127e+00
2.068705944369073624e+00
2.068720267954999414e+00
2.068734293320296125e+00
2.068765639518848509e+00
2.068794675392017002e+00
2.068824172538327399e+00
2.068837383708877820e+00
2.068865063531036608e+00
2.068879549414924135e+00
2.068909900644286814e+00
2.068935650132335269e+00
2.068961891158716426e+00
2.068987604089179477e+00
2.069012546381905349e+00
2.069037467854412338e+00
2.069052314310002139e+00
2.069065728335710119e+00
2.069092602687524707e+00
2.069119693637241131e+00
2.069133723464728458e+00
2.069160824621443684e+00
2.069175801029601747e+00
2.069203737677987487e+00
2.069227871492093751e+00
2.069253030924879333e+00
2.069265122545929536e+00
2.069289623172125836e+00
2.069301711490448614e+00
2.069327255595700077e+00
2.069352491116181358e+00
2.069375596470891754e+00
2.069389032336369283e+00
2.069402547946134430e+00
2.069427634737231347e+00
2.069453937113471031e+00
2.069479207978335289e+00
2.069500298682619643e+00
2.069511916238315763e+00
2.069536515832266943e+00
2.069548260757204883e+00
2.069559902342549940e+00
2.069585420427557221e+00
2.069599395313280521e+00
2.069622707893017388e+00
2.069636343696631631e+00
2.069659763922823803e+00
2.069683055040653308e+00
2.069706109552664763e+00
2.069719462267359145e+00
2.069743377017674746e+00
2.069756304916420042e+00
2.069764741831360499e+00
2.069787659281190351e+00
2.069802562546495306e+00
2.069824647149337338e+00
2.069847178637113760e+00
2.069869911858041700e+00
2.069892615513952983e+00
2.069915667026727135e+00
2.069928916240052263e+00
2.069950685063390861e+00
2.069973690923651688e+00
2.069996098595269896e+00
2.070018490822561397e+00
2.070038591477699530e+00
2.070062129798964534e+00
2.070072159112646304e+00
2.070082179411317114e+00
2.070104592881870431e+00
2.070120355810538548e+00
2.070142668561720356e+00
2.070163534355209389e+00
2.070184932817243695e+00
2.070208089106677196e+00
2.070219662107371850e+00
2.070232163641826606e+00
2.070250123307279644e+00
2.070267859613260875e+00
2.070288657474465666e+00
2.070307095723721513e+00
2.070326185198435809e+00
2.070346558508722623e+00
2.070367360726185879e+00
2.070387235299648410e+00
2.070408183736273333e+00
2.070419242829448336e+00
2.070440330145060681e+00
2.070450655962653652e+00
2.070472539495400444e+00
2.070492741363591627e+00
2.070510097986743681e+00
2.070528833881166708e+00
2.070547625926533186e+00
2.070556932242622050e+00
2.070577970394129164e+00
2.070597573509980638e+00
2.070608948214452294e+00
2.070620089780750739e+00
2.070631490560615351e+00
2.070653835665625220e+00
2.070676221993193344e+00
2.070694301050161723e+00
2.070713824251544821e+00
2.070731983314026525e+00
2.070751400907708373e+00
2.070769893719807353e+00
2.070786654140106986e+00
2.070807826731828172e+00
2.070826163144215748e+00
2.070843192458802662e+00
2.070861907594556683e+00
2.070870504210915453e+00
2.070890829743891270e+00
2.070902078386431810e+00
2.070923203113316902e+00
2.070942808215879616e+00
2.070960861482342708e+00
2.070970574640943695e+00
2.070990423683162440e+00
2.071011797035496649e+00
2.071029057000811857e+00
2.071046054071085774e+00
2.071061328055535888e+00
2.071079701975633736e+00
2.071087354434834271e+00
2.071104973466909804e+00
2.071112406944891848e+00
2.071124723900856335e+00
2.071143012021844143e+00
2.071160170637527553e+00
2.071178768636681600e+00
2.071187428097294170e+00
2.071205007960722710e+00
2.071214154999586832e+00
2.071224472449931575e+00
2.071234472377902591e+00
2.071255614216382046e+00
2.071276435521660186e+00
2.071295141541537710e+00
2.071313848458344431e+00
2.071329767287995338e+00
2.071345512418094170e+00
2.071353811937179046e+00
2.071372784183580951e+00
2.071381414766720663e+00
2.071391167974155678e+00
2.071409604729967935e+00
2.071418035674422953e+00
2.071436045451595209e+00
2.071453216378869033e+00
2.071463571233479684e+00
2.071471336003264607e+00
2.071489206778775571e+00
2.071508536731681893e+00
2.071525224274791022e+00
2.071534126534671838e+00
2.071547807317555723e+00
2.071555539181412442e+00
2.071564387779450733e+00
2.071584460993280974e+00
2.071600117486965154e+00
2.071617204912479693e+00
2.071633371770222887e+00
2.071650189763903693e+00
2.071665845106008597e+00
2.071682315006221131e+00
2.071697719385362735e+00
2.071705763292334357e+00
2.071723329854810558e+00
2.071733239828101425e+00
2.071751783118431334e+00
2.071769479162707928e+00
2.071787451328149121e+00
2.071795689134975582e+00
2.071814475013052714e+00
2.071821763477501133e+00
2.071830384980189343e+00
2.071847839494456611e+00
2.071865588671840452e+00
2.071874917749473077e+00
2.071885391755399208e+00
2.071903855587647225e+00
2.071919906069945583e+00
2.071936340176876001e+00
2.071945199073292887e+00
2.071962977589276722e+00
2.071978076645361710e+00
2.071986952446861707e+00
2.071995465225081379e+00
2.072004600172356881e+00
2.072014870322957947e+00
2.072025240214008246e+00
2.072046020560051716e+00
2.072063261666438283e+00
2.072079649198378615e+00
2.072087908876694140e+00
2.072104169413528929e+00
2.072112382426400945e+00
2.072130447024806532e+00
2.072145700442008298e+00
2.072153988151182791e+00
2.072162458972643506e+00
2.072180287843926827e+00
2.072195598911808823e+00
2.072211167889413730e+00
2.072226232229953613e+00
2.072234196556017150e+00
2.072251549326745934e+00
2.072266381283307091e+00
2.072281856430256308e+00
2.072288073660215169e+00
2.072303317378397569e+00
2.072312469237298505e+00
2.072328449008552287e+00
2.072344733965044927e+00
2.072352960760522222e+00
2.072360865504479399e+00
2.072375950383808174e+00
2.072391268694735889e+00
2.072398781473649976e+00
2.072413952747994337e+00
2.072420138999123473e+00
2.072428947459404647e+00
2.072439413160803490e+00
2.072447462812425201e+00
2.072455750140578701e+00
2.072466553845568438e+00
2.072475480021342964e+00
2.072485529732806864e+00
2.072503639378276752e+00
2.072519208167853844e+00
2.072535014120301167e+00
2.072543301625017875e+00
2.072551796029006521e+00
2.072568963591395974e+00
2.072577280435096370e+00
2.072594623878519116e+00
2.072603168862774847e+00
2.072618114733801420e+00
2.072632791346309844e+00
2.072648413690380664e+00
2.072661779579584085e+00
2.072675580400425321e+00
2.072682022184042072e+00
2.072697355318031232e+00
2.072713079676459902e+00
2.072728091321009103e+00
2.072734183825895471e+00
2.072747857786832792e+00
2.072761957988187742e+00
2.072768535004165358e+00
2.072771138666640311e+00
2.072779237472291314e+00
2.072797053692614799e+00
2.072811877804600744e+00
2.072826119596772543e+00
2.072841437482250360e+00
2.072855444085517806e+00
2.072862193329489955e+00
2.072877156280434008e+00
2.072884525248517740e+00
2.072900025299600824e+00
2.072914652963325555e+00
2.072927467882601515e+00
2.072939513927519517e+00
2.072953181673176104e+00
2.072968410283955620e+00
2.072972520528065576e+00
2.072981055451269761e+00
2.072987397743807580e+00
2.073002545799913054e+00
2.073016161515888633e+00
2.073021784672508971e+00
2.073036629281971077e+00
2.073052389641685256e+00
2.073059227832656948e+00
2.073073800163292457e+00
2.073080508906568920e+00
2.073095019221045554e+00
2.073103303890619031e+00
2.073118290938016361e+00
2.073132542001258294e+00
2.073146894577750032e+00
2.073153268827184537e+00
2.073160260977746194e+00
2.073173795661112706e+00
2.073181442363757121e+00
2.073196004846710405e+00
2.073211279959400688e+00
2.073216674257444936e+00
2.073231283555691196e+00
2.073243495351418275e+00
2.073249253255570412e+00
2.073262822891004831e+00
2.073276423720423089e+00
2.073289454004641819e+00
2.073302062686955161e+00
2.073314781614154167e+00
2.073327875480069249e+00
2.073340723113697326e+00
2.073353482785631918e+00
2.073366303130049548e+00
2.073379077131933368e+00
2.073392342970258984e+00
2.073403931693952540e+00
2.073415179844472434e+00
2.073427029344091732e+00
2.073439314707155923e+00
2.073445748355485119e+00
2.073458841209010473e+00
2.073470083386640184e+00
2.073482237100598091e+00
2.073495039467562417e+00
2.073506575910946559e+00
2.073517067140314918e+00
2.073527177044317327e+00
2.073538078554234332e+00
2.073543521983747251e+00
2.073550854430854962e+00
2.073563557982780470e+00
2.073575268056455645e+00
2.073581807924645304e+00
2.073588310354128605e+00
2.073595361248328661e+00
2.073604984490803549e+00
2.073619286744761592e+00
2.073626108020338865e+00
2.073639547524969373e+00
2.073644585233957560e+00
2.073656443366901581e+00
2.073668229500434279e+00
2.073674772545123446e+00
2.073681621050184720e+00
2.073695246201125553e+00
2.073702269887894190e+00
2.073708341146932810e+00
2.073721805923113060e+00
2.073734045934031656e+00
2.073740134204970609e+00
2.073752864652913530e+00
2.073765676634859556e+00
2.073777992294989492e+00
2.073788954147694152e+00
2.073795595587152096e+00
2.073808380164829934e+00
2.073820080786980657e+00
2.073830401682794644e+00
2.073840900942136578e+00
2.073852042658143713e+00
2.073863349671110967e+00
2.073874883311768613e+00
2.073885901992669201e+00
2.073892463060905467e+00
2.073903995348184814e+00
2.073910999640898201e+00
2.073916341881987702e+00
2.073921702052556881e+00
2.073934823333716260e+00
2.073948109656857941e+00
2.073959531359471420e+00
2.073970881023122104e+00
2.073982524038839426e+00
2.073994541708338524e+00
2.074005619714189397e+00
2.074017050869267909e+00
2.074023826354561617e+00
2.074035297857565574e+00
2.074046936668137775e+00
2.074052181187712396e+00
2.074063634812656431e+00
2.074074235493410523e+00
2.074078275500554458e+00
2.074089476626753026e+00
2.074094759163118251e+00
2.074101809567217458e+00
2.074114319497317283e+00
2.074125957494910466e+00
2.074138336440563446e+00
2.074149265696846989e+00
2.074158774553873208e+00
2.074168970340310114e+00
2.074178744068377878e+00
2.074189198637794274e+00
2.074194153013859232e+00
2.074206152194813413e+00
2.074216828936496171e+00
2.074222675673857985e+00
2.074233670275426267e+00
2.074240130501751267e+00
2.074252612320252709e+00
2.074257675820273317e+00
2.074262375538564296e+00
2.074273434367833069e+00
2.074284294985965893e+00
2.074295646074101995e+00
2.074306529694064150e+00
2.074317297517762171e+00
2.074328590895806901e+00
2.074339564866162888e+00
2.074350395251412404e+00
2.074362457356448086e+00
2.074372245855936825e+00
2.074381517515364148e+00
2.074382621261967152e+00
2.074389662081377317e+00
2.074399889539569219e+00
2.074404747482514466e+00
2.074411005887651704e+00
2.074422536771766801e+00
2.074434560624120572e+00
2.074445469713567025e+00
2.074457337960487369e+00
2.074467248832907007e+00
2.074476664148750871e+00
2.074487426651232980e+00
2.074487922328653866e+00
2.074493002251219576e+00
2.074498208689975254e+00
2.074505191238755764e+00
2.074516624809860321e+00
2.074522603786984387e+00
2.074535479778853553e+00
2.074546732054571851e+00
2.074556532344733029e+00
2.074566891080362740e+00
2.074577399589410565e+00
2.074587081770654873e+00
2.074593219161436686e+00
2.074603436623172481e+00
2.074613346063731267e+00
2.074624031090164689e+00
2.074628506485448831e+00
2.074639438700870642e+00
2.074649113693573188e+00
2.074659136996386710e+00
2.074669118927376932e+00
2.074674606162144830e+00
2.074686046273220175e+00
2.074696432540196422e+00
2.074705277037228068e+00
2.074710316595754556e+00
2.074715302888081148e+00
2.074725716264554265e+00
2.074731704771573870e+00
2.074743018107656933e+00
2.074747516442749351e+00
2.074758559852230011e+00
2.074768431974542526e+00
2.074778934519716067e+00
2.074789092902364018e+00
2.074800355217512493e+00
2.074804093279613681e+00
2.074813987252308145e+00
2.074822689328236880e+00
2.074832173368404753e+00
2.074841442276677661e+00
2.074845926167386168e+00
2.074850260828824844e+00
2.074861154967158505e+00
2.074871809537766953e+00
2.074882012454707603e+00
2.074890874539727648e+00
2.074894960844650527e+00
2.074906046390321723e+00
2.074914701577110776e+00
2.074918623116573713e+00
2.074923856266438271e+00
2.074929911998445675e+00
2.074941536292847832e+00
2.074950059114823553e+00
2.074955865217392503e+00
2.074960602574672297e+00
2.074970505413467947e+00
2.074980991484627779e+00
2.074990196821649757e+00
2.074999471226158576e+00
2.075004557568378427e+00
2.075014991683380217e+00
2.075024704890398919e+00
2.075033541295714379e+00
2.075042930984555500e+00
2.075048064037019913e+00
2.075058518614335767e+00
2.075067718496598435e+00
2.075077403159688583e+00
2.075086927669705261e+00
2.075096599962622079e+00
2.075106578341168184e+00
2.075111109589905301e+00
2.075120992404523967e+00
2.075126868848827133e+00
2.075136361390830686e+00
2.075145660026528560e+00
2.075150480423091359e+00
2.075160631285579260e+00
2.075169795817422891e+00
2.075174877617921076e+00
2.075181183726399592e+00
2.075190768817101183e+00
2.075200427210748266e+00
2.075209553021106768e+00
2.075215014045939554e+00
2.075225349520158247e+00
2.075234294698347970e+00
2.075243957108004356e+00
2.075252242102842537e+00
2.075260406566664440e+00
2.075269633412608172e+00
2.075278269696263944e+00
2.075285424121096955e+00
2.075285775638681329e+00
2.075289876087312191e+00
2.075299508264561332e+00
2.075309121405536583e+00
2.075313170090529624e+00
2.075319152055753680e+00
2.075329183784894393e+00
2.075339595721615638e+00
2.075343922258526597e+00
2.075349574326351920e+00
2.075354747663615385e+00
2.075359684988508313e+00
2.075370136231178275e+00
2.075374685474662417e+00
2.075385501580943703e+00
2.075395677750241141e+00
2.075405475328205629e+00
2.075415299949540326e+00
2.075426008704668313e+00
2.075434760200831619e+00
2.075435672601937842e+00
2.075445558323124828e+00
2.075455362751516653e+00
2.075464476585698659e+00
2.075473981695623138e+00
2.075478938215917779e+00
2.075484247953810701e+00
2.075493683752112517e+00
2.075503194390664774e+00
2.075513417236432456e+00
2.075522365600245944e+00
2.075530907000949998e+00
2.075539379240707749e+00
2.075547722188934241e+00
2.075551872887599458e+00
2.075560931851945679e+00
2.075570099671417257e+00
2.075579539184265965e+00
2.075587962931918717e+00
2.075595030995065038e+00
2.075603338730384717e+00
2.075611026517373947e+00
2.075615528437275259e+00
2.075623936732669428e+00
2.075627030656175709e+00
2.075634448500977669e+00
2.075642625090633686e+00
2.075646699033817821e+00
2.075655170660675175e+00
2.075664130776331717e+00
2.075668419185893843e+00
2.075677648636380379e+00
2.075686347915018271e+00
2.075694899303618612e+00
2.075699146321893451e+00
2.075707342464354621e+00
2.075715538713777786e+00
2.075724077630097142e+00
2.075731897607056453e+00
2.075736062001054538e+00
2.075744402569257741e+00
2.075752642401304193e+00
2.075761316096043974e+00
2.075769822997559189e+00
2.075777144435732691e+00
2.075780914199368610e+00
2.075789294101836546e+00
2.075794865366897390e+00
2.075803065526677926e+00
2.075811462160281895e+00
2.075816075319018239e+00
2.075824480805184447e+00
2.075831979614450429e+00
2.075839156302605737e+00
2.075846840951920846e+00
2.075854849614230613e+00
2.075862399252643264e+00
2.075870532988971284e+00
2.075875382416821679e+00
2.075883776934951630e+00
2.075886952483256387e+00
2.075895737154455745e+00
2.075903264422196415e+00
2.075909488417321480e+00
2.075912501243475816e+00
2.075920979735269789e+00
2.075929549735697766e+00
2.075931895534098626e+00
2.075939726027804078e+00
2.075947947884985822e+00
2.075954862597999995e+00
2.075957668635969089e+00
2.075964951867388830e+00
2.075973629036782953e+00
2.075981198489721624e+00
2.075989082432904365e+00
2.075993343907756472e+00
2.075997932058994078e+00
2.076006537891590842e+00
2.076010362323705838e+00
2.076019005349904578e+00
2.076026551505238515e+00
2.076035208258658837e+00
2.076038287706086116e+00
2.076045823207599117e+00
2.076054812251643344e+00
2.076058554729033112e+00
2.076066235895481338e+00
2.076074520080602337e+00
2.076082157261602390e+00
2.076088202519097869e+00
2.076095172039295722e+00
2.076102330660852591e+00
2.076109701860334944e+00
2.076117276409497059e+00
2.076121668280836996e+00
2.076130185900811664e+00
2.076137510973841582e+00
2.076145006004506133e+00
2.076153333670879064e+00
2.076156668168555708e+00
2.076164038985698124e+00
2.076167961607110701e+00
2.076176571502778678e+00
2.076184289119371584e+00
2.076187881113089606e+00
2.076195710671959738e+00
2.076199137201693912e+00
2.076207391627995946e+00
2.076216075501240876e+00
2.076223413890327496e+00
2.076231054474522608e+00
2.076238710718595115e+00
2.076246704873202287e+00
2.076250542611614680e+00
2.076257851913566377e+00
2.076261581605465256e+00
2.076269517434908174e+00
2.076277000179162613e+00
2.076284713075052135e+00
2.076293043658981041e+00
2.076296249546071060e+00
2.076304188434995979e+00
2.076307219317851782e+00
2.076315378642018317e+00
2.076319799297010160e+00
2.076324793156518744e+00
2.076332681620079779e+00
2.076339471519403901e+00
2.076342827451146178e+00
2.076346671865498372e+00
2.076354632179025383e+00
2.076358418639356440e+00
2.076366502575480055e+00
2.076374588441263214e+00
2.076382508859647480e+00
2.076387039328400075e+00
2.076391310908820564e+00
2.076400167501718741e+00
2.076403781328765241e+00
2.076412006637671670e+00
2.076415593774973534e+00
2.076418627669535777e+00
2.076421819646240507e+00
2.076430844435027456e+00
2.076436196365126108e+00
2.076444699102369285e+00
2.076448584046486801e+00
2.076457644590100404e+00
2.076465972532691939e+00
2.076473206000196470e+00
2.076480563601652563e+00
2.076487844282452588e+00
2.076494889370851471e+00
2.076501879938543293e+00
2.076509661667810924e+00
2.076517011025680759e+00
2.076524597887067447e+00
2.076531846641049395e+00
2.076539032137149743e+00
2.076546485898806527e+00
2.076554177146847202e+00
2.076561078252203707e+00
2.076562096617236897e+00
2.076569586062618100e+00
2.076577221622773806e+00
2.076584898847402272e+00
2.076592819509122556e+00
2.076600179917979183e+00
2.076603178163725971e+00
2.076609939711772324e+00
2.076616951963459190e+00
2.076621379899080910e+00
2.076625551940790793e+00
2.076633209680452730e+00
2.076637721534443592e+00
2.076645448371024827e+00
2.076653087666321174e+00
2.076655652937925645e+00
2.076662476001865265e+00
2.076669076773852929e+00
2.076672258048501085e+00
2.076675045326263902e+00
2.076682802437380460e+00
2.076690057979153181e+00
2.076694607590435560e+00
2.076702390221927708e+00
2.076709485491100793e+00
2.076716818226675976e+00
2.076721318564185736e+00
2.076728278571378095e+00
2.076735504485589079e+00
2.076739294896770893e+00
2.076746218001984445e+00
2.076753476208030857e+00
2.076760214778999192e+00
2.076766617507787682e+00
2.076769843444590258e+00
2.076776750588956055e+00
2.076784350611213803e+00
2.076791298743696501e+00
2.076798171563428053e+00
2.076805324139065156e+00
2.076811667674072215e+00
2.076818194224975489e+00
2.076821381765960428e+00
2.076828133700879597e+00
2.076834645290396075e+00
2.076837806828786714e+00
2.076845355726508302e+00
2.076852125325739262e+00
2.076853125079173967e+00
2.076856472381230834e+00
2.076859795112516505e+00
2.076868411236689749e+00
2.076873213147027553e+00
2.076881064211997696e+00
2.076888888154337032e+00
2.076892712886796222e+00
2.076900394048366127e+00
2.076907684438826340e+00
2.076915331116461427e+00
2.076922702457732584e+00
2.076929662959810852e+00
2.076932990826551251e+00
2.076940417466536903e+00
2.076947770401398774e+00
2.076951052359085281e+00
2.076958931827229460e+00
2.076962186665046506e+00
2.076969539960079381e+00
2.076976924486539033e+00
2.076984104139756315e+00
2.076991995531075386e+00
2.076997803323690661e+00
2.077004083811715418e+00
2.077010627375387219e+00
2.077016787973663181e+00
2.077023702248577575e+00
2.077030594402657915e+00
2.077032756337541919e+00
2.077036744976017868e+00
2.077043992876382639e+00
2.077049594495854912e+00
2.077052503151013862e+00
2.077059038749592190e+00
2.077066430876431280e+00
2.077068902246440807e+00
2.077071758870011831e+00
2.077079133157055502e+00
2.077086162275931347e+00
2.077089473610489900e+00
2.077097076137536913e+00
2.077100823354523840e+00
2.077107520216987524e+00
2.077114839201851026e+00
2.077120730356991629e+00
2.077123826494255976e+00
2.077126858068203852e+00
2.077134772223431014e+00
2.077137421933251904e+00
2.077144171653829918e+00
2.077148390695990443e+00
2.077152436507283984e+00
2.077159922210597642e+00
2.077167163261822047e+00
2.077174202540399861e+00
2.077181346077576318e+00
2.077189128436088161e+00
2.077195531989732391e+00
2.077202990898734836e+00
2.077208913685045566e+00
2.077215913634557598e+00
2.077222854415532005e+00
2.077225328114857827e+00
2.077231536928894062e+00
2.077234190857791152e+00
2.077238507823813141e+00
2.077245600677293247e+00
2.077248868788684977e+00
2.077251706334637849e+00
2.077258702908273857e+00
2.077264904518587141e+00
2.077271145598940993e+00
2.077277710994627657e+00
2.077283652321991525e+00
2.077290036564478637e+00
2.077296171954662096e+00
2.077302851807446338e+00
2.077308578211142454e+00
2.077314614758806410e+00
2.077320390186593979e+00
2.077323768473673837e+00
2.077330670953371872e+00
2.077336223957883643e+00
2.077342800326368089e+00
2.077348168705312581e+00
2.077353850280712066e+00
2.077359556532816676e+00
2.077365303405363850e+00
2.077368730472661351e+00
2.077371024410899381e+00
2.077377865395544365e+00
2.077383539262977585e+00
2.077389732979949333e+00
2.077395893825657591e+00
2.077402222719385350e+00
2.077408072013887885e+00
2.077411015426178231e+00
2.077417626990901489e+00
2.077420189405660533e+00
2.077426287421002105e+00
2.077432549956145014e+00
2.077438936208188203e+00
2.077445404796950612e+00
2.077449026233264551e+00
2.077452448669054430e+00
2.077455788466397557e+00
2.077462586746693596e+00
2.077465645781166881e+00
2.077472798051376301e+00
2.077475991796627675e+00
2.077483460252871783e+00
2.077485921062157903e+00
2.077490812689014366e+00
2.077497541927290303e+00
2.077501090797074568e+00
2.077508180071170329e+00
2.077514111957260212e+00
2.077519964541866493e+00
2.077523086206883196e+00
2.077529666184469104e+00
2.077533317152803427e+00
2.077539798279503636e+00
2.077546500137522845e+00
2.077549743573258834e+00
2.077556312999716326e+00
2.077562496277202353e+00
2.077568212138514614e+00
2.077574002518620677e+00
2.077579666593872609e+00
2.077585694946323169e+00
2.077591817405481045e+00
2.077594925300443318e+00
2.077601043758806387e+00
2.077607239331745514e+00
2.077613185498111470e+00
2.077619993605595461e+00
2.077622649897538754e+00
2.077628745925789833e+00
2.077634577004299210e+00
2.077637378060680717e+00
2.077642891318725926e+00
2.077645789623711714e+00
2.077651856020480636e+00
2.077657882029943170e+00
2.077663982127289088e+00
2.077669654030248836e+00
2.077676033115257948e+00
2.077678651952043598e+00
2.077684373783477589e+00
2.077689973279208235e+00
2.077690525803010946e+00
2.077696950052401625e+00
2.077702998977690729e+00
2.077709282260627344e+00
2.077712126871526621e+00
2.077718608758508001e+00
2.077722170150062109e+00
2.077728518931904578e+00
2.077731584793039321e+00
2.077734741807383489e+00
2.077741568654104753e+00
2.077745502946819478e+00
2.077748830894071919e+00
2.077755623689144571e+00
2.077762354353623220e+00
2.077766225300179403e+00
2.077773174460096239e+00
2.077779475409983423e+00
2.077785579936339388e+00
2.077789303425521261e+00
2.077796097095663708e+00
2.077802033062935205e+00
2.077807750953793775e+00
2.077811132190775734e+00
2.077814653880420970e+00
2.077817943248593924e+00
2.077824596022709081e+00
2.077828935596031545e+00
2.077835041856616272e+00
2.077838065225985797e+00
2.077844908018158687e+00
2.077847964120676405e+00
2.077854574963994061e+00
2.077860804839383846e+00
2.077867118788604639e+00
2.077873320066905727e+00
2.077879240668873528e+00
2.077885302446903726e+00
2.077889065973643312e+00
2.077894822456345825e+00
2.077901078007711178e+00
2.077903952704410084e+00
2.077909524041297917e+00
2.077912344341053430e+00
2.077918299528729751e+00
2.077924660625892539e+00
2.077927735439257795e+00
2.077934149975266820e+00
2.077939879120284772e+00
2.077942068451406055e+00
2.077948149183991955e+00
2.077950219697155987e+00
2.077955951270858748e+00
2.077961218172049485e+00
2.077963551244896845e+00
2.077969116909779146e+00
2.077974948597359539e+00
2.077980884311290577e+00
2.077983832491310245e+00
2.077989721187598615e+00
2.077992583532112914e+00
2.077999134589904262e+00
2.078001826048295086e+00
2.078007565465479711e+00
2.078013255753790034e+00
2.078018871583613425e+00
2.078024365317900024e+00
2.078026950358203173e+00
2.078030927205883671e+00
2.078036617595305113e+00
2.078042206460128494e+00
2.078048088576927910e+00
2.078053688063663529e+00
2.078056229718506120e+00
2.078058588820187680e+00
2.078064844075111939e+00
2.078071055929656907e+00
2.078076318825044400e+00
2.078081674236764265e+00
2.078087300088582001e+00
2.078092383179848568e+00
2.078097999890122338e+00
2.078103132564336430e+00
2.078108644162693253e+00
2.078114253987431770e+00
2.078119586754056058e+00
2.078121311881051536e+00
2.078126431954496756e+00
2.078131527174836179e+00
2.078136850139952418e+00
2.078142043699573449e+00
2.078144558382062801e+00
2.078150234952872655e+00
2.078153244746918205e+00
2.078155509806938639e+00
2.078161571374515404e+00
2.078167524093870622e+00
2.078173435915361633e+00
2.078176874951608077e+00
2.078179941186681035e+00
2.078186251412290630e+00
2.078191961583928826e+00
2.078197632388894878e+00
2.078202995105054018e+00
2.078208204346575272e+00
2.078210936252621543e+00
2.078216668747261853e+00
2.078222038888388745e+00
2.078227521094599073e+00
2.078232957667513592e+00
2.078235598114011040e+00
2.078241589940119205e+00
2.078242406690762323e+00
2.078245219950109135e+00
2.078251348124578790e+00
2.078254845079048341e+00
2.078257943892472870e+00
2.078261304398758558e+00
2.078264722869199943e+00
2.078268011181426456e+00
2.078274282163360631e+00
2.078277377814751858e+00
2.078283526788933244e+00
2.078289223967054511e+00
2.078295352843253507e+00
2.078298285409884372e+00
2.078303292618021381e+00
2.078308191473439592e+00
2.078310880766588209e+00
2.078311331206237345e+00
2.078314429109172856e+00
2.078320946688394510e+00
2.078326507573846627e+00
2.078332464263780821e+00
2.078335297333593346e+00
2.078341229067511176e+00
2.078346226087728343e+00
2.078351351843175099e+00
2.078354218831810041e+00
2.078359768239046002e+00
2.078362812826633821e+00
2.078365969605599162e+00
2.078369230760830799e+00
2.078375508227334745e+00
2.078381921751468298e+00
2.078387025522594023e+00
2.078389629370165359e+00
2.078393066464708117e+00
2.078398975626867706e+00
2.078404529885807150e+00
2.078410011823295100e+00
2.078415821927753537e+00
2.078421138591038275e+00
2.078426689341676514e+00
2.078431888068415390e+00
2.078436261077838854e+00
2.078438396650943432e+00
2.078441993498038265e+00
2.078446820474221468e+00
2.078451744508299726e+00
2.078457237823527759e+00
2.078462025303876803e+00
2.078464536440892907e+00
2.078467075052378821e+00
2.078472884605982784e+00
2.078478139335528052e+00
2.078478627597299511e+00
2.078484267303551736e+00
2.078490256607563147e+00
2.078495166310744047e+00
2.078498017940601628e+00
2.078500773575416627e+00
2.078506436700842119e+00
2.078511732722338579e+00
2.078517084406849680e+00
2.078522570280679993e+00
2.078527882604853438e+00
2.078533341155849534e+00
2.078538834016288472e+00
2.078544005618312429e+00
2.078549712915612524e+00
2.078554599366122524e+00
2.078558939219069313e+00
2.078563803570633972e+00
2.078568909615021720e+00
2.078569009119357602e+00
2.078573840206989320e+00
2.078576602640029858e+00
2.078581866038538895e+00
2.078587323654434993e+00
2.078592398963899246e+00
2.078597678114884495e+00
2.078602813966031082e+00
2.078607826608315889e+00
2.078612991043707225e+00
2.078615982082088198e+00
2.078620848997562831e+00
2.078625669414479571e+00
2.078630423088197343e+00
2.078635438090080445e+00
2.078640631641729186e+00
2.078645027343968721e+00
2.078649885250394735e+00
2.078654543129045518e+00
2.078659369350427610e+00
2.078664158523970684e+00
2.078669198024658993e+00
2.078673897761703859e+00
2.078678449798833761e+00
2.078682941803163153e+00
2.078687747070599556e+00
2.078690051809457540e+00
2.078691897823954360e+00
2.078697273500886400e+00
2.078701847262326208e+00
2.078705776595764831e+00
2.078710040196098507e+00
2.078714374892596251e+00
2.078716941678218522e+00
2.078721896171245032e+00
2.078726669635811763e+00
2.078731562313472558e+00
2.078735854882530987e+00
2.078740776556333270e+00
2.078745117653256980e+00
2.078749847358866809e+00
2.078753964298286849e+00
2.078758440439246513e+00
2.078762998101840953e+00
2.078767382851107737e+00
2.078769543093258676e+00
2.078774362569064227e+00
2.078779136090574298e+00
2.078783903140863920e+00
2.078788802120237200e+00
2.078793636095966679e+00
2.078798429381226498e+00
2.078800686064718573e+00
2.078805687889512477e+00
2.078807930430048856e+00
2.078810116680167130e+00
2.078815565341663341e+00
2.078821175698991386e+00
2.078823592196612058e+00
2.078825835378032671e+00
2.078828263833899737e+00
2.078833223314456191e+00
2.078835311550768061e+00
2.078840685640455543e+00
2.078846019419080093e+00
2.078851257720750301e+00
2.078856330497934835e+00
2.078861174708107828e+00
2.078866128066964247e+00
2.078871270689017781e+00
2.078875683627138926e+00
2.078877899537638907e+00
2.078883190228177469e+00
2.078885040449207633e+00
2.078890061717366233e+00
2.078895053522263225e+00
2.078899990248791241e+00
2.078901854038262442e+00
2.078905123952512923e+00
2.078909859639309854e+00
2.078914508106011638e+00
2.078918889757500388e+00
2.078923268849315331e+00
2.078928044860277158e+00
2.078932995151847152e+00
2.078937139968743075e+00
2.078939175470203793e+00
2.078943832609019271e+00
2.078948340436234332e+00
2.078950219605162353e+00
2.078955085869831798e+00
2.078959732679583450e+00
2.078964466339463524e+00
2.078966763870980117e+00
2.078971760141074654e+00
2.078974024346272653e+00
2.078979137519485931e+00
2.078983997330808187e+00
2.078988892424748158e+00
2.078991870118240826e+00
2.078994810311020291e+00
2.078999752896052655e+00
2.079005075348245857e+00
2.079009664239080291e+00
2.079014117736696310e+00
2.079017085869470538e+00
2.079019754265020392e+00
2.079024729261136795e+00
2.079029467292977440e+00
2.079032170764052001e+00
2.079036936021173343e+00
2.079041754929453312e+00
2.079046563869401343e+00
2.079049064873951913e+00
2.079054354598778076e+00
2.079058968797544260e+00
2.079063890093381772e+00
2.079066310378443916e+00
2.079071365417479278e+00
2.079075864981061894e+00
2.079080325036199994e+00
2.079084656139439602e+00
2.079087124508800954e+00
2.079091103367680216e+00
2.079095053548025707e+00
2.079099025398229550e+00
2.079100644621333149e+00
2.079104954968475027e+00
2.079108917607596307e+00
2.079113274379555509e+00
2.079117513084192570e+00
2.079119175472222469e+00
2.079123287300161049e+00
2.079127867124080709e+00
2.079131727182537137e+00
2.079136199591068657e+00
2.079140396625800857e+00
2.079142908577164217e+00
2.079146756759852277e+00
2.079150660182540022e+00
2.079152820784865074e+00
2.079157192587996139e+00
2.079162044283246136e+00
2.079166328706822942e+00
2.079170575016703104e+00
2.079174710930909775e+00
2.079179443735823529e+00
2.079181372960018592e+00
2.079185653786580268e+00
2.079190262666513522e+00
2.079194408236046510e+00
2.079198740021078518e+00
2.079203163871466753e+00
2.079207773006384041e+00
2.079209506955725928e+00
2.079213300376481666e+00
2.079215712658329274e+00
2.079219991670290035e+00
2.079224286711716552e+00
2.079228849551443492e+00
2.079233595743897212e+00
2.079237776690205930e+00
2.079241582978328839e+00
2.079245237169061511e+00
2.079246868805490589e+00
2.079250980362369994e+00
2.079255765755042784e+00
2.079257534708093047e+00
2.079261439704551684e+00
2.079265739109830147e+00
2.079269750272044526e+00
2.079271495278297355e+00
2.079274143200872338e+00
2.079276383632440606e+00
2.079279187357006009e+00
2.079284238886360825e+00
2.079289255683759219e+00
2.079293723108010639e+00
2.079296181528877518e+00
2.079299239647077080e+00
2.079304158927343327e+00
2.079309192592167399e+00
2.079313624837261454e+00
2.079318306699282637e+00
2.079322833071054699e+00
2.079325083867531454e+00
2.079327241901754331e+00
2.079332391871423269e+00
2.079337132213111783e+00
2.079341565414436932e+00
2.079343427601081817e+00
2.079348055895196445e+00
2.079353169594126971e+00
2.079357723414452686e+00
2.079362222388287051e+00
2.079364406593911418e+00
2.079367803941368997e+00
2.079372027090303110e+00
2.079375536852424933e+00
2.079377482851545000e+00
2.079381919746017271e+00
2.079385764568856931e+00
2.079387886829604515e+00
2.079391999124016621e+00
2.079396770282567086e+00
2.079398775290971280e+00
2.079400750250040897e+00
2.079403588404508785e+00
2.079406139440518775e+00
2.079410998357456020e+00
2.079415668733062716e+00
2.079418447420125826e+00
2.079420842814257764e+00
2.079426111059365034e+00
2.079430481671138864e+00
2.079432760456019214e+00
2.079437363132014216e+00
2.079439644250379082e+00
2.079444421636901907e+00
2.079447206199451781e+00
2.079452248593955499e+00
2.079454453390169544e+00
2.079459238285827460e+00
2.079461280605356510e+00
2.079466511297706877e+00
2.079470591982666594e+00
2.079474834694089669e+00
2.079478673002949751e+00
2.079482947934038428e+00
2.079485471959111820e+00
2.079489423868931652e+00
2.079493490809993350e+00
2.079497550910546000e+00
2.079498154048234682e+00
2.079503152457748527e+00
2.079507917337325207e+00
2.079510005468543810e+00
2.079514070158440919e+00
2.079516530225995474e+00
2.079520272956252303e+00
2.079524061354702358e+00
2.079528235070149389e+00
2.079532675320759250e+00
2.079534500593840818e+00
2.079539262352211981e+00
2.079542758466203178e+00
2.079547227406961074e+00
2.079549954166077796e+00
2.079554363337933864e+00
2.079557200276826112e+00
2.079562364968400523e+00
2.079567779318313381e+00
2.079569561895630692e+00
2.079574240533356821e+00
2.079577331789795647e+00
2.079579419825893005e+00
2.079586577553792281e+00
2.079587623269087082e+00
2.079594981703221102e+00
2.079601320518792207e+00
2.079606097346236915e+00
2.079614710021048918e+00
2.079617102748838153e+00
2.079626969790050239e+00
2.079638696632670758e+00
2.079647487957036578e+00
2.079655972102614658e+00
2.079666730334937874e+00
2.079672568125487953e+00
2.079679896963235741e+00
2.079688931637697635e+00
2.079699622391973701e+00
2.079711746847649145e+00
2.079724459732405606e+00
2.079727668188604994e+00
2.079745972749024840e+00
2.079758944723922198e+00
2.079774090958394606e+00
2.079785311987310426e+00
2.079802859259554548e+00
2.079816152714408783e+00
2.079831679433351788e+00
2.079851388551602120e+00
2.079863264229762976e+00
2.079871873020755935e+00
2.079894027422684033e+00
2.079920640894427741e+00
2.079932191052933366e+00
2.079955450389229910e+00
2.079981322109918374e+00
2.080001746346593627e+00
2.080023364079376602e+00
2.080047192933529132e+00
2.080073591401495836e+00
2.080101206995130791e+00
2.080110591035882361e+00
2.080141473483899439e+00
2.080168966425854027e+00
2.080197359211375385e+00
2.080227213928391272e+00
2.080257364431089329e+00
2.080289700174175138e+00
2.080308217465311138e+00
2.080331672434062806e+00
2.080364016914443059e+00
2.080378896793863674e+00
2.080393411849497554e+00
2.080439941964165040e+00
2.080477138175954366e+00
2.080499897989236402e+00
2.080525211205439096e+00
2.080570629840178931e+00
2.080621969529644399e+00
2.080661707538484340e+00
2.080678057349081733e+00
2.080730604763640912e+00
2.080780008710067630e+00
2.080829693498961852e+00
2.080852902753841605e+00
2.080904863589156939e+00
2.080950329447369906e+00
2.080996404894985830e+00
2.081029861514055668e+00
2.081084300979602286e+00
2.081137307567638928e+00
2.081193886276977434e+00
2.081220134490761264e+00
2.081278362393261361e+00
2.081312036706604474e+00
2.081374934104976315e+00
2.081389024714912939e+00
2.081426217758014285e+00
2.081468268527042920e+00
2.081536628806477385e+00
2.081573994762353497e+00
2.081596006534525589e+00
2.081640508430362857e+00
2.081704479960617249e+00
2.081771910011096516e+00
2.081815485114304920e+00
2.081886652717143349e+00
2.081918200801628593e+00
2.081997157694801093e+00
2.082069366851742931e+00
2.082146644376692723e+00
2.082212602117104350e+00
2.082244396053059887e+00
2.082279356675972082e+00
2.082357755532811439e+00
2.082438865649032245e+00
2.082512700457814336e+00
2.082588493368249694e+00
2.082664227651074729e+00
2.082743500047589791e+00
2.082781048351233011e+00
2.082870701341119624e+00
2.082916132716238433e+00
2.082998309317876995e+00
2.083015720534679094e+00
2.083061389806748043e+00
2.083124365768607600e+00
2.083211371112871912e+00
2.083294342527771459e+00
2.083331628375300948e+00
2.083372885134935792e+00
2.083424827665005807e+00
2.083509060759217935e+00
2.083583167056008545e+00
2.083664665451795184e+00
2.083748213024239071e+00
2.083832744650917057e+00
2.083918446409314562e+00
2.083998272224905968e+00
2.084082405562351248e+00
2.084169184490149984e+00
2.084253345377252042e+00
2.084308063795142107e+00
2.084403284533296041e+00
2.084494348486216619e+00
2.084574503895063380e+00
2.084620594825391304e+00
2.084716702369821650e+00
2.084771199406658226e+00
2.084821662241935769e+00
2.084873169538228321e+00
2.084952058839795175e+00
2.085043448357789764e+00
2.085125870600039288e+00
2.085179044568282958e+00
2.085265865808762165e+00
2.085357346125517264e+00
2.085457357539349577e+00
2.085551682397709605e+00
2.085648333691703993e+00
2.085698719510864052e+00
2.085746581590174564e+00
2.085861418203832418e+00
2.085973395782672490e+00
2.086074295751389140e+00
2.086164167463370411e+00
2.086265052243831075e+00
2.086315345109217123e+00
2.086375906944820446e+00
2.086469194395312421e+00
2.086522439325929401e+00
2.086574906311097877e+00
2.086636709249123811e+00
2.086750708484672145e+00
2.086810725306406766e+00
2.086938669425638437e+00
2.086995262130579398e+00
2.087109987441972958e+00
2.087221197220092250e+00
2.087322008148305930e+00
2.087425386170318475e+00
2.087529760970383563e+00
2.087585323705218876e+00
2.087700061217415914e+00
2.087810810388223359e+00
2.087910609551304475e+00
2.087968061164947819e+00
2.087992910656537582e+00
2.088051286890505676e+00
2.088111850923967783e+00
2.088226447592000046e+00
2.088282544347111358e+00
2.088398355757658198e+00
2.088509295707369873e+00
2.088571492209539304e+00
2.088688193566838880e+00
2.088800865951415009e+00
2.088842871551500835e+00
2.088960833331337419e+00
2.089032378474600993e+00
2.089054989114426331e+00
2.089188289030786461e+00
2.089304769201600465e+00
2.089376309668796505e+00
2.089501389464933023e+00
2.089626922897906525e+00
2.089754209241761806e+00
2.089824386373297926e+00
2.089957347562759082e+00
2.090026047964290257e+00
2.090154864520962441e+00
2.090286076428030437e+00
2.090413041406170347e+00
2.090524328283304367e+00
2.090590336819997397e+00
2.090611410844835483e+00
2.090685535873050949e+00
2.090768723324637701e+00
2.090919215090509820e+00
2.090962538413208893e+00
2.091100362189274975e+00
2.091164276816738443e+00
2.091298978093686145e+00
2.091423870699720577e+00
2.091526996956293072e+00
2.091624116536419553e+00
2.091677437868102007e+00
2.091749115411444038e+00
2.091828602967692241e+00
2.091903689647673481e+00
2.092057602000613858e+00
2.092127179787289570e+00
2.092268701181616564e+00
2.092344899371847866e+00
2.092419970121669248e+00
2.092568425283508393e+00
2.092647007150256755e+00
2.092810624676941345e+00
2.092893252181556640e+00
2.093040408557200305e+00
2.093178854637208097e+00
2.093318455030724223e+00
2.093380773342437884e+00
2.093514388552772942e+00
2.093653367601963300e+00
2.093681978932929955e+00
2.093849089761684379e+00
2.094000654566543496e+00
2.094086094350098293e+00
2.094232652884855828e+00
2.094310874299980085e+00
2.094391787711121555e+00
2.094552078730200328e+00
2.094697787684640655e+00
2.094772655718754262e+00
2.094903969109062736e+00
2.095042629271206547e+00
2.095099693015640252e+00
2.095247740197757391e+00
2.095396608740262678e+00
2.095476112064157626e+00
2.095542447969235056e+00
2.095638564696112649e+00
2.095714282495448000e+00
2.095817250520309649e+00
2.095914081702854315e+00
2.096081282648305955e+00
2.096235830663835120e+00
2.096386959317333876e+00
2.096534635323274998e+00
2.096605757343211973e+00
2.096694866496510823e+00
2.096789596100614883e+00
2.096885701946583858e+00
2.097052537441252085e+00
2.097209384049512515e+00
2.097288927676823178e+00
2.097439166139845934e+00
2.097508568531217588e+00
2.097588582546328961e+00
2.097671039205502019e+00
2.097812541189543634e+00
2.097938526641449641e+00
2.098015723572796087e+00
2.098163620214281266e+00
2.098297402544468060e+00
2.098434541435846512e+00
2.098462214736335429e+00
2.098515136186426489e+00
2.098598237567907532e+00
2.098769274671661744e+00
2.098855192380570056e+00
2.098951158714272403e+00
2.099032077089201032e+00
2.099078774860035690e+00
2.099266058095023535e+00
2.099431756894738488e+00
2.099588914429126874e+00
2.099743271935790911e+00
2.099816462743887335e+00
2.099885307711093940e+00
2.100028973142812116e+00
2.100176120042800409e+00
2.100255963395667003e+00
2.100425073690789013e+00
2.100576832479593037e+00
2.100646449624186118e+00
2.100803176415317886e+00
2.100960635381863284e+00
2.101103532445279587e+00
2.101120976675401764e+00
2.101214242247474662e+00
2.101287126148158713e+00
2.101447743732634876e+00
2.101474392865840368e+00
2.101576370076730704e+00
2.101769338645216312e+00
2.101936748611492156e+00
2.101974296873686754e+00
2.102144701359155210e+00
2.102224899322757246e+00
2.102313848554222986e+00
2.102408216049977963e+00
2.102522907881474001e+00
2.102620891498988343e+00
2.102744921804385214e+00
2.102851880513381566e+00
2.103042992414473566e+00
2.103205066155101388e+00
2.103360955206639904e+00
2.103442895766160614e+00
2.103597628583322443e+00
2.103670913928794572e+00
2.103766788505930574e+00
2.103953340373544201e+00
2.104046710962087730e+00
2.104144688328909663e+00
2.104316114651854530e+00
2.104405140696894438e+00
2.104514169775574928e+00
2.104693745334155430e+00
2.104785639323214053e+00
2.104894811389286691e+00
2.105083430749780771e+00
2.105167583225233230e+00
2.105338997850315863e+00
2.105509829393745758e+00
2.105667973230244350e+00
2.105747513171700724e+00
2.105901181669128430e+00
2.105986875092268562e+00
2.106172928384470122e+00
2.106216363618168774e+00
2.106416021379577508e+00
2.106513385076206113e+00
2.106685963087914448e+00
2.106721476123496473e+00
2.106911824304668279e+00
2.107089527343935842e+00
2.107180743316347638e+00
2.107352729768556365e+00
2.107429301031914726e+00
2.107616963598100579e+00
2.107707754517674559e+00
2.107797020024477774e+00
2.107992427085811027e+00
2.108186306226402351e+00
2.108284494990475100e+00
2.108387487121154980e+00
2.108548512818948950e+00
2.108714877819505951e+00
2.108879475325931008e+00
2.108959014715543923e+00
2.109097257068755393e+00
2.109161054311155858e+00
2.109315226052777881e+00
2.109454901557740403e+00
2.109540887718932112e+00
2.109617064779959250e+00
2.109691799880002883e+00
2.109793366258918557e+00
2.109889779447079228e+00
2.110042513705675304e+00
2.110120094087391873e+00
2.110209270372077395e+00
2.110339553719952299e+00
2.110402010125313144e+00
2.110535353727002406e+00
2.110653972365954534e+00
2.110709168836063299e+00
2.110777807518966931e+00
2.110913841617667597e+00
2.110989892268531953e+00
2.111065983498913390e+00
2.111207990514024857e+00
2.111277036265491347e+00
2.111406803164978196e+00
2.111478364997674717e+00
2.111598841283173211e+00
2.111707696727298522e+00
2.111770266330498913e+00
2.111885060443884132e+00
2.111942327263306662e+00
2.112056073047712257e+00
2.112157732141870525e+00
2.112217610204277118e+00
2.112304763418832554e+00
2.112349288876453457e+00
2.112414766000138666e+00
2.112533195146325316e+00
2.112587903400530376e+00
2.112696626682091683e+00
2.112725178244404312e+00
2.112800592425368773e+00
2.112899490976540395e+00
2.112948629657933175e+00
2.113018681152432077e+00
2.113090464560359205e+00
2.113202538127167962e+00
2.113254591699924578e+00
2.113347607966644226e+00
2.113386026005496632e+00
2.113454958649935822e+00
2.113542648054621775e+00
2.113591910793835904e+00
2.113695662251741325e+00
2.113784076749106955e+00
2.113862350360713460e+00
2.113936186375966919e+00
2.114010308758240253e+00
2.114082331338763332e+00
2.114119098526687335e+00
2.114203624341882914e+00
2.114248874614947038e+00
2.114337437040742618e+00
2.114414432277712752e+00
2.114457803716728090e+00
2.114508664062985765e+00
2.114597207299272696e+00
2.114634054811449726e+00
2.114696034408269476e+00
2.114748307536273852e+00
2.114804346420616543e+00
2.114893592084576390e+00
2.114914098015110433e+00
2.115005407733787646e+00
2.115049469304870033e+00
2.115134642086388794e+00
2.115152909502489020e+00
2.115206836579742955e+00
2.115287508211840972e+00
2.115359272386458933e+00
2.115381094954457808e+00
2.115463608998894074e+00
2.115500523498914820e+00
2.115532910901038122e+00
2.115621663571207733e+00
2.115669279739695430e+00
2.115743119058866473e+00
2.115783544626232082e+00
2.115857367441410730e+00
2.115894404890551250e+00
2.115940361891059940e+00
2.116020693655775720e+00
2.116089870111149462e+00
2.116125142322995867e+00
2.116189145842242159e+00
2.116201040426201718e+00
2.116271972103869192e+00
2.116335976726033685e+00
2.116369705386729638e+00
2.116417150696866312e+00
2.116456005113557914e+00
2.116530622307513543e+00
2.116599821116926794e+00
2.116658142018653876e+00
2.116710225428903858e+00
2.116733813641465289e+00
2.116777029766774287e+00
2.116811896347889466e+00
2.116879032642517089e+00
2.116892955882976324e+00
2.116932245039897076e+00
2.117001481236124860e+00
2.117066911622223380e+00
2.117094351125769158e+00
2.117125978112908147e+00
2.117167621750301709e+00
2.117226765159767599e+00
2.117235827144579030e+00
2.117305144542636075e+00
2.117367456911936952e+00
2.117393889082123781e+00
2.117446758765321402e+00
2.117460649697743058e+00
2.117521546977696900e+00
2.117554416210407187e+00
2.117622361279057230e+00
2.117655065942456005e+00
2.117719443114353783e+00
2.117749571900211514e+00
2.117780654185091205e+00
2.117826646989644956e+00
2.117849789103820157e+00
2.117911850953950736e+00
2.117971304732300553e+00
2.118005946618387370e+00
2.118063596268609405e+00
2.118089320306807188e+00
2.118151013952001893e+00
2.118181890855916016e+00
2.118216742849469370e+00
2.118248245480621073e+00
2.118306659220070109e+00
2.118316376536188539e+00
2.118330839165296187e+00
2.118364081236445262e+00
2.118427239080803659e+00
2.118458702141491568e+00
2.118489685587775284e+00
2.118546835588254407e+00
2.118596417615469907e+00
2.118620701059370504e+00
2.118656326682917701e+00
2.118690476443865212e+00
2.118713129935702710e+00
2.118750469283853466e+00
2.118777867457617425e+00
2.118800726712314564e+00
2.118857084074734942e+00
2.118874521378419917e+00
2.118936451936120680e+00
2.118987738655437880e+00
2.119030225093144537e+00
2.119040059210115068e+00
2.119054306448911795e+00
2.119119998334063393e+00
2.119170942619728493e+00
2.119219973391874845e+00
2.119245232177580096e+00
2.119294830129753393e+00
2.119340221359202303e+00
2.119384092437132772e+00
2.119393115603079192e+00
2.119447420893049827e+00
2.119493117460272025e+00
2.119501223647019206e+00
2.119550714671857516e+00
2.119563366225418743e+00
2.119587197535875767e+00
2.119611525959088638e+00
2.119635265724059803e+00
2.119654491711184363e+00
2.119682534204453628e+00
2.119739503831917116e+00
2.119767716518028866e+00
2.119795481172543461e+00
2.119846460465314220e+00
2.119869366502126429e+00
2.119917346198338937e+00
2.119945120477939593e+00
2.119997746302825004e+00
2.120047448805853385e+00
2.120060545053576995e+00
2.120109941615073712e+00
2.120130939418513716e+00
2.120161185851558550e+00
2.120207934880311562e+00
2.120233834237431392e+00
2.120265133159620063e+00
2.120294601330462214e+00
2.120327581966881869e+00
2.120374266168028488e+00
2.120396201119053803e+00
2.120442717955380196e+00
2.120463930039543143e+00
2.120497762986103041e+00
2.120544964364152740e+00
2.120561771668267426e+00
2.120605404148889317e+00
2.120631024658673702e+00
2.120654496612143003e+00
2.120696530645690192e+00
2.120716786563062506e+00
2.120760448676161314e+00
2.120799933688521932e+00
2.120807476374924505e+00
2.120847041005392342e+00
2.120869381108838603e+00
2.120886758071584222e+00
2.120915922835478806e+00
2.120943084556255798e+00
2.120967880547796280e+00
2.121015777286139770e+00
2.121041012649466762e+00
2.121089504983730389e+00
2.121130131810498032e+00
2.121174317387836350e+00
2.121197418371148391e+00
2.121237357673869450e+00
2.121275641342768026e+00
2.121298795254834779e+00
2.121315915221332116e+00
2.121340789078665967e+00
2.121384406100177422e+00
2.121409397289291121e+00
2.121449725908254980e+00
2.121469195442008626e+00
2.121496009335321897e+00
2.121539023295343718e+00
2.121559744939041980e+00
2.121600975591022120e+00
2.121625862933414819e+00
2.121665334538277659e+00
2.121687698571871561e+00
2.121727184474110128e+00
2.121764361423653877e+00
2.121803404497694778e+00
2.121823148309083251e+00
2.121862461603916561e+00
2.121896820056181188e+00
2.121923392359894134e+00
2.121953773302445168e+00
2.121981005781585772e+00
2.122008521832919214e+00
2.122040541660124902e+00
2.122052972002335558e+00
2.122075576277282050e+00
2.122114286230063929e+00
2.122146663547319179e+00
2.122177220964597044e+00
2.122191318658743775e+00
2.122225837531202863e+00
2.122244003037728532e+00
2.122277328723703338e+00
2.122291248074310577e+00
2.122320766938572856e+00
2.122349492512578539e+00
2.122364503574190930e+00
2.122397636461788473e+00
2.122427162134707057e+00
2.122459298584339571e+00
2.122466516805621595e+00
2.122484063144339572e+00
2.122516402997442153e+00
2.122530732139016330e+00
2.122565576942639698e+00
2.122584793424800331e+00
2.122619771191169846e+00
2.122638375986532377e+00
2.122648219929384350e+00
2.122682312080885758e+00
2.122697578784567440e+00
2.122712632552084866e+00
2.122736353849759450e+00
2.122774131766221206e+00
2.122779218550861824e+00
2.122803770780448573e+00
2.122823358589712495e+00
2.122860747284507354e+00
2.122877288850003374e+00
2.122892540422067320e+00
2.122908017340525699e+00
2.122918640309342742e+00
2.122941800051849182e+00
2.122980166186950068e+00
2.123013220474063711e+00
2.123040666660361619e+00
2.123064232591629352e+00
2.123089290627969028e+00
2.123103728340795193e+00
2.123124078087153421e+00
2.123159262903525413e+00
2.123173647881178461e+00
2.123205715809781680e+00
2.123224349169336111e+00
2.123242935523402153e+00
2.123257150892238876e+00
2.123278586965022807e+00
2.123311744169184223e+00
2.123325882275846510e+00
2.123344892626712888e+00
2.123362888685193184e+00
2.123397662556949506e+00
2.123426349923614342e+00
2.123449636770160520e+00
2.123459081514721181e+00
2.123489272699591535e+00
2.123502718393485367e+00
2.123533366481569207e+00
2.123565031446422946e+00
2.123573310361408062e+00
2.123590933075868659e+00
2.123623196551347458e+00
2.123650074420575518e+00
2.123655172850201112e+00
2.123672686708466539e+00
2.123689409016301877e+00
2.123704822057247199e+00
2.123725324772049561e+00
2.123733359179627467e+00
2.123767973651655705e+00
2.123774957502534200e+00
2.123808469213630090e+00
2.123824992722038729e+00
2.123853896874706937e+00
2.123881340401195583e+00
2.123894580913028296e+00
2.123909216818784085e+00
2.123942650006843458e+00
2.123966601804099685e+00
2.123977628678855645e+00
2.124007891587345931e+00
2.124013866316874388e+00
2.124042241961538569e+00
2.124066075035437873e+00
2.124095994543055976e+00
2.124107614961164625e+00
2.124128029699744680e+00
2.124138514984877713e+00
2.124154902220341867e+00
2.124188180577203600e+00
2.124219764997120397e+00
2.124231357444276380e+00
2.124260369640103008e+00
2.124285885758808501e+00
2.124308002188846523e+00
2.124322305057946725e+00
2.124348606053330535e+00
2.124361654263037469e+00
2.124392734476709066e+00
2.124408351500379322e+00
2.124435669395924986e+00
2.124460247684706982e+00
2.124484418976559930e+00
2.124497545162514101e+00
2.124524127307727550e+00
2.124549008671765549e+00
2.124574410969703120e+00
2.124596527999786932e+00
2.124607230518598122e+00
2.124620894568098883e+00
2.124648878301603983e+00
2.124663133480595434e+00
2.124675791396209323e+00
2.124693243396933884e+00
2.124718052012788849e+00
2.124730146184843793e+00
2.124747439104484492e+00
2.124762857841306030e+00
2.124790646937538607e+00
2.124816425080030324e+00
2.124842958120565672e+00
2.124856849527545499e+00
2.124879899250867510e+00
2.124901371526281224e+00
2.124922348314034704e+00
2.124933038402185836e+00
2.124943866981694018e+00
2.124965896243283137e+00
2.124979508900957104e+00
2.124992326169460988e+00
2.125018165247951618e+00
2.125039974598510018e+00
2.125048355629048480e+00
2.125058394426819763e+00
2.125082464263020388e+00
2.125090463454483825e+00
2.125104781007066457e+00
2.125120560180292717e+00
2.125136036481529267e+00
2.125149076453880514e+00
2.125157164673138421e+00
2.125182450436540638e+00
2.125192820836597996e+00
2.125219615102770021e+00
2.125245720443962316e+00
2.125252548598096425e+00
2.125268922786089920e+00
2.125295080716290030e+00
2.125319098213919400e+00
2.125342308931788882e+00
2.125364046691447406e+00
2.125373448587283498e+00
2.125397829797336158e+00
2.125402024768515474e+00
2.125416126119136440e+00
2.125430302255887138e+00
2.125453688173344347e+00
2.125476245030109013e+00
2.125486658988760880e+00
2.125510644632988111e+00
2.125525580263325942e+00
2.125551533336921040e+00
2.125561688135565674e+00
2.125573065673404649e+00
2.125589525722003437e+00
2.125614496138961584e+00
2.125639050457169610e+00
2.125652422617177351e+00
2.125675365668355354e+00
2.125696300706918951e+00
2.125717798936336944e+00
2.125727878474381161e+00
2.125739815205143213e+00
2.125756345196056163e+00
2.125770012178270107e+00
2.125786254374037565e+00
2.125811282123192036e+00
2.125818371830500819e+00
2.125830665512866258e+00
2.125846834867330060e+00
2.125860374987619483e+00
2.125885830293017698e+00
2.125897148453661956e+00
2.125914207645231535e+00
2.125937187829846309e+00
2.125950292430818678e+00
2.125972091866962455e+00
2.125981999074115336e+00
2.126003519813927767e+00
2.126013629947049122e+00
2.126029593128667905e+00
2.126036417539972856e+00
2.126059018019446523e+00
2.126070181907631529e+00
2.126077082917461780e+00
2.126087401435691415e+00
2.126104352619853533e+00
2.126118905077205579e+00
2.126129704673973553e+00
2.126145650754670768e+00
2.126157527740670350e+00
2.126168908837354099e+00
2.126187386293901582e+00
2.126200309316475412e+00
2.126213245370780935e+00
2.126231064529233272e+00
2.126245118649038979e+00
2.126256620367192429e+00
2.126274284683671301e+00
2.126287582761554162e+00
2.126300377941002129e+00
2.126318797086632628e+00
2.126331421487794415e+00
2.126344308609990019e+00
2.126355554583700513e+00
2.126374155370073016e+00
2.126399908692577778e+00
2.126411143350282362e+00
2.126434449083693945e+00
2.126448484492444724e+00
2.126461365439024309e+00
2.126485652647499336e+00
2.126496360436047617e+00
2.126518004363874059e+00
2.126528440823044264e+00
2.126542753017014675e+00
2.126567307190127210e+00
2.126577060247282436e+00
2.126592276967123052e+00
2.126616055366955305e+00
2.126621870946775239e+00
2.126634955184589781e+00
2.126647128836669065e+00
2.126658997313383814e+00
2.126681546104269405e+00
2.126695720443029014e+00
2.126718864765114958e+00
2.126727205377188401e+00
2.126740810625316502e+00
2.126761715443047596e+00
2.126771107644969572e+00
2.126785065221276749e+00
2.126808112193210309e+00
2.126818270205267147e+00
2.126840321260644817e+00
2.126861497061208084e+00
2.126882315866282624e+00
2.126891504754495177e+00
2.126910792128446914e+00
2.126920414908899826e+00
2.126937378636164500e+00
2.126948035919427493e+00
2.126967793835858433e+00
2.126986086088784589e+00
2.127001464996905788e+00
2.127018255561038629e+00
2.127033289199375066e+00
2.127039397676210086e+00
2.127046578055477255e+00
2.127059465859781451e+00
2.127071350508343173e+00
2.127080353397222456e+00
2.127095713274452127e+00
2.127107108298368132e+00
2.127117737856155877e+00
2.127143023797334997e+00
2.127150910806716588e+00
2.127172758253680129e+00
2.127191657235188327e+00
2.127200185842930136e+00
2.127211724181668817e+00
2.127216981977788635e+00
2.127240107431421556e+00
2.127251142748527002e+00
2.127273388369169904e+00
2.127283829246996216e+00
2.127294556431920114e+00
2.127304545117388646e+00
2.127319681740591051e+00
2.127330887095192580e+00
2.127341627425506587e+00
2.127356268561066077e+00
2.127369175859480599e+00
2.127391015582976941e+00
2.127401825506474609e+00
2.127409281388568996e+00
2.127429309004647440e+00
2.127448563472920551e+00
2.127457872060496857e+00
2.127473576618231998e+00
2.127478053773234290e+00
2.127494829987058633e+00
2.127512439544700484e+00
2.127520462648711863e+00
2.127523367496009232e+00
2.127542185554031740e+00
2.127559616834187040e+00
2.127569187574176013e+00
2.127586669706680311e+00
2.127594512848561603e+00
2.127607088515023115e+00
2.127625825084945355e+00
2.127638046384200177e+00
2.127656601818012305e+00
2.127661461994024172e+00
2.127680232759600276e+00
2.127690557646324976e+00
2.127706976985040299e+00
2.127713017366188009e+00
2.127724415536979219e+00
2.127735157360743479e+00
2.127754714713112616e+00
2.127758597518604855e+00
2.127766992090956766e+00
2.127779984704785576e+00
2.127789428097558222e+00
2.127802546995916977e+00
2.127814522095860195e+00
2.127827820549108129e+00
2.127848945997283359e+00
2.127867455353537274e+00
2.127875614167601181e+00
2.127895906316170205e+00
2.127913523161409692e+00
2.127930794599515174e+00
2.127946844624483358e+00
2.127964256378676033e+00
2.127972901803728778e+00
2.127982305498199445e+00
2.127998868814432232e+00
2.128012895364070900e+00
2.128027159862724282e+00
2.128039425967930054e+00
2.128051785870413326e+00
2.128058278196761854e+00
2.128074850457389644e+00
2.128077081238719526e+00
2.128083768448787882e+00
2.128101966950600943e+00
2.128119102269438567e+00
2.128134698847332640e+00
2.128149937776480538e+00
2.128154964737091426e+00
2.128162464683429622e+00
2.128180269975119998e+00
2.128191592156856604e+00
2.128210199532888147e+00
2.128217113712155051e+00
2.128224960754806716e+00
2.128237496570761778e+00
2.128249036204235445e+00
2.128267326664506687e+00
2.128277150270318163e+00
