3.575541534930741783e+00
3.576150492024659400e+00
3.576765200351545992e+00
3.577250969892642019e+00
3.577612837394608558e+00
3.577906190803092024e+00
3.578179091623979069e+00
3.578458593965527346e+00
3.578916778273598887e+00
3.579301224882970089e+00
3.579642335745719439e+00
3.579964425123291161e+00
3.580282018646194331e+00
3.580600407251916639e+00
3.580921499616422476e+00
3.581243378270374311e+00
3.581564774803181361e+00
3.581915986468662272e+00
3.582255311578333323e+00
3.582563820427807855e+00
3.582900919147978147e+00
3.583250219597093444e+00
3.583582412500918135e+00
3.583926740458990956e+00
3.584297895537833512e+00
3.584666650656819886e+00
3.585043333711042113e+00
3.585513547891872932e+00
3.585736342033897017e+00
3.586206016857978796e+00
3.586451818436342975e+00
3.586815581381271212e+00
3.587186819730697085e+00
3.587561075018136147e+00
3.588015164992818917e+00
3.588339548148569591e+00
3.588661974232610685e+00
3.588964406848546673e+00
3.589332663571638715e+00
3.589626988656634321e+00
3.589994925756286648e+00
3.590272615054193928e+00
3.590580516948137735e+00
3.590901632067757365e+00
3.591233190357794314e+00
3.591573043645738039e+00
3.591912895615470447e+00
3.592257775114992224e+00
3.592606453763675045e+00
3.592957239733673536e+00
3.593342199735768183e+00
3.593753518439100514e+00
3.594032549369121643e+00
3.594374378469648690e+00
3.594719327066412617e+00
3.595064800986199849e+00
3.595464249231994369e+00
3.595868805203896734e+00
3.596267050038049362e+00
3.596545991731337377e+00
3.596960808341726601e+00
3.597271293309571405e+00
3.597687259180238240e+00
3.598001312821046405e+00
3.598418812595824523e+00
3.598735453864218226e+00
3.599155154866966466e+00
3.599473029452602280e+00
3.599895143767729344e+00
3.600193602864650622e+00
3.600606713465780651e+00
3.601025277187970275e+00
3.601374656475414326e+00
3.601744182957796525e+00
3.602093886812947510e+00
3.602518155614184980e+00
3.602888359415450381e+00
3.603217358843497031e+00
3.603600460032102770e+00
3.603970660356099476e+00
3.604328140630420840e+00
3.604642581541868562e+00
3.605005017238193776e+00
3.605317632471550127e+00
3.605682400206485116e+00
3.606063172049874588e+00
3.606389826293977752e+00
3.606730086357241127e+00
3.607123602127793482e+00
3.607450412677834173e+00
3.607784435998007133e+00
3.608163590892456529e+00
3.608523056426899522e+00
3.608879168911141466e+00
3.609261245954771269e+00
3.609613196003082614e+00
3.609987147140623520e+00
3.610333469830261155e+00
3.610702936010178110e+00
3.611056479095700045e+00
3.611446231804069207e+00
3.611792089546423945e+00
3.612171929351418509e+00
3.612497249768541252e+00
3.612879634082636127e+00
3.613261830290698029e+00
3.613595491334852472e+00
3.613952732204814833e+00
3.614285256197170781e+00
3.614606853356662430e+00
3.614937992682765167e+00
3.615315622422479613e+00
3.615692673873792895e+00
3.616052613704854757e+00
3.616422913732595834e+00
3.616759528832340642e+00
3.617122218186341609e+00
3.617465650528577381e+00
3.617814956893167899e+00
3.618208008753838190e+00
3.618584680444699053e+00
3.618924435827850061e+00
3.619262174675732080e+00
3.619622547425503267e+00
3.619978806934317284e+00
3.620310660407991765e+00
3.620683909943129830e+00
3.621053364431416455e+00
3.621425150137458360e+00
3.621802108692720346e+00
3.622123963994097640e+00
3.622480150563679668e+00
3.622856009868636651e+00
3.623183190533453946e+00
3.623557687239714387e+00
3.623942498994663364e+00
3.624302092029930922e+00
3.624693893551936608e+00
3.625054986877579211e+00
3.625430882158506396e+00
3.625807844718822448e+00
3.626119595080687041e+00
3.626426364332343777e+00
3.626762326364745714e+00
3.627157004357499659e+00
3.627527816841541242e+00
3.627868282643673226e+00
3.628214570027135544e+00
3.628613691467994951e+00
3.628969722856803415e+00
3.629305635064466795e+00
3.629642433805557289e+00
3.629987422511314232e+00
3.630354310210780699e+00
3.630726914925882731e+00
3.631102763493838204e+00
3.631438219607928453e+00
3.631816181540138189e+00
3.632175452696460471e+00
3.632565145635324289e+00
3.632912891545572176e+00
3.633239292403578347e+00
3.633597827041036066e+00
3.633990655602301167e+00
3.634359415087947021e+00
3.634679277622435034e+00
3.635027096682641012e+00
3.635404954236863606e+00
3.635736517697997439e+00
3.636097322369721496e+00
3.636450077610124509e+00
3.636803264104444544e+00
3.637205106326570903e+00
3.637564797323118437e+00
3.637876050719607068e+00
3.638255917567053466e+00
3.638623648912024944e+00
3.639007277169414412e+00
3.639336084921371395e+00
3.639677204386981835e+00
3.640024753026939397e+00
3.640390717912002305e+00
3.640744977950415517e+00
3.641079971946878491e+00
3.641420969139591790e+00
3.641794930493901017e+00
3.642176677569711973e+00
3.642553834701636184e+00
3.642900913909315364e+00
3.643246295625557352e+00
3.643609718607666803e+00
3.644001853543904712e+00
3.644318571684843633e+00
3.644690072463655728e+00
3.645025247373139710e+00
3.645396992041081141e+00
3.645764578687094470e+00
3.646110588401379360e+00
3.646491644069284277e+00
3.646876768614390585e+00
3.647242023398048705e+00
3.647564001038085646e+00
3.647935172815803373e+00
3.648261543587151934e+00
3.648632636766812709e+00
3.648960904682995832e+00
3.649335272838150512e+00
3.649689362574913165e+00
3.650057480382558062e+00
3.650416278701326789e+00
3.650790429488133260e+00
3.651132712008689385e+00
3.651518354126766397e+00
3.651869404704891409e+00
3.652217852812917886e+00
3.652587291802736225e+00
3.652958693607130325e+00
3.653299971505724830e+00
3.653696642372738612e+00
3.654027677703757249e+00
3.654408030036603972e+00
3.654763699019859757e+00
3.655104124996008785e+00
3.655469488730538341e+00
3.655793069545686613e+00
3.656150810398112405e+00
3.656488258797562008e+00
3.656829028080622823e+00
3.657172922810457472e+00
3.657539651964483607e+00
3.657863394370383769e+00
3.658200457460958788e+00
3.658570638459158975e+00
3.658939074630177757e+00
3.659247047426305688e+00
3.659603253841320125e+00
3.659981808187193764e+00
3.660336094645767702e+00
3.660695913530425560e+00
3.661068168122805666e+00
3.661434340507193408e+00
3.661775022430528992e+00
3.662123903974340067e+00
3.662515777976603992e+00
3.662878528601527961e+00
3.663251952322503779e+00
3.663606276709693077e+00
3.663964409155382462e+00
3.664301473663718944e+00
3.664650778011425913e+00
3.665013234938685915e+00
3.665379893916208331e+00
3.665715174257493381e+00
3.666031702035223550e+00
3.666374755908473393e+00
3.666749145750855199e+00
3.667128004048622270e+00
3.667495816303442790e+00
3.667816561262352781e+00
3.668174362260378185e+00
3.668523187052708856e+00
3.668894526102349563e+00
3.669261194981731311e+00
3.669629797401234406e+00
3.670002972553896736e+00
3.670349258578707641e+00
3.670726072610967172e+00
3.671102092472140477e+00
3.671466639759171091e+00
3.671840292686244567e+00
3.672211393428150839e+00
3.672568833391660181e+00
3.672939319017726412e+00
3.673295024234219941e+00
3.673653507134217122e+00
3.674033112695664904e+00
3.674421334082639046e+00
3.674809678335356544e+00
3.675127012003423399e+00
3.675449036846683892e+00
3.675656008351862347e+00
3.675756115391287437e+00
3.675799477241686652e+00
3.675834889384242299e+00
3.675868797448787362e+00
3.675900209552380726e+00
3.675910280690606324e+00
3.675945430241640111e+00
3.675962280825666006e+00
3.675996965671896266e+00
3.675995873611091369e+00
3.676041679370762871e+00
3.676075383861181045e+00
3.676098679035197492e+00
3.676102527149261334e+00
3.676137732557910986e+00
3.676154244076907496e+00
3.676171942336432963e+00
3.676185222352302162e+00
3.676196457050649791e+00
3.676204180548129585e+00
3.676216309972828444e+00
3.676229542971395592e+00
3.676239953655704884e+00
3.676266725320493922e+00
3.676263990352381050e+00
3.676290120592425215e+00
3.676297597629766933e+00
3.676308126115178876e+00
3.676326167688497293e+00
3.676331427817103314e+00
3.676345341738992634e+00
3.676362391576776911e+00
3.676373860705170138e+00
3.676379345733765458e+00
3.676393304940237083e+00
3.676401985070208323e+00
3.676416708839095548e+00
3.676429407962694462e+00
3.676436245567679340e+00
3.676450649394197523e+00
3.676448147997320781e+00
3.676470514197210271e+00
3.676486621640530306e+00
3.676507420213187771e+00
3.676497528770386491e+00
3.676529235053674238e+00
3.676523495718849954e+00
3.676533444232344738e+00
3.676534297046058164e+00
3.676531364081777831e+00
3.676544795555444001e+00
3.676560149703585356e+00
3.676580664798378528e+00
3.676607021014879351e+00
3.676610266912480718e+00
3.676623602949588676e+00
3.676641623721387475e+00
3.676631363403232378e+00
3.676644131751721112e+00
3.676645756612656246e+00
3.676647384201099378e+00
3.676643830144463720e+00
3.676648307461379606e+00
3.676656798815774341e+00
3.676658761686518062e+00
3.676667381250399824e+00
3.676680815152098436e+00
3.676676450317294620e+00
3.676684667836165321e+00
3.676694220189237861e+00
3.676696920158518456e+00
3.676712203248500010e+00
3.676707627851969917e+00
3.676723350547701052e+00
3.676732060267077440e+00
3.676750814539544887e+00
3.676753313294899961e+00
3.676757581008221809e+00
3.676770301998590007e+00
3.676780388890954043e+00
3.676786020201773919e+00
3.676788132405817144e+00
3.676778055605250284e+00
3.676780736042636999e+00
3.676774617140209589e+00
3.676777848526795900e+00
3.676783742793075405e+00
3.676788942721443298e+00
3.676791004910408223e+00
3.676784951740824425e+00
3.676778401968989307e+00
3.676775255963641520e+00
3.676792852353608865e+00
3.676786853693736035e+00
3.676790661948002636e+00
3.676798119585710456e+00
3.676802477328635188e+00
3.676797703813575513e+00
3.676799478693598466e+00
3.676797998022740543e+00
3.676807011858043595e+00
3.676812673645768026e+00
3.676809906816828288e+00
3.676819686825092859e+00
3.676833878872997285e+00
3.676842101233757987e+00
3.676839707118372047e+00
3.676835750087147581e+00
3.676836608211390800e+00
3.676843289794437641e+00
3.676836539655462310e+00
3.676842970857262305e+00
3.676845937468042003e+00
3.676857302321825838e+00
3.676850049203622017e+00
3.676855327513335325e+00
3.676852176969615194e+00
3.676855232244268024e+00
3.676859943019479271e+00
3.676862456191698048e+00
3.676861341811720418e+00
3.676870650004375740e+00
3.676870892233882859e+00
3.676868243690960103e+00
3.676867724945657390e+00
3.676873062591751840e+00
3.676879959213642302e+00
3.676880147175647373e+00
3.676874155025777302e+00
3.676876416338237252e+00
3.676878395045344305e+00
3.676878401355815118e+00
3.676889685814238362e+00
3.676896110262650730e+00
3.676896277761124043e+00
3.676896875807129650e+00
3.676902392870990965e+00
3.676899608302851341e+00
3.676899875108123439e+00
3.676901001809018688e+00
3.676900808523810849e+00
3.676896694982167979e+00
3.676902447543390018e+00
3.676905064214194940e+00
3.676912516539628140e+00
3.676913560858015018e+00
3.676918391475847869e+00
3.676916495301543186e+00
3.676925520083828225e+00
3.676925370873322496e+00
3.676928633970160565e+00
3.676938257299993573e+00
3.676937736945346646e+00
3.676938394489593698e+00
3.676941561956824867e+00
3.676943378875219270e+00
3.676943487606665784e+00
3.676950830089739775e+00
3.676949404941872501e+00
3.676948495497035729e+00
3.676952407153857294e+00
3.676953810811637524e+00
3.676950782234710502e+00
3.676958915866889388e+00
3.676957334007137757e+00
3.676960164598357839e+00
3.676964074690673989e+00
3.676962566177882419e+00
3.676966609839484867e+00
3.676964063864961663e+00
3.676969249696170117e+00
3.676973624585285094e+00
3.676979881265400874e+00
3.676978384299177005e+00
3.676984851535753052e+00
3.676982702902606981e+00
3.676990175777793191e+00
3.676990385247100868e+00
3.676985275537949516e+00
3.676988001880089119e+00
3.676989324078127730e+00
3.676988910678812950e+00
3.676995155535982551e+00
3.676992722389613277e+00
3.676990618329539107e+00
3.676995246916275217e+00
3.676996803439453565e+00
3.677000362087599061e+00
3.677001402760159632e+00
3.677002251041014969e+00
3.677009016347831505e+00
3.677013260565320962e+00
3.677016059104281531e+00
3.677014283359211433e+00
3.677010830926210616e+00
3.677015837510500429e+00
3.677019259002612728e+00
3.677016131143068023e+00
3.677020176266310614e+00
3.677018064816847787e+00
3.677019837618869413e+00
3.677026511042697621e+00
3.677030936818205475e+00
3.677031953010236887e+00
3.677034524686434214e+00
3.677041612426426465e+00
3.677043559753170321e+00
3.677043602284737478e+00
3.677038995964425627e+00
3.677038615085133078e+00
3.677045536757296063e+00
3.677044464560582870e+00
3.677046501468332895e+00
3.677046438769680847e+00
3.677047079559291998e+00
3.677045863152921701e+00
3.677048684596656347e+00
3.677052008748379563e+00
3.677052049719737425e+00
3.677055532332920595e+00
3.677055156458310936e+00
3.677054683202118923e+00
3.677055880265110321e+00
3.677058447915803718e+00
3.677063184821409259e+00
3.677060284426603154e+00
3.677065904530373963e+00
3.677061957819750315e+00
3.677061746319242985e+00
3.677061562365721681e+00
3.677060287542902817e+00
3.677062027827756818e+00
3.677062470069170974e+00
3.677064791953598810e+00
3.677067361541123791e+00
3.677064411843274705e+00
3.677068137011878513e+00
3.677067453021810817e+00
3.677070543093976074e+00
3.677071070711063872e+00
3.677076576756497683e+00
3.677076509899666945e+00
3.677074464104169049e+00
3.677073031204209919e+00
3.677073350066646817e+00
3.677078215479975043e+00
3.677080704264442446e+00
3.677085911978570376e+00
3.677088246624114376e+00
3.677089957663565833e+00
3.677088568237661725e+00
3.677090567722222314e+00
3.677092033428877915e+00
3.677097376327972622e+00
3.677101958277856575e+00
3.677108882716816129e+00
3.677103055131886400e+00
3.677101489386102262e+00
3.677102461589087490e+00
3.677099857828731722e+00
3.677103495863060623e+00
3.677101524816683398e+00
3.677099998905655198e+00
3.677100253901273597e+00
3.677103516856548460e+00
3.677104194837718776e+00
3.677105223539709478e+00
3.677106294926663299e+00
3.677110603705455727e+00
3.677112584087141478e+00
3.677116778711654099e+00
3.677119031468037313e+00
3.677116385428647050e+00
3.677117401755682469e+00
3.677115797493999416e+00
3.677115502753180554e+00
3.677115243270336897e+00
3.677117413057664930e+00
3.677116915112460305e+00
3.677120909626702794e+00
3.677122469342889222e+00
3.677121500163627932e+00
3.677124570558194083e+00
3.677128693557523587e+00
3.677128513165796253e+00
3.677130140305964634e+00
3.677130292285996305e+00
3.677132817412063659e+00
3.677132217688656279e+00
3.677134444740543628e+00
3.677137913058907692e+00
3.677136819904312404e+00
3.677136327857453146e+00
3.677137582246100322e+00
3.677137099503554829e+00
3.677137663515966715e+00
3.677138734532705566e+00
3.677142371670322873e+00
3.677141340314988405e+00
3.677142997106643385e+00
3.677144281561853578e+00
3.677144071461563968e+00
3.677146571411167741e+00
3.677143810140019120e+00
3.677147038405844892e+00
3.677146376347213863e+00
3.677144896311076216e+00
3.677144439743696314e+00
3.677143942200042037e+00
3.677145410009308613e+00
3.677144656361617248e+00
3.677143748724399863e+00
3.677145494697411365e+00
3.677144806212573336e+00
3.677144053737730900e+00
3.677143880099496442e+00
3.677143694761020765e+00
3.677144198318264667e+00
3.677144589396298624e+00
3.677145090875710842e+00
3.677146175212211876e+00
3.677147634407606169e+00
3.677151205536697276e+00
3.677150399318311891e+00
3.677150621430577360e+00
3.677152137936270382e+00
3.677153119870464337e+00
3.677153115557913132e+00
3.677151576566743074e+00
3.677153473769100511e+00
3.677155836999594918e+00
3.677155648114454944e+00
3.677156981291668014e+00
3.677158249053831263e+00
3.677159029717880667e+00
3.677163551153816545e+00
3.677162435107047322e+00
3.677160181809512984e+00
3.677161922771727376e+00
3.677163328638727524e+00
3.677162870844419285e+00
3.677163526884975830e+00
3.677162399189261688e+00
3.677163346642357222e+00
3.677163860567398412e+00
3.677165530421341089e+00
3.677167760023328569e+00
3.677167770503196653e+00
3.677167495192386948e+00
3.677168704201305705e+00
3.677167576404030136e+00
3.677168554697201497e+00
3.677169123647165971e+00
3.677169761191396713e+00
3.677171440261303825e+00
3.677171517869958883e+00
3.677172086287630037e+00
3.677172911554848600e+00
3.677172116380995615e+00
3.677172239166434764e+00
3.677173393587770178e+00
3.677173523632569108e+00
3.677173781223662452e+00
3.677174603049323753e+00
3.677174292383401433e+00
3.677174130772630889e+00
3.677175350962768263e+00
3.677174789534350730e+00
3.677174554065903767e+00
3.677174625692457344e+00
3.677175335065486550e+00
3.677175622028169943e+00
3.677174984369070199e+00
3.677177096200569650e+00
3.677176527125509242e+00
3.677178251320348146e+00
3.677177215354638928e+00
3.677180333361461440e+00
3.677179171841147731e+00
3.677178722777179942e+00
3.677179268409946022e+00
3.677180684185313631e+00
3.677182989412288716e+00
3.677183738088242837e+00
3.677182402201027767e+00
3.677182316988480970e+00
3.677182119707753660e+00
3.677182982287341417e+00
3.677183426681002398e+00
3.677184540323982453e+00
3.677188323671247261e+00
3.677188428594488911e+00
3.677187632067011602e+00
3.677187948221339653e+00
3.677186522130945434e+00
3.677186454898461410e+00
3.677185952936236735e+00
3.677188590395604972e+00
3.677188170982724991e+00
3.677190173281001062e+00
3.677190477376782063e+00
3.677190098461458945e+00
3.677191791325711279e+00
3.677193490289927702e+00
3.677193531398602833e+00
3.677192862966133013e+00
3.677192623628902535e+00
3.677193134492218629e+00
3.677195900647332483e+00
3.677193471078481046e+00
3.677193073935077550e+00
3.677194252399245133e+00
3.677193700902544826e+00
3.677193111676625659e+00
3.677193283900535015e+00
3.677193418126743829e+00
3.677193758059278395e+00
3.677193628356879351e+00
3.677193659064609488e+00
3.677195739186243983e+00
3.677195069068239341e+00
3.677194744657681369e+00
3.677194303288492616e+00
3.677194041655245993e+00
3.677194933589362336e+00
3.677194933873733973e+00
3.677194358715308642e+00
3.677194163548257677e+00
3.677194066285430996e+00
3.677194057519117099e+00
3.677193462497288845e+00
3.677193721232325352e+00
3.677194618097407552e+00
3.677194976706291918e+00
3.677195358432346239e+00
3.677196340610261238e+00
3.677196478995927276e+00
3.677196117162781608e+00
3.677196695520180914e+00
3.677198236511605156e+00
3.677197433651349989e+00
3.677197200553170564e+00
3.677196830007107398e+00
3.677197066222165578e+00
3.677196834968496031e+00
3.677197477587478058e+00
3.677196586438537196e+00
3.677197909383989938e+00
3.677197404484695564e+00
3.677198006484086346e+00
3.677197763760773785e+00
3.677198276314210812e+00
3.677197654428551399e+00
3.677196968930757759e+00
3.677196926507424912e+00
3.677198107502834823e+00
3.677198573422442607e+00
3.677199952867731714e+00
3.677199151492165807e+00
3.677200864800302949e+00
3.677203287667568876e+00
3.677202792873114578e+00
3.677202409737190703e+00
3.677201170888084292e+00
3.677201329668938090e+00
3.677201019409549687e+00
3.677200645758924136e+00
3.677201269844799114e+00
3.677202706331835547e+00
3.677205322031961376e+00
3.677204157060750322e+00
3.677203462890834551e+00
3.677203509034968398e+00
3.677203523579673394e+00
3.677204866234550007e+00
3.677204690379103802e+00
3.677203569555675511e+00
3.677203614103531581e+00
3.677203193221747046e+00
3.677202734806859219e+00
3.677203073796140753e+00
3.677204405383341701e+00
3.677203614566909362e+00
3.677203510161849653e+00
3.677203495169246050e+00
3.677204008068219121e+00
3.677204198293646531e+00
3.677205484877091202e+00
3.677205100337224142e+00
3.677206721252231691e+00
3.677206444169887956e+00
3.677206476496162502e+00
3.677206328705548533e+00
3.677206334808178045e+00
3.677205604351888812e+00
3.677205078010095107e+00
3.677205076736264733e+00
3.677205369947161628e+00
3.677205803970196918e+00
3.677205488245626874e+00
3.677205013037480263e+00
3.677205127572253485e+00
3.677205292371029888e+00
3.677206052047544915e+00
3.677205560082143165e+00
3.677204885930594358e+00
3.677205798134346892e+00
3.677205520919927029e+00
3.677206428820395168e+00
3.677206837568209430e+00
3.677206904414972666e+00
3.677207437799455914e+00
3.677207672542551542e+00
3.677208712789608036e+00
3.677208379302654873e+00
3.677208075286062083e+00
3.677208357476554834e+00
3.677207634669658720e+00
3.677208090196315116e+00
3.677209223801843230e+00
3.677209380331276645e+00
3.677209517904697300e+00
3.677209215121377550e+00
3.677210114337444491e+00
3.677209656762132628e+00
3.677209234496348511e+00
3.677209134156477877e+00
3.677208989197352285e+00
3.677209225246016899e+00
3.677209941756887979e+00
3.677209271991443540e+00
3.677209989370639587e+00
3.677210094579045130e+00
3.677210459654130403e+00
3.677210621437492666e+00
3.677210424732697103e+00
3.677211333591350328e+00
3.677210985547303856e+00
3.677210333961338229e+00
3.677210118748289958e+00
3.677210449883904442e+00
3.677210588887423359e+00
3.677210485701233100e+00
3.677211164884234051e+00
3.677210485270028251e+00
3.677210497931218569e+00
3.677210869200383314e+00
3.677212096029032207e+00
3.677211622625287557e+00
3.677211280543820848e+00
3.677211105988402284e+00
3.677211151462524974e+00
3.677211124567224765e+00
3.677211719421659808e+00
3.677212484944685666e+00
3.677211975991311999e+00
3.677212017710459246e+00
3.677211822993525558e+00
3.677211388461427699e+00
3.677211618123248371e+00
3.677211373647938597e+00
3.677212758398102022e+00
3.677212255787216666e+00
3.677212183945536506e+00
3.677212422647574197e+00
3.677212185518476950e+00
3.677211708918072919e+00
3.677212043663301788e+00
3.677212112541718536e+00
3.677212068343618689e+00
3.677212077476373686e+00
3.677213955324146522e+00
3.677215572803396615e+00
3.677214099702428740e+00
3.677213284009763328e+00
3.677212877947972913e+00
3.677213068322909617e+00
3.677212826275530144e+00
3.677212377927488784e+00
3.677212408826526335e+00
3.677212403415598185e+00
3.677213441541269390e+00
3.677212992320468832e+00
3.677212802545366088e+00
3.677212576484029771e+00
3.677212230445116692e+00
3.677212576283162448e+00
3.677213484738592886e+00
3.677213260782790094e+00
3.677212759181069934e+00
3.677213174213688429e+00
3.677213115301639856e+00
3.677213820778294728e+00
3.677213923959521846e+00
3.677214443250010678e+00
3.677214326846488301e+00
3.677214680147810721e+00
3.677214939246376879e+00
3.677214518686734213e+00
3.677214484240465708e+00
3.677215334476750197e+00
3.677215411095295039e+00
3.677215018381470468e+00
3.677215495102887033e+00
3.677216261263071218e+00
3.677216016827616230e+00
3.677216009506541816e+00
3.677216355184843355e+00
3.677216471934797504e+00
3.677216907280738134e+00
3.677216991406526247e+00
3.677216700119653847e+00
3.677216536693397764e+00
3.677218506452592184e+00
3.677219930885754273e+00
3.677219144921979321e+00
3.677219277042109713e+00
3.677219006247958166e+00
3.677218651987555376e+00
3.677218809019906498e+00
3.677220854016950646e+00
3.677219861965606018e+00
3.677222671709904134e+00
3.677221254806788853e+00
3.677219489705098265e+00
3.677219825947619203e+00
3.677221346553849912e+00
3.677221069645260521e+00
3.677220448909833905e+00
3.677222005358689483e+00
3.677221591383937227e+00
3.677222224780135384e+00
3.677222684498461458e+00
3.677222352571603015e+00
3.677222039539041809e+00
3.677222198187267033e+00
3.677222023353095892e+00
3.677223016341014450e+00
3.677224303186034771e+00
3.677223082612059990e+00
3.677222897243827227e+00
3.677223792770520916e+00
3.677223427669758848e+00
3.677224433253418745e+00
3.677224144572478703e+00
3.677224349930395153e+00
3.677224047697479570e+00
3.677223879834863762e+00
3.677223552565035192e+00
3.677223731776449345e+00
3.677223645736052760e+00
3.677224044267726644e+00
3.677224521683833736e+00
3.677223998618204703e+00
3.677223859183825105e+00
3.677224127033386303e+00
3.677224880828558806e+00
3.677224631948050604e+00
3.677224846703877503e+00
3.677225207470975921e+00
3.677224841710482917e+00
3.677224756304475761e+00
3.677225558061532951e+00
3.677225389988574289e+00
3.677225449216619868e+00
3.677225166905831344e+00
3.677225355309641674e+00
3.677225461133137863e+00
3.677225663860478999e+00
3.677225625830180977e+00
3.677225766057139467e+00
3.677225758793234878e+00
3.677226043475444239e+00
3.677227892677440657e+00
3.677228057603674216e+00
3.677227069584249275e+00
3.677227277606763600e+00
3.677226604739770366e+00
3.677226449637741812e+00
3.677226184728234593e+00
3.677226036045005753e+00
3.677226549458721294e+00
3.677226799236384736e+00
3.677227234439796710e+00
3.677227336063563889e+00
3.677227389933146018e+00
3.677227622406688656e+00
3.677228337954478121e+00
3.677227805417433437e+00
3.677228363419745349e+00
3.677227925543451459e+00
3.677228113150946776e+00
3.677228057368097769e+00
3.677227985589529791e+00
3.677228088739104006e+00
3.677228427869180916e+00
3.677228352684223989e+00
3.677228430255039981e+00
3.677228480676419053e+00
3.677229149915401063e+00
3.677228704993612318e+00
3.677228650342009075e+00
3.677228389205621006e+00
3.677228448996228583e+00
3.677228888356156578e+00
3.677229144647701897e+00
3.677230036631945698e+00
3.677229905243479369e+00
3.677229978854672954e+00
3.677229861190002058e+00
3.677229880607953749e+00
3.677229979060077092e+00
3.677230647703652267e+00
3.677231406583602258e+00
3.677232184020921224e+00
3.677236147488441631e+00
3.677254484227670872e+00
3.677319103154017110e+00
3.677488746605772629e+00
3.677763856521985897e+00
3.678086065797395943e+00
3.678459011747281071e+00
3.678841410787685451e+00
3.679153203837217223e+00
3.679493420482963906e+00
3.679826734277088729e+00
3.680204051087956785e+00
3.680519207190373621e+00
3.680895486199449174e+00
3.681230374971162789e+00
3.681561684328883199e+00
3.681897322610541590e+00
3.682234816297613733e+00
3.682579103060065417e+00
3.682932377669231538e+00
3.683281082793493866e+00
3.683652806663583856e+00
3.683992460272805580e+00
3.684338101290326684e+00
3.684685632500901420e+00
3.685039526631497697e+00
3.685403518785166366e+00
3.685757619705329446e+00
3.686122875103374330e+00
3.686446578889926773e+00
3.686804169734140046e+00
3.687172123790333433e+00
3.687510879154821897e+00
3.687881023549802961e+00
3.688199785988384605e+00
3.688548619345767499e+00
3.688920259223769094e+00
3.689256058095458535e+00
3.689597531233182348e+00
3.689949969120890572e+00
3.690299510464594146e+00
3.690663084448529307e+00
3.691020639672958126e+00
3.691366070182786174e+00
3.691703038757339517e+00
3.692045288816030890e+00
3.692400957543142237e+00
3.692766244839376544e+00
3.693132651100806907e+00
3.693464306083933835e+00
3.693818707027252124e+00
3.694162303324902030e+00
3.694534122813641908e+00
3.694905820036173072e+00
3.695246968547870825e+00
3.695581146224617086e+00
3.695928584897002711e+00
3.696291901715349937e+00
3.696644484802543040e+00
3.696996200324553783e+00
3.697356102813096790e+00
3.697705619453033776e+00
3.698069367596453993e+00
3.698425351594592403e+00
3.698792373502600928e+00
3.699131567545824506e+00
3.699511662174536752e+00
3.699849839523357886e+00
3.700201283906775274e+00
3.700551351161248448e+00
3.700920871987928962e+00
3.701285273758373240e+00
3.701628078053910365e+00
3.701991634422596267e+00
3.702351162211304558e+00
3.702705725006357085e+00
3.703048472061317042e+00
3.703427974396630518e+00
3.703784331848759326e+00
3.704146191412749811e+00
3.704492397633277978e+00
3.704851472842486615e+00
3.705212548158468788e+00
3.705591182620522783e+00
3.705949980450919945e+00
3.706306490931990716e+00
3.706673676049617505e+00
3.707020684752114992e+00
3.707376809061298850e+00
3.707732800999817169e+00
3.708088585241005042e+00
3.708444509092198249e+00
3.708807365575156556e+00
3.709158320223770122e+00
3.709480454571595143e+00
3.709843586282511207e+00
3.710190982266405424e+00
3.710544461183226783e+00
3.710901230852334365e+00
3.711275389447342921e+00
3.711614779863552371e+00
3.711968688806755345e+00
3.712327424501181916e+00
3.712692860699653874e+00
3.713054884080282836e+00
3.713392004274658653e+00
3.713755023563678481e+00
3.714103791253262177e+00
3.714462787788886278e+00
3.714812771863361895e+00
3.715168706497244511e+00
3.715522419482987004e+00
3.715884480431952408e+00
3.716241837586525598e+00
3.716598929058416267e+00
3.716974327920585797e+00
3.717319916672238822e+00
3.717665238420149620e+00
3.718017416029400390e+00
3.718378497342132327e+00
3.718732173476789082e+00
3.719090670151496969e+00
3.719450443090433822e+00
3.719823260368886775e+00
3.720167445370951231e+00
3.720516387754994714e+00
3.720879884037894936e+00
3.721230327013334005e+00
3.721578363703956338e+00
3.721917936146497574e+00
3.722292143366975559e+00
3.722627127209415132e+00
3.722985907914698966e+00
3.723333737915392572e+00
3.723698924456077197e+00
3.724033211325553427e+00
3.724381524696892765e+00
3.724737265581826939e+00
3.725095253946597129e+00
3.725452484062959702e+00
3.725816596155336224e+00
3.726172168088183856e+00
3.726534651651118413e+00
3.726904135822369124e+00
3.727244661158562788e+00
3.727597692390612227e+00
3.727950103640933044e+00
3.728308655186429732e+00
3.728673488365001454e+00
3.729023275007171900e+00
3.729375304721969986e+00
3.729713994268941679e+00
3.730073867966359646e+00
3.730415670687398322e+00
3.730769814420271668e+00
3.731123364040124013e+00
3.731461658888319377e+00
3.731809854274759530e+00
3.732147067561957243e+00
3.732502411329467584e+00
3.732849435808760052e+00
3.733198424577223395e+00
3.733566123411183657e+00
3.733911424821640956e+00
3.734257053821908645e+00
3.734611808625267759e+00
3.734934711736280555e+00
3.735292755947738019e+00
3.735633208814979955e+00
3.736002805663871218e+00
3.736361327672667265e+00
3.736735592604704337e+00
3.737081118291275317e+00
3.737437448749072022e+00
3.737794192516840308e+00
3.738156203317851478e+00
3.738509302936608769e+00
3.738871461722509615e+00
3.739220394954853255e+00
3.739553538366920726e+00
3.739907859789235456e+00
3.740253075616574385e+00
3.740606632673219245e+00
3.740952515051363836e+00
3.741308731461342685e+00
3.741658593116798048e+00
3.742012870442941175e+00
3.742372063990669240e+00
3.742715853262885695e+00
3.743066307159133022e+00
3.743434345252859785e+00
3.743784414931046634e+00
3.744156664201091278e+00
3.744508657506357086e+00
3.744871147824716306e+00
3.745220009554459217e+00
3.745578470765369872e+00
3.745923911233246528e+00
3.746274983461788111e+00
3.746633747748750132e+00
3.746974421785415288e+00
3.747333585842301584e+00
3.747693044124146500e+00
3.748050005486584624e+00
3.748399972574404604e+00
3.748752247627276102e+00
3.749121849001066931e+00
3.749482735409662926e+00
3.749860615973163558e+00
3.750217362216530681e+00
3.750592622140296317e+00
3.750957650461177906e+00
3.751334341485295099e+00
3.751694034918477971e+00
3.752052177037957126e+00
3.752408605579348855e+00
3.752751774623408920e+00
3.753115433519367716e+00
3.753486863493146419e+00
3.753848886553448949e+00
3.754203055304845549e+00
3.754570834789820122e+00
3.754926051038498080e+00
3.755296099478580896e+00
3.755668428943235160e+00
3.756024443347956154e+00
3.756391162998097499e+00
3.756747533055352584e+00
3.757105373684033633e+00
3.757462555793873449e+00
3.757833058650887459e+00
3.758197509166906869e+00
3.758562811333188147e+00
3.758921162974979691e+00
3.759291639177507527e+00
3.759645565026217717e+00
3.760001429273688967e+00
3.760354830181122932e+00
3.760700328977821361e+00
3.761069805073818717e+00
3.761418009344957625e+00
3.761774189009858826e+00
3.762140172729583121e+00
3.762509125945173061e+00
3.762880191480238778e+00
3.763253582242981565e+00
3.763601397716565433e+00
3.763972012197307926e+00
3.764302885858517467e+00
3.764670986150767451e+00
3.765036784593820407e+00
3.765396802554319411e+00
3.765764744042627843e+00
3.766141652472806189e+00
3.766505239457996090e+00
3.766865676283999154e+00
3.767209982417399239e+00
3.767580953159308521e+00
3.767932029475675737e+00
3.768294055057969327e+00
3.768659704997467053e+00
3.769014539664568009e+00
3.769367579844752125e+00
3.769726623469939586e+00
3.770068473069553949e+00
3.770429260707039987e+00
3.770783499210547784e+00
3.771120913186276624e+00
3.771482457750361394e+00
3.771841486288985301e+00
3.772188036441966652e+00
3.772558066905589591e+00
3.772929664852840759e+00
3.773291185613822041e+00
3.773655104285451145e+00
3.774010784540165808e+00
3.774377310758501025e+00
3.774743179708440532e+00
3.775096157039470324e+00
3.775459573779182509e+00
3.775811898449550341e+00
3.776154714786054356e+00
3.776506592447693045e+00
3.776816185594908948e+00
3.777051438456855870e+00
3.777178666190717848e+00
3.777234062104402934e+00
3.777274112844513088e+00
3.777293327439951831e+00
3.777311309230986236e+00
3.777333408991982999e+00
3.777355574856215092e+00
3.777364502403838475e+00
3.777389269102525482e+00
3.777417368033684220e+00
3.777445688454904360e+00
3.777465109706100943e+00
3.777485374626512016e+00
3.777508760245673169e+00
3.777530680720724732e+00
3.777545054018076165e+00
3.777564759717731757e+00
3.777590358117738134e+00
3.777607697612519022e+00
3.777632513045189988e+00
3.777653222845886560e+00
3.777677291044597041e+00
3.777698719917849779e+00
3.777711806397622940e+00
3.777738260165500961e+00
3.777742890926323760e+00
3.777760770243094868e+00
3.777786088270615572e+00
3.777802530319288365e+00
3.777819977639069293e+00
3.777843386871507114e+00
3.777860403357668595e+00
3.777866268089423052e+00
3.777888224938027673e+00
3.777896377492361069e+00
3.777913440481661667e+00
3.777924449742219082e+00
3.777949364003285737e+00
3.777952401364553126e+00
3.777966220657467566e+00
3.777980211727040238e+00
3.777990659229611303e+00
3.778013825610566645e+00
3.778034811822686301e+00
3.778046245227078881e+00
3.778058586212516445e+00
3.778066181201792606e+00
3.778088199293383020e+00
3.778098135474909913e+00
3.778110984381533477e+00
3.778125925470989355e+00
3.778140381465707964e+00
3.778157228432544645e+00
3.778161500397442030e+00
3.778170271723880536e+00
3.778191566927290079e+00
3.778206726813572391e+00
3.778218362202318659e+00
3.778229157716157527e+00
3.778233969654292590e+00
3.778247698479377359e+00
3.778263817683495063e+00
3.778278012068397196e+00
3.778291447426813221e+00
3.778309551791946497e+00
3.778317726668057652e+00
3.778326966204107240e+00
3.778342648641899615e+00
3.778351882484887625e+00
3.778367009576780067e+00
3.778378371402125069e+00
3.778392922896864015e+00
3.778400939603556274e+00
3.778409387479467529e+00
3.778419348113403409e+00
3.778430746506398208e+00
3.778439985916456578e+00
3.778453054431822888e+00
3.778467812499047174e+00
3.778486601066283423e+00
3.778490829111011973e+00
3.778505031959003890e+00
3.778522383506019988e+00
3.778538433977343125e+00
3.778553856391245969e+00
3.778567368872674859e+00
3.778576720870044259e+00
3.778594618479920175e+00
3.778599564047315784e+00
3.778608258001580289e+00
3.778616749720615342e+00
3.778629345980984322e+00
3.778640754460140361e+00
3.778658281018905996e+00
3.778672966948485534e+00
3.778686535394130352e+00
3.778701502403866819e+00
3.778717823251315888e+00
3.778730009081931573e+00
3.778745362936049901e+00
3.778748370774273280e+00
3.778763256281347793e+00
3.778771144616880573e+00
3.778778070179731330e+00
3.778784918172494400e+00
3.778792722521473912e+00
3.778796425550550175e+00
3.778811321308285454e+00
3.778826493925646179e+00
3.778838133321981374e+00
3.778842820443928829e+00
3.778856426241447686e+00
3.778863758762391889e+00
3.778866485566799049e+00
3.778876291528384446e+00
3.778885105244233156e+00
3.778894026844229703e+00
3.778901499094503791e+00
3.778907952496039169e+00
3.778910106511041977e+00
3.778919328759539287e+00
3.778926740080539748e+00
3.778936346315647121e+00
3.778947384880608329e+00
3.778955228133106914e+00
3.778962323529177603e+00
3.778970620774170897e+00
3.778972509160455573e+00
3.778985850226632692e+00
3.778993523504915242e+00
3.779000706805395460e+00
3.779015474171577793e+00
3.779027830144777944e+00
3.779029245952606697e+00
3.779035732974255435e+00
3.779047916558826881e+00
3.779051195815444686e+00
3.779061465246498219e+00
3.779067890034457644e+00
3.779071512099916319e+00
3.779083097645815403e+00
3.779087391059268164e+00
3.779100317198221148e+00
3.779111522739868168e+00
3.779113694107596455e+00
3.779119635113255882e+00
3.779135372308070728e+00
3.779135492219717118e+00
3.779146115002977702e+00
3.779148562070910433e+00
3.779155920342718300e+00
3.779157414503059087e+00
3.779163672973308685e+00
3.779171118925951589e+00
3.779182082596760139e+00
3.779191321055047847e+00
3.779189785420340897e+00
3.779197673910542399e+00
3.779200067086041948e+00
3.779208240944832653e+00
3.779214917554686970e+00
3.779219718638426428e+00
3.779231400325162582e+00
3.779241949846380066e+00
3.779244528116336710e+00
3.779252880229355238e+00
3.779257945460788193e+00
3.779263276482356826e+00
3.779264652019701742e+00
3.779269866212821682e+00
3.779273010473988670e+00
3.779279914586742173e+00
3.779281104449868423e+00
3.779290113313950705e+00
3.779294012329806218e+00
3.779293449517039605e+00
3.779301282352645064e+00
3.779304351534506612e+00
3.779310621809032877e+00
3.779317366995765592e+00
3.779322519186411711e+00
3.779327388391330533e+00
3.779327806771859866e+00
3.779331835234525538e+00
3.779338416415469304e+00
3.779341540904310293e+00
3.779349156819300504e+00
3.779355877867712099e+00
3.779361066201559982e+00
3.779364968818185400e+00
3.779372542095548848e+00
3.779385473253084271e+00
3.779391195263975156e+00
3.779401382153071864e+00
3.779407685820390661e+00
3.779415323785744185e+00
3.779423723805367175e+00
3.779418013592600101e+00
3.779423753513274864e+00
3.779432963980592142e+00
3.779436461861787500e+00
3.779438789896804707e+00
3.779444529105848272e+00
3.779448006336562749e+00
3.779456310280792319e+00
3.779461266834275968e+00
3.779461856672355236e+00
3.779467969233867297e+00
3.779478798670909079e+00
3.779483757146802514e+00
3.779489655121948566e+00
3.779490935263595475e+00
3.779496482161673221e+00
3.779496175266269464e+00
3.779504690820464141e+00
3.779506696071566196e+00
3.779508801742927471e+00
3.779512377363576370e+00
3.779518854400496952e+00
3.779522463985599323e+00
3.779529890963774008e+00
3.779533679260095091e+00
3.779537871750600520e+00
3.779545306291526519e+00
3.779546792246256448e+00
3.779553431469814040e+00
3.779560449276889056e+00
3.779562010139338124e+00
3.779565593056043671e+00
3.779570505814629389e+00
3.779577700892398973e+00
3.779585351958136386e+00
3.779588996743197260e+00
3.779600683644538606e+00
3.779600841551570500e+00
3.779606391865317327e+00
3.779613532576574286e+00
3.779618258760032212e+00
3.779618310912387535e+00
3.779622393954325421e+00
3.779621569730793329e+00
3.779624290567533240e+00
3.779631295664217294e+00
3.779634576547703517e+00
3.779642244646205906e+00
3.779650579092971974e+00
3.779652179025519310e+00
3.779653010933596846e+00
3.779653726280684634e+00
3.779656860044802613e+00
3.779659082085216504e+00
3.779664258639860552e+00
3.779666572389380530e+00
3.779667678823380950e+00
3.779671650049949871e+00
3.779674110899850170e+00
3.779681650312590957e+00
3.779688193428845544e+00
3.779695760009496475e+00
3.779696184132213421e+00
3.779696138599382138e+00
3.779701178704296449e+00
3.779700444946162197e+00
3.779707536438681181e+00
3.779708238143081100e+00
3.779710901868219342e+00
3.779716409904313235e+00
3.779721635794424106e+00
3.779722904864586841e+00
3.779727067463805934e+00
3.779733615620692433e+00
3.779736400065561774e+00
3.779737010794020247e+00
3.779736829929783326e+00
3.779739814640874940e+00
3.779741655253619381e+00
3.779746341086796857e+00
3.779753337331004825e+00
3.779753830381773483e+00
3.779756637111653994e+00
3.779760257931792822e+00
3.779763332785577745e+00
3.779766652255216020e+00
3.779766896788011366e+00
3.779771896831381817e+00
3.779773193113300955e+00
3.779776535554184580e+00
3.779780634009782148e+00
3.779782902253384869e+00
3.779783009510710556e+00
3.779788497216795662e+00
3.779788920777227279e+00
3.779793106694813165e+00
3.779798618191620996e+00
3.779800233189191339e+00
3.779802744287017013e+00
3.779809810331502096e+00
3.779813347177418681e+00
3.779815056453793343e+00
3.779817933605209124e+00
3.779821618174336262e+00
3.779827929091048588e+00
3.779833068073381597e+00
3.779836214589893384e+00
3.779838166839054381e+00
3.779840153469581132e+00
3.779841651855033735e+00
3.779845720783665541e+00
3.779847204807220251e+00
3.779851049505530636e+00
3.779854883641754260e+00
3.779857406404755871e+00
3.779859676969656412e+00
3.779859836901969583e+00
3.779866321503495108e+00
3.779871916229804896e+00
3.779876315132369768e+00
3.779881328394240736e+00
3.779883201521692992e+00
3.779888655835206723e+00
3.779895785012613363e+00
3.779901888782364772e+00
3.779906687642367924e+00
3.779911073529638621e+00
3.779915399809283816e+00
3.779919054849032456e+00
3.779920475423134807e+00
3.779923386573973865e+00
3.779924981163816256e+00
3.779927363700414045e+00
3.779937161327594719e+00
3.779947079223438422e+00
3.779946506000035455e+00
3.779944242195426796e+00
3.779948474358636012e+00
3.779952597366670553e+00
3.779952045310653208e+00
3.779957327536877187e+00
3.779956598153767722e+00
3.779959081147530764e+00
3.779960977162021507e+00
3.779962457521245600e+00
3.779969529356195235e+00
3.779973506636902236e+00
3.779978565715862882e+00
3.779977623249709762e+00
3.779986331799804589e+00
3.779991677104730829e+00
3.779994661025583458e+00
3.779997842980581613e+00
3.780003696841738314e+00
3.780007162767446971e+00
3.780012323332862412e+00
3.780016317054267549e+00
3.780015559235168521e+00
3.780018910239986152e+00
3.780019310659295417e+00
3.780023294680959101e+00
3.780026061980012120e+00
3.780028990999697580e+00
3.780032126108281876e+00
3.780038002588584689e+00
3.780039650839416510e+00
3.780040962944131167e+00
3.780044664364367257e+00
3.780048141655260707e+00
3.780052846039060110e+00
3.780053448633105884e+00
3.780057242657578254e+00
3.780062584908982171e+00
3.780063888104531422e+00
3.780064149220572656e+00
3.780068483600278917e+00
3.780071226166777265e+00
3.780072919208913973e+00
3.780075780241897832e+00
3.780080587943030590e+00
3.780083705675743033e+00
3.780086210781063993e+00
3.780090317457485583e+00
3.780092867072056162e+00
3.780095144467041202e+00
3.780097308186899596e+00
3.780099201184164759e+00
3.780101173618372723e+00
3.780101053166234237e+00
3.780102043072198548e+00
3.780106741381589419e+00
3.780108096933756379e+00
3.780112013782438218e+00
3.780116484338769123e+00
3.780119779924060008e+00
3.780124943169895335e+00
3.780128428437127930e+00
3.780134587381684952e+00
3.780138320386094541e+00
3.780138567711038622e+00
3.780143457489348879e+00
3.780145818417671499e+00
3.780145359897639334e+00
3.780147290346532962e+00
3.780151668916924113e+00
3.780152251685949594e+00
3.780153040101684958e+00
3.780153291758826750e+00
3.780157430184552414e+00
3.780161035353124088e+00
3.780164640319346514e+00
3.780166242290468936e+00
3.780167794469491138e+00
3.780167567122265204e+00
3.780169311295651369e+00
3.780170460314493663e+00
3.780168486064903188e+00
3.780169099488815743e+00
3.780172874491871227e+00
3.780177765823943048e+00
3.780184213819843375e+00
3.780182853701187451e+00
3.780185340362601565e+00
3.780185690656939546e+00
3.780188387946225248e+00
3.780189795652934670e+00
3.780194598329235767e+00
3.780196594975107516e+00
3.780199829136169587e+00
3.780202448516716718e+00
3.780204590462253211e+00
3.780209186456814141e+00
3.780210965264168443e+00
3.780212723356298543e+00
3.780212735288546178e+00
3.780217058498327898e+00
3.780223250719229267e+00
3.780226505984367602e+00
3.780230920414041851e+00
3.780235884065309193e+00
3.780239097044796992e+00
3.780239275254328124e+00
3.780240326399601170e+00
3.780241884591473145e+00
3.780243508692086696e+00
3.780246535460084711e+00
3.780249933851385968e+00
3.780251624567815938e+00
3.780254340082097375e+00
3.780257164614736709e+00
3.780263041357781351e+00
3.780265860295191072e+00
3.780268738959751129e+00
3.780274158084238056e+00
3.780272597071998586e+00
3.780275760409062435e+00
3.780274390230527359e+00
3.780275957293873113e+00
3.780278310183643686e+00
3.780279720499091667e+00
3.780283472923729793e+00
3.780286717000591601e+00
3.780287267945189988e+00
3.780288349974631146e+00
3.780292330429496417e+00
3.780294283737315908e+00
3.780296849356559630e+00
3.780297765535491461e+00
3.780298022471455077e+00
3.780301072441799803e+00
3.780301232930997291e+00
3.780302709432115993e+00
3.780307142721276215e+00
3.780307488973301488e+00
3.780312977671425045e+00
3.780312610939864815e+00
3.780312753707796958e+00
3.780315543386145283e+00
3.780315430267104038e+00
3.780320234030571935e+00
3.780322173506774242e+00
3.780325434137849161e+00
3.780324678262783955e+00
3.780327281494066494e+00
3.780328874604846234e+00
3.780330920406162587e+00
3.780331748895084054e+00
3.780332430471999405e+00
3.780334897929114479e+00
3.780337738804962378e+00
3.780341918143098390e+00
3.780345077150344846e+00
3.780348573565183390e+00
3.780351994533471149e+00
3.780354314041273422e+00
3.780357072004083552e+00
3.780357076017420326e+00
3.780358270457769176e+00
3.780358471968859657e+00
3.780360354139618462e+00
3.780361822476365763e+00
3.780362382911826025e+00
3.780365294777519480e+00
3.780368792002706257e+00
3.780369696413210079e+00
3.780370614229992210e+00
3.780370417841969921e+00
3.780372274523356335e+00
3.780374993234507652e+00
3.780374688558395313e+00
3.780375149438265137e+00
3.780376282135688548e+00
3.780377363676927782e+00
3.780377195303574300e+00
3.780378770777660602e+00
3.780382865922780056e+00
3.780386543628695417e+00
3.780386765984210307e+00
3.780389730299853035e+00
3.780391480140381066e+00
3.780392656534686147e+00
3.780392736702595347e+00
3.780396714441237371e+00
3.780396357825207332e+00
3.780399092903617309e+00
3.780399877680095333e+00
3.780402658715273034e+00
3.780403661419887040e+00
3.780404241248068509e+00
3.780405593637226502e+00
3.780406237364338562e+00
3.780409889912414112e+00
3.780413534538834330e+00
3.780414722685241813e+00
3.780415355957732260e+00
3.780420794816045316e+00
3.780422859802242908e+00
3.780425113388503178e+00
3.780424206166318690e+00
3.780427255087775773e+00
3.780428272326426420e+00
3.780429042723297162e+00
3.780430035059914928e+00
3.780429137996405675e+00
3.780431984621837049e+00
3.780431541549664320e+00
3.780432510007563085e+00
3.780432965883009810e+00
3.780433725068938156e+00
3.780434160263767218e+00
3.780434844045091225e+00
3.780439406518032897e+00
3.780441207315491603e+00
3.780441506612142621e+00
3.780443232048129598e+00
3.780443635654719081e+00
3.780445455542339239e+00
3.780446971219162844e+00
3.780451062492175218e+00
3.780454269024228875e+00
3.780456436663424125e+00
3.780460382068623559e+00
3.780465335182298769e+00
3.780468171186039061e+00
3.780472953065056707e+00
3.780474422502421383e+00
3.780473413474634281e+00
3.780476941382454381e+00
3.780479033237877040e+00
3.780478971082101403e+00
3.780480374939847454e+00
3.780480715649578993e+00
3.780481147301952838e+00
3.780482250381909104e+00
3.780483910847176166e+00
3.780485731610899514e+00
3.780487153652285048e+00
3.780488719064956538e+00
3.780489738290182089e+00
3.780491871165410078e+00
3.780493389976477658e+00
3.780492865084916332e+00
3.780494005025551107e+00
3.780494258713790412e+00
3.780496756195893759e+00
3.780500049945288765e+00
3.780501617989369123e+00
3.780503942575246690e+00
3.780501285000367861e+00
3.780504738722182623e+00
3.780506821679658902e+00
3.780506959341568329e+00
3.780509071070323301e+00
3.780509250111647290e+00
3.780510545901297981e+00
3.780510250064065492e+00
3.780511703845720550e+00
3.780511935621403197e+00
3.780514755336128463e+00
3.780515732274396079e+00
3.780518727406469104e+00
3.780521358788302866e+00
3.780523736600064577e+00
3.780526166947415057e+00
3.780527302429756098e+00
3.780527836351146753e+00
3.780527969871517957e+00
3.780528260211224456e+00
3.780530953790304682e+00
3.780532416613774593e+00
3.780531832506934808e+00
3.780534262257649214e+00
3.780534768260283229e+00
3.780535436892074497e+00
3.780537379526375918e+00
3.780539229584590100e+00
3.780542939518064749e+00
3.780545722597833613e+00
3.780549178945730837e+00
3.780551909037256575e+00
3.780554843570988144e+00
3.780557222929614714e+00
3.780559753441814497e+00
3.780560915407222389e+00
3.780561474253951726e+00
3.780563843544361369e+00
3.780566172962583682e+00
3.780566375478976671e+00
3.780565362109763683e+00
3.780567521574625722e+00
3.780570892931316873e+00
3.780573311323532248e+00
3.780573922811283794e+00
3.780574518138684503e+00
3.780576755621139817e+00
3.780579368306884014e+00
3.780581412066870151e+00
3.780586240591954361e+00
3.780585164750325244e+00
3.780586101957918110e+00
3.780590780258752837e+00
3.780594573550184023e+00
3.780595198307441951e+00
3.780592901494962632e+00
3.780593362370235688e+00
3.780595870309499507e+00
3.780596854012922226e+00
3.780600681210255498e+00
3.780603077614865359e+00
3.780603238162740354e+00
3.780607876070988027e+00
3.780606738848567350e+00
3.780606730234394419e+00
3.780607597532903430e+00
3.780608285910775912e+00
3.780609771002872321e+00
3.780610666694932842e+00
3.780612622856466931e+00
3.780613670159139073e+00
3.780615061643603614e+00
3.780614975864792449e+00
3.780618654515504939e+00
3.780620406242360065e+00
3.780622383083088955e+00
3.780624302522130886e+00
3.780624701608032989e+00
3.780627142043508915e+00
3.780631130769307902e+00
3.780631867526526246e+00
3.780633331199786618e+00
3.780633256895336469e+00
3.780635317496919612e+00
3.780636340393451533e+00
3.780637963783572086e+00
3.780638770116364622e+00
3.780640506516146804e+00
3.780640959536674561e+00
3.780643727250605046e+00
3.780643594785588757e+00
3.780644958269649969e+00
3.780646607242683643e+00
3.780646770377569688e+00
3.780647461678679822e+00
3.780648665563119515e+00
3.780649084159592554e+00
3.780650111052596518e+00
3.780651483942071511e+00
3.780652446392708477e+00
3.780652773006875744e+00
3.780655359316564823e+00
3.780655670858795503e+00
3.780659037770569331e+00
3.780658948166563782e+00
3.780661232828836482e+00
3.780664081485386241e+00
3.780664877927240486e+00
3.780666031435880203e+00
3.780666481730132755e+00
3.780666720363198952e+00
3.780667575487814513e+00
3.780671345061644484e+00
3.780673244726343363e+00
3.780673696351755542e+00
3.780673712942441256e+00
3.780674995879098610e+00
3.780676983501604749e+00
3.780678203280904537e+00
3.780679020773778820e+00
3.780679306385701377e+00
3.780680922275863054e+00
3.780683871626703052e+00
3.780684069829207239e+00
3.780684892116485507e+00
3.780687119198392843e+00
3.780690409376853189e+00
3.780692881962970375e+00
3.780692160920906986e+00
3.780695802074997225e+00
3.780701322228599892e+00
3.780721853521521680e+00
3.780791556566647671e+00
3.780968580826030934e+00
3.781256406330301800e+00
3.781592942437192573e+00
3.781944535479603076e+00
3.782295864584654055e+00
3.782642548962014573e+00
3.782994483271310049e+00
3.783340959144597448e+00
3.783701400272383886e+00
3.784036594384980745e+00
3.784380257883324106e+00
3.784724834383356384e+00
3.785076864745374081e+00
3.785414191305922937e+00
3.785764759465544138e+00
3.786108966863255265e+00
3.786462328305248537e+00
3.786817441612426727e+00
3.787161993807106608e+00
3.787508813237061123e+00
3.787861007990225293e+00
3.788206885690640568e+00
3.788565457910508805e+00
3.788925811556728362e+00
3.789276362914255625e+00
3.789620331074360582e+00
3.789979185539809059e+00
3.790318801022660722e+00
3.790670480837976974e+00
3.791008755499995164e+00
3.791379469176227701e+00
3.791724500756526783e+00
3.792074568224744535e+00
3.792447044494168917e+00
3.792797559051075851e+00
3.793138371296075118e+00
3.793492544349578832e+00
3.793843979822643320e+00
3.794202233026849669e+00
3.794549167762454989e+00
3.794898938883661810e+00
3.795254353307248252e+00
3.795605890094508883e+00
3.795965909022217755e+00
3.796320085691942126e+00
3.796668029827848123e+00
3.797031549344942469e+00
3.797384629330021966e+00
3.797738136168000711e+00
3.798091474345249186e+00
3.798452232946330831e+00
3.798801878454327596e+00
3.799158455366454579e+00
3.799522715634944703e+00
3.799873980144829577e+00
3.800231642182932301e+00
3.800586988349325512e+00
3.800932007088620335e+00
3.801285933643268056e+00
3.801633983968366604e+00
3.801995345542488636e+00
3.802353033721224129e+00
3.802709116744325879e+00
3.803060932743433487e+00
3.803417531996347023e+00
3.803777910982685029e+00
3.804120099259225452e+00
3.804471308330543255e+00
3.804835378134635793e+00
3.805186213696160280e+00
3.805552435384626175e+00
3.805898212820767679e+00
3.806253027773690345e+00
3.806606186580318685e+00
3.806945375315324842e+00
3.807307061459848097e+00
3.807637937724746902e+00
3.807993345101102989e+00
3.808328534817159827e+00
3.808686446309090812e+00
3.809035948328259646e+00
3.809358720048458657e+00
3.809719792010738182e+00
3.810067285513000002e+00
3.810416642270384013e+00
3.810768719105977809e+00
3.811111593471306236e+00
3.811464393705191522e+00
3.811822146977132952e+00
3.812170778673724225e+00
3.812531253932621045e+00
3.812866132430213995e+00
3.813223096547945001e+00
3.813556272103940881e+00
3.813905178101426152e+00
3.814256664816106035e+00
3.814597538986029601e+00
3.814958777964442049e+00
3.815305015057288252e+00
3.815650624126329937e+00
3.815981356450698581e+00
3.816347416163194950e+00
3.816705318712942496e+00
3.817055164803815348e+00
3.817414177131898789e+00
3.817763815162578567e+00
3.818108898688954866e+00
3.818443268063896223e+00
3.818789961655959075e+00
3.819147712411295359e+00
3.819484299725042220e+00
3.819834625368228043e+00
3.820192780110516662e+00
3.820547413019788507e+00
3.820899921657277432e+00
3.821259931993253645e+00
3.821614339327234600e+00
3.821960322300137047e+00
3.822309608540128689e+00
3.822664007194688462e+00
3.823011159521865654e+00
3.823380119543962508e+00
3.823745041890949548e+00
3.824107889297740037e+00
3.824479790965696235e+00
3.824835331940060534e+00
3.825203628093410746e+00
3.825552377467456466e+00
3.825920128321512070e+00
3.826261215189017406e+00
3.826620882584543804e+00
3.826967864522429430e+00
3.827282676384170745e+00
3.827629990414818550e+00
3.827969829623448561e+00
3.828317922779354898e+00
3.828669374081296706e+00
3.829021845546183300e+00
3.829376456977394039e+00
3.829741423239501064e+00
3.830105245593476759e+00
3.830459659937198502e+00
3.830807950623280611e+00
3.831146729409895091e+00
3.831489485378459126e+00
3.831844123198825613e+00
3.832190960543930824e+00
3.832545869005701711e+00
3.832893772353937134e+00
3.833250184531937332e+00
3.833607639595714378e+00
3.833968129179650131e+00
3.834320930200747490e+00
3.834673172033346233e+00
3.835032177571870982e+00
3.835391116932264310e+00
3.835744145553903639e+00
3.836099105193624847e+00
3.836462399141382651e+00
3.836808826790203408e+00
3.837160187016694923e+00
3.837512457648048603e+00
3.837875321371365889e+00
3.838236629174778258e+00
3.838596380459632584e+00
3.838949644311731024e+00
3.839306326981056117e+00
3.839680320890969778e+00
3.840040067411942371e+00
3.840407079120113920e+00
3.840773954238333232e+00
3.841130387379780409e+00
3.841487787684259914e+00
3.841842990772171174e+00
3.842185901710520213e+00
3.842536718039808452e+00
3.842891596165913803e+00
3.843245707299711267e+00
3.843598337671435328e+00
3.843959440205363620e+00
3.844315928236301083e+00
3.844668308483425889e+00
3.845021218928624140e+00
3.845386790537523858e+00
3.845727416017194145e+00
3.846078532685082152e+00
3.846426253754358537e+00
3.846770256851831160e+00
3.847106604039558064e+00
3.847459124442030198e+00
3.847807651985669875e+00
3.848167371776059831e+00
3.848524217158259653e+00
3.848864470448327246e+00
3.849218763883299754e+00
3.849569081639267143e+00
3.849929918390732286e+00
3.850278416297292949e+00
3.850646843010389286e+00
3.850995095122148104e+00
3.851364319761160449e+00
3.851712760999441709e+00
3.852074457757651782e+00
3.852413504062758065e+00
3.852756640710391256e+00
3.853098215268970783e+00
3.853454341453046439e+00
3.853812634818670535e+00
3.854153711831903362e+00
3.854502622330339801e+00
3.854863639182901203e+00
3.855224518379739340e+00
3.855571000395380477e+00
3.855946165978498819e+00
3.856291301110584158e+00
3.856658270750842998e+00
3.856997780464960446e+00
3.857366631419023584e+00
3.857732657150295452e+00
3.858086420578646258e+00
3.858450759410131159e+00
3.858809330722427156e+00
3.859143283567967320e+00
3.859522197314912972e+00
3.859865583980555570e+00
3.860223163969895399e+00
3.860579714782550020e+00
3.860946276060448934e+00
3.861307985354814676e+00
3.861666978472324097e+00
3.862032160726360797e+00
3.862363006378437991e+00
3.862733498103548158e+00
3.863098912153370534e+00
3.863457771911519512e+00
3.863814156586372395e+00
3.864171583700754642e+00
3.864521578257845036e+00
3.864900721796454608e+00
3.865268240704031300e+00
3.865606659647598420e+00
3.865968002385949731e+00
3.866330675127769290e+00
3.866672458348897834e+00
3.867039988872357004e+00
3.867395744938378677e+00
3.867760781788185387e+00
3.868099244769419798e+00
3.868469489143602225e+00
3.868840723263844428e+00
3.869201604416292906e+00
3.869559757061439509e+00
3.869920535977845244e+00
3.870283468719434516e+00
3.870619982667581560e+00
3.870982154517957685e+00
3.871354929821384960e+00
3.871694584858764721e+00
3.872065640874389647e+00
3.872432427226224938e+00
3.872770863832295074e+00
3.873140275179371539e+00
3.873487183352038787e+00
3.873860910444034911e+00
3.874234846455428372e+00
3.874599701171135724e+00
3.874943527368156282e+00
3.875330306926622281e+00
3.875682917222744273e+00
3.876058545923002807e+00
3.876403021301188190e+00
3.876786232193277559e+00
3.877148772508893337e+00
3.877515992431245895e+00
3.877883148154256610e+00
3.878252794050884411e+00
3.878627814456902634e+00
3.878976654052971540e+00
3.879359571010593477e+00
3.879725731347339668e+00
3.880034685880939360e+00
3.880276085635941730e+00
3.880415298095078569e+00
3.880485056769646057e+00
3.880521725203479377e+00
3.880553544351414086e+00
3.880584239731345697e+00
3.880608776529574033e+00
3.880636492190668196e+00
3.880653562156639591e+00
3.880681397838145585e+00
3.880707325116806494e+00
3.880721224974673866e+00
3.880741913375986396e+00
3.880759538636252781e+00
3.880773722180486107e+00
3.880793326762546958e+00
3.880814039205870536e+00
3.880821034205079734e+00
3.880841161684808860e+00
3.880860360027135414e+00
3.880878261479899560e+00
3.880886941527536660e+00
3.880899964798802948e+00
3.880924705461754609e+00
3.880943782703034195e+00
3.880963022993880518e+00
3.880972587857007383e+00
3.880991237929057203e+00
3.881004232999545334e+00
3.881017751539390659e+00
3.881038361210129128e+00
3.881048824411727161e+00
3.881063564170350588e+00
3.881076694528333260e+00
3.881095299992226799e+00
3.881112839619506705e+00
3.881122614732963161e+00
3.881142550264482960e+00
3.881150805951838034e+00
3.881162291802889630e+00
3.881185475777826355e+00
3.881195704767979926e+00
3.881209575633927766e+00
3.881221762066575653e+00
3.881235801715816169e+00
3.881245425737832822e+00
3.881261711152532268e+00
3.881271136284590195e+00
3.881282872650066551e+00
3.881298072274381283e+00
3.881305998834361670e+00
3.881314240588901399e+00
3.881324487741312446e+00
3.881336030722416286e+00
3.881349084179825493e+00
3.881366564776650652e+00
3.881380843814816295e+00
3.881386321308181397e+00
3.881397696083489279e+00
3.881417727143837926e+00
3.881430071229736267e+00
3.881440719843790799e+00
3.881456946534076025e+00
3.881469865035062750e+00
3.881483114075513718e+00
3.881499060411183866e+00
3.881511948438816084e+00
3.881520537934489923e+00
3.881528614461905224e+00
3.881541281611411431e+00
3.881544791928018157e+00
3.881555972577295233e+00
3.881568657969950653e+00
3.881577920058847830e+00
3.881589856544688466e+00
3.881609435129569352e+00
3.881624551727138606e+00
3.881636005210241880e+00
3.881648807668671264e+00
3.881656126695797404e+00
3.881663838521854260e+00
3.881670220227182444e+00
3.881681178420174572e+00
3.881689105660497408e+00
3.881697699884348651e+00
3.881705544152288301e+00
3.881721244746443311e+00
3.881735329769449905e+00
3.881744755641745481e+00
3.881758742208468060e+00
3.881769844327255470e+00
3.881778492883642073e+00
3.881784833786801503e+00
3.881791926943809035e+00
3.881802600852743090e+00
3.881809170812580145e+00
3.881821318676363042e+00
3.881833232826083169e+00
3.881843029488955210e+00
3.881861063681323998e+00
3.881871806358153876e+00
3.881883814752962625e+00
3.881898375537918611e+00
3.881907996468339839e+00
3.881916321395939562e+00
3.881926931000205805e+00
3.881944517627118785e+00
3.881953245233855210e+00
3.881957197014805683e+00
3.881969575856793142e+00
3.881976710972205424e+00
3.881991146975188656e+00
3.882000668746949046e+00
3.882008923257714184e+00
3.882019301150216428e+00
3.882027909217803607e+00
3.882038133927149470e+00
3.882051315361739530e+00
3.882058452524094427e+00
3.882067633715880817e+00
3.882077190417937196e+00
3.882080821028095929e+00
3.882093400963990693e+00
3.882099950880814276e+00
3.882110685906003056e+00
3.882125340569048344e+00
3.882132802248365877e+00
3.882144998545045134e+00
3.882154281252174766e+00
3.882164796443595023e+00
3.882176382881967314e+00
3.882179716767831135e+00
3.882196036813165829e+00
3.882208401506484829e+00
3.882219496534261793e+00
3.882230673610567173e+00
3.882241101689139828e+00
3.882249291564763727e+00
3.882262364093457041e+00
3.882269600707028978e+00
3.882278429680145138e+00
3.882291329290280313e+00
3.882296086130870183e+00
3.882306457266081701e+00
3.882319968454469805e+00
3.882326742106745776e+00
3.882333938790814010e+00
3.882336655389250879e+00
3.882352270118663018e+00
3.882358531509011002e+00
3.882365837095125283e+00
3.882376567858127014e+00
3.882386106552049299e+00
3.882400369782322613e+00
3.882404942630437894e+00
3.882415034181830205e+00
3.882425824644367474e+00
3.882435658755849950e+00
3.882448622107414149e+00
3.882450328980957543e+00
3.882457328301331501e+00
3.882465441639565196e+00
3.882469995341895519e+00
3.882481158070750560e+00
3.882493044974249408e+00
3.882503010188202985e+00
3.882513869608231971e+00
3.882514109143123004e+00
3.882524069515261189e+00
3.882534764580175768e+00
3.882540507851024891e+00
3.882551226379836518e+00
3.882559328679379806e+00
3.882566247223994793e+00
3.882578405163211954e+00
3.882582427637101929e+00
3.882593789736238143e+00
3.882600195610869775e+00
3.882608870637113796e+00
3.882618769035264705e+00
3.882624911067172224e+00
3.882634048937679605e+00
3.882641285628542605e+00
3.882651341562461056e+00
3.882655761905676517e+00
3.882667666731361766e+00
3.882668447545156276e+00
3.882670726969467800e+00
3.882677923297376932e+00
3.882685353623252400e+00
3.882690681478094596e+00
3.882700182167027059e+00
3.882708955255218974e+00
3.882713253020405375e+00
3.882720363384585482e+00
3.882730631175621561e+00
3.882742981201846799e+00
3.882747118725503821e+00
3.882751692700081581e+00
3.882759219346647139e+00
3.882766692067136649e+00
3.882774657318265099e+00
3.882781825735027947e+00
3.882787332507854128e+00
3.882791411208675658e+00
3.882802748050263375e+00
3.882809650309260618e+00
3.882813307226105959e+00
3.882820045492858974e+00
3.882829991567266603e+00
3.882837208402158957e+00
3.882844992844302290e+00
3.882854225155257133e+00
3.882857362347944985e+00
3.882865641051816752e+00
3.882876402932883941e+00
3.882882275842783226e+00
3.882888684424251391e+00
3.882898757682668123e+00
3.882906880944191563e+00
3.882915962086125550e+00
3.882924468772704696e+00
3.882936773081540061e+00
3.882946134773377356e+00
3.882952523564797698e+00
3.882951502420754597e+00
3.882959766397041435e+00
3.882965738264370970e+00
3.882973434936776158e+00
3.882980533978489746e+00
3.882985723438464376e+00
3.882992581989330283e+00
3.882997195937552437e+00
3.883004653108514947e+00
3.883013964466884627e+00
3.883020497831881634e+00
3.883026165650318440e+00
3.883033125813821762e+00
3.883039876958300329e+00
3.883052750149890819e+00
3.883058380078586058e+00
3.883068018146690115e+00
3.883080715495849322e+00
3.883085479617766733e+00
3.883090085549150139e+00
3.883098976955690507e+00
3.883103351209362675e+00
3.883112575453744775e+00
3.883120065438563806e+00
3.883124863519266778e+00
3.883130325102122526e+00
3.883135543410136226e+00
3.883146955561872726e+00
3.883152551483074699e+00
3.883156765372520081e+00
3.883162580566745792e+00
3.883165018089528076e+00
3.883167401568352606e+00
3.883170880284124493e+00
3.883180368426082829e+00
3.883182631507835048e+00
3.883190142288469371e+00
3.883196581680667947e+00
3.883198825477597982e+00
3.883206472309087331e+00
3.883213837291564996e+00
3.883216226144936556e+00
3.883227144358640359e+00
3.883232327622319957e+00
3.883241587427004315e+00
3.883247114909229136e+00
3.883254376677290676e+00
3.883263464653294417e+00
3.883267760806338842e+00
3.883276259760350513e+00
3.883285622327400599e+00
3.883292836402630677e+00
3.883299538585460287e+00
3.883304497689584522e+00
3.883312938337726283e+00
3.883319784701688704e+00
3.883326842600181017e+00
3.883336077198319192e+00
3.883337017224179899e+00
3.883344422146667529e+00
3.883351599266428256e+00
3.883357479709488747e+00
3.883363305450546754e+00
3.883369626414145515e+00
3.883374351894071985e+00
3.883382023089437585e+00
3.883387665986066217e+00
3.883392596285625054e+00
3.883400420947066500e+00
3.883408846996378117e+00
3.883411518524710004e+00
3.883418068934842537e+00
3.883427051660565343e+00
3.883435346686526568e+00
3.883441663295940760e+00
3.883445048944651923e+00
3.883450329577981197e+00
3.883453643926070953e+00
3.883458119109985951e+00
3.883463916654775971e+00
3.883468463889945266e+00
3.883472545638637641e+00
3.883476126300149822e+00
3.883481867584144709e+00
3.883484600574283796e+00
3.883490637390724309e+00
3.883492135006652912e+00
3.883497398079046814e+00
3.883507195653122412e+00
3.883511076953140684e+00
3.883516080010156024e+00
3.883521163067565674e+00
3.883526730036275687e+00
3.883531018080412345e+00
3.883537768112167665e+00
3.883545682902457497e+00
3.883547753018233628e+00
3.883553215316378537e+00
3.883556023787134492e+00
3.883562904996151754e+00
3.883565384211672189e+00
3.883570911585221719e+00
3.883576144570128896e+00
3.883580324917052629e+00
3.883586631779787357e+00
3.883591275444880697e+00
3.883596977654626858e+00
3.883605324269112202e+00
3.883611275491098969e+00
3.883616187394157482e+00
3.883622437972394703e+00
3.883627858142370215e+00
3.883632604540211641e+00
3.883642092567599402e+00
3.883652138509164242e+00
3.883660332683790184e+00
3.883667204381422877e+00
3.883671766909243761e+00
3.883676057263436121e+00
3.883683309190256061e+00
3.883686281266300888e+00
3.883689150449787242e+00
3.883695662558890316e+00
3.883700766198638910e+00
3.883702747393089183e+00
3.883705614516296922e+00
3.883708831097272718e+00
3.883713950739766219e+00
3.883717506241379791e+00
3.883721425606331046e+00
3.883723651118764053e+00
3.883730094220540163e+00
3.883732827908852769e+00
3.883736372986163587e+00
3.883741006185107203e+00
3.883742999256604378e+00
3.883747882956193553e+00
3.883752834441650759e+00
3.883755228452134833e+00
3.883762288801251295e+00
3.883766934097458545e+00
3.883772844801554491e+00
3.883779297622556914e+00
3.883783670046051295e+00
3.883788943140674466e+00
3.883792062287825697e+00
3.883794938499818716e+00
3.883795604385042566e+00
3.883799675986531419e+00
3.883805360298786979e+00
3.883810646084352669e+00
3.883815706648169552e+00
3.883819594592346380e+00
3.883823274628286804e+00
3.883829394862376549e+00
3.883832015706184748e+00
3.883836524262166634e+00
3.883838918301096399e+00
3.883845522008342765e+00
3.883850250757105993e+00
3.883854650136068898e+00
3.883859377022914394e+00
3.883866257069429118e+00
3.883870218984383449e+00
3.883874580902932916e+00
3.883877799507891915e+00
3.883884940768121297e+00
3.883887304396016038e+00
3.883893909492370788e+00
3.883896820549609608e+00
3.883903611684792256e+00
3.883910009678396058e+00
3.883911613736781288e+00
3.883914170974678726e+00
3.883915859948992910e+00
3.883920922562821954e+00
3.883926054479682310e+00
3.883931157130606326e+00
3.883934318184810053e+00
3.883939348898311383e+00
3.883947546371428583e+00
3.883948918540402140e+00
3.883956697778619738e+00
3.883958089073498599e+00
3.883962862125164506e+00
3.883971137458828160e+00
3.883973787709524839e+00
3.883979655487573179e+00
3.883986262198497741e+00
3.883990130867689849e+00
3.883996919458758690e+00
3.884000513168545776e+00
3.884004198630531590e+00
3.884008466912434621e+00
3.884012129006822356e+00
3.884017015328053546e+00
3.884018731497206112e+00
3.884024505925670390e+00
3.884028016281718454e+00
3.884034206277120926e+00
3.884035239467444445e+00
3.884038323492946532e+00
3.884039884168089429e+00
3.884044349802242557e+00
3.884050019537248932e+00
3.884053643184818938e+00
3.884056547719091590e+00
3.884061193352300378e+00
3.884064154225022492e+00
3.884068705426930279e+00
3.884071041125817469e+00
3.884073168450245195e+00
3.884077782350385810e+00
3.884082097320595395e+00
3.884084915858474041e+00
3.884085818916112487e+00
3.884089539053404927e+00
3.884091383951373544e+00
3.884099023942878315e+00
3.884097322897592797e+00
3.884101834028697464e+00
3.884105343554021150e+00
3.884107095672949317e+00
3.884108803933315368e+00
3.884115454077528895e+00
3.884120544399933816e+00
3.884125055597611009e+00
3.884129188323968140e+00
3.884133552884184493e+00
3.884136263798598776e+00
3.884135924725345301e+00
3.884143682250549290e+00
3.884148331537287557e+00
3.884150588228610701e+00
3.884152584174768386e+00
3.884158262356873337e+00
3.884161294941816056e+00
3.884164474290982660e+00
3.884168035754641313e+00
3.884175183237581930e+00
3.884177839223119211e+00
3.884181175210770220e+00
3.884181755677387216e+00
3.884185349642917728e+00
3.884188581125859407e+00
3.884194240033953971e+00
3.884197445064069498e+00
3.884202932933196628e+00
3.884206177911673663e+00
3.884210318298677134e+00
3.884215410988091755e+00
3.884221318992013838e+00
3.884226854188317368e+00
3.884232055086905611e+00
3.884235595009460695e+00
3.884241056926402091e+00
3.884246293979712217e+00
3.884253848694986466e+00
3.884258749646044340e+00
3.884264437799960668e+00
3.884266369838518695e+00
3.884269165991797834e+00
3.884270468326017856e+00
3.884274564225342896e+00
3.884277017353718442e+00
3.884283167784069679e+00
3.884284975852871913e+00
3.884287540714209896e+00
3.884292329399866794e+00
3.884292866382595300e+00
3.884298490465122100e+00
3.884303019643209787e+00
3.884306070008987533e+00
3.884307722653459027e+00
3.884312163754235492e+00
3.884312757449059461e+00
3.884318550505738710e+00
3.884318252293872398e+00
3.884320423506554931e+00
3.884323228594319222e+00
3.884328039778135011e+00
3.884332893819425703e+00
3.884337609168649674e+00
3.884339357984051500e+00
3.884342385836806244e+00
3.884347873850207744e+00
3.884348462886018538e+00
3.884349664082947573e+00
3.884353002953783385e+00
3.884354446510502878e+00
3.884355912549082745e+00
3.884359440685489773e+00
3.884363491558101789e+00
3.884364368978697524e+00
3.884366742725285260e+00
3.884368738191453119e+00
3.884371329858096189e+00
3.884373522442331694e+00
3.884375120265545434e+00
3.884380341152794180e+00
3.884384493880058464e+00
3.884387983549975054e+00
3.884390306559482919e+00
3.884393851647031770e+00
3.884397961204467453e+00
3.884400319865863427e+00
3.884404913613952015e+00
3.884408683837551557e+00
3.884413236804678426e+00
3.884414545326998702e+00
3.884420469176584678e+00
3.884420640182586926e+00
3.884427155465459247e+00
3.884433347842377593e+00
3.884437108631080271e+00
3.884441507792891990e+00
3.884443869868442700e+00
3.884447898990603054e+00
3.884452333357442111e+00
3.884455642188286095e+00
3.884455519490235265e+00
3.884458095531299282e+00
3.884462009876823441e+00
3.884464594041017627e+00
3.884467909997140200e+00
3.884470542701072837e+00
3.884473143176492727e+00
3.884476306522714584e+00
3.884478472740466870e+00
3.884482175897951084e+00
3.884484338306813722e+00
3.884485415227199034e+00
3.884488384391466376e+00
3.884490793190509272e+00
3.884491943572395911e+00
3.884496387940810980e+00
3.884501500918726258e+00
3.884503670815727450e+00
3.884505377251272762e+00
3.884507718835538803e+00
3.884512226382172972e+00
3.884517992264006736e+00
3.884516026883680251e+00
3.884520866088808866e+00
3.884521189009548792e+00
3.884524392227697742e+00
3.884526651701911693e+00
3.884529488321609492e+00
3.884530785246594231e+00
3.884532415251189530e+00
3.884539078715595561e+00
3.884538598941671861e+00
3.884543427676880434e+00
3.884544642744618415e+00
3.884551558100551638e+00
3.884554647587051601e+00
3.884560035667836697e+00
3.884564099589467023e+00
3.884567343030876696e+00
3.884572351873672780e+00
3.884574812732050297e+00
3.884580300247009621e+00
3.884586318672371252e+00
3.884592321289432881e+00
3.884597568728964223e+00
3.884603566969195398e+00
3.884608613495754703e+00
3.884610293894899868e+00
3.884613478231578654e+00
3.884614474262263695e+00
3.884619518059249987e+00
3.884619538696312269e+00
3.884622344392899773e+00
3.884625577727193413e+00
3.884626371602578399e+00
3.884630955972387056e+00
3.884634517794045561e+00
3.884636750206962308e+00
3.884641070355129511e+00
3.884645863453060510e+00
3.884649045331855177e+00
3.884648967355718518e+00
3.884651324819409890e+00
3.884653333714368273e+00
3.884654899040743015e+00
3.884657365418938024e+00
3.884659962676851208e+00
3.884663896170409636e+00
3.884665893984651230e+00
3.884671000001311825e+00
3.884675293299764576e+00
3.884679571104680207e+00
3.884683684646258683e+00
3.884687552617059669e+00
3.884689778361325896e+00
3.884689616050860383e+00
3.884695348384220814e+00
3.884699100501647351e+00
3.884700044356392823e+00
3.884701721130749519e+00
3.884702747324515482e+00
3.884705120067504236e+00
3.884707840978161908e+00
3.884709929119337879e+00
3.884713547899647956e+00
3.884715228150036559e+00
3.884718117534608606e+00
3.884722948969787204e+00
3.884724131247980772e+00
3.884726720389942045e+00
3.884730484692324293e+00
3.884730360084977185e+00
3.884734211856467834e+00
3.884740072862373772e+00
3.884739642774616364e+00
3.884742523385209534e+00
3.884744358732834968e+00
3.884744734352035600e+00
3.884750025264179563e+00
3.884749797624043932e+00
3.884753667298742386e+00
3.884754525958489246e+00
3.884757637650007034e+00
3.884758199399973577e+00
3.884762845530522757e+00
3.884767197510447634e+00
3.884768926507885745e+00
3.884772272319350073e+00
3.884775376644832967e+00
3.884777124360764944e+00
3.884778130102785276e+00
3.884781640830955229e+00
3.884785192453385161e+00
3.884785557864923522e+00
3.884790375920180949e+00
3.884791893684658159e+00
3.884797736625874798e+00
3.884801140822082388e+00
3.884806667263660973e+00
3.884809387694851512e+00
3.884811401110211726e+00
3.884813431411810569e+00
3.884816078388370286e+00
3.884818443021992529e+00
3.884819643641501230e+00
3.884823801384150510e+00
3.884823559069054522e+00
3.884825817093969125e+00
3.884828179968888406e+00
3.884830450145246417e+00
3.884832369907611049e+00
3.884837659092956308e+00
3.884837927024973769e+00
3.884840313499037023e+00
3.884844085143210890e+00
3.884844463776099488e+00
3.884846586947376945e+00
3.884850343562454178e+00
3.884852079629308452e+00
3.884855690079156876e+00
3.884860542077156698e+00
3.884862716841067432e+00
3.884865305497578802e+00
3.884868605928908369e+00
3.884871247338287592e+00
3.884872845295840094e+00
3.884873730431680716e+00
3.884876863839209271e+00
3.884881093299719979e+00
3.884884896079860983e+00
3.884887115013534675e+00
3.884888143060752252e+00
3.884893095472639946e+00
3.884896690284854515e+00
3.884901637097656568e+00
3.884904367076620346e+00
3.884907906404734490e+00
3.884909947672862351e+00
3.884914661915040757e+00
3.884916037842868874e+00
3.884916537773483114e+00
3.884918808821193448e+00
3.884923430206728590e+00
3.884926524289282757e+00
3.884927199001079412e+00
3.884928193707636979e+00
3.884931695289602693e+00
3.884932088278035156e+00
3.884935439285049696e+00
3.884939398718838532e+00
3.884944094232920531e+00
3.884947225947920746e+00
3.884947121100240874e+00
3.884950486204756803e+00
3.884950928052764318e+00
