3.575307137915459066e+00
3.575527860295132143e+00
3.575799324800336354e+00
3.576079107473975949e+00
3.576333236808738381e+00
3.576549507368111946e+00
3.576732273613654201e+00
3.577021567415817671e+00
3.577053790709992853e+00
3.577157998978556019e+00
3.577290461692205881e+00
3.577437063492584279e+00
3.577592101257190738e+00
3.577752886096010609e+00
3.577917971523485008e+00
3.578086459613182946e+00
3.578257705892562868e+00
3.578431189283232339e+00
3.578635768059250211e+00
3.578833046970141929e+00
3.579021187411008054e+00
3.579200775771897103e+00
3.579373430273787182e+00
3.579495208514179350e+00
3.579670862185597269e+00
3.579825128323197880e+00
3.579995727839480946e+00
3.580226044260839569e+00
3.580359275925864893e+00
3.580569295103612326e+00
3.580706645717547598e+00
3.580865394223667675e+00
3.581025604858537381e+00
3.581192687631453264e+00
3.581338104344222284e+00
3.581491109651170568e+00
3.581652125852254009e+00
3.581811655041590825e+00
3.581976489892982229e+00
3.582130894131148491e+00
3.582291858532110851e+00
3.582463327450862156e+00
3.582626914762624626e+00
3.582827823510024601e+00
3.582969892531564948e+00
3.583132670872982040e+00
3.583286816069835456e+00
3.583460025872163612e+00
3.583615983494315316e+00
3.583790812343300658e+00
3.583956276852322542e+00
3.584127800019777155e+00
3.584289266406440522e+00
3.584454319968333191e+00
3.584672900472305468e+00
3.584831275033366182e+00
3.584967689720804263e+00
3.585142989850324646e+00
3.585289648460135759e+00
3.585468750220012435e+00
3.585612928552482703e+00
3.585765340484929897e+00
3.585940585953953708e+00
3.586088641507457986e+00
3.586243718809850378e+00
3.586418150808637240e+00
3.586570804188007333e+00
3.586744396293194637e+00
3.586897591008376907e+00
3.587070539485192722e+00
3.587277617528416673e+00
3.587486693341241484e+00
3.587693151031135397e+00
3.587896122298865453e+00
3.588096379464413399e+00
3.588294830092360055e+00
3.588387000395506288e+00
3.588560762479781729e+00
3.588708801568749607e+00
3.588914159556484851e+00
3.589084137773224548e+00
3.589230334560449709e+00
3.589435640713491082e+00
3.589641303063912936e+00
3.589757980229259626e+00
3.589965428757943666e+00
3.590111815139967799e+00
3.590318624562885308e+00
3.590462553386155609e+00
3.590622742179502946e+00
3.590786476679060257e+00
3.590951027439453380e+00
3.591115680771121088e+00
3.591280281416357134e+00
3.591444861015899548e+00
3.591601087200418263e+00
3.591766326809283871e+00
3.591928786648396432e+00
3.592094393725963286e+00
3.592254581361880028e+00
3.592420416322156473e+00
3.592598152569348890e+00
3.592789894426732911e+00
3.592983056414870369e+00
3.593175010515680334e+00
3.593279283771911636e+00
3.593476783088929150e+00
3.593676123495670893e+00
3.593813011768687726e+00
3.594015353352702391e+00
3.594161681071556202e+00
3.594322993710163505e+00
3.594522181424478546e+00
3.594674108232453147e+00
3.594873091626555883e+00
3.595072955314710939e+00
3.595207364955330664e+00
3.595408276227547439e+00
3.595558225202745817e+00
3.595764683879522750e+00
3.595914563787301788e+00
3.596079589515956521e+00
3.596247737373507558e+00
3.596416782866900697e+00
3.596586272258260220e+00
3.596755988130271753e+00
3.596925818909783690e+00
3.597085452125728722e+00
3.597244359280552306e+00
3.597414440089538701e+00
3.597587179396067647e+00
3.597758824078739703e+00
3.597929699469958109e+00
3.598087120371986636e+00
3.598265307297884075e+00
3.598452038406000586e+00
3.598617420425776370e+00
3.598808185195392362e+00
3.598937057229626202e+00
3.599105348273310856e+00
3.599273442127219891e+00
3.599462202888743079e+00
3.599594029649654470e+00
3.599762131356848638e+00
3.599946790360167626e+00
3.600080867479309887e+00
3.600248878356778537e+00
3.600437937729339843e+00
3.600577507581737002e+00
3.600736725220246903e+00
3.600914275254444963e+00
3.601080754080135282e+00
3.601246608614356415e+00
3.601423653696216753e+00
3.601608035558898191e+00
3.601767737701923711e+00
3.601930864379743635e+00
3.602095006708710301e+00
3.602258284919134024e+00
3.602421737321851225e+00
3.602585261999467381e+00
3.602748796536966669e+00
3.602925333765796712e+00
3.603091492525125172e+00
3.603251258595604689e+00
3.603414717575729842e+00
3.603577595202541950e+00
3.603743661236465279e+00
3.603918115665488031e+00
3.604103306029018849e+00
3.604267918103549739e+00
3.604427634295018112e+00
3.604598741167477804e+00
3.604788555427583141e+00
3.604929721763768580e+00
3.605100163759669130e+00
3.605276038033364383e+00
3.605434904314841482e+00
3.605602745861723246e+00
3.605779218370789518e+00
3.605945853396996803e+00
3.606122772239932495e+00
3.606303666057128154e+00
3.606486365478332790e+00
3.606668774446586845e+00
3.606850882654000223e+00
3.607032730561853029e+00
3.607214385796922773e+00
3.607360521564084266e+00
3.607521910252095232e+00
3.607699637517982616e+00
3.607869540165710820e+00
3.608059934533877744e+00
3.608243070883461190e+00
3.608391620122316734e+00
3.608563688407291803e+00
3.608734091614879347e+00
3.608925643797683325e+00
3.609086511290671595e+00
3.609258039279217289e+00
3.609433876747862868e+00
3.609602678666337550e+00
3.609771233301544147e+00
3.609951712807778268e+00
3.610113384087601851e+00
3.610300698426743171e+00
3.610477780119743851e+00
3.610663456147349848e+00
3.610818373432965522e+00
3.610989593439711154e+00
3.611170362940063772e+00
3.611328688886053406e+00
3.611493308705798100e+00
3.611676812646637202e+00
3.611835736134930919e+00
3.612011466701241513e+00
3.612180783485147373e+00
3.612350475079826762e+00
3.612521780581530173e+00
3.612710268941946357e+00
3.612887341368843153e+00
3.613053126622853828e+00
3.613201730047557181e+00
3.613395795702418312e+00
3.613558511547606766e+00
3.613746682192351845e+00
3.613901662291276740e+00
3.614054992513251907e+00
3.614239323287577133e+00
3.614397897406075089e+00
3.614551507187116375e+00
3.614734613534931196e+00
3.614895092423997980e+00
3.615053651051184591e+00
3.615229495226459644e+00
3.615406613017949411e+00
3.615561664043820400e+00
3.615736273374694942e+00
3.615913241717318094e+00
3.616068705876257727e+00
3.616231598860241370e+00
3.616406434217870558e+00
3.616578144866195554e+00
3.616737611059621660e+00
3.616903467859069909e+00
3.617089380915445851e+00
3.617242087347939616e+00
3.617417193566119238e+00
3.617579596606265380e+00
3.617752391190052652e+00
3.617920099382978982e+00
3.618078682926717526e+00
3.618250160454847375e+00
3.618413269123736065e+00
3.618599468194663604e+00
3.618756981697997865e+00
3.618925439467180372e+00
3.619093335222971497e+00
3.619257208185370445e+00
3.619420947696454505e+00
3.619584544411010629e+00
3.619748016465787366e+00
3.619905223468075306e+00
3.620077761372897385e+00
3.620258056583761874e+00
3.620426148884393402e+00
3.620589304852399160e+00
3.620754931911335017e+00
3.620935013994910801e+00
3.621100640459399944e+00
3.621268321506104115e+00
3.621454958377992028e+00
3.621606619407675698e+00
3.621772630137950699e+00
3.621940520113315465e+00
3.622120843462699469e+00
3.622303564622570082e+00
3.622474082031904352e+00
3.622639621596969839e+00
3.622812179585509273e+00
3.622986374616867788e+00
3.623156882305137216e+00
3.623336257916161429e+00
3.623504232211209874e+00
3.623678739889847567e+00
3.623837810638266266e+00
3.623999840161701957e+00
3.624183984951694359e+00
3.624360626889757242e+00
3.624530182215705221e+00
3.624705581204353599e+00
3.624889767810317576e+00
3.625069231852624529e+00
3.625242548820540645e+00
3.625423281327337044e+00
3.625577194537239478e+00
3.625761199663204426e+00
3.625951978165442124e+00
3.626141317063033220e+00
3.626329048148743350e+00
3.626515483694828568e+00
3.626678714834960182e+00
3.626868241624608302e+00
3.627024437539507318e+00
3.627166621614741793e+00
3.627349612788423716e+00
3.627513945937611783e+00
3.627690465514474827e+00
3.627864842208921470e+00
3.628038870143089234e+00
3.628215364827825695e+00
3.628372618258612459e+00
3.628543953755698936e+00
3.628701553016896231e+00
3.628859716651058331e+00
3.629027652803012760e+00
3.629191649412177867e+00
3.629372393953168796e+00
3.629550327656652531e+00
3.629718216578735834e+00
3.629889074020809403e+00
3.630050708908365120e+00
3.630230673009140485e+00
3.630399641501516506e+00
3.630572159230431861e+00
3.630743096611172671e+00
3.630920271672429145e+00
3.631093531823242238e+00
3.631258445505952448e+00
3.631422778292299647e+00
3.631601675307770893e+00
3.631771376126273321e+00
3.631944500733712111e+00
3.632104686993536280e+00
3.632280955526310251e+00
3.632453056718102591e+00
3.632618975283898877e+00
3.632794965981164470e+00
3.632961094569996607e+00
3.633143218261416507e+00
3.633309502623472742e+00
3.633483539361002990e+00
3.633652993172779677e+00
3.633816829663654158e+00
3.633986044252909053e+00
3.634153935593936957e+00
3.634336039199737911e+00
3.634512767000808608e+00
3.634685552992813484e+00
3.634856098985872475e+00
3.635045503551292967e+00
3.635221130792397393e+00
3.635382646814148355e+00
3.635554710245155974e+00
3.635719080423360783e+00
3.635897467155748242e+00
3.636074368559202075e+00
3.636230473704705091e+00
3.636422447236993705e+00
3.636593131378060839e+00
3.636765777310665637e+00
3.636940226815990940e+00
3.637103336395190567e+00
3.637267771705401387e+00
3.637443380176676122e+00
3.637613219919388019e+00
3.637785099519758258e+00
3.637945942258249854e+00
3.638113442511940132e+00
3.638277117316847331e+00
3.638445453698085696e+00
3.638606790340472408e+00
3.638759887200051502e+00
3.638897122037583198e+00
3.638983041738306223e+00
3.639036117892834099e+00
3.639065640619545849e+00
3.639080789033965146e+00
3.639084545465104181e+00
3.639097626720655398e+00
3.639105296337686202e+00
3.639103135932688193e+00
3.639121009352425773e+00
3.639120501192352197e+00
3.639123536901243128e+00
3.639133225038335251e+00
3.639143035803093174e+00
3.639153642168498237e+00
3.639148962549101363e+00
3.639162549448091255e+00
3.639161733166028423e+00
3.639166501597781433e+00
3.639173855405124502e+00
3.639177352728994119e+00
3.639178170938895285e+00
3.639179860338622952e+00
3.639181990098379504e+00
3.639184159155135934e+00
3.639189751585670152e+00
3.639192059701621851e+00
3.639199826211081845e+00
3.639197563053001350e+00
3.639196841027781737e+00
3.639200250178236118e+00
3.639203165753168712e+00
3.639210182277165195e+00
3.639220685256877363e+00
3.639226956995410767e+00
3.639228054931733958e+00
3.639240953495724185e+00
3.639246630630048163e+00
3.639260802198537093e+00
3.639253403405173781e+00
3.639256942930309879e+00
3.639256240012814558e+00
3.639259077075500670e+00
3.639254173000336934e+00
3.639251116656089469e+00
3.639249352127689630e+00
3.639246109254063111e+00
3.639247863567764529e+00
3.639247736669694699e+00
3.639250134212262733e+00
3.639257529690363757e+00
3.639252604139862068e+00
3.639255670399935472e+00
3.639262489597932415e+00
3.639260727839857879e+00
3.639262714341991778e+00
3.639270593590790970e+00
3.639274321553770619e+00
3.639286164351059671e+00
3.639292270729815204e+00
3.639280254831520622e+00
3.639285518020827670e+00
3.639276048713981471e+00
3.639275144601645362e+00
3.639274890294132536e+00
3.639281883036378673e+00
3.639288719951945250e+00
3.639278471323987851e+00
3.639279612856597179e+00
3.639285191020614096e+00
3.639286686288372596e+00
3.639285055250073952e+00
3.639283260902645090e+00
3.639290673328121173e+00
3.639287382323818765e+00
3.639290091707353181e+00
3.639295406047606374e+00
3.639292673432958036e+00
3.639295927087592197e+00
3.639293644601588884e+00
3.639293958204809165e+00
3.639299807554357447e+00
3.639303735812566387e+00
3.639306514095175693e+00
3.639304490688496152e+00
3.639306743901882246e+00
3.639307733187249649e+00
3.639310667239695540e+00
3.639310874076442381e+00
3.639311752616951612e+00
3.639313076140751946e+00
3.639315588494342446e+00
3.639319441276496203e+00
3.639319917109117508e+00
3.639319789165114116e+00
3.639322243794752332e+00
3.639322021631273607e+00
3.639321369081925717e+00
3.639320105321224741e+00
3.639320126254020238e+00
3.639320960379488046e+00
3.639317995020630025e+00
3.639317401556269260e+00
3.639317068868265448e+00
3.639314588041876686e+00
3.639313713091522295e+00
3.639317078360868152e+00
3.639316270085112937e+00
3.639316122093731565e+00
3.639319560655376318e+00
3.639318445783291445e+00
3.639314984919868490e+00
3.639316462865993973e+00
3.639315653968476560e+00
3.639315574575451073e+00
3.639314889691994459e+00
3.639316255684138746e+00
3.639317513737724941e+00
3.639318227721066723e+00
3.639317745104119428e+00
3.639320357342460177e+00
3.639321433218023039e+00
3.639323118655863887e+00
3.639322157348663822e+00
3.639325330574028072e+00
3.639325039337595769e+00
3.639322209160638089e+00
3.639320866541046584e+00
3.639322135103433720e+00
3.639324036889713732e+00
3.639324945073912687e+00
3.639323827126949684e+00
3.639323739409817904e+00
3.639324365517752735e+00
3.639325817483073600e+00
3.639328942805218237e+00
3.639327821479030334e+00
3.639330326991627729e+00
3.639328089270564170e+00
3.639329274801567315e+00
3.639331129432074707e+00
3.639330032439847873e+00
3.639330959276787514e+00
3.639333316477904479e+00
3.639331675907964136e+00
3.639335607377317316e+00
3.639337911233659462e+00
3.639340150656218409e+00
3.639339526679981951e+00
3.639339324021839239e+00
3.639345112853915598e+00
3.639346640108925612e+00
3.639344126842823712e+00
3.639340905368856571e+00
3.639343387394083695e+00
3.639340040618975980e+00
3.639339459778822228e+00
3.639338898064358396e+00
3.639337752103232404e+00
3.639340547136228565e+00
3.639337513694649306e+00
3.639334695252316454e+00
3.639334238908341845e+00
3.639334060380859714e+00
3.639332474861499911e+00
3.639331461551319702e+00
3.639332045667959203e+00
3.639331372542147669e+00
3.639330123363811342e+00
3.639330932749234471e+00
3.639330394721691064e+00
3.639330298937579755e+00
3.639330979429915569e+00
3.639330958833240537e+00
3.639334699754727787e+00
3.639331354062935286e+00
3.639335182772744925e+00
3.639335635558272219e+00
3.639332627991758162e+00
3.639332532367244077e+00
3.639331834863977377e+00
3.639331948612078982e+00
3.639330633868857579e+00
3.639329909024878962e+00
3.639328924522487352e+00
3.639328550598690537e+00
3.639328390463790974e+00
3.639330484358737738e+00
3.639330629918518856e+00
3.639329631672277632e+00
3.639330358343523031e+00
3.639330152494067772e+00
3.639328991814707148e+00
3.639331847611706916e+00
3.639330732464702400e+00
3.639330976883364599e+00
3.639331335375132870e+00
3.639329741488500414e+00
3.639330215328629325e+00
3.639331983577592133e+00
3.639332524549108605e+00
3.639333969994591911e+00
3.639334570988694839e+00
3.639335821444973806e+00
3.639336410315379133e+00
3.639337524527907153e+00
3.639338164941191778e+00
3.639339211749467839e+00
3.639338674503476145e+00
3.639338330049318948e+00
3.639339552646929210e+00
3.639338916641458255e+00
3.639338273452359385e+00
3.639337996637531436e+00
3.639337903815037745e+00
3.639337308861724019e+00
3.639337977771269994e+00
3.639338169986864990e+00
3.639337892477384262e+00
3.639337545843473354e+00
3.639338377233529265e+00
3.639339694741611453e+00
3.639339638774020891e+00
3.639339730230813696e+00
3.639341861698244696e+00
3.639341796906202298e+00
3.639342282524455463e+00
3.639340905930619208e+00
3.639342021642367975e+00
3.639340860141947243e+00
3.639339901410305611e+00
3.639339133265016013e+00
3.639337739474449940e+00
3.639338894998467744e+00
3.639338936771644217e+00
3.639339011343379227e+00
3.639339464128615198e+00
3.639337984042495755e+00
3.639338748052268091e+00
3.639338759837306370e+00
3.639339149070925927e+00
3.639338209551599146e+00
3.639337816344558441e+00
3.639339902600729371e+00
3.639338770987243343e+00
3.639338281550849263e+00
3.639337982073031164e+00
3.639337960698326047e+00
3.639337544016315373e+00
3.639338200888259767e+00
3.639339099132414379e+00
3.639339061511076778e+00
3.639338668587902337e+00
3.639339152013358003e+00
3.639341003055312385e+00
3.639343444950550399e+00
3.639341186631318337e+00
3.639342358663885779e+00
3.639345601992260981e+00
3.639344913888255650e+00
3.639344765348550670e+00
3.639344730220486657e+00
3.639344611783629002e+00
3.639344744262655862e+00
3.639343061820484948e+00
3.639345217202604399e+00
3.639344809069342546e+00
3.639344594840182356e+00
3.639344191039541876e+00
3.639344294134541968e+00
3.639341971770566619e+00
3.639341669219029018e+00
3.639341327859259678e+00
3.639339820974838435e+00
3.639339763960413698e+00
3.639339057696083124e+00
3.639339177805155146e+00
3.639340063017951987e+00
3.639339203980294091e+00
3.639338249609197717e+00
3.639339917537367075e+00
3.639339549858016554e+00
3.639342189496306279e+00
3.639341369105925317e+00
3.639342261129652201e+00
3.639340230184729297e+00
3.639342871411804570e+00
3.639342842752729457e+00
3.639342289831138277e+00
3.639342735341872803e+00
3.639341171364584238e+00
3.639342228423705805e+00
3.639342499693565269e+00
3.639341493393888349e+00
3.639341249796198774e+00
3.639340867952736591e+00
3.639341050156046364e+00
3.639342042820164380e+00
3.639340871040567471e+00
3.639340457586908606e+00
3.639340115717141000e+00
3.639340481560723095e+00
3.639339636772571662e+00
3.639339801590379953e+00
3.639339391689528025e+00
3.639339096538449336e+00
3.639339011511237842e+00
3.639338399419224768e+00
3.639338827559964074e+00
3.639338536879208164e+00
3.639338082111865269e+00
3.639338296815445073e+00
3.639338123747715148e+00
3.639338673063992946e+00
3.639339508425110115e+00
3.639340481247378634e+00
3.639341645479395648e+00
3.639341480547473751e+00
3.639341392638105521e+00
3.639341645526635638e+00
3.639342960300493868e+00
3.639342165317202671e+00
3.639340545758548373e+00
3.639341479969897541e+00
3.639340722393053174e+00
3.639340834655643508e+00
3.639339968924629964e+00
3.639339141132497790e+00
3.639339745704560425e+00
3.639339227469325255e+00
3.639339060848672869e+00
3.639338424161544072e+00
3.639337615576656582e+00
3.639337400175852721e+00
3.639337808406643227e+00
3.639337359721372067e+00
3.639337892967871912e+00
3.639337190208784101e+00
3.639336819150685631e+00
3.639336430325157412e+00
3.639336819457939853e+00
3.639336159057982023e+00
3.639335932914185001e+00
3.639335755191094091e+00
3.639335591923241076e+00
3.639335421057626974e+00
3.639335407115613652e+00
3.639336005386341721e+00
3.639335856719676965e+00
3.639335974007531949e+00
3.639335464625275574e+00
3.639335569935161718e+00
3.639335346340688115e+00
3.639334687119776479e+00
3.639334999333579734e+00
3.639334916697354316e+00
3.639334802794219392e+00
3.639334709377802124e+00
3.639335168891458583e+00
3.639334617793635207e+00
3.639334243469085184e+00
3.639334748221442872e+00
3.639335035671212193e+00
3.639334033669809898e+00
3.639333779176928019e+00
3.639333852837947969e+00
3.639333418950495336e+00
3.639333298762893243e+00
3.639333578764983201e+00
3.639333681217753469e+00
3.639334351293439962e+00
3.639334019109463636e+00
3.639333825656011268e+00
3.639334056862462141e+00
3.639334185254984533e+00
3.639333478778685294e+00
3.639333383592374904e+00
3.639333540119989774e+00
3.639333557749924619e+00
3.639333240622672161e+00
3.639333689617477052e+00
3.639333321127590448e+00
3.639332759384033000e+00
3.639332509924028791e+00
3.639333192429296204e+00
3.639333638959704853e+00
3.639334168210927256e+00
3.639334204550945806e+00
3.639334306241662986e+00
3.639334666037998822e+00
3.639334104371163114e+00
3.639333983705180131e+00
3.639333338556423492e+00
3.639332768076988245e+00
3.639332297830384810e+00
3.639332701326759345e+00
3.639332367199742624e+00
3.639332786817859766e+00
3.639332426147664279e+00
3.639332418874012376e+00
3.639332677592628684e+00
3.639332707114533161e+00
3.639333532959579287e+00
3.639332960506575620e+00
3.639333071723249713e+00
3.639332861765898652e+00
3.639333519415451690e+00
3.639333575675355981e+00
3.639333557073619385e+00
3.639333078450713188e+00
3.639334388437995393e+00
3.639333940413070234e+00
3.639334014311311538e+00
3.639333606224589346e+00
3.639334172222036035e+00
3.639333737533570368e+00
3.639333762448875298e+00
3.639334072980367818e+00
3.639333968456467616e+00
3.639333548581334732e+00
3.639333784379864767e+00
3.639333894203655273e+00
3.639333899750168300e+00
3.639334066675613766e+00
3.639334328780881478e+00
3.639334982482303360e+00
3.639334756980200591e+00
3.639334485051298085e+00
3.639335037063039291e+00
3.639334773359850672e+00
3.639334793240429189e+00
3.639334514840389279e+00
3.639334321786613202e+00
3.639333769653740447e+00
3.639333771607653922e+00
3.639333973108575648e+00
3.639334225591252192e+00
3.639334613836909593e+00
3.639334039148883093e+00
3.639334530633637321e+00
3.639334407585733011e+00
3.639333918056379069e+00
3.639334143746981276e+00
3.639334421055427704e+00
3.639334667185923688e+00
3.639334504902864698e+00
3.639334805764754766e+00
3.639334826974470971e+00
3.639334725418926553e+00
3.639334625302266701e+00
3.639335291576268894e+00
3.639334586548188977e+00
3.639334285320579010e+00
3.639334131252920379e+00
3.639334045816709384e+00
3.639333847538254840e+00
3.639334630187696984e+00
3.639334450274940735e+00
3.639334922696198849e+00
3.639335913235084874e+00
3.639336154459789086e+00
3.639336495339116961e+00
3.639335880903504350e+00
3.639335339580513917e+00
3.639336109059239988e+00
3.639335823535168490e+00
3.639335651930161397e+00
3.639335774514167898e+00
3.639335913712247628e+00
3.639335985300162335e+00
3.639335783076847353e+00
3.639335586963585278e+00
3.639335471339378625e+00
3.639335961691176902e+00
3.639336304162783975e+00
3.639337170182079806e+00
3.639336912490860332e+00
3.639337296707979785e+00
3.639336848676719249e+00
3.639336748041085645e+00
3.639336761220304695e+00
3.639336849229862114e+00
3.639336968961632834e+00
3.639336948686044071e+00
3.639337333650766393e+00
3.639337546959992231e+00
3.639337031851134885e+00
3.639337399309814813e+00
3.639337623015640233e+00
3.639339108986831661e+00
3.639338422726506650e+00
3.639338495517012717e+00
3.639338629677869363e+00
3.639338536793930157e+00
3.639338534227667399e+00
3.639338761683785783e+00
3.639339111245940117e+00
3.639339562708231668e+00
3.639339785123240301e+00
3.639339576556162914e+00
3.639339809347774679e+00
3.639340524681885736e+00
3.639340625218432379e+00
3.639340248017336243e+00
3.639341476789984320e+00
3.639341794227030746e+00
3.639341663297681606e+00
3.639341842124871551e+00
3.639341511300927756e+00
3.639341629111775944e+00
3.639341810996652882e+00
3.639342170412944721e+00
3.639342779401796957e+00
3.639343389606260804e+00
3.639343231277829993e+00
3.639343466408062167e+00
3.639343751133576887e+00
3.639343540345763017e+00
3.639343049753661408e+00
3.639342540231591094e+00
3.639342969030133990e+00
3.639342784898936145e+00
3.639343181131740046e+00
3.639342937229401276e+00
3.639342966346284847e+00
3.639343107158004464e+00
3.639343251195335416e+00
3.639343603483866652e+00
3.639343818054205038e+00
3.639343683667206175e+00
3.639344354631418366e+00
3.639344150126472943e+00
3.639344218352248195e+00
3.639344261018690130e+00
3.639344642621997750e+00
3.639344803345688995e+00
3.639344678673718469e+00
3.639344961212979346e+00
3.639344820961070148e+00
3.639344806796724008e+00
3.639345311215677281e+00
3.639345428574983554e+00
3.639345935738555138e+00
3.639345689532505368e+00
3.639346297661849583e+00
3.639346380588287300e+00
3.639346339427568022e+00
3.639345930130376772e+00
3.639346780110441326e+00
3.639346824730800734e+00
3.639346407457985766e+00
3.639346642677474986e+00
3.639346614992069018e+00
3.639346547701903134e+00
3.639347073416793865e+00
3.639347335151005058e+00
3.639347370825539940e+00
3.639347368365739577e+00
3.639347383921784918e+00
3.639347283859650339e+00
3.639347098076465503e+00
3.639346965716447890e+00
3.639347490410248298e+00
3.639347400245708464e+00
3.639348054363797935e+00
3.639347661307741344e+00
3.639347530920135299e+00
3.639347560098097567e+00
3.639347612931545406e+00
3.639348223572604901e+00
3.639348818751956482e+00
3.639349712589778907e+00
3.639349343425489103e+00
3.639349150244159059e+00
3.639349229926881257e+00
3.639349094795800710e+00
3.639350104836443833e+00
3.639350289876203348e+00
3.639350668678589251e+00
3.639350264358669040e+00
3.639350536132354819e+00
3.639350956139740578e+00
3.639351600110880103e+00
3.639352023858350993e+00
3.639352252791861808e+00
3.639352097396025165e+00
3.639352816783156808e+00
3.639353145451697635e+00
3.639352916120203396e+00
3.639353020978216335e+00
3.639353602657996678e+00
3.639353680420860826e+00
3.639353793483414812e+00
3.639353900658481411e+00
3.639353863073839790e+00
3.639354264848088327e+00
3.639354521047580171e+00
3.639354448207995585e+00
3.639354357938994422e+00
3.639354946228603005e+00
3.639355007115162799e+00
3.639355840817701804e+00
3.639355707313723709e+00
3.639355417574084317e+00
3.639355624670897793e+00
3.639355687737640732e+00
3.639355607303993434e+00
3.639355529508038867e+00
3.639355989298089789e+00
3.639356371267823409e+00
3.639356504693928684e+00
3.639356655732138179e+00
3.639356736275859205e+00
3.639356384003759715e+00
3.639356332623739032e+00
3.639356364529783505e+00
3.639356433216689446e+00
3.639356727612974129e+00
3.639356575957937601e+00
3.639356564860513288e+00
3.639356416956402551e+00
3.639356856076460200e+00
3.639357305707928703e+00
3.639357157714719015e+00
3.639357736540024923e+00
3.639358291145895041e+00
3.639358445638025241e+00
3.639358399814868417e+00
3.639358233778839047e+00
3.639358517070133470e+00
3.639359351959828182e+00
3.639358928957957318e+00
3.639358580989697334e+00
3.639358575371856475e+00
3.639358737683987322e+00
3.639358594384376033e+00
3.639359024686170230e+00
3.639358977330204414e+00
3.639359036474267395e+00
3.639359449347894682e+00
3.639359882215983166e+00
3.639360140395519583e+00
3.639360362002833416e+00
3.639360227988329477e+00
3.639360700054641740e+00
3.639360955136839770e+00
3.639360959917088412e+00
3.639360846373262515e+00
3.639360845948587553e+00
3.639361147513445527e+00
3.639362016640228958e+00
3.639361794320417509e+00
3.639361805271789763e+00
3.639362111884270945e+00
3.639362486345051995e+00
3.639362628864720950e+00
3.639362632711550916e+00
3.639362722431662256e+00
3.639363075310170892e+00
3.639363308388583462e+00
3.639363199481139954e+00
3.639363313080570261e+00
3.639363234828745242e+00
3.639363521127621404e+00
3.639363965626109643e+00
3.639364102770761722e+00
3.639364009153443824e+00
3.639364209023482566e+00
3.639364027572979055e+00
3.639364346176746867e+00
3.639364334923246513e+00
3.639364252936168942e+00
3.639364565893559167e+00
3.639364671801716966e+00
3.639365257099000939e+00
3.639365321797585207e+00
3.639365407378330364e+00
3.639365285293580499e+00
3.639366042406443125e+00
3.639366006035573697e+00
3.639366083939639562e+00
3.639366405664565818e+00
3.639366673950536590e+00
3.639366491040250118e+00
3.639366195327178755e+00
3.639366107747079582e+00
3.639366021820797048e+00
3.639366498959654805e+00
3.639366884153482751e+00
3.639366798997594188e+00
3.639367076509671950e+00
3.639367186196007964e+00
3.639367734890428530e+00
3.639367782594176592e+00
3.639367638412079220e+00
3.639367648671736788e+00
3.639368037291778268e+00
3.639368048741785433e+00
3.639368373084788999e+00
3.639368587091177609e+00
3.639369289197894819e+00
3.639369634483307969e+00
3.639369480622273390e+00
3.639369724327810474e+00
3.639370030111392040e+00
3.639370172509988954e+00
3.639370233960542489e+00
3.639370257740382808e+00
3.639370321753348403e+00
3.639370155298437659e+00
3.639370268957935917e+00
3.639370507385914610e+00
3.639370719016017386e+00
3.639370829769652094e+00
3.639371191265522221e+00
3.639371234781759057e+00
3.639371507982541942e+00
3.639371438471081355e+00
3.639371327885052576e+00
3.639371738503393239e+00
3.639371878350160294e+00
3.639371905565131904e+00
3.639372163882080624e+00
3.639372150984676590e+00
3.639372389837670418e+00
3.639372738333984003e+00
3.639373090810049227e+00
3.639373090192454363e+00
3.639373379232051953e+00
3.639373699438432919e+00
3.639374022837813971e+00
3.639374110057324696e+00
3.639374227006272999e+00
3.639374484573606683e+00
3.639374804188857393e+00
3.639374831162851986e+00
3.639374838549950475e+00
3.639375132491210252e+00
3.639375064761132261e+00
3.639375075176753516e+00
3.639375455462957376e+00
3.639375355257163935e+00
3.639375565133713852e+00
3.639375796053106349e+00
3.639376044036989999e+00
3.639376077274463661e+00
3.639376051732406747e+00
3.639376145618436365e+00
3.639376365791638701e+00
3.639376247339888071e+00
3.639376266321991515e+00
3.639376472351663061e+00
3.639376610225001141e+00
3.639376551411460881e+00
3.639376733809095654e+00
3.639376676225661633e+00
3.639376709739322369e+00
3.639376871239012434e+00
3.639377085065969908e+00
3.639377490814057925e+00
3.639377744884306765e+00
3.639377455377075243e+00
3.639377547099526211e+00
3.639377754384955477e+00
3.639378308204252122e+00
3.639378460836085072e+00
3.639378401812929820e+00
3.639378638232993346e+00
3.639378789374175138e+00
3.639379432847996476e+00
3.639379327089097060e+00
3.639379284375995560e+00
3.639379558309193907e+00
3.639379576652411963e+00
3.639379797723857113e+00
3.639379780134224696e+00
3.639379973299852189e+00
3.639379944858174287e+00
3.639379986803725320e+00
3.639380414616602000e+00
3.639380331802347879e+00
3.639380468298174964e+00
3.639380657088784776e+00
3.639380935928644423e+00
3.639381152114713469e+00
3.639381306908512137e+00
3.639381694113954513e+00
3.639381924639197852e+00
3.639382241568598797e+00
3.639382253971956249e+00
3.639382343059134328e+00
3.639382830884407838e+00
3.639382746304183236e+00
3.639383035309625036e+00
3.639383016677800065e+00
3.639382970375181436e+00
3.639383055020469993e+00
3.639383336311397876e+00
3.639383302257903186e+00
3.639383404969140923e+00
3.639383450591783919e+00
3.639383738507422361e+00
3.639383983756967034e+00
3.639384144566400359e+00
3.639384158309306283e+00
3.639384554906363256e+00
3.639384882402466381e+00
3.639384887600422225e+00
3.639385951359570992e+00
3.639385476451278301e+00
3.639385563854382166e+00
3.639385483194240489e+00
3.639385654694937244e+00
3.639385804289820392e+00
3.639386034809155568e+00
3.639386162747523912e+00
3.639386278718251155e+00
3.639386200061041077e+00
3.639386338325919290e+00
3.639386367316135296e+00
3.639386679079145814e+00
3.639386637842003225e+00
3.639387119913742197e+00
3.639386950665736808e+00
3.639387486401251870e+00
3.639387612674938932e+00
3.639388274977537918e+00
3.639388162228269330e+00
3.639388175190566344e+00
3.639388158683300123e+00
3.639388082243807165e+00
3.639388407588446839e+00
3.639388653073248214e+00
3.639389125481965692e+00
3.639388863820045561e+00
3.639388997221083777e+00
3.639389527168566119e+00
3.639389787017882405e+00
3.639390383755897851e+00
3.639391052789939796e+00
3.639390769972977946e+00
3.639390852914710539e+00
3.639391166205636630e+00
3.639391160150272420e+00
3.639391421422306649e+00
3.639391872890760382e+00
3.639392093241572645e+00
3.639391832781608827e+00
3.639392452113800580e+00
3.639392286932114473e+00
3.639392102955317565e+00
3.639392291903320142e+00
3.639392554416470027e+00
3.639392615707217171e+00
3.639392671951339420e+00
3.639392943752360221e+00
3.639393258794314523e+00
3.639393307155768476e+00
3.639393455860957083e+00
3.639393510719303393e+00
3.639393515524219858e+00
3.639393793131364241e+00
3.639394057595902510e+00
3.639394357118340473e+00
3.639394396109925101e+00
3.639394811696676335e+00
3.639394939240738758e+00
3.639395012785584527e+00
3.639395147516583773e+00
3.639395102754060751e+00
3.639395305984896911e+00
3.639395796531013083e+00
3.639395984122211658e+00
3.639396085385130597e+00
3.639396193891114795e+00
3.639396469931655886e+00
3.639396456022075288e+00
3.639396537911713470e+00
3.639396854921233881e+00
3.639396843997060316e+00
3.639397245476271969e+00
3.639397358744600908e+00
3.639397422844222962e+00
3.639397628806641194e+00
3.639397819777321796e+00
3.639398011943391520e+00
3.639398163241297279e+00
3.639398331141003418e+00
3.639398513517894784e+00
3.639398701693719929e+00
3.639398663728313554e+00
3.639398770472432432e+00
3.639399031937872842e+00
3.639398968810529045e+00
3.639398994197716508e+00
3.639399122514530127e+00
3.639399227222588795e+00
3.639399352268201326e+00
3.639399864336868795e+00
3.639399805330505444e+00
3.639399819969079797e+00
3.639399759448235905e+00
3.639400116419676312e+00
3.639400305796982149e+00
3.639400359194938872e+00
3.639400432402974062e+00
3.639400371809748513e+00
3.639400790288299881e+00
3.639400865677130170e+00
3.639401113471542715e+00
3.639401470192399124e+00
3.639401662719640829e+00
3.639401806116227434e+00
3.639401827074191687e+00
3.639402037777279553e+00
3.639402084709058904e+00
3.639402462420914919e+00
3.639402524671640382e+00
3.639402429584229992e+00
3.639402474163286438e+00
3.639402551275582987e+00
3.639402799244991993e+00
3.639402932204475416e+00
3.639403084736713367e+00
3.639403592201446713e+00
3.639403518459608300e+00
3.639403614818492727e+00
3.639403817623828807e+00
3.639404443621271135e+00
3.639404393093060186e+00
3.639404558620666474e+00
3.639404890600497655e+00
3.639404795666818071e+00
3.639404762840236618e+00
3.639405034929687588e+00
3.639405236508759689e+00
3.639405141051342607e+00
3.639405219716516537e+00
3.639405287193215432e+00
3.639405466298820890e+00
3.639405888698212799e+00
3.639405974922680809e+00
3.639406175528335119e+00
3.639406450111788871e+00
3.639406573633963582e+00
3.639406978512476076e+00
3.639406981413717102e+00
3.639407220102793605e+00
3.639407092186109249e+00
3.639407522473692591e+00
3.639407867687054932e+00
3.639407888178939565e+00
3.639407961258249280e+00
3.639408265363496930e+00
3.639408122728523320e+00
3.639408176465614542e+00
3.639408635430008143e+00
3.639408784470087532e+00
3.639408931155701854e+00
3.639408929447728536e+00
3.639408812503112323e+00
3.639409065131124166e+00
3.639409348894320662e+00
3.639409409033611986e+00
3.639409693810772950e+00
3.639409832661042454e+00
3.639409764397236291e+00
3.639409831807403517e+00
3.639410121144403654e+00
3.639410225250268915e+00
3.639410769444026084e+00
3.639410918354021973e+00
3.639410859716337932e+00
3.639410870918943441e+00
3.639411003787172305e+00
3.639411251351232224e+00
3.639411530971822906e+00
3.639411640688583027e+00
3.639412182761038839e+00
3.639412472552012723e+00
3.639412363484871626e+00
3.639412545689602929e+00
3.639412746509272267e+00
3.639412867337453505e+00
3.639413004590880796e+00
3.639413218367398173e+00
3.639413364546695728e+00
3.639413464526723541e+00
3.639413677870051878e+00
3.639414220482185325e+00
3.639414101949074887e+00
3.639414517099058610e+00
3.639414612279396444e+00
3.639414689296887495e+00
3.639414955125816586e+00
3.639414995068394276e+00
3.639415214781258623e+00
3.639415223419218748e+00
3.639415320871138171e+00
3.639415645882158046e+00
3.639415726398313566e+00
3.639415858173397300e+00
3.639415922892502486e+00
3.639416444246255988e+00
3.639416600385348310e+00
3.639416930914198378e+00
3.639417436750644441e+00
3.639417536433500189e+00
3.639417903076429095e+00
3.639417805095058522e+00
3.639417840268072801e+00
3.639418096542927472e+00
3.639418216323437871e+00
3.639418401696398853e+00
3.639418725366749818e+00
3.639418836853638872e+00
3.639419008663518973e+00
3.639419315207113037e+00
3.639419400809269511e+00
3.639419561946901638e+00
3.639419680973263738e+00
3.639419688813510856e+00
3.639419681331605982e+00
3.639419990690823781e+00
3.639420033647403407e+00
3.639420306434177910e+00
3.639420393237737361e+00
3.639420421401284411e+00
3.639420606004343473e+00
3.639420878879344734e+00
3.639421089361700279e+00
3.639421106103208903e+00
3.639421277075986616e+00
3.639421400774278226e+00
3.639421400946619922e+00
3.639421897381660997e+00
3.639422245459592364e+00
3.639422283126533042e+00
3.639422233273229335e+00
3.639422219664648406e+00
3.639422457351544793e+00
3.639422484176927153e+00
3.639422714503960599e+00
3.639422736549774218e+00
3.639422718128443091e+00
3.639422875594856333e+00
3.639422982732225087e+00
3.639423350644652277e+00
3.639423608830220314e+00
3.639423661250707376e+00
3.639424348797965170e+00
3.639424500236481563e+00
3.639424560737896996e+00
3.639424789582893283e+00
3.639425128818064348e+00
3.639425451897502217e+00
3.639425463918425585e+00
3.639425572399923592e+00
3.639425746952734464e+00
3.639425927024455554e+00
3.639426362459567965e+00
3.639426615927915165e+00
3.639426815472313059e+00
3.639426902297638655e+00
3.639427104772484878e+00
3.639427470875236992e+00
3.639427662251587758e+00
3.639427891093070411e+00
3.639427884803646318e+00
3.639428091306029067e+00
3.639428194785628179e+00
3.639428144001631171e+00
3.639428304362565036e+00
3.639428251459755792e+00
3.639428789851975488e+00
3.639429142730147504e+00
3.639429131376834992e+00
3.639429204904283122e+00
3.639429768972459289e+00
3.639430218353334912e+00
3.639430117808462484e+00
3.639430270490533026e+00
3.639430332204437235e+00
3.639430408231859815e+00
3.639430512259937966e+00
3.639430733625160119e+00
3.639431099437219874e+00
3.639431234544316940e+00
3.639431396712252020e+00
3.639431669443095707e+00
3.639431968339408741e+00
3.639431994824890992e+00
3.639432172326189985e+00
3.639432417206831527e+00
3.639432400601580575e+00
3.639432491136039172e+00
3.639432708308729225e+00
3.639433017356222599e+00
3.639433087606309236e+00
3.639433077078606082e+00
3.639433409834031963e+00
3.639433523848499163e+00
3.639433537939594565e+00
3.639433645189322331e+00
3.639433876329382755e+00
3.639433860895773698e+00
3.639433856349117313e+00
3.639434039179025415e+00
3.639434244128766149e+00
3.639434345540600635e+00
3.639434557878366672e+00
3.639434797921542675e+00
3.639435024264884966e+00
3.639435360297475164e+00
3.639435408326458621e+00
3.639435644867166086e+00
3.639435586911153209e+00
3.639435711788921779e+00
3.639435679941881219e+00
3.639436361765095107e+00
3.639436510231524036e+00
3.639436391864167675e+00
3.639436306931363330e+00
3.639436563712550310e+00
3.639436824745216015e+00
3.639437013011364019e+00
3.639437063066292666e+00
3.639437240303624144e+00
3.639437423312223530e+00
3.639437773359131434e+00
3.639437775427678101e+00
3.639437775495605543e+00
3.639437839799919860e+00
3.639437989421897779e+00
3.639438207251028068e+00
3.639438445302232150e+00
3.639438513832828015e+00
3.639438571607303885e+00
3.639438824961558794e+00
3.639438999100555794e+00
3.639439043692136888e+00
3.639439354574377727e+00
3.639439347914258160e+00
3.639439421483725567e+00
3.639439757332379344e+00
3.639440070591995813e+00
3.639440192020437337e+00
3.639440196936408078e+00
3.639440225250007543e+00
3.639440359722232898e+00
3.639440523210622835e+00
3.639440670712644099e+00
3.639440826556686215e+00
3.639441107776019368e+00
3.639441257411275554e+00
3.639441593060249058e+00
3.639441645690138838e+00
3.639441752666431551e+00
3.639441915436628427e+00
3.639442346122599758e+00
3.639442988316953898e+00
3.639442855584869019e+00
3.639443209934909440e+00
3.639443198963034032e+00
3.639443429751513026e+00
3.639443531190889036e+00
3.639443770823841628e+00
3.639443931383981479e+00
3.639444153623752509e+00
3.639444690287030326e+00
3.639444742555073997e+00
3.639444670512699709e+00
3.639444710080332435e+00
3.639444660955022393e+00
3.639444753797093757e+00
3.639444771045837079e+00
3.639444958761403281e+00
3.639445136083762300e+00
3.639445505087150146e+00
3.639445708582305095e+00
3.639445723721279613e+00
3.639445812293588656e+00
3.639446036429592635e+00
3.639446524599466937e+00
3.639446615479389191e+00
3.639446741271267438e+00
3.639447134063864109e+00
3.639447163545309838e+00
3.639447208515135479e+00
3.639447508678609555e+00
3.639447728763161916e+00
3.639447870745612157e+00
3.639448123385760514e+00
3.639448399121229638e+00
3.639448340347348765e+00
3.639448715651489863e+00
3.639448670732075009e+00
3.639448897865670052e+00
3.639449029319110185e+00
3.639449054890200319e+00
3.639449103506661842e+00
3.639449316223394071e+00
3.639449299361143364e+00
3.639449372530378479e+00
3.639449606809444404e+00
3.639449918745125689e+00
3.639450024004105888e+00
3.639450239662386899e+00
3.639450627011686201e+00
3.639450629901439527e+00
3.639450788657549563e+00
3.639450806854499731e+00
3.639450916549878734e+00
3.639451046707054882e+00
3.639451155953207007e+00
3.639451381965647769e+00
3.639451533511459669e+00
3.639451578596651693e+00
3.639451721454058042e+00
3.639451889204439183e+00
3.639452006839978715e+00
3.639452128052920177e+00
3.639452157837176127e+00
3.639452389021315959e+00
3.639452384454183509e+00
3.639452854560100370e+00
3.639452999447219117e+00
3.639453043312686376e+00
3.639453030451566207e+00
3.639453131676935183e+00
3.639453706581280201e+00
3.639453839085871500e+00
3.639454006722158574e+00
3.639454280565937783e+00
3.639454427490547150e+00
3.639454632659027133e+00
3.639454820238127830e+00
3.639454930397332255e+00
3.639455129931155941e+00
3.639455349722382049e+00
3.639455512639499624e+00
3.639455652334836699e+00
3.639455788215734344e+00
3.639455771693286934e+00
3.639455864702884735e+00
3.639456122313297293e+00
3.639456083243085782e+00
3.639456418321333597e+00
3.639456445708681542e+00
3.639456781017314846e+00
3.639456760410284986e+00
3.639456691636742569e+00
3.639456880759291746e+00
3.639457004623190883e+00
3.639457123694760377e+00
3.639457238364991909e+00
3.639457440542406719e+00
3.639457484573150658e+00
3.639457535197810678e+00
3.639457769075789439e+00
3.639457927157109474e+00
3.639458160888366045e+00
3.639458611039241287e+00
3.639458767902999714e+00
3.639458869623308335e+00
3.639459027639309063e+00
3.639458917028504992e+00
3.639459485600436306e+00
3.639459599725211714e+00
3.639459565882579906e+00
3.639459728044778686e+00
3.639459643111049747e+00
3.639459827353272114e+00
3.639460174914020296e+00
3.639460191408355083e+00
3.639460299277835098e+00
3.639460524773079353e+00
3.639460469712621382e+00
3.639460679949106492e+00
3.639460927044511518e+00
3.639460967994183616e+00
3.639461140562990860e+00
3.639461319777739234e+00
3.639461455470000661e+00
3.639461505160483057e+00
3.639461617099992274e+00
3.639461679579116815e+00
3.639461783678044071e+00
3.639461757493108074e+00
3.639461849687513073e+00
3.639462042422563215e+00
3.639462066639284732e+00
3.639462300390071903e+00
3.639462395027262431e+00
3.639462447086077912e+00
3.639462677408499935e+00
3.639462738208608439e+00
3.639462805844642102e+00
3.639462888607719826e+00
3.639462924673674493e+00
3.639463184392357942e+00
3.639463430264600508e+00
3.639463349419546301e+00
3.639463401530075526e+00
3.639463604541280706e+00
3.639463793703292094e+00
3.639463798765427249e+00
3.639463836614393433e+00
3.639463918069484549e+00
3.639464033965115419e+00
3.639464206546338954e+00
3.639464243055216652e+00
3.639464387252564048e+00
3.639464517674973809e+00
3.639464579997089277e+00
3.639464801028166718e+00
3.639464874350053503e+00
3.639464899809193188e+00
3.639465030322559524e+00
3.639465224782556962e+00
3.639465328056672444e+00
3.639465542377336771e+00
3.639465557827799014e+00
3.639465637443182633e+00
3.639465924325893553e+00
3.639466064801658352e+00
3.639466177379763856e+00
3.639466204445338526e+00
3.639466524109328027e+00
3.639466540253593507e+00
3.639466763886229472e+00
3.639467144036909296e+00
3.639467140728819050e+00
3.639467365267287313e+00
3.639467377512221269e+00
3.639467530291226272e+00
3.639467658857143295e+00
3.639467970907229954e+00
3.639468120142500762e+00
3.639468592292150806e+00
3.639468373096013565e+00
3.639468560080797221e+00
3.639468832761609374e+00
3.639468868041086935e+00
3.639468928084688137e+00
3.639469162397247270e+00
3.639469254451176194e+00
3.639469435889829185e+00
3.639469836015115867e+00
3.639469916914449321e+00
3.639469990176321001e+00
3.639470131063883063e+00
3.639470238364035382e+00
3.639470461665602397e+00
3.639470546837572762e+00
3.639470725548492602e+00
3.639470705400731365e+00
3.639470775012929593e+00
3.639470999798677830e+00
3.639471135495792709e+00
3.639471240636471538e+00
3.639471382519837483e+00
3.639471602070408984e+00
3.639471663054176354e+00
3.639471816976818541e+00
3.639471842907975319e+00
3.639472153267746091e+00
3.639472176857002417e+00
3.639472340764166702e+00
3.639472407632958983e+00
3.639472613443558213e+00
3.639472878218274143e+00
3.639473060191041220e+00
3.639473098638746684e+00
3.639473162150502095e+00
3.639473495038732853e+00
3.639473600871258263e+00
3.639473753515705567e+00
3.639474017636206593e+00
3.639474179884565341e+00
3.639474446705349475e+00
3.639474790617752475e+00
3.639474863413900252e+00
3.639475057282186121e+00
3.639475048580636862e+00
3.639475221099065294e+00
3.639475598700966597e+00
3.639475712902655591e+00
3.639475735866885664e+00
3.639476042504882436e+00
3.639476092089610759e+00
3.639476437869885839e+00
3.639476755409240205e+00
3.639476970954349522e+00
3.639477203559108531e+00
3.639477369485788483e+00
3.639477455429389163e+00
3.639477666367198161e+00
3.639477817093542900e+00
3.639478063985431167e+00
3.639478020815100745e+00
3.639478221918942769e+00
3.639478577307593277e+00
3.639478625089878960e+00
3.639479003804691803e+00
3.639479286434352368e+00
3.639479315744053700e+00
3.639479363558284497e+00
3.639479597256706001e+00
3.639479637296728409e+00
3.639479724722499920e+00
3.639479843574497941e+00
3.639479890867605150e+00
3.639480205433722304e+00
3.639480527139171251e+00
3.639480800460532794e+00
3.639480823094571882e+00
3.639481211063758881e+00
3.639481249363435200e+00
3.639481548619203366e+00
3.639481597911727651e+00
3.639481916414315066e+00
3.639482262597553586e+00
3.639482239197619151e+00
3.639482344536158376e+00
3.639482457384238145e+00
3.639482724600742181e+00
3.639482813970083441e+00
3.639482843885567309e+00
3.639482974706793161e+00
3.639482977912491091e+00
3.639483206646121793e+00
3.639483506104590038e+00
3.639483677003899853e+00
3.639484053183226209e+00
3.639484255290837300e+00
3.639484391254741436e+00
3.639484791147909348e+00
3.639484844770588978e+00
3.639484935970892732e+00
3.639485197899443136e+00
3.639485420090396772e+00
3.639485499083058073e+00
3.639485572109380396e+00
3.639485570133849102e+00
3.639485759227031103e+00
3.639485952271600322e+00
3.639486104636025399e+00
3.639486163229827209e+00
3.639486291066178936e+00
3.639486500062227847e+00
3.639486703445750759e+00
3.639486802779922758e+00
3.639487000973279152e+00
3.639487267091757072e+00
3.639487444833158669e+00
3.639487511807270259e+00
3.639487690406453257e+00
3.639487718550934670e+00
3.639487724522454393e+00
3.639487871686112541e+00
3.639488088711501312e+00
3.639488335596437363e+00
3.639488522280677874e+00
3.639488725345350506e+00
3.639488831154345405e+00
3.639489014720356685e+00
3.639489019835507655e+00
3.639489301829831991e+00
3.639489483174659146e+00
3.639489687729405620e+00
3.639489745403619025e+00
3.639490027554297846e+00
3.639490277597299261e+00
3.639490446990113703e+00
3.639490589315147684e+00
3.639490761741248193e+00
3.639490983886819464e+00
3.639491197441678594e+00
3.639491414610132924e+00
3.639491486285053146e+00
3.639491625698073385e+00
3.639491761414527016e+00
3.639491826896783078e+00
3.639491997121711009e+00
3.639492165772427512e+00
3.639492309981964713e+00
3.639492492856773787e+00
3.639492606802158026e+00
3.639492607430199200e+00
3.639492770253512699e+00
3.639492811065510036e+00
3.639493107992279874e+00
3.639493232585350402e+00
3.639493337768875403e+00
3.639493388750187908e+00
3.639493607541071984e+00
3.639493897244200138e+00
3.639494063730871698e+00
3.639494074034280935e+00
3.639494213665531053e+00
3.639494393509522308e+00
3.639494516605208396e+00
3.639494797999392350e+00
3.639494973932182909e+00
3.639495097170744931e+00
3.639495052270497411e+00
3.639495270831710538e+00
3.639495262753800642e+00
3.639495424251422140e+00
3.639495601227703325e+00
3.639495730339787460e+00
3.639495800879605447e+00
3.639495929194223045e+00
3.639496142227845343e+00
3.639496371002403308e+00
3.639496590189474023e+00
3.639496811902433127e+00
3.639496933959928349e+00
3.639497077467465758e+00
3.639497259293078102e+00
3.639497378913064907e+00
3.639497548720746600e+00
3.639497769650947845e+00
3.639497882694105790e+00
3.639497970819734807e+00
3.639498333534436636e+00
3.639498567706536125e+00
3.639498634462110527e+00
3.639498851960990766e+00
3.639498897081487438e+00
3.639499095447280563e+00
3.639499260477540243e+00
3.639499448328443520e+00
3.639499679864962367e+00
3.639499796184598956e+00
3.639499956788901702e+00
3.639500238802802379e+00
3.639500629163841872e+00
3.639500837627234642e+00
3.639501006205440259e+00
3.639501115923268859e+00
3.639501145129915294e+00
3.639501365313471570e+00
3.639501521034466336e+00
3.639501583260989825e+00
3.639501731326714395e+00
3.639501906073522530e+00
3.639501869955916291e+00
3.639501978524060100e+00
3.639502109400362784e+00
3.639502188753868772e+00
3.639502376171851239e+00
3.639502598988072712e+00
3.639502734812094520e+00
3.639502787161131181e+00
3.639503127035312868e+00
3.639503172183606861e+00
3.639503414336329623e+00
3.639503544052133055e+00
3.639503694298112713e+00
3.639503875937313726e+00
3.639503947623940139e+00
3.639503961291410850e+00
3.639504194688379712e+00
3.639504276793548154e+00
3.639504326163931491e+00
3.639504547584303307e+00
3.639504795979516150e+00
3.639504815943671812e+00
3.639504905757525943e+00
3.639505057768070095e+00
3.639505171362074964e+00
3.639505318845879245e+00
3.639505469390019954e+00
3.639505626709037323e+00
3.639505879189233184e+00
3.639505962002918427e+00
3.639506089040752457e+00
3.639506274262715113e+00
3.639506445089010001e+00
3.639506482458540138e+00
3.639506832003922110e+00
3.639506968819074650e+00
3.639507183777996424e+00
3.639507287785309408e+00
3.639507540603533542e+00
3.639507682884054240e+00
3.639507726757347239e+00
3.639507894013864764e+00
3.639507931806987617e+00
3.639508234975165735e+00
3.639508350744830256e+00
3.639508543223084036e+00
3.639508623726683822e+00
3.639508898889455946e+00
3.639509044005393879e+00
3.639509223142388450e+00
3.639509256765598888e+00
3.639509460510606864e+00
3.639509495780203441e+00
3.639509692160798782e+00
3.639509859471593778e+00
3.639510010186552069e+00
3.639510035322452097e+00
3.639510161909687458e+00
3.639510435884685258e+00
3.639510686428464314e+00
3.639510939434889014e+00
3.639511070369455759e+00
3.639511185430032825e+00
3.639511264646331679e+00
3.639511412055046691e+00
3.639511518988868044e+00
3.639511589219099452e+00
3.639511675580486827e+00
3.639511918444557903e+00
3.639512060772605473e+00
3.639512299908839399e+00
3.639512492962796220e+00
3.639512959448903739e+00
3.639513976298425213e+00
3.639516240029032179e+00
3.639522471905841439e+00
3.639539451442640683e+00
3.639581271611926461e+00
3.639663524470103440e+00
3.639787506895811653e+00
3.639936833495617918e+00
3.640096574186402201e+00
3.640258596974971894e+00
3.640420292061450791e+00
3.640582902855917347e+00
3.640744824887647724e+00
3.640912065708534762e+00
3.641075302746202613e+00
3.641265349335449208e+00
3.641419730140995625e+00
3.641576171218220193e+00
3.641733085908088974e+00
3.641895332873939406e+00
3.642059244316993905e+00
3.642224205698894934e+00
3.642384943634567662e+00
3.642551249313946915e+00
3.642716713611716894e+00
3.642877819474794165e+00
3.643037455137876357e+00
3.643199426294925658e+00
3.643362355325097113e+00
3.643529010302190230e+00
3.643694139220847728e+00
3.643879162652499115e+00
3.644069694102568313e+00
3.644204223260105735e+00
3.644361689786128178e+00
3.644521532661929353e+00
3.644705072689711223e+00
3.644862224729263023e+00
3.645025731119531542e+00
3.645186244616948734e+00
3.645372888713832360e+00
3.645520861162858672e+00
3.645685326890149458e+00
3.645850536545832465e+00
3.646011462436901773e+00
3.646197097840344625e+00
3.646348274637158493e+00
3.646513671272280988e+00
3.646677561273116819e+00
3.646857022897668887e+00
3.647009792129662031e+00
3.647176608874790560e+00
3.647345424374522249e+00
3.647506926189088450e+00
3.647670902385992786e+00
3.647839388890301571e+00
3.648005422346114468e+00
3.648171245344879132e+00
3.648337369366494887e+00
3.648504320775552312e+00
3.648670973963816788e+00
3.648838727522385028e+00
3.649005463027828355e+00
3.649168654735818862e+00
3.649334908020839929e+00
3.649500680721794232e+00
3.649668525862617585e+00
3.649846600192903079e+00
3.650009370835702427e+00
3.650174114546399284e+00
3.650339945418004994e+00
3.650506428707243511e+00
3.650674979600482040e+00
3.650851366726026281e+00
3.651014182860917057e+00
3.651179805749064755e+00
3.651345874930665758e+00
3.651513270025701807e+00
3.651693978819254838e+00
3.651857447538713775e+00
3.652025924322400474e+00
3.652207464355572419e+00
3.652390668456400480e+00
3.652559796417999216e+00
3.652722701857767706e+00
3.652886487427577045e+00
3.653057845232875689e+00
3.653232986250054992e+00
3.653390397848257365e+00
3.653560408463790932e+00
3.653737036426687013e+00
3.653893623262622015e+00
3.654061361826610899e+00
3.654242439451747426e+00
3.654425746207518255e+00
3.654579673432682529e+00
3.654745694517503196e+00
3.654915100354226176e+00
3.655082245487114356e+00
3.655254003969518717e+00
3.655420444695584248e+00
3.655586434287413145e+00
3.655754078879962066e+00
3.655937316867367226e+00
3.656102638721032250e+00
3.656267670632747713e+00
3.656433455614553463e+00
3.656605885991251359e+00
3.656771161932606429e+00
3.656933674547642177e+00
3.657114280981389243e+00
3.657279614330845696e+00
3.657444352813964628e+00
3.657608997487908464e+00
3.657772800431489557e+00
3.657945725565438178e+00
3.658128826185658600e+00
3.658293676900166158e+00
3.658468210850189806e+00
3.658639003289145819e+00
3.658803965459240359e+00
3.658971935902283423e+00
3.659138662589325630e+00
3.659301804238800138e+00
3.659482153527194637e+00
3.659638883803887133e+00
3.659812271845091836e+00
3.659991297684529687e+00
3.660156751411524745e+00
3.660327843535308379e+00
3.660496812626281571e+00
3.660671055263418072e+00
3.660844670062912254e+00
3.661009322828207679e+00
3.661175358471129293e+00
3.661342176606941834e+00
3.661511181417321570e+00
3.661684301096584715e+00
3.661843222171971668e+00
3.662011091912794836e+00
3.662176793169822808e+00
3.662347708949749148e+00
3.662518806516856795e+00
3.662684078922363362e+00
3.662858932097233122e+00
3.663020575015332625e+00
3.663195326877239921e+00
3.663372061691405612e+00
3.663541944635986258e+00
3.663715783303763907e+00
3.663884245769011283e+00
3.664045365467161197e+00
3.664221866620545054e+00
3.664386432237618063e+00
3.664565980774543430e+00
3.664732068250590391e+00
3.664901818812723810e+00
3.665071892064355463e+00
3.665235953598036556e+00
3.665415569439740118e+00
3.665577943529042759e+00
3.665755927070509568e+00
3.665916451875901316e+00
3.666082097967303000e+00
3.666244639969188146e+00
3.666413679993418384e+00
3.666589275035369688e+00
3.666752384227366157e+00
3.666930025998156761e+00
3.667093084243032486e+00
3.667260174156621755e+00
3.667425006383960184e+00
3.667592298187105637e+00
3.667761314513276361e+00
3.667927493817966678e+00
3.668106021256756666e+00
3.668272322274090946e+00
3.668439087967980239e+00
3.668608919731775941e+00
3.668782427889053732e+00
3.668947970502487443e+00
3.669123065761756841e+00
3.669293434647979968e+00
3.669460472675360130e+00
3.669630798700751928e+00
3.669801267670675049e+00
3.669970060256901423e+00
3.670133869423839901e+00
3.670300766077700505e+00
3.670474684446826341e+00
3.670642076849355728e+00
3.670816657859500509e+00
3.670982768085648829e+00
3.671149509135448685e+00
3.671317753145053153e+00
3.671494098613380164e+00
3.671660074907048266e+00
3.671824014079995369e+00
3.671993760457787470e+00
3.672167747300349561e+00
3.672339201006253440e+00
3.672507011686307443e+00
3.672675325704063187e+00
3.672854387707026103e+00
3.673020203184745203e+00
3.673197819992567670e+00
3.673357000006630457e+00
3.673531490179033909e+00
3.673694674024627904e+00
3.673866651162377206e+00
3.674048845624946047e+00
3.674223926268927354e+00
3.674380273692813503e+00
3.674548684802744880e+00
3.674721670896089254e+00
3.674889081638477606e+00
3.675064545540448258e+00
3.675244782467904869e+00
3.675406850465901432e+00
3.675576455080405314e+00
3.675744487462165644e+00
3.675919535256313431e+00
3.676083690571961604e+00
3.676264398714217840e+00
3.676435365180586778e+00
3.676609786060062390e+00
3.676788841093185933e+00
3.676954456548453543e+00
3.677122096295664555e+00
3.677294752295098057e+00
3.677463025594937651e+00
3.677637665728957561e+00
3.677810660784646135e+00
3.677981637683100935e+00
3.678146356620904278e+00
3.678315202450456844e+00
3.678485593688570088e+00
3.678660180686763148e+00
3.678830061691639841e+00
3.678993939431881799e+00
3.679165117450605482e+00
3.679339166144637741e+00
3.679508807079011401e+00
3.679676627992446658e+00
3.679849330536636209e+00
3.680018774125234149e+00
3.680191902318879382e+00
3.680353131158056179e+00
3.680523857838175150e+00
3.680695907015973933e+00
3.680863595564332069e+00
3.681044202787652875e+00
3.681205828354069620e+00
3.681370832793223080e+00
3.681547696088706800e+00
3.681712817333045784e+00
3.681891827292814057e+00
3.682059069339661317e+00
3.682233661310079231e+00
3.682404334536090840e+00
3.682578747836964261e+00
3.682742991769849539e+00
3.682908642942947619e+00
3.683083351807406203e+00
3.683251330761430520e+00
3.683427203417869666e+00
3.683601368941136656e+00
3.683769763429171284e+00
3.683946078384031875e+00
3.684120707587665855e+00
3.684289580859617441e+00
3.684458397198358881e+00
3.684629661263800315e+00
3.684802620686986607e+00
3.684974134880958374e+00
3.685152063843264880e+00
3.685316441857635628e+00
3.685488902300841030e+00
3.685655038881118895e+00
3.685823425561884914e+00
3.685996090534156444e+00
3.686163668826852646e+00
3.686334199855686666e+00
3.686501932079027988e+00
3.686674768892053144e+00
3.686843426998311468e+00
3.687019488571741110e+00
3.687190572917103726e+00
3.687370130057946671e+00
3.687541305653101453e+00
3.687718106984719135e+00
3.687891123093384405e+00
3.688060995452401958e+00
3.688237065116075630e+00
3.688409689867918839e+00
3.688578107548349472e+00
3.688742614198994296e+00
3.688920500277933723e+00
3.689090366057726555e+00
3.689259363096493161e+00
3.689433553206822758e+00
3.689606347443796786e+00
3.689780456159073463e+00
3.689946985817429415e+00
3.690118220081620493e+00
3.690284670724631511e+00
3.690453059172167816e+00
3.690624319278390519e+00
3.690796717772093061e+00
3.690972292493555518e+00
3.691148104108544103e+00
3.691314584846180580e+00
3.691488942699650888e+00
3.691659451559657690e+00
3.691831024710085174e+00
3.692000809687621565e+00
3.692173813117167303e+00
3.692346284748855734e+00
3.692519955702507684e+00
3.692695430652230826e+00
3.692864529634400927e+00
3.693029699074927397e+00
3.693204521794075657e+00
3.693369914651528862e+00
3.693542890506092302e+00
3.693716367997813776e+00
3.693881968537690241e+00
3.694051584925109211e+00
3.694226956092472758e+00
3.694388793993155229e+00
3.694562536025636668e+00
3.694726845667515747e+00
3.694896866303418292e+00
3.695070177037105275e+00
3.695238833099200981e+00
3.695416135285587433e+00
3.695584707822630044e+00
3.695760037250114038e+00
3.695927901955615713e+00
3.696100108552992758e+00
3.696273677862511153e+00
3.696440837319334705e+00
3.696607160237087797e+00
3.696773410240528968e+00
3.696941419201059009e+00
3.697117377121526882e+00
3.697286415280123695e+00
3.697459605897250423e+00
3.697638544196785837e+00
3.697810096931119617e+00
3.697981578637253186e+00
3.698160153288282626e+00
3.698336114820731879e+00
3.698503133780235430e+00
3.698683403593871155e+00
3.698864059165377860e+00
3.699030352248774633e+00
3.699206258810671777e+00
3.699375127206622871e+00
3.699543198961364077e+00
3.699717083298755149e+00
3.699889649477430265e+00
3.700067577133332897e+00
3.700239575671982362e+00
3.700413927067161879e+00
3.700579707877674540e+00
3.700762243880785896e+00
3.700937374390254497e+00
3.701104933362478366e+00
3.701282396502948213e+00
3.701452865982663099e+00
3.701625987401752305e+00
3.701802763877048541e+00
3.701975475523390902e+00
3.702144734694381878e+00
3.702316530793986704e+00
3.702485397886089658e+00
3.702646867908713002e+00
3.702798072072072788e+00
3.702930881195257040e+00
3.703019106335087685e+00
3.703068089146547948e+00
3.703095257339914959e+00
3.703108874117740701e+00
3.703125140337845345e+00
3.703132263977248151e+00
3.703140877723808178e+00
3.703149141679211720e+00
3.703158364948329950e+00
3.703162615574730587e+00
3.703170325747610736e+00
3.703178861918248188e+00
3.703177610937439468e+00
3.703180021612067829e+00
3.703186797384684592e+00
3.703194037564719654e+00
3.703195913946271567e+00
3.703200362815155966e+00
3.703207587386514898e+00
3.703214488217811518e+00
3.703219004145848370e+00
3.703226154442576412e+00
3.703232299994382526e+00
3.703233540226710474e+00
3.703238665315972344e+00
3.703244111170546748e+00
3.703251400365369594e+00
3.703256570419547700e+00
3.703265207771641254e+00
3.703268660840251414e+00
3.703269581112892617e+00
3.703275566840533273e+00
3.703277621862602231e+00
3.703282274128718576e+00
3.703288700633233788e+00
3.703293722060196025e+00
3.703296910666420416e+00
3.703303527562575415e+00
3.703306798437542291e+00
3.703310301053854392e+00
3.703314871407421993e+00
3.703320606652819258e+00
3.703319886110369996e+00
3.703326115592940670e+00
3.703327921536804901e+00
3.703326534837232398e+00
3.703331891350087890e+00
3.703336924697404164e+00
3.703341132966481375e+00
3.703343762861486255e+00
3.703345336403657040e+00
3.703347176244517147e+00
3.703349208951976390e+00
3.703351424909174128e+00
3.703357049972704207e+00
3.703356566520640936e+00
3.703361970175975681e+00
3.703364523828242660e+00
3.703366017731576143e+00
3.703368419061521699e+00
3.703374408798945083e+00
3.703374105060963650e+00
3.703376444410436008e+00
3.703377394702449088e+00
3.703378466146791226e+00
3.703378282911325758e+00
3.703381208792219326e+00
3.703384922140164903e+00
3.703386736417322744e+00
3.703391225510675344e+00
3.703394537585324553e+00
3.703400000822864691e+00
3.703402631876246964e+00
3.703405864465358466e+00
3.703407678125791413e+00
3.703413191814540539e+00
3.703416719304017057e+00
3.703418526342403982e+00
3.703422648267481243e+00
3.703424060044522292e+00
3.703428112149115936e+00
3.703430976583280465e+00
3.703434846681254999e+00
3.703433700639812809e+00
3.703433718270765063e+00
3.703438624326182538e+00
3.703439766763116925e+00
3.703439893256407878e+00
3.703442248525957936e+00
3.703441428756680143e+00
3.703445694408814770e+00
3.703444307354924359e+00
3.703446094425330681e+00
3.703451282689745216e+00
3.703451855468536724e+00
3.703457248950941860e+00
3.703459163032209123e+00
3.703460794389997091e+00
3.703465248901671281e+00
3.703471085891707482e+00
3.703472717793166780e+00
3.703479565212655533e+00
3.703478446737037633e+00
3.703480295679515422e+00
3.703482441768737754e+00
3.703481514588578882e+00
3.703481691931940212e+00
3.703481442506822763e+00
3.703484133046345494e+00
3.703486617541760673e+00
3.703485344085275965e+00
3.703486778108452615e+00
3.703488115737622710e+00
3.703490622547834565e+00
3.703494636040963961e+00
3.703495769515827263e+00
3.703497628627891114e+00
3.703497167066382101e+00
3.703499416737095373e+00
3.703501948411079603e+00
3.703501649152114883e+00
3.703502766609842567e+00
3.703502774272738218e+00
3.703502706348654971e+00
3.703506116092201150e+00
3.703508756026919535e+00
3.703511113400984822e+00
3.703513132683220022e+00
3.703515899713196724e+00
3.703517165354671015e+00
3.703518192244810603e+00
3.703521433152060283e+00
3.703521507279515124e+00
3.703522708476965963e+00
3.703528128077275827e+00
3.703528396402849587e+00
3.703531951542466949e+00
3.703533640278095174e+00
3.703532245419539848e+00
3.703534286767977246e+00
3.703535216525019269e+00
3.703535966232718746e+00
3.703535087205489518e+00
3.703537566900878986e+00
3.703539293989815295e+00
3.703539250991771503e+00
3.703541361280234590e+00
3.703544492866013282e+00
3.703547629375204764e+00
3.703547514826522224e+00
3.703547599799570822e+00
3.703550618855195875e+00
3.703550411043103896e+00
3.703554233313969934e+00
3.703554388520281737e+00
3.703556265086899835e+00
3.703557083808069361e+00
3.703557035723626267e+00
3.703557650846966975e+00
3.703559532971961943e+00
3.703562143350492608e+00
3.703563424532290149e+00
3.703564932503127238e+00
3.703565825500476194e+00
3.703568629204808893e+00
3.703568175307256460e+00
3.703568818426956177e+00
3.703568876895546147e+00
3.703571007352911337e+00
3.703574697565204854e+00
3.703576338257905665e+00
3.703575325981137034e+00
3.703576331709934166e+00
3.703575755036988770e+00
3.703578449780630333e+00
3.703578647931272450e+00
3.703581261695660043e+00
3.703581370012437812e+00
3.703581101466839165e+00
3.703583103933248744e+00
3.703585090790050049e+00
3.703585880537231034e+00
3.703588548017305193e+00
3.703589221636574003e+00
3.703590098565760602e+00
3.703591978656882944e+00
3.703591810675239682e+00
3.703592987054885821e+00
3.703594797192105048e+00
3.703594323049173909e+00
3.703594755821920881e+00
3.703595362273448099e+00
3.703595893992882360e+00
3.703598291075540505e+00
3.703598536728871515e+00
3.703601489649270828e+00
3.703603655297551978e+00
3.703603856189620736e+00
3.703605079068235106e+00
3.703605576733709270e+00
3.703607406425784898e+00
3.703609088426091933e+00
3.703610201848232197e+00
3.703610133809949634e+00
3.703613878089114575e+00
3.703613963925981967e+00
3.703615551086346436e+00
3.703615843154012932e+00
3.703618198185027577e+00
3.703619710292687106e+00
3.703620133443803031e+00
3.703622182526821849e+00
3.703623913676754142e+00
3.703623685524759956e+00
3.703624325027592867e+00
3.703624566397147877e+00
3.703626050155985006e+00
3.703627703367565083e+00
3.703628230311870606e+00
3.703629921758287313e+00
3.703630523651352924e+00
3.703630633805366390e+00
3.703631565339295051e+00
3.703631718230674164e+00
3.703633353930543493e+00
3.703635640682117369e+00
3.703636773458069964e+00
3.703636629899162536e+00
3.703636333612842169e+00
3.703636914791297752e+00
3.703639870912440291e+00
3.703640771274118393e+00
3.703641233716909564e+00
3.703642517188714400e+00
3.703644290267305461e+00
3.703646715558776226e+00
3.703645709649535434e+00
3.703647934402357400e+00
3.703647991351212809e+00
3.703648881338777343e+00
3.703650920533700930e+00
3.703649783098814208e+00
3.703651920019900068e+00
3.703654037045651659e+00
3.703653518167530301e+00
3.703653549275031764e+00
3.703655344045266418e+00
3.703654049182999675e+00
3.703654893285446281e+00
3.703655446228141468e+00
3.703656350971835209e+00
3.703657869442022132e+00
3.703658714816121300e+00
3.703660192656093475e+00
3.703660673927213320e+00
3.703660095053108670e+00
3.703660445029608894e+00
3.703661792421499843e+00
3.703665507181052252e+00
3.703667933562176273e+00
3.703667963680485009e+00
3.703667571243808521e+00
3.703667471546967960e+00
3.703668407614070457e+00
3.703669392762138024e+00
3.703670158597632156e+00
3.703670629053057883e+00
3.703671548747673459e+00
3.703674106843939828e+00
3.703674105234504133e+00
3.703674591697366569e+00
3.703676099878711714e+00
3.703677936127030890e+00
3.703677752158294201e+00
3.703677613995639550e+00
3.703678522348228697e+00
3.703677956225245538e+00
3.703678021453850722e+00
3.703678857934626922e+00
3.703680111617387638e+00
3.703680729421765516e+00
3.703680311688590798e+00
3.703681242824829134e+00
3.703681988411041903e+00
3.703682810748365473e+00
3.703684078647624389e+00
3.703685257306686296e+00
3.703685361487970340e+00
3.703687266018959701e+00
3.703686953741170296e+00
3.703688033873083985e+00
3.703687627030454177e+00
3.703689184452905181e+00
3.703690500401215946e+00
3.703690747956096097e+00
3.703692652300498711e+00
3.703693353120243614e+00
3.703695182650988293e+00
3.703697345164503663e+00
3.703696721349763799e+00
3.703696795696600041e+00
3.703697652784634808e+00
3.703698938998905010e+00
3.703699608315589309e+00
3.703699659744746242e+00
3.703700449552623120e+00
3.703701616225528515e+00
3.703702285557556095e+00
3.703703845962059926e+00
3.703704616526070303e+00
3.703705929173757738e+00
3.703706324322642462e+00
3.703706989158956020e+00
3.703707876738792315e+00
3.703708618736961000e+00
3.703709907705283300e+00
3.703710828806904498e+00
3.703711598428080620e+00
3.703711505829248463e+00
3.703712150105498591e+00
3.703714246076790673e+00
3.703715346508915651e+00
3.703715331130126298e+00
3.703715949336161994e+00
3.703715952069565720e+00
3.703715990887594067e+00
3.703715884426992400e+00
3.703715861913476903e+00
3.703717232859049524e+00
3.703718241429550417e+00
3.703718299805768055e+00
3.703720424579142634e+00
3.703722624803110541e+00
3.703722895233381607e+00
3.703722912377108933e+00
3.703721553168115577e+00
3.703721645659679318e+00
3.703722213794509610e+00
3.703723609668694738e+00
3.703725171767106694e+00
3.703725097260779364e+00
3.703727044125234791e+00
3.703727242602892655e+00
3.703727904127580572e+00
3.703728819642463144e+00
3.703729659586289191e+00
3.703730029237366494e+00
3.703731210786706640e+00
3.703732578374822726e+00
3.703734301788178751e+00
3.703735672981583349e+00
3.703736319081250894e+00
3.703738175636032803e+00
3.703737337743643998e+00
3.703737465311888855e+00
3.703737529420186192e+00
3.703738919846378153e+00
3.703740496855076891e+00
3.703739059579216786e+00
3.703740495049612669e+00
3.703740545858726474e+00
3.703740840603100715e+00
3.703740999442142190e+00
3.703742544710317386e+00
3.703744546106431113e+00
3.703744563047585370e+00
3.703744372496303949e+00
3.703745485775022939e+00
3.703746087433260836e+00
3.703746187029746118e+00
3.703746670764593407e+00
3.703747281282724568e+00
3.703747906657822497e+00
3.703748492782330537e+00
3.703748291683289118e+00
3.703749538366301497e+00
3.703750974031179144e+00
3.703750866426650745e+00
3.703753055634565694e+00
3.703754635595629008e+00
3.703755383403633861e+00
3.703755307940521213e+00
3.703756199969763685e+00
3.703756946990153676e+00
3.703756566296310115e+00
3.703757191222175837e+00
3.703757629537552720e+00
3.703758314576553357e+00
3.703758028604955399e+00
3.703759775474011917e+00
3.703759595543640426e+00
3.703760113186493008e+00
3.703760436101446452e+00
3.703760546628302563e+00
3.703760595887052531e+00
3.703762169517038849e+00
3.703762656800230868e+00
3.703762615850913598e+00
3.703764419325470403e+00
3.703765715736707431e+00
3.703765745775496221e+00
3.703766872521041975e+00
3.703767421029059204e+00
3.703768592867651588e+00
3.703768532041499029e+00
3.703768891314914935e+00
3.703769281572428351e+00
3.703770028079116372e+00
3.703770639126038766e+00
3.703771206808248007e+00
3.703770968909319450e+00
3.703771560471863733e+00
3.703772144378181697e+00
3.703772636341778668e+00
3.703772643771324535e+00
3.703772950719085078e+00
3.703774287385977804e+00
3.703774011072630490e+00
3.703774279754117771e+00
3.703775049674040254e+00
3.703776515766943778e+00
3.703776405948894013e+00
3.703777301233325936e+00
3.703777918506633515e+00
3.703778093548632633e+00
3.703778393276286440e+00
3.703778871214257418e+00
3.703779487045467445e+00
3.703779716310058312e+00
3.703780574905154221e+00
3.703780955139916120e+00
3.703783024707532956e+00
3.703782995439794057e+00
3.703783834272630582e+00
3.703784041909981894e+00
3.703785146660866445e+00
3.703785703199152568e+00
3.703786793579452841e+00
3.703787376867002656e+00
3.703787834984725524e+00
3.703788097617743080e+00
3.703789148137190956e+00
3.703788476735439872e+00
3.703788749006220016e+00
3.703789360058157065e+00
3.703790017395350631e+00
3.703790813503649471e+00
3.703792723934289821e+00
3.703792348017103109e+00
3.703792476823303481e+00
3.703793736559510830e+00
3.703794080454915871e+00
3.703793919003457447e+00
3.703795367393391214e+00
3.703795159329918540e+00
3.703795510227382071e+00
3.703796024366069695e+00
3.703796284603464883e+00
3.703797241343884661e+00
3.703798205290381063e+00
3.703798429265172665e+00
3.703799626014005586e+00
3.703799221096912397e+00
3.703799513532088472e+00
3.703800852013507949e+00
3.703800663774877933e+00
3.703801105572938734e+00
3.703801507605987808e+00
3.703802061379115163e+00
3.703804331416321372e+00
3.703804454370504207e+00
3.703804942302184600e+00
3.703805934446385173e+00
3.703806370619241228e+00
3.703806178421506168e+00
3.703806947431014684e+00
3.703807330348938720e+00
3.703807631001192480e+00
3.703808598267077201e+00
3.703809896423444492e+00
3.703809590152206344e+00
3.703809518507232834e+00
3.703809934990803576e+00
3.703810278752211804e+00
3.703811461348098799e+00
3.703811498842655592e+00
3.703811550744970038e+00
3.703811820023569457e+00
3.703813479295277045e+00
3.703813498622557265e+00
3.703813247998388292e+00
3.703813858972816675e+00
3.703814025781129615e+00
3.703814453973222953e+00
3.703815546249460855e+00
3.703815082531058511e+00
3.703815314778475809e+00
3.703815820066338915e+00
3.703815857251097299e+00
3.703816122070571648e+00
3.703816590849030810e+00
3.703816716015349897e+00
3.703817835194377128e+00
3.703817965935499945e+00
3.703818051069134309e+00
3.703818139632998108e+00
3.703818931987160834e+00
3.703819309143041139e+00
3.703818920968009021e+00
3.703819106250064941e+00
3.703819488460399434e+00
3.703819865912640896e+00
3.703820835188489369e+00
3.703821263080477433e+00
3.703822357795018672e+00
3.703824228599108537e+00
3.703823047889021947e+00
3.703823546731201510e+00
3.703824022647543845e+00
3.703824388151700564e+00
3.703825152585571878e+00
3.703827135907237444e+00
3.703827644581897172e+00
3.703827946035876728e+00
3.703828257971740534e+00
3.703828396674059054e+00
3.703829334685498242e+00
3.703829932013138482e+00
3.703830341895203215e+00
3.703830815788474951e+00
3.703830344331602298e+00
3.703830962431430507e+00
3.703832021602755376e+00
3.703832228331220833e+00
3.703832528557011727e+00
3.703833144466034177e+00
3.703833173815136437e+00
3.703834269374989940e+00
3.703833888745031722e+00
3.703835509841876927e+00
3.703835028242933980e+00
3.703835112238258009e+00
3.703835450134215446e+00
3.703835817226222904e+00
3.703836620484841191e+00
3.703836481218661714e+00
3.703836772076630979e+00
3.703837618119197650e+00
3.703838362500077697e+00
3.703838765913957776e+00
3.703838981682257447e+00
3.703839701081135694e+00
3.703840673901277025e+00
3.703840806292426180e+00
3.703840889930468006e+00
3.703841382776595026e+00
3.703841990582323440e+00
3.703841915289713072e+00
3.703841897516787718e+00
3.703842498562746055e+00
3.703842761626519042e+00
3.703842889632539048e+00
3.703843901223363932e+00
3.703844273710901192e+00
3.703845327798303888e+00
3.703845084095211515e+00
3.703846268844952050e+00
3.703846610289697860e+00
3.703846986584426570e+00
3.703847321799738967e+00
3.703848216639566537e+00
3.703847882903148037e+00
3.703848899331263933e+00
3.703848677295388025e+00
3.703848293452550511e+00
3.703849258040498693e+00
3.703849656920709332e+00
3.703849612640067512e+00
3.703849495331015707e+00
3.703850317168920103e+00
3.703850507692882044e+00
3.703850371754835447e+00
3.703850706256048841e+00
3.703850659345817142e+00
3.703851292360307745e+00
3.703851314287048613e+00
3.703851891274523744e+00
3.703851946493537106e+00
3.703853539004144046e+00
3.703853278189808140e+00
3.703853081801381286e+00
3.703853479495637036e+00
3.703854248702389995e+00
3.703854568164806516e+00
3.703854827498138214e+00
3.703855242082092492e+00
3.703855748465251896e+00
3.703856543750830177e+00
3.703856734132783046e+00
3.703856119809020520e+00
3.703856368334777383e+00
3.703856741050287393e+00
3.703856900712514832e+00
3.703857090079513803e+00
3.703857505852093723e+00
3.703857976762113147e+00
3.703858342435775164e+00
3.703858153121350583e+00
3.703858890328344700e+00
3.703859677120195038e+00
3.703860025675015599e+00
3.703860094230376543e+00
3.703860022645405703e+00
3.703859999612010956e+00
3.703860065340090379e+00
3.703860454835561367e+00
3.703861010298769685e+00
3.703861519923613344e+00
3.703862350016875027e+00
3.703862789472899486e+00
3.703862302538369899e+00
3.703862955319025208e+00
3.703863445588656322e+00
3.703863420885031843e+00
3.703863362862068964e+00
3.703863897881821909e+00
