3.573574817300681161e+00
3.573961957041809523e+00
3.574561782098796936e+00
3.575291300735822908e+00
3.576056431517400824e+00
3.576753961517719294e+00
3.577325879394446240e+00
3.577767458339744522e+00
3.578090854766345252e+00
3.578335439748831615e+00
3.578532103456642410e+00
3.578702989762362119e+00
3.578863059969285665e+00
3.579021960023849758e+00
3.579185625959655059e+00
3.579357492949348796e+00
3.579539354075923274e+00
3.579731955006877353e+00
3.579935399137881724e+00
3.580150000233784713e+00
3.580374006343929327e+00
3.580607239634537642e+00
3.580849294709508523e+00
3.581099693767887171e+00
3.581357952865185101e+00
3.581623609804835962e+00
3.581896233864061863e+00
3.582175427103055476e+00
3.582460821786564331e+00
3.582752076283763909e+00
3.583048870645850315e+00
3.583350902527938864e+00
3.583657883428839064e+00
3.583969535667789863e+00
3.584395754637109466e+00
3.584683596895930968e+00
3.584987483153101007e+00
3.585326003773698034e+00
3.585614643305532034e+00
3.585947192077022727e+00
3.586225976461955067e+00
3.586540793811852978e+00
3.586817195495493937e+00
3.587110972203154002e+00
3.587443108201145758e+00
3.587681172281261599e+00
3.587963349767115506e+00
3.588278542542683969e+00
3.588610414585172048e+00
3.588785461980433578e+00
3.589051544928423709e+00
3.589279418802436172e+00
3.589623137771569716e+00
3.589934279580983212e+00
3.590276647393359166e+00
3.590630059952548692e+00
3.590978204729858625e+00
3.591337506819929359e+00
3.591706453238153518e+00
3.592083777289766466e+00
3.592468410401533419e+00
3.592859606716486631e+00
3.593256912405631276e+00
3.593660098176328255e+00
3.594069083370825979e+00
3.594483868414254157e+00
3.594904492870520496e+00
3.595310814917496156e+00
3.595724316953726962e+00
3.596151372598411999e+00
3.596586313935579593e+00
3.597029116867852760e+00
3.596946593090829758e+00
3.597339793876326741e+00
3.597728383075057490e+00
3.598140485795394472e+00
3.598569957098862293e+00
3.599012603902291829e+00
3.599486391897170456e+00
3.599965112709826887e+00
3.600449183945308107e+00
3.600938919317087095e+00
3.601434576648998576e+00
3.601936367171532982e+00
3.602425070748833225e+00
3.602921273707330396e+00
3.603425011533090139e+00
3.603936250702015176e+00
3.604454883924199660e+00
3.604980779525771784e+00
3.605513795225224971e+00
3.606053787417638379e+00
3.606600617959645039e+00
3.607040681089824119e+00
3.607394972425508772e+00
3.607666324391992863e+00
3.608050845955145469e+00
3.607947494079276840e+00
3.608114454078869215e+00
3.608337253286618029e+00
3.608567908770254906e+00
3.608797855949380295e+00
3.609155156767611672e+00
3.609245411158068961e+00
3.609555812833615818e+00
3.609683662142735727e+00
3.610024708845419372e+00
3.610441092599167234e+00
3.610608421412092817e+00
3.610832647121365646e+00
3.610996445951431433e+00
3.611361577768382514e+00
3.611432986070107987e+00
3.611808473284539023e+00
3.611897812009256192e+00
3.612266606302636518e+00
3.612380611250701090e+00
3.612662706246617894e+00
3.613031021817894040e+00
3.613302540599989676e+00
3.613826623290398388e+00
3.613834073533939151e+00
3.614140832015006577e+00
3.614421373660514636e+00
3.614589782302977117e+00
3.614839262372814943e+00
3.615244361982633325e+00
3.615595519510167222e+00
3.615860181061449907e+00
3.616155575580039638e+00
3.616501140541498849e+00
3.616806725406947809e+00
3.617165869880492490e+00
3.617395089774678496e+00
3.617693968252349457e+00
3.617971523439896142e+00
3.618305091929294282e+00
3.618553036591895200e+00
3.618914144928416121e+00
3.619175915386376730e+00
3.619455528473434214e+00
3.619741905028599493e+00
3.620085239268873156e+00
3.620479103921944830e+00
3.620951960159544569e+00
3.621337721422002609e+00
3.621492144337219887e+00
3.621903346771816690e+00
3.622185833925236853e+00
3.622377841023568745e+00
3.622767453147466732e+00
3.623058372971445618e+00
3.623369910316776021e+00
3.623807091769763122e+00
3.624135631482042985e+00
3.624427137430183521e+00
3.624670183764070686e+00
3.625059162432366477e+00
3.625327753504099526e+00
3.625678581910853460e+00
3.625970047289085230e+00
3.626192058459259293e+00
3.626551736578890406e+00
3.626937331443790047e+00
3.627202850296776138e+00
3.627392687245074132e+00
3.627766479081444562e+00
3.628156560792079599e+00
3.628221277746758844e+00
3.628557675846809438e+00
3.628926276627637559e+00
3.629056308948426235e+00
3.629405046111803035e+00
3.629792013483139623e+00
3.629953466966628461e+00
3.630307684589598072e+00
3.630622431673982131e+00
3.630994406246585093e+00
3.631179693326326507e+00
3.631540259085789923e+00
3.631931671095894210e+00
3.632138365886119935e+00
3.632392866288165933e+00
3.632683683002290387e+00
3.633000238175063679e+00
3.633375115351562545e+00
3.633667051329963371e+00
3.633976510085926037e+00
3.634293636275569117e+00
3.634667126506354151e+00
3.634953278698907386e+00
3.635287741941630291e+00
3.635517153531816259e+00
3.635789773337152919e+00
3.636131084374374822e+00
3.636486690311104386e+00
3.636718509792318255e+00
3.636997986136110583e+00
3.637346060395108882e+00
3.637672250757057135e+00
3.638003133335788064e+00
3.638342159607777404e+00
3.638506112633245859e+00
3.638836100082570635e+00
3.639172685717087408e+00
3.639510489991240050e+00
3.639678757918655805e+00
3.640030053536907673e+00
3.640270245671695548e+00
3.640676401367363813e+00
3.640999742036911346e+00
3.641319845416838952e+00
3.641647584976821062e+00
3.641977717832418637e+00
3.642309594274903972e+00
3.642642555699791007e+00
3.642976131897105230e+00
3.643310041157758139e+00
3.643644142685162457e+00
3.643978387021956866e+00
3.644085648894033191e+00
3.644438858185923724e+00
3.644645985982286618e+00
3.645008300965984827e+00
3.645182269406811226e+00
3.645407509542361701e+00
3.645736013585729740e+00
3.646034088239204607e+00
3.646341099892110194e+00
3.646696758898202440e+00
3.647080747838979509e+00
3.647263441809327933e+00
3.647628395507534371e+00
3.647966487117468404e+00
3.648358392234384517e+00
3.648525120363774743e+00
3.648753761742157931e+00
3.649107007817087300e+00
3.649497331498281483e+00
3.649885266433451125e+00
3.650066912741174896e+00
3.650454372591615204e+00
3.650625307963473176e+00
3.650857973377325205e+00
3.651250325397125351e+00
3.651518168066666625e+00
3.651964285447503400e+00
3.652415113777152555e+00
3.652606338401255481e+00
3.652867987943860140e+00
3.653186783549120076e+00
3.653526351045075504e+00
3.653832461306766977e+00
3.654085829454589263e+00
3.654374244823607842e+00
3.654687912673078021e+00
3.654987208783653241e+00
3.655338983795226593e+00
3.655635979679947578e+00
3.655970966029757019e+00
3.656230045473658485e+00
3.656554769223330670e+00
3.656808160624866133e+00
3.657142281953537299e+00
3.657467431040603678e+00
3.657763186303589542e+00
3.658070195540950476e+00
3.658421261329920071e+00
3.658719061342608825e+00
3.659037537921727701e+00
3.659302016414626380e+00
3.659659052565562565e+00
3.659960758782906609e+00
3.660228548282522532e+00
3.660529748481641032e+00
3.660848532000340327e+00
3.661133255368432593e+00
3.661441391980998272e+00
3.661755252469700572e+00
3.662036508715100336e+00
3.662406633722049332e+00
3.662810069417736347e+00
3.663067830262662472e+00
3.663353965717934368e+00
3.663641547126599285e+00
3.663938466524490067e+00
3.664266761540619477e+00
3.664564607800822937e+00
3.664868668348356451e+00
3.665207835329822306e+00
3.665564637699146644e+00
3.665915762783940934e+00
3.666194288889995434e+00
3.666598263904560007e+00
3.666896784719985369e+00
3.667209068540336681e+00
3.667611802015168454e+00
3.667846460691800203e+00
3.668204722531827500e+00
3.668473605499235735e+00
3.668797085763151333e+00
3.669152831349584698e+00
3.669467714488148236e+00
3.669846181414348152e+00
3.670109611557022422e+00
3.670383391160711106e+00
3.670692287452056224e+00
3.671022398060469705e+00
3.671359449188321022e+00
3.671606354959731977e+00
3.672012649048188582e+00
3.672220577531805308e+00
3.672457963756422750e+00
3.672716645928784551e+00
3.673070696596630214e+00
3.673313864970621623e+00
3.673616173187838285e+00
3.673974694583248546e+00
3.674305552440827238e+00
3.674585677479216717e+00
3.674880294363995770e+00
3.675147797195718713e+00
3.675451094144739805e+00
3.675827384964466482e+00
3.676169477375642369e+00
3.676503651580040444e+00
3.676850547029208105e+00
3.677197857740943654e+00
3.677596025796212142e+00
3.677817870843302472e+00
3.678200952778838406e+00
3.678443639306019364e+00
3.678781756595823182e+00
3.679076762104833698e+00
3.679344422625441258e+00
3.679691581096330655e+00
3.680045252076668216e+00
3.680303330181942556e+00
3.680672015814247189e+00
3.680940963309768499e+00
3.681266327005932482e+00
3.681611796416206062e+00
3.681967473647603128e+00
3.682287324867411726e+00
3.682615370531766796e+00
3.682963973481632625e+00
3.683320486864593235e+00
3.683659168313849541e+00
3.683985762604738312e+00
3.684310908725326072e+00
3.684660209274368547e+00
3.684999764412490997e+00
3.685320049150186072e+00
3.685646874456352418e+00
3.685992472302952017e+00
3.686345944846887157e+00
3.686678353445094203e+00
3.686981936204908550e+00
3.687292879522542144e+00
3.687623702945863613e+00
3.687917162910744118e+00
3.688234822093749088e+00
3.688543251091186193e+00
3.688899151098929075e+00
3.689350407860607639e+00
3.689688860207969157e+00
3.689958019848397441e+00
3.690265574653293967e+00
3.690656209316884873e+00
3.690978185543062118e+00
3.691424971098282271e+00
3.691795481062694506e+00
3.692032639333231003e+00
3.692343707325723035e+00
3.692611526792485499e+00
3.692982620039887642e+00
3.693355085316924580e+00
3.693663167907799583e+00
3.693922562441902535e+00
3.694257664467868185e+00
3.694607873750772598e+00
3.694879983121744704e+00
3.695181672859172206e+00
3.695588040477299607e+00
3.695852520922290108e+00
3.696196199793621240e+00
3.696546473590131221e+00
3.696901609997013338e+00
3.697260719828477260e+00
3.697623239756461899e+00
3.697988773581073474e+00
3.698291645925599003e+00
3.698602892514366580e+00
3.698987608232125801e+00
3.699381538354044707e+00
3.699789352062533787e+00
3.700037293682036488e+00
3.700293306636771362e+00
3.700645770294739734e+00
3.700996606182877624e+00
3.701294442162645915e+00
3.701683479850681913e+00
3.702028734083673722e+00
3.702304114690726067e+00
3.702629147272436416e+00
3.702968866810162574e+00
3.703278275897345484e+00
3.703601269227229320e+00
3.703948259291737433e+00
3.704257225506794260e+00
3.704650095520520381e+00
3.704945891955926385e+00
3.705264459480513750e+00
3.705633407566275128e+00
3.705990651065949049e+00
3.706333428263206109e+00
3.706661467674960964e+00
3.706998938504356023e+00
3.707372739407319706e+00
3.707794826196994631e+00
3.708095810083479993e+00
3.708470863947460394e+00
3.708845202924016871e+00
3.709174437851940009e+00
3.709525257215751104e+00
3.709891105701150771e+00
3.710244693952666317e+00
3.710622873471383532e+00
3.710853965057427040e+00
3.711128993109368501e+00
3.711464858418581869e+00
3.711856325131213996e+00
3.712224291303924950e+00
3.712525426441550369e+00
3.712902274856141993e+00
3.713267393640605096e+00
3.713598539604777926e+00
3.713826294941326989e+00
3.714162513583456171e+00
3.714482758513501182e+00
3.714848475737327682e+00
3.715196352657661905e+00
3.715570027385290963e+00
3.715896762876275794e+00
3.716233084348435245e+00
3.716609579183271617e+00
3.716949786644225817e+00
3.717347595932870785e+00
3.717698540879101010e+00
3.718027176935125411e+00
3.718390947784395717e+00
3.718690815255297544e+00
3.719015668198187630e+00
3.719350788332136393e+00
3.719698703357796621e+00
3.720044518655189592e+00
3.720401190430867366e+00
3.720752324815150835e+00
3.721100821061119834e+00
3.721325314986536181e+00
3.721725637971740497e+00
3.721983421897340882e+00
3.722230144979230104e+00
3.722613944146400566e+00
3.722834197043116689e+00
3.723125583510107806e+00
3.723430169464969630e+00
3.723791106004988638e+00
3.724094154527468170e+00
3.724416294609384614e+00
3.724785442091968157e+00
3.725093620275406803e+00
3.725486237894402031e+00
3.725762773148812990e+00
3.726137075520069786e+00
3.726484447744256023e+00
3.726904956850582540e+00
3.727268405659415862e+00
3.727621787505020823e+00
3.728061629939267707e+00
3.728390590917610048e+00
3.728656885223795570e+00
3.729011916307780172e+00
3.729294943279804375e+00
3.729601177956553659e+00
3.729899173922037736e+00
3.730292608726080594e+00
3.730548388437646690e+00
3.730904980010866012e+00
3.731215885523860631e+00
3.731615157720262754e+00
3.731989119969771895e+00
3.732272156099793570e+00
3.732555141808498789e+00
3.732934735781909374e+00
3.733205565886624999e+00
3.733479276853398865e+00
3.733757531617179826e+00
3.733969083056743798e+00
3.734183179441426859e+00
3.734321091696710671e+00
3.734459337025260339e+00
3.734506904707382891e+00
3.734584321785769934e+00
3.734632305803835983e+00
3.734656832313606234e+00
3.734723795883268416e+00
3.734739178519517200e+00
3.734786647975630647e+00
3.734824092931290362e+00
3.734879316254932302e+00
3.734841899778415630e+00
3.734849274817617193e+00
3.734844772324218631e+00
3.734823048308882676e+00
3.734829331443513922e+00
3.734818723634353077e+00
3.734796057095773669e+00
3.734801033765871914e+00
3.734809882952568660e+00
3.734805212422495746e+00
3.734813882760543269e+00
3.734783269882356205e+00
3.734801599359790725e+00
3.734817957622976081e+00
3.734840041040818459e+00
3.734781495529916118e+00
3.734778155079579776e+00
3.734735653331846983e+00
3.734712894391952531e+00
3.734708310810083809e+00
3.734718168271977667e+00
3.734670011595246031e+00
3.734636528919403453e+00
3.734613035375414114e+00
3.734599583143412449e+00
3.734585980667704419e+00
3.734568988975098147e+00
3.734551645223669336e+00
3.734472310948669715e+00
3.734477142149367435e+00
3.734480370849667441e+00
3.734483400869875069e+00
3.734407224549934678e+00
3.734325862309848976e+00
3.734342920654461384e+00
3.734344044810876451e+00
3.734351813284192190e+00
3.734233643118829438e+00
3.734242477175128361e+00
3.734146644403931514e+00
3.734106967523564968e+00
3.734046642473847655e+00
3.734024850308800936e+00
3.733942392253213782e+00
3.733942892283362180e+00
3.733943385425720685e+00
3.733943990921381850e+00
3.733843113206260167e+00
3.733767573971005671e+00
3.733719313435585274e+00
3.733668802013009103e+00
3.733675620070138645e+00
3.733598700902128087e+00
3.733602752331552033e+00
3.733540470174068204e+00
3.733519421524431614e+00
3.733519628043848737e+00
3.733523242475103476e+00
3.733481965431399097e+00
3.733449782448192256e+00
3.733435328516029994e+00
3.733347730304134249e+00
3.733278679680547274e+00
3.733269929161051159e+00
3.733270057440904566e+00
3.733174540674168984e+00
3.733104338626646701e+00
3.733063059535338457e+00
3.733018486842345496e+00
3.733005095220790714e+00
3.732960601565369352e+00
3.732948066516858177e+00
3.732906288435245745e+00
3.732865055411270117e+00
3.732825501761573239e+00
3.732809368566700314e+00
3.732772276067919393e+00
3.732744666948626833e+00
3.732720079864554563e+00
3.732699990860163908e+00
3.732692404871467140e+00
3.732653990989393211e+00
3.732630948000668969e+00
3.732617949344811503e+00
3.732576879844917705e+00
3.732524551209611463e+00
3.732494568918589106e+00
3.732453510807098862e+00
3.732435507898031357e+00
3.732391383735754520e+00
3.732369256277043856e+00
3.732342390087155959e+00
3.732321953600811870e+00
3.732300693210989451e+00
3.732273782892986613e+00
3.732251520158688329e+00
3.732215786742923314e+00
3.732177038388335255e+00
3.732158663799360898e+00
3.732114351689301834e+00
3.732093852581835680e+00
3.732080944916874365e+00
3.732047318744895481e+00
3.732032586498974069e+00
3.732016083726778621e+00
3.731991610074791854e+00
3.731963415151726249e+00
3.731935942312903709e+00
3.731912794040782799e+00
3.731902165992594611e+00
3.731892689347197312e+00
3.731845383081696887e+00
3.731827642518996679e+00
3.731796598372676410e+00
3.731755466143905409e+00
3.731732929591298653e+00
3.731690537645069750e+00
3.731638618232321569e+00
3.731625702778278875e+00
3.731606242174824839e+00
3.731598819560013158e+00
3.731592990532965892e+00
3.731539391343801082e+00
3.731493815850059903e+00
3.731473908727475308e+00
3.731464955491506252e+00
3.731413347607163367e+00
3.731406615212647715e+00
3.731406793939448630e+00
3.731344951867815674e+00
3.731310440089943281e+00
3.731307438832386580e+00
3.731252044757397801e+00
3.731216455039828350e+00
3.731209031555430933e+00
3.731159775944040025e+00
3.731106655329782029e+00
3.731103930485275111e+00
3.731045455503585462e+00
3.731035017248170771e+00
3.730992388713571195e+00
3.730984771622622986e+00
3.730941992424134934e+00
3.730922119986080254e+00
3.730933837242178086e+00
3.730929098644025110e+00
3.730917721413482546e+00
3.730841222268308943e+00
3.730804420300579238e+00
3.730745992328896143e+00
3.730697209392374702e+00
3.730651411063345524e+00
3.730607427137871301e+00
3.730605295918941078e+00
3.730551749819751350e+00
3.730554478844425592e+00
3.730503717564550570e+00
3.730457041669357210e+00
3.730443218954879292e+00
3.730435919710265669e+00
3.730436736645907914e+00
3.730408072022559640e+00
3.730387386223192436e+00
3.730371557028681728e+00
3.730374005011492411e+00
3.730322298302746642e+00
3.730318274541137846e+00
3.730244760937634574e+00
3.730234235504018780e+00
3.730185550062914857e+00
3.730145117550027312e+00
3.730153501273965944e+00
3.730096462586206307e+00
3.730064366822998689e+00
3.730062258645621132e+00
3.730050646005539150e+00
3.730006408279970653e+00
3.730005837585587347e+00
3.729960104431117252e+00
3.729911089527786050e+00
3.729878211785488507e+00
3.729860790038110885e+00
3.729840958873206880e+00
3.729815949120234286e+00
3.729797124602558078e+00
3.729787037530780225e+00
3.729771300711991255e+00
3.729741905202467400e+00
3.729725196925951725e+00
3.729720721102720127e+00
3.729699564452048310e+00
3.729679653100388403e+00
3.729672073260835496e+00
3.729661782914431623e+00
3.729631504961218091e+00
3.729621006965265995e+00
3.729593442281808002e+00
3.729575341806887767e+00
3.729561787695589103e+00
3.729549516607159276e+00
3.729533562616762055e+00
3.729529325120353622e+00
3.729522079381534905e+00
3.729508929883590174e+00
3.729462725634292930e+00
3.729430173229319578e+00
3.729418722148870824e+00
3.729409099724366516e+00
3.729365354640759911e+00
3.729334784850892870e+00
3.729313486345005035e+00
3.729298109764613844e+00
3.729278044011757220e+00
3.729260496265019764e+00
3.729242696456667172e+00
3.729226503701850159e+00
3.729204759437887429e+00
3.729179863909633408e+00
3.729159907641510063e+00
3.729140650071479435e+00
3.729122528169867667e+00
3.729120148971140303e+00
3.729117597669564965e+00
3.729097339924709154e+00
3.729087530110371418e+00
3.729068369176665954e+00
3.729064558962888132e+00
3.729060751004166896e+00
3.729043906200098846e+00
3.729047896690324215e+00
3.729006521682595832e+00
3.728994161420460696e+00
3.728977634992464374e+00
3.728950337276857319e+00
3.728935565262686325e+00
3.728924340891627498e+00
3.728911493479107886e+00
3.728899739927157064e+00
3.728883509141463826e+00
3.728884210672061883e+00
3.728846947768733600e+00
3.728833135911791441e+00
3.728832672355721911e+00
3.728819478360504203e+00
3.728802868752313149e+00
3.728778606173915655e+00
3.728766977018744377e+00
3.728745310065985308e+00
3.728723238836210818e+00
3.728702147679173962e+00
3.728682853851571721e+00
3.728663499917815205e+00
3.728659952445596559e+00
3.728629597361287296e+00
3.728625163118958863e+00
3.728629263679505534e+00
3.728630940582685405e+00
3.728595099414461878e+00
3.728557610571705094e+00
3.728552805286722727e+00
3.728543097876181101e+00
3.728550807476527673e+00
3.728539228821896589e+00
3.728505866804999513e+00
3.728460892671801474e+00
3.728426286845266002e+00
3.728401751698009026e+00
3.728399330483307850e+00
3.728405720968126502e+00
3.728401928672237631e+00
3.728400019572127189e+00
3.728358211899370556e+00
3.728356917754549027e+00
3.728350664684382476e+00
3.728356121162148096e+00
3.728364101943767217e+00
3.728341107774046037e+00
3.728296185111087624e+00
3.728259669068191950e+00
3.728223470451156096e+00
3.728217910125452228e+00
3.728185114756989993e+00
3.728180654585964593e+00
3.728172616878810963e+00
3.728176122247295332e+00
3.728132242422561582e+00
3.728094134875634680e+00
3.728066639420753781e+00
3.728063592911138091e+00
3.728057394408810232e+00
3.728041023879114402e+00
3.728039961793631729e+00
3.728000892784326670e+00
3.727963399474731432e+00
3.727963551061401315e+00
3.727962112179596499e+00
3.727927233488207648e+00
3.727919684194295868e+00
3.727916775008987660e+00
3.727880147066311434e+00
3.727846753012039827e+00
3.727840449887194652e+00
3.727802717315053194e+00
3.727762648409652879e+00
3.727731078879958915e+00
3.727708716194661154e+00
3.727697335320636185e+00
3.727675796794724938e+00
3.727661230075895116e+00
3.727644340028549497e+00
3.727635442005601263e+00
3.727613375975542986e+00
3.727606236387085215e+00
3.727582336236140215e+00
3.727573148435147310e+00
3.727549359861681122e+00
3.727544808533719944e+00
3.727524168106882918e+00
3.727521539346202228e+00
3.727492800828023256e+00
3.727464128654210285e+00
3.727446824376669632e+00
3.727438470028089590e+00
3.727422330044085630e+00
3.727406841968408102e+00
3.727399085103431986e+00
3.727384278821261443e+00
3.727364620180506627e+00
3.727352450162066066e+00
3.727337735643955430e+00
3.727328835821200670e+00
3.727327373317820047e+00
3.727314067696362976e+00
3.727293849941220039e+00
3.727280246189796031e+00
3.727271865016480223e+00
3.727266238949090926e+00
3.727246697561735544e+00
3.727230491495775677e+00
3.727218704310688135e+00
3.727203647757382665e+00
3.727190921546473579e+00
3.727179169532409020e+00
3.727173570076554032e+00
3.727169377599258482e+00
3.727144757392870655e+00
3.727141198962942603e+00
3.727125994195426451e+00
3.727115473746309249e+00
3.727109850330815544e+00
3.727105749560004178e+00
3.727088784680408384e+00
3.727075717853086889e+00
3.727064503828349640e+00
3.727051222017879084e+00
3.727041908719977759e+00
3.727026313860773321e+00
3.727019898066778136e+00
3.727007682934095456e+00
3.726990257400477624e+00
3.726977472452175366e+00
3.726962724307443242e+00
3.726956350993781086e+00
3.726948334022517351e+00
3.726931949649517239e+00
3.726923747333568571e+00
3.726919033795526470e+00
3.726916278433339613e+00
3.726906719587087746e+00
3.726895182523171091e+00
3.726889422374817684e+00
3.726878283875691533e+00
3.726862354339850913e+00
3.726843090478755283e+00
3.726836713163685033e+00
3.726825123415053120e+00
3.726822086614927532e+00
3.726817864076928721e+00
3.726812976102926722e+00
3.726791982169003870e+00
3.726776553424589356e+00
3.726754885228270364e+00
3.726750436591798277e+00
3.726730095389685360e+00
3.726715475086972429e+00
3.726697677296397337e+00
3.726689283125158347e+00
3.726681687591715253e+00
3.726672428760395395e+00
3.726666813617798724e+00
3.726652731183079048e+00
3.726651809404411431e+00
3.726645093900012640e+00
3.726640590177657142e+00
3.726617584004662476e+00
3.726613969672209592e+00
3.726609403545203758e+00
3.726587187062187390e+00
3.726570054332518644e+00
3.726550215739208305e+00
3.726533917922762118e+00
3.726532771801089439e+00
3.726527162269259286e+00
3.726514485004335686e+00
3.726504007086175463e+00
3.726483347466023499e+00
3.726476746233074788e+00
3.726472406343769972e+00
3.726460107803364785e+00
3.726448623529230897e+00
3.726441987813057022e+00
3.726422281955465543e+00
3.726401747402728670e+00
3.726387509618911409e+00
3.726379669052984234e+00
3.726372047029881340e+00
3.726368354733379462e+00
3.726358475755716437e+00
3.726347445970572103e+00
3.726331344192784556e+00
3.726311572838196806e+00
3.726293260925052309e+00
3.726288722696173394e+00
3.726275664958583089e+00
3.726264322281544583e+00
3.726256879856639337e+00
3.726256487179357535e+00
3.726251173459093291e+00
3.726245425328175376e+00
3.726243671031220117e+00
3.726243669281900317e+00
3.726244161062344684e+00
3.726221498336644178e+00
3.726191606835079106e+00
3.726173428843379654e+00
3.726151037105089880e+00
3.726149393823594558e+00
3.726123217197882642e+00
3.726120953688224713e+00
3.726118081293013251e+00
3.726113157426851785e+00
3.726107809791113556e+00
3.726098726934477412e+00
3.726093979759218744e+00
3.726090677121120187e+00
3.726078031112574074e+00
3.726056797248957331e+00
3.726034869754288881e+00
3.726018166178295843e+00
3.726013584467885664e+00
3.725992682406889411e+00
3.725969477123646900e+00
3.725965249848221195e+00
3.725963147549884891e+00
3.725962241467758229e+00
3.725943272121317928e+00
3.725941670348270840e+00
3.725915320738994119e+00
3.725894144023586207e+00
3.725891481105346514e+00
3.725890879905732422e+00
3.725865642212163653e+00
3.725854012659736370e+00
3.725836670709077758e+00
3.725824305046746776e+00
3.725808651296496077e+00
3.725802780866219521e+00
3.725798727623970574e+00
3.725793591688334683e+00
3.725766376804311886e+00
3.725765481528552581e+00
3.725748731444336936e+00
3.725729023482391877e+00
3.725709123894258123e+00
3.725694670666451103e+00
3.725678355026956545e+00
3.725673774307736608e+00
3.725667568589979606e+00
3.725649904504154453e+00
3.725651074077314107e+00
3.725646918502935279e+00
3.725625599551064315e+00
3.725621270326732848e+00
3.725609229939213396e+00
3.725590982154133979e+00
3.725591214800190176e+00
3.725580505803488318e+00
3.725571139460629233e+00
3.725567559496655523e+00
3.725552259795360310e+00
3.725538403230394202e+00
3.725527202248835934e+00
3.725516840095123072e+00
3.725513582478804597e+00
3.725498186913535736e+00
3.725482010297799462e+00
3.725468005118007575e+00
3.725458944536073957e+00
3.725451992420889979e+00
3.725447366990079612e+00
3.725440372746956719e+00
3.725430993036086047e+00
3.725425741782391054e+00
3.725414378562965645e+00
3.725403819954579365e+00
3.725395874359681780e+00
3.725387441353273044e+00
3.725374776017047918e+00
3.725369843243931278e+00
3.725365551808821785e+00
3.725360780756904244e+00
3.725344578416709851e+00
3.725338924676428576e+00
3.725336351211097075e+00
3.725320608352668650e+00
3.725308852994133169e+00
3.725306307297089337e+00
3.725297866590926432e+00
3.725295324378462336e+00
3.725293330716984652e+00
3.725274528920882400e+00
3.725269833431185340e+00
3.725256330192131315e+00
3.725252815914893212e+00
3.725240254852247190e+00
3.725237857156364907e+00
3.725227201478968020e+00
3.725219301729798094e+00
3.725208653970819128e+00
3.725202650228084611e+00
3.725193247498917337e+00
3.725184800896247594e+00
3.725177616065176167e+00
3.725171105405488348e+00
3.725160368359035967e+00
3.725150142065815739e+00
3.725143613864071224e+00
3.725136280136377209e+00
3.725125249428897778e+00
3.725118804315399768e+00
3.725116299296481692e+00
3.725111028411216108e+00
3.725102965185751902e+00
3.725098177047032610e+00
3.725089820850256750e+00
3.725083231396467465e+00
3.725078140610104782e+00
3.725070059256401667e+00
3.725066711355652593e+00
3.725054581062538173e+00
3.725044516269368167e+00
3.725033255595192827e+00
3.725028326259207656e+00
3.725024129421635966e+00
3.725017612506948961e+00
3.725011639805680730e+00
3.725008836166045612e+00
3.725001169234505749e+00
3.724995674940453583e+00
3.724995526246592359e+00
3.724977547668181899e+00
3.724974381236282106e+00
3.724973185112819163e+00
3.724955450548317781e+00
3.724941905952182442e+00
3.724937897645646423e+00
3.724936633917416362e+00
3.724936420124603575e+00
3.724919903825978373e+00
3.724904724099973308e+00
3.724903533115645704e+00
3.724889409141135754e+00
3.724885194114897935e+00
3.724881000928342623e+00
3.724865913373113013e+00
3.724860305067737798e+00
3.724853868864596240e+00
3.724848597951944562e+00
3.724838074856257286e+00
3.724826976533396561e+00
3.724814760460942953e+00
3.724809721358212755e+00
3.724799732666671748e+00
3.724788503550320762e+00
3.724789074948690715e+00
3.724785900366734293e+00
3.724773175297774408e+00
3.724768137576350835e+00
3.724761453283484958e+00
3.724761339809905980e+00
3.724761567141908092e+00
3.724757324758533716e+00
3.724751904937572800e+00
3.724740594999311760e+00
3.724739609117736716e+00
3.724730117688178854e+00
3.724720957995700132e+00
3.724721552923748291e+00
3.724719964863574262e+00
3.724713958694179983e+00
3.724712089524135461e+00
3.724694222840808866e+00
3.724680023527433992e+00
3.724671438350652064e+00
3.724659918459463093e+00
3.724645761225780838e+00
3.724638547521865739e+00
3.724626128792135393e+00
3.724615047422065395e+00
3.724614053976547989e+00
3.724599736718469334e+00
3.724591609395478731e+00
3.724578702421071696e+00
3.724575381257293483e+00
3.724571338380201269e+00
3.724569784501265080e+00
3.724568649135024501e+00
3.724568392309029363e+00
3.724563732334322363e+00
3.724548512003003076e+00
3.724532785356865272e+00
3.724528773344637056e+00
3.724528098084181060e+00
3.724514372846001731e+00
3.724501470317279850e+00
3.724498580423037719e+00
3.724493645272637377e+00
3.724490745080340837e+00
3.724487413399081515e+00
3.724473781390904126e+00
3.724469001931577594e+00
3.724457360426110863e+00
3.724437662364184831e+00
3.724432736860810778e+00
3.724421243221800015e+00
3.724406935362590154e+00
3.724407861693749044e+00
3.724390155730683105e+00
3.724375969441878098e+00
3.724375137310173667e+00
3.724376688287272863e+00
3.724363823478491042e+00
3.724364195651984399e+00
3.724348484973427631e+00
3.724346993249377125e+00
3.724345058433756073e+00
3.724336269554601841e+00
3.724332784661677387e+00
3.724320109590205874e+00
3.724316601608284483e+00
3.724303851424608514e+00
3.724305089840020511e+00
3.724287139632032062e+00
3.724282741255335427e+00
3.724266018863911398e+00
3.724254270625294350e+00
3.724237351616353831e+00
3.724233895980785025e+00
3.724233212047834751e+00
3.724228354654835815e+00
3.724227965476316182e+00
3.724215786646819737e+00
3.724201477251932513e+00
3.724189444571102126e+00
3.724188054315899610e+00
3.724187222467670200e+00
3.724175043680719721e+00
3.724170610881022192e+00
3.724153294874860798e+00
3.724142897704355804e+00
3.724131751833123616e+00
3.724117822977684344e+00
3.724116878246410245e+00
3.724101953784547892e+00
3.724096651196847407e+00
3.724094260860371541e+00
3.724092564123700821e+00
3.724078988833491088e+00
3.724076054499247945e+00
3.724072773236894118e+00
3.724073607516201978e+00
3.724064709995482669e+00
3.724052846750149470e+00
3.724052104904894023e+00
3.724038143760629804e+00
3.724025636490750468e+00
3.724020481975397256e+00
3.724019603363577513e+00
3.724007585762500572e+00
3.724005147124294535e+00
3.724005599280960421e+00
3.723996662855559414e+00
3.723993697195618235e+00
3.723989406893953635e+00
3.723988920197403907e+00
3.723973060002741864e+00
3.723970046473807916e+00
3.723972840858363220e+00
3.723965037789632060e+00
3.723948769367464884e+00
3.723946239372986078e+00
3.723942838740284866e+00
3.723929004330877479e+00
3.723931339780205185e+00
3.723921935070409361e+00
3.723911304350396190e+00
3.723908529731103645e+00
3.723906322225554621e+00
3.723903585110043934e+00
3.723898153842815084e+00
3.723888365269950373e+00
3.723885928663806411e+00
3.723884097935542759e+00
3.723883596722746603e+00
3.723869134465255026e+00
3.723857664484059971e+00
3.723851613109492309e+00
3.723850746982302340e+00
3.723844732995544415e+00
3.723839325306609105e+00
3.723837422379375539e+00
3.723824940222308033e+00
3.723822220197368527e+00
3.723820541905308090e+00
3.723810168399360965e+00
3.723800346458186805e+00
3.723790749376298947e+00
3.723782600840043866e+00
3.723776711374089388e+00
3.723766488094303106e+00
3.723756834311980235e+00
3.723748834030661037e+00
3.723743175409504946e+00
3.723740745763325588e+00
3.723731285200606145e+00
3.723728711333076813e+00
3.723723973953092070e+00
3.723720654745594327e+00
3.723717720458720404e+00
3.723714990844186890e+00
3.723712999250827771e+00
3.723705482722471594e+00
3.723703838790266119e+00
3.723693434507059585e+00
3.723683690181034400e+00
3.723676874401440351e+00
3.723672889009562947e+00
3.723663328328019162e+00
3.723660190700907702e+00
3.723651950572820724e+00
3.723642807290810985e+00
3.723641445937628802e+00
3.723634219719217153e+00
3.723628471475471269e+00
3.723624728610465340e+00
3.723617219900892561e+00
3.723610539233498162e+00
3.723602805899794088e+00
3.723597638760113959e+00
3.723592304660562569e+00
3.723586453562898857e+00
3.723582143268445055e+00
3.723577469430518594e+00
3.723574678810762428e+00
3.723572528256170244e+00
3.723569644307676896e+00
3.723566776033084835e+00
3.723560154766143881e+00
3.723556470394727036e+00
3.723545535591394007e+00
3.723538304145261435e+00
3.723533046470218100e+00
3.723526431938182224e+00
3.723524047930978575e+00
3.723518427883897974e+00
3.723516220625962880e+00
3.723514400757759635e+00
3.723507020648506582e+00
3.723500988682546531e+00
3.723493796033538139e+00
3.723487711693092894e+00
3.723483473391906440e+00
3.723477216099593257e+00
3.723471269981723619e+00
3.723466783711075312e+00
3.723464316968465138e+00
3.723459438994488391e+00
3.723455778931089810e+00
3.723452743497723816e+00
3.723445464844752362e+00
3.723439724033857701e+00
3.723435989149934233e+00
3.723429795900616401e+00
3.723423148536857852e+00
3.723418158054769389e+00
3.723410839202977218e+00
3.723404874379207197e+00
3.723400295964171658e+00
3.723396410141011525e+00
3.723389653142959332e+00
3.723386455246586735e+00
3.723381439185900810e+00
3.723375583673654177e+00
3.723371132567474984e+00
3.723361577069819628e+00
3.723356816720863716e+00
3.723352936711545436e+00
3.723349663063288073e+00
3.723345120232987249e+00
3.723338779063005255e+00
3.723332596124082183e+00
3.723330859524761394e+00
3.723322344538491091e+00
3.723316536783310760e+00
3.723311312263316797e+00
3.723305137570616985e+00
3.723300838055012996e+00
3.723296578917666633e+00
3.723292477370705011e+00
3.723285903940406705e+00
3.723280902684709126e+00
3.723276045714008831e+00
3.723269079783071422e+00
3.723263755431203581e+00
3.723258308688420559e+00
3.723254035111533078e+00
3.723250793823130955e+00
3.723242819138212756e+00
3.723236765082627464e+00
3.723231749015139869e+00
3.723226543741350980e+00
3.723221525544974320e+00
3.723216992887356191e+00
3.723210505910436119e+00
3.723206331727472840e+00
3.723201445836723522e+00
3.723197983971850089e+00
3.723189750863174385e+00
3.723183522510479904e+00
3.723179613448792225e+00
3.723172242304764623e+00
3.723168434518029812e+00
3.723165726287205768e+00
3.723164689240391123e+00
3.723156957124190924e+00
3.723154608787679454e+00
3.723148347479511955e+00
3.723141499344033267e+00
3.723139907358108402e+00
3.723137527936681845e+00
3.723130322852409524e+00
3.723128376015931718e+00
3.723121640265565357e+00
3.723121516350524907e+00
3.723113690061178982e+00
3.723105894493857537e+00
3.723104537659978064e+00
3.723096617227180882e+00
3.723089635019395160e+00
3.723084108756463895e+00
3.723081094796448554e+00
3.723080410124051109e+00
3.723075205126816112e+00
3.723071032795295832e+00
3.723065605217289242e+00
3.723060864947880244e+00
3.723055081963935198e+00
3.723049077219299008e+00
3.723042201577348997e+00
3.723036890712380753e+00
3.723031642505577832e+00
3.723026616367078656e+00
3.723020496065286622e+00
3.723013505887931895e+00
3.723006820761757041e+00
3.723003711583143360e+00
3.723000992261549680e+00
3.722995699019651994e+00
3.722991641255259498e+00
3.722984916901651786e+00
3.722975042136748236e+00
3.722965572293996495e+00
3.722957501390907531e+00
3.722954839357069279e+00
3.722949673838664264e+00
3.722944774523563538e+00
3.722943569659987073e+00
3.722936923249350993e+00
3.722934727620509587e+00
3.722933249227962982e+00
3.722925944817274235e+00
3.722922449461879335e+00
3.722919764229507322e+00
3.722911283994922549e+00
3.722905829965201807e+00
3.722900373031735377e+00
3.722897389597645823e+00
3.722896714510647964e+00
3.722895153101112964e+00
3.722891614466921961e+00
3.722889240035372360e+00
3.722887774947088779e+00
3.722884809644582571e+00
3.722879579179878107e+00
3.722878803752055266e+00
3.722873501345401070e+00
3.722865729016691105e+00
3.722859494406518532e+00
3.722856720279793752e+00
3.722849705050188973e+00
3.722842868766532476e+00
3.722838619705211904e+00
3.722831721191433019e+00
3.722825657486212414e+00
3.722822515266548837e+00
3.722813010286680324e+00
3.722806837187432105e+00
3.722801094661539523e+00
3.722797658615991434e+00
3.722797347001987500e+00
3.722793176202086496e+00
3.722787616592796223e+00
3.722781895880377334e+00
3.722776859449913545e+00
3.722775794543284889e+00
3.722771329042877220e+00
3.722766558468725506e+00
3.722764262280590319e+00
3.722761176097563407e+00
3.722760604024837328e+00
3.722760397251766218e+00
3.722759897294229070e+00
3.722758267154062217e+00
3.722750036417205699e+00
3.722745872076349105e+00
3.722738837635007236e+00
3.722729846279241972e+00
3.722728906515997416e+00
3.722722582432296701e+00
3.722721907625115456e+00
3.722720238289567884e+00
3.722719453177520954e+00
3.722719176196542801e+00
3.722720451326467117e+00
3.722719452989741828e+00
3.722719532781808560e+00
3.722718978816216051e+00
3.722706146214366019e+00
3.722705357453787389e+00
3.722692846070927430e+00
3.722693324024246575e+00
3.722681553856492354e+00
3.722670716945751579e+00
3.722661352059036144e+00
3.722661482543314637e+00
3.722661691145460860e+00
3.722652009198698320e+00
3.722649538041555850e+00
3.722650365284407403e+00
3.722650483580202785e+00
3.722648460077838450e+00
3.722641785147265292e+00
3.722641352771591805e+00
3.722632638204009137e+00
3.722627447204640116e+00
3.722621940515490113e+00
3.722619540616268541e+00
3.722611447771493332e+00
3.722608779411474611e+00
3.722602632844094650e+00
3.722593896091860088e+00
3.722586845840601733e+00
3.722580894943904095e+00
3.722575149723622356e+00
3.722573688112646106e+00
3.722570156272363207e+00
3.722565033817464286e+00
3.722557395617276832e+00
3.722551516697187424e+00
3.722544808506313974e+00
3.722542970242838756e+00
3.722539808253388482e+00
3.722535796097826033e+00
3.722529323385602495e+00
3.722523080381619831e+00
3.722521035886925400e+00
3.722515335571387141e+00
3.722513064622676726e+00
3.722510193122131383e+00
3.722503222601657225e+00
3.722496885370278896e+00
3.722494162537450801e+00
3.722492387969976502e+00
3.722490731164123989e+00
3.722489927673629850e+00
3.722482754765815027e+00
3.722477213281988107e+00
3.722471744041432995e+00
3.722470233638071058e+00
3.722464870366247958e+00
3.722462657652207074e+00
3.722456545861713373e+00
3.722454200761022403e+00
3.722449201621615078e+00
3.722445215998427592e+00
3.722440769043448672e+00
3.722439395891451230e+00
3.722434871502177778e+00
3.722431221137708413e+00
3.722429874728350629e+00
3.722427371493879367e+00
3.722425551470588179e+00
3.722418862704204745e+00
3.722413719634942719e+00
3.722408299763755313e+00
3.722402683044972349e+00
3.722399575776855762e+00
3.722394746052573922e+00
3.722393669991742371e+00
3.722391957269473028e+00
3.722386628802877517e+00
3.722381847680177103e+00
3.722380912050588186e+00
3.722376970659579065e+00
3.722373859897667003e+00
3.722372056125452744e+00
3.722369321896463745e+00
3.722362128795701608e+00
3.722356405649329680e+00
3.722350157971889395e+00
3.722344631570965845e+00
3.722341359210641354e+00
3.722336572283848621e+00
3.722333832013927868e+00
3.722328490162425396e+00
3.722324241218387009e+00
3.722322872858586429e+00
3.722318582557037292e+00
3.722313615209390747e+00
3.722308162479114113e+00
3.722305479901784953e+00
3.722302120882105658e+00
3.722298862375502004e+00
3.722293431220975446e+00
3.722290439291123576e+00
3.722286261206952496e+00
3.722284101280317614e+00
3.722278821951683803e+00
3.722274338078328526e+00
3.722270467176216791e+00
3.722268028167493803e+00
3.722264257709124280e+00
3.722260995542704176e+00
3.722257799549191226e+00
3.722253792419528917e+00
3.722250108265949375e+00
3.722245270099155956e+00
3.722241955875285502e+00
3.722239955138666456e+00
3.722236331767116102e+00
3.722233455007598391e+00
3.722231252747326025e+00
3.722228144603099143e+00
3.722225011316629750e+00
3.722222420463936920e+00
3.722219445376479641e+00
3.722214609875722946e+00
3.722211806373992182e+00
3.722207360802688658e+00
3.722204681158401751e+00
3.722200368822214500e+00
3.722196634818938143e+00
3.722193184808639366e+00
3.722189246055302547e+00
3.722188047488096618e+00
3.722183556189750053e+00
3.722180307819173084e+00
3.722176726199406538e+00
3.722171640408884485e+00
3.722166860643986386e+00
3.722163179571779779e+00
3.722159187562918969e+00
3.722155661963571394e+00
3.722152745648965144e+00
3.722150238837901970e+00
3.722147988602943158e+00
3.722143893463635944e+00
3.722140618713241089e+00
3.722138400133991887e+00
3.722135260618186781e+00
3.722133151761891412e+00
3.722130947251238720e+00
3.722129121919810046e+00
3.722125133570205691e+00
3.722120558428321679e+00
3.722116794908060022e+00
3.722114153057708652e+00
3.722110925030766015e+00
3.722108302450137352e+00
3.722105061780407453e+00
3.722103172621698874e+00
3.722102421092740254e+00
3.722101897442024132e+00
3.722098731778495040e+00
3.722094065963855503e+00
3.722088020741083358e+00
3.722083482317402492e+00
3.722081521986337016e+00
3.722080284334122524e+00
3.722076104264996133e+00
3.722076105680049984e+00
3.722071583086136393e+00
3.722070350997004784e+00
3.722066229576979079e+00
3.722061066941660279e+00
3.722057174044367756e+00
3.722056505209138777e+00
3.722051652472918803e+00
3.722048951847070075e+00
3.722047814652107434e+00
3.722046573403299252e+00
3.722040220530663301e+00
3.722035458559033838e+00
3.722030734958538645e+00
3.722025857218582701e+00
3.722023150422431481e+00
3.722022902055825977e+00
3.722021194064409677e+00
3.722015219062086100e+00
3.722010268277324396e+00
3.722006577467865007e+00
3.722005181907480864e+00
3.722000104490353678e+00
3.721998741974214209e+00
3.721995073573943102e+00
3.721992879102873353e+00
3.721987981391357003e+00
3.721986404041214502e+00
3.721982865999631240e+00
3.721981626681531541e+00
3.721980250204457441e+00
3.721975074358690794e+00
3.721973386276215656e+00
3.721971426812149986e+00
3.721970068275513022e+00
3.721970251810804431e+00
3.721964211838945769e+00
3.721963887790194381e+00
3.721958428143607112e+00
3.721953429705729288e+00
3.721952047202419234e+00
3.721951766330408251e+00
3.721950479004953127e+00
3.721945207721399917e+00
3.721943499030622160e+00
3.721939308716080586e+00
3.721938281647589442e+00
3.721937936142832637e+00
3.721932152313216058e+00
3.721930559925455739e+00
3.721929334766152841e+00
3.721927723785618980e+00
3.721926777335799130e+00
3.721921339373843729e+00
3.721914401356748225e+00
3.721913749749219402e+00
3.721907424313635637e+00
3.721902512755595360e+00
3.721902070201847046e+00
3.721900523053421672e+00
3.721899587543642696e+00
3.721892216991754765e+00
3.721891404658013602e+00
3.721884899166805649e+00
3.721884660082198426e+00
3.721879001243715734e+00
3.721875658684418386e+00
3.721870851676575054e+00
3.721867612543348081e+00
3.721863240475789869e+00
3.721858749744482164e+00
3.721857839609482355e+00
3.721856404144794350e+00
3.721855676367493260e+00
3.721854987740077725e+00
3.721847767874294721e+00
3.721841445714846319e+00
3.721835714160321551e+00
3.721830338209378475e+00
3.721828473508724144e+00
3.721828404254190925e+00
3.721822292579045399e+00
3.721817825635529875e+00
3.721812466226750882e+00
3.721811033261023915e+00
3.721811134215479822e+00
3.721810807796961384e+00
3.721809987237329143e+00
3.721808977829015763e+00
3.721803050131532231e+00
3.721799463963685106e+00
3.721795337061293285e+00
3.721792895515916300e+00
3.721787331101621188e+00
3.721783029689875288e+00
3.721779956281702884e+00
3.721774858518203111e+00
3.721772948378518020e+00
3.721768810014168594e+00
3.721765128978077541e+00
3.721761105971305383e+00
3.721758087751596111e+00
3.721756110184748945e+00
3.721750445922610062e+00
3.721744882450282343e+00
3.721739900232373000e+00
3.721735103557920699e+00
3.721730914760645437e+00
3.721727536149687321e+00
3.721723548234472823e+00
3.721720938624855535e+00
3.721718941502135891e+00
3.721714531005713145e+00
3.721712865028643513e+00
3.721712430742403210e+00
3.721708455829884077e+00
3.721703426947699178e+00
3.721699260819311572e+00
3.721697850272482011e+00
3.721696704165735170e+00
3.721694560380200745e+00
3.721690523239761017e+00
3.721689225832005121e+00
3.721687683482569398e+00
3.721686703132333740e+00
3.721682785501742696e+00
3.721680932147557019e+00
3.721675899174804680e+00
3.721674543614875041e+00
3.721673984254328715e+00
3.721672535606585619e+00
3.721667377459788817e+00
3.721666683717231638e+00
3.721660785756618850e+00
3.721656200521983759e+00
3.721655731768481523e+00
3.721649985508855618e+00
3.721649203782813942e+00
3.721647745266375207e+00
3.721646805721288587e+00
3.721646903985408095e+00
3.721640167364303586e+00
3.721638998653020280e+00
3.721633279113867321e+00
3.721633887553077003e+00
3.721633690245806925e+00
3.721627590946522179e+00
3.721626857553179679e+00
3.721626957621237963e+00
3.721625445458203618e+00
3.721625971027932689e+00
3.721619572926188724e+00
3.721611998080687211e+00
3.721606383200423807e+00
3.721600851587587577e+00
3.721595280901381919e+00
3.721590069474117968e+00
3.721584729452970031e+00
3.721580024325751079e+00
3.721574619080763480e+00
3.721570732563316053e+00
3.721569332423865006e+00
3.721564561777561675e+00
3.721559671458380958e+00
3.721558506500277641e+00
3.721553790158823372e+00
3.721551337834654749e+00
3.721550407287288476e+00
3.721546430093313873e+00
3.721544522366903252e+00
3.721542102394240548e+00
3.721538700165426317e+00
3.721535063160741341e+00
3.721530611075786421e+00
3.721525792312568637e+00
3.721524196350125102e+00
3.721523234086737020e+00
3.721519977638705790e+00
3.721515658988683750e+00
3.721510935493921757e+00
3.721506872272460686e+00
3.721502728898947066e+00
3.721498778281754127e+00
3.721495800377676577e+00
3.721493923504154200e+00
3.721491587120376199e+00
3.721488495005703889e+00
3.721486513267138196e+00
3.721484385151816454e+00
3.721482477690058133e+00
3.721479705716758346e+00
3.721475921524429964e+00
3.721474522412186126e+00
3.721472643169718264e+00
3.721468860592975769e+00
3.721466772914638899e+00
3.721465111911671286e+00
3.721464279680047671e+00
3.721459865860623939e+00
3.721459019517846301e+00
3.721455382664613509e+00
3.721451658710457799e+00
3.721448481132170194e+00
3.721446936335097266e+00
3.721444133194095283e+00
3.721442318715991071e+00
3.721440127798428588e+00
3.721439680679828221e+00
3.721435041055221493e+00
3.721434450383651615e+00
3.721431065278329342e+00
3.721429759680721983e+00
3.721427506485628811e+00
3.721423462174117347e+00
3.721420266320460524e+00
3.721417509766494991e+00
3.721414630199868956e+00
3.721411939912142586e+00
3.721408184824319676e+00
3.721404548489185338e+00
3.721402653675880856e+00
3.721401025051926936e+00
3.721397532846829836e+00
3.721395042224437955e+00
3.721392552918783014e+00
3.721391915013421592e+00
3.721391043717130032e+00
3.721389361821679564e+00
3.721389012907287963e+00
3.721388850809851601e+00
3.721387496062894762e+00
3.721384246530261564e+00
3.721380605113252749e+00
3.721379774871607093e+00
3.721378236713834831e+00
3.721373758185577696e+00
3.721369226068948155e+00
3.721367437284683888e+00
3.721363179410031030e+00
3.721359607231977229e+00
3.721358183723934676e+00
3.721354461375513178e+00
3.721353122442296435e+00
3.721352328484178962e+00
3.721350147587006774e+00
3.721346822275691579e+00
3.721345497590617946e+00
3.721344683933244024e+00
3.721342899033598162e+00
3.721339383011556645e+00
3.721337340980114039e+00
3.721332856023962687e+00
3.721329532604189527e+00
3.721326068142653209e+00
3.721323729276218018e+00
3.721319115938815703e+00
3.721316419661434338e+00
3.721315240333421315e+00
3.721311541865993444e+00
3.721308801788226539e+00
3.721307169645074353e+00
3.721305375798223736e+00
3.721301973087399961e+00
3.721299555862879860e+00
3.721297329440791390e+00
3.721295696356136773e+00
3.721294039715916213e+00
3.721292753359001004e+00
3.721289465273391883e+00
3.721286353635160360e+00
3.721281593136080090e+00
3.721278175514974418e+00
3.721277326702118415e+00
3.721273053298362665e+00
3.721270360877602990e+00
3.721269462589432031e+00
3.721265899327240501e+00
3.721263236428691723e+00
3.721262036837872600e+00
3.721260634165332704e+00
3.721257151508476468e+00
3.721255866166463200e+00
3.721255726665837038e+00
3.721254264016295554e+00
3.721252735255277777e+00
3.721252457298940719e+00
3.721251409010285727e+00
3.721251764007081686e+00
3.721246191546080162e+00
3.721242929668627575e+00
3.721239229734382370e+00
3.721237582495679597e+00
3.721232416671999221e+00
3.721231478942150339e+00
3.721227321176887148e+00
3.721223838702002240e+00
3.721220743744723336e+00
3.721219821304836195e+00
3.721216797370343166e+00
3.721216675331248336e+00
3.721216908803941070e+00
3.721214293953251762e+00
3.721211458680974360e+00
3.721208244953207789e+00
3.721206211775631267e+00
3.721202562537149205e+00
3.721201072791483266e+00
3.721200454853229811e+00
3.721199103330121716e+00
3.721197297502860213e+00
3.721195269848930565e+00
3.721190469748315355e+00
3.721185928694170642e+00
3.721184193057521572e+00
3.721182587179212575e+00
3.721179343942600859e+00
3.721178008942120918e+00
3.721173785292291036e+00
3.721170487887860201e+00
3.721168072730824061e+00
3.721166339682230095e+00
3.721164577567138476e+00
3.721162737641750873e+00
3.721159071016510556e+00
3.721156452168993489e+00
3.721153174911378425e+00
3.721150937183585139e+00
3.721148594222991157e+00
3.721147504412906759e+00
3.721145953637022608e+00
3.721143782756875407e+00
3.721142745385068729e+00
3.721142083824294122e+00
3.721137413208572831e+00
3.721134626757980790e+00
3.721131862567297777e+00
3.721128361562565878e+00
3.721127210492990223e+00
3.721126521648908891e+00
3.721122943209911327e+00
3.721121207899364070e+00
3.721119006112453498e+00
3.721115758030228982e+00
3.721111741964862940e+00
3.721110722293821560e+00
3.721107649107461501e+00
3.721105464974854726e+00
3.721102335046862830e+00
3.721100086464650847e+00
3.721097568349350571e+00
3.721095589541403292e+00
3.721093723923180718e+00
3.721092678026333367e+00
3.721089839072678984e+00
3.721087526483970453e+00
3.721085672785736431e+00
3.721083106149437381e+00
3.721081226975898382e+00
3.721078214611059920e+00
3.721074915633049596e+00
3.721071799771197508e+00
3.721069017835262116e+00
3.721067947875936088e+00
3.721064833604812883e+00
3.721062653912345475e+00
3.721060513414108595e+00
3.721058218732376410e+00
3.721054734043474532e+00
3.721052226691903719e+00
3.721049930958113094e+00
3.721046927334518806e+00
3.721044853959877940e+00
3.721042917091212487e+00
3.721040991490545569e+00
3.721039266055846007e+00
3.721036657716906948e+00
3.721034334069626581e+00
3.721032329265489214e+00
3.721030035793440938e+00
3.721027798560293753e+00
3.721025442304780384e+00
3.721023560464581603e+00
3.721022745608060678e+00
3.721021438372745571e+00
3.721018380066302367e+00
3.721014952405476084e+00
3.721011874177959644e+00
3.721009749581337012e+00
3.721007948788720210e+00
3.721005815916958337e+00
3.721001945241520836e+00
3.721000660013419115e+00
3.720997390368114388e+00
3.720995151298532644e+00
3.720992820445887084e+00
3.720989795986695103e+00
3.720988951009994938e+00
3.720986945556669756e+00
3.720986153791316031e+00
3.720985186247235177e+00
3.720982690353059841e+00
3.720981248088323756e+00
3.720980172535343300e+00
3.720977296742608686e+00
3.720975447704828909e+00
3.720973897211602210e+00
3.720971281608801640e+00
3.720968354932685074e+00
3.720966691080791922e+00
3.720964672956644570e+00
3.720962807386424931e+00
3.720960583675300803e+00
3.720957757691048862e+00
3.720955197058479325e+00
3.720952230642086800e+00
3.720949363578275548e+00
3.720946574827142417e+00
3.720943605473902238e+00
3.720941347261761845e+00
3.720938933094881218e+00
3.720936674729345306e+00
3.720934863987523489e+00
3.720933372932675898e+00
3.720931763099436740e+00
3.720930700172667027e+00
3.720929497954820864e+00
3.720926392678777450e+00
3.720922964872134475e+00
3.720922220114421641e+00
3.720918996121064470e+00
3.720916352364307400e+00
3.720915337222438612e+00
3.720911999695923900e+00
3.720909255814574212e+00
3.720907691360801905e+00
3.720904975218267019e+00
3.720903652030035591e+00
3.720900066727696132e+00
3.720899632707947102e+00
3.720896659405656948e+00
3.720895123628589207e+00
3.720892523447582700e+00
3.720890872543161088e+00
3.720889395414730849e+00
3.720886208375743909e+00
3.720885034949522829e+00
3.720884226698251140e+00
3.720882531393133963e+00
3.720880858962724247e+00
3.720876630958042330e+00
3.720875443635305757e+00
3.720873743278204859e+00
3.720870818507972189e+00
3.720869644341862958e+00
3.720867385722911092e+00
3.720864270325198842e+00
3.720862882688755757e+00
3.720858530245666262e+00
3.720857656042705575e+00
3.720856792957643933e+00
3.720854969851629779e+00
3.720850897449252681e+00
3.720849568864417201e+00
3.720845957403845272e+00
3.720843530335951055e+00
3.720842097128599590e+00
3.720838938935501883e+00
3.720835569575468682e+00
3.720832898390587840e+00
3.720829069455342086e+00
3.720828521170028935e+00
3.720827504061075874e+00
3.720824229893902935e+00
3.720822972088034586e+00
3.720821379906015469e+00
3.720818656751252451e+00
3.720815227316712104e+00
3.720812246145978719e+00
3.720809037059390256e+00
3.720806416929856031e+00
3.720804388965511134e+00
3.720801705123349734e+00
3.720800203233995518e+00
3.720796185680256496e+00
3.720794017200734327e+00
3.720791484149735595e+00
3.720788742678230232e+00
3.720786585813824487e+00
3.720784535335051935e+00
3.720780511028384030e+00
3.720777918893313885e+00
3.720776245907006174e+00
3.720774235176912192e+00
3.720771771688567320e+00
3.720769856211219473e+00
3.720768801717479590e+00
3.720767460571394292e+00
3.720764794340357895e+00
3.720763570959568334e+00
3.720759968230551884e+00
3.720758234511718499e+00
3.720758150831624977e+00
3.720756434112985289e+00
3.720756600738971631e+00
3.720753599313272098e+00
3.720751985295053910e+00
3.720750614144770374e+00
3.720750661120588720e+00
3.720749544363664452e+00
3.720748756248154709e+00
3.720747831295984298e+00
3.720747635939524844e+00
3.720743346802907414e+00
3.720740918477508874e+00
3.720737764197100450e+00
3.720736940062578491e+00
3.720732429283140963e+00
3.720732394927217523e+00
3.720728707637166899e+00
3.720725965461444851e+00
3.720725371166472062e+00
3.720724352218036657e+00
3.720724202367709843e+00
3.720723249692909018e+00
3.720722299730211180e+00
3.720721026440731105e+00
3.720720120101545181e+00
3.720715561911497105e+00
3.720715502766486438e+00
3.720712103166390339e+00
3.720711522001340921e+00
3.720706263139564207e+00
3.720701803000854291e+00
3.720701700873687567e+00
3.720698504322907496e+00
3.720697849701593896e+00
3.720697288741432907e+00
3.720697032559800554e+00
3.720693025423325029e+00
3.720689049820534944e+00
3.720685032186421992e+00
3.720683788588835750e+00
3.720680000833160861e+00
3.720676262894562658e+00
3.720672464707905469e+00
3.720670025937058867e+00
3.720665863898189318e+00
3.720662766268487687e+00
3.720660658380896102e+00
3.720659115528538674e+00
3.720657704666798793e+00
3.720657149645032913e+00
3.720656306418164139e+00
3.720655033848052184e+00
3.720654374513275187e+00
3.720654117362024671e+00
3.720651796158183089e+00
3.720647540091014616e+00
3.720645037971417768e+00
3.720644601868301926e+00
3.720642888048506070e+00
3.720642174060411200e+00
3.720641229486864709e+00
3.720639952378051341e+00
3.720637954416576854e+00
3.720636938864152476e+00
3.720636639003706669e+00
3.720631507857777631e+00
3.720626996609644799e+00
3.720624594940429741e+00
3.720624303978227854e+00
3.720623406719703929e+00
3.720622529183498894e+00
3.720617838469277849e+00
3.720617935418066402e+00
3.720617872662343562e+00
3.720612740996677381e+00
3.720612288141268653e+00
3.720609361437985818e+00
3.720608891114638439e+00
3.720605696158806541e+00
3.720604839178996759e+00
3.720601771453444506e+00
3.720600650315768476e+00
3.720600288614658524e+00
3.720595021706547989e+00
3.720589697695764198e+00
3.720588618238922063e+00
3.720588605042834285e+00
3.720587638553773502e+00
3.720587456492514100e+00
3.720583446370881120e+00
3.720583093803205621e+00
3.720577944703197915e+00
3.720573800212142235e+00
3.720569725574767173e+00
3.720565868335831361e+00
3.720562548596528796e+00
3.720562166112515445e+00
3.720561663622857118e+00
3.720560946970348226e+00
3.720559296890166401e+00
3.720558504990581383e+00
3.720555833921195710e+00
3.720556408385296887e+00
3.720551473324591019e+00
3.720550924814506999e+00
3.720546429587977322e+00
3.720545693504862861e+00
3.720541955117191435e+00
3.720537692967985866e+00
3.720533180695873909e+00
3.720529808782496950e+00
3.720526858446471685e+00
3.720526005368455458e+00
3.720522437926933268e+00
3.720521252388929945e+00
3.720521042235378495e+00
3.720518351299284987e+00
3.720517336341784276e+00
3.720514964948531400e+00
3.720514935342825957e+00
3.720514300680012543e+00
3.720513540118900231e+00
3.720510637146710931e+00
3.720507210121762220e+00
3.720503559655563119e+00
3.720502955738341555e+00
3.720501922107902981e+00
3.720501704474586280e+00
3.720501265254401169e+00
3.720497086892294636e+00
3.720493619385748740e+00
3.720493251657848610e+00
3.720488861858750163e+00
3.720486138426562839e+00
3.720482682697836108e+00
3.720479153076632350e+00
3.720476608385764550e+00
3.720472739230912484e+00
3.720469663725959109e+00
3.720466891827538536e+00
3.720465514786339689e+00
3.720462915831249440e+00
3.720461629060213493e+00
3.720458098250158052e+00
3.720454795888672450e+00
3.720453701538053437e+00
3.720452491465191969e+00
3.720450893803480152e+00
3.720448605469303782e+00
3.720445281926409553e+00
3.720444738576285548e+00
3.720443687870783833e+00
3.720440620198270043e+00
3.720439731474187273e+00
3.720437268218538485e+00
3.720433885751790903e+00
3.720431447604415798e+00
3.720430514475368433e+00
3.720427897251710636e+00
3.720425837298074523e+00
3.720422691458097564e+00
3.720420092026192727e+00
3.720417288236192999e+00
3.720414724688040575e+00
3.720412726590556662e+00
3.720410908666090588e+00
3.720408960677417110e+00
3.720407115695800737e+00
3.720405492501644318e+00
3.720403250983631338e+00
3.720401959171898643e+00
3.720401171893552128e+00
3.720399837706279467e+00
3.720396761688184561e+00
3.720394443427974540e+00
3.720393011631094815e+00
3.720390374067762629e+00
3.720389119598053185e+00
3.720388085723070226e+00
3.720385498716424433e+00
3.720384546244575041e+00
3.720381923407575009e+00
3.720379532081980134e+00
3.720377438194327535e+00
3.720376056368394302e+00
3.720373343988504722e+00
3.720370181728683612e+00
3.720367681228557544e+00
3.720364737375065456e+00
3.720362358986460727e+00
3.720361587460090380e+00
3.720360912991712787e+00
3.720359504723781185e+00
3.720356671402484050e+00
3.720355068521702169e+00
3.720352252378006153e+00
3.720349843226288478e+00
3.720348042941706623e+00
3.720347023542169840e+00
3.720346398901982710e+00
3.720344678483427536e+00
3.720342670479728220e+00
3.720340936292851897e+00
3.720339652108825668e+00
3.720338459207035431e+00
3.720337397700490545e+00
3.720334976269739080e+00
3.720331933797599966e+00
3.720330957114191150e+00
3.720329146992873870e+00
3.720326824125998577e+00
3.720324547488357503e+00
3.720322153706930202e+00
3.720320726084997087e+00
3.720318661182226982e+00
3.720316132334075654e+00
3.720314554204957602e+00
3.720312400706450973e+00
3.720311637452863529e+00
3.720310006017725435e+00
3.720308836691357257e+00
3.720306711649984166e+00
3.720305643377182836e+00
3.720304089805256620e+00
3.720303686243679131e+00
3.720301679437601372e+00
3.720300236672950511e+00
3.720298188914267445e+00
3.720295580346863140e+00
3.720293798021245824e+00
3.720292001410114402e+00
3.720290735468426035e+00
3.720288903537011471e+00
3.720287211635376678e+00
3.720285972394215879e+00
3.720284441199134928e+00
3.720282117762449214e+00
3.720279742116887167e+00
3.720278256489669921e+00
3.720275914149258956e+00
3.720274194756900243e+00
3.720272696662422884e+00
3.720270742351207804e+00
3.720268486140676512e+00
3.720266710195869297e+00
3.720265043937456273e+00
3.720264125462137361e+00
3.720261305246165495e+00
3.720259707841978791e+00
3.720258341083062970e+00
3.720255758626115128e+00
3.720253678352207327e+00
3.720251106160865184e+00
3.720249327861253619e+00
3.720247753651014566e+00
3.720246223317000833e+00
3.720244893729200086e+00
3.720243231859478694e+00
3.720241480211169183e+00
3.720239652165042710e+00
3.720237813739636579e+00
3.720235874287480815e+00
3.720233603749477869e+00
3.720231589977893716e+00
3.720229809297618928e+00
3.720228289445353109e+00
3.720226844246246944e+00
3.720224171137715974e+00
3.720222050447595574e+00
3.720220193820538146e+00
3.720218654836942473e+00
3.720216623074614315e+00
3.720214950742642301e+00
3.720212898569227544e+00
3.720210754844162082e+00
3.720209439402474505e+00
3.720208511165950416e+00
3.720207319723467076e+00
3.720206380975820348e+00
3.720205714419217546e+00
3.720203426331833985e+00
3.720200776420308664e+00
3.720199321288762739e+00
3.720197199079801731e+00
3.720195440599612713e+00
3.720193697205741223e+00
3.720192396239260013e+00
3.720191267791113532e+00
3.720190197218105510e+00
3.720189815763647712e+00
3.720187915201834006e+00
3.720186837154437764e+00
3.720185343266756650e+00
3.720182854196786071e+00
3.720180229398369232e+00
3.720179245256320932e+00
3.720178534134829462e+00
3.720177324009725339e+00
3.720174321574359233e+00
3.720171887401225508e+00
3.720169373197762752e+00
3.720167919473384988e+00
3.720166709780531544e+00
3.720164711586947615e+00
3.720162746810379062e+00
3.720160968739042673e+00
3.720159142616753734e+00
3.720157151697717435e+00
3.720156177633411332e+00
3.720154922628303051e+00
3.720153689934524888e+00
3.720151515710413026e+00
3.720150244551295060e+00
3.720148847809555015e+00
3.720147833937957671e+00
3.720146189212213184e+00
3.720144713837252315e+00
3.720143167801867712e+00
3.720141227449949906e+00
3.720139548142831654e+00
3.720138329896210294e+00
3.720136550493211125e+00
3.720135186608824363e+00
3.720134423580509608e+00
3.720133514776195582e+00
3.720132090074523834e+00
3.720131810349402102e+00
3.720131197902867726e+00
3.720131631503454717e+00
3.720129367469252823e+00
3.720128190605968221e+00
3.720127251673924995e+00
3.720125608280099083e+00
3.720122983573290298e+00
3.720121473548088087e+00
3.720120315296872260e+00
3.720119762426022714e+00
3.720119311577859023e+00
3.720117656192857503e+00
3.720116077614733285e+00
3.720115626375953166e+00
3.720113358430236605e+00
3.720112814974144921e+00
3.720108684379944464e+00
3.720105820960618814e+00
3.720103039587025595e+00
3.720102782958290000e+00
3.720100114834368643e+00
3.720099670574013917e+00
3.720096590206523501e+00
3.720094615243917602e+00
3.720092386126509609e+00
3.720090438711612713e+00
3.720088386187158314e+00
3.720085810655791914e+00
3.720083388222873655e+00
3.720080962421197235e+00
3.720079074723658508e+00
3.720076970078447509e+00
3.720074869383790173e+00
3.720072916902859461e+00
3.720070886344490901e+00
3.720068418145042077e+00
3.720067316427798865e+00
3.720065870132327035e+00
3.720064958475952643e+00
3.720063537899352735e+00
3.720062508357960152e+00
3.720060049760970600e+00
3.720058518796074409e+00
3.720056941906929815e+00
3.720055299934814652e+00
3.720054175871111646e+00
3.720053119399225228e+00
3.720050553637275659e+00
3.720049227588407170e+00
3.720046998411003614e+00
3.720044464253355887e+00
3.720042849219474146e+00
3.720040810510769624e+00
3.720039051877662484e+00
3.720037134595692851e+00
3.720035432372343909e+00
3.720033481384001028e+00
3.720031812871305021e+00
3.720029115774764694e+00
3.720027978108735311e+00
3.720026098228288003e+00
3.720024640958147888e+00
3.720022977753952187e+00
3.720021075838179314e+00
3.720019343436308912e+00
3.720018722000487443e+00
3.720017123407492576e+00
3.720016324484472392e+00
3.720015117123525172e+00
3.720013237718882593e+00
3.720011878753927803e+00
3.720009913921563438e+00
3.720008944986231914e+00
3.720008266474621461e+00
3.720006209179801626e+00
3.720004769794001298e+00
3.720002921074043734e+00
3.720001765763370827e+00
3.720000891213812277e+00
3.719999469058965946e+00
3.719998504407453499e+00
3.719997208541055755e+00
3.719996661656601145e+00
3.719993915634956849e+00
3.719993113019989028e+00
3.719992196994160505e+00
3.719991474404479526e+00
3.719989880963509243e+00
3.719988274395222394e+00
3.719985953196580653e+00
3.719983201425753894e+00
3.719980897411383935e+00
3.719978165162124650e+00
3.719976830152918357e+00
3.719975845294915207e+00
3.719973008348499643e+00
3.719972109533735694e+00
3.719971445872959581e+00
3.719969134195804994e+00
3.719966836418020950e+00
3.719964498456238999e+00
3.719961708121651611e+00
3.719959189900175378e+00
3.719957169660708107e+00
3.719955135754516640e+00
3.719953318049061597e+00
3.719951053848466138e+00
3.719949239503665073e+00
3.719946232271430286e+00
3.719944432215974039e+00
3.719942074722073055e+00
3.719939897732695844e+00
3.719939043074017349e+00
3.719937984511830109e+00
3.719936779224891410e+00
3.719935423678001118e+00
3.719934623989725075e+00
3.719932562078291038e+00
3.719931391448929148e+00
3.719930754451540089e+00
3.719928997519929670e+00
3.719928443265528184e+00
3.719926536338036716e+00
3.719924321445411408e+00
3.719922062836757526e+00
3.719920190112216751e+00
3.719918120748419543e+00
3.719916730989925924e+00
3.719914708192027408e+00
3.719913103813297539e+00
3.719910862471844215e+00
3.719908904212459344e+00
3.719907085356861209e+00
3.719905287012092554e+00
3.719904229324912937e+00
3.719902510478359847e+00
3.719900497500361780e+00
3.719899121771816475e+00
3.719898247127791269e+00
3.719896234654903378e+00
3.719894781185981270e+00
3.719892227605584356e+00
3.719890699368565201e+00
3.719888885940543677e+00
3.719887858181761153e+00
3.719886073929461467e+00
3.719884539096463438e+00
3.719883320574075558e+00
3.719882257704293593e+00
3.719879360619765762e+00
3.719878263762465664e+00
3.719877099296716061e+00
3.719875929585419794e+00
3.719874039000000909e+00
3.719872288215587908e+00
3.719870451821954749e+00
3.719867360960797953e+00
3.719866409680750774e+00
3.719865268759012356e+00
3.719862808442488955e+00
3.719860045512860314e+00
3.719859063132790578e+00
3.719857325528550529e+00
3.719855685994284400e+00
3.719853186164534975e+00
3.719851603792540651e+00
3.719850128950339840e+00
3.719847580017521249e+00
3.719846698525358430e+00
3.719845099785602738e+00
3.719843533191218743e+00
3.719842334768703296e+00
3.719841078822596625e+00
3.719839435846908682e+00
3.719837836800727437e+00
3.719836349826097788e+00
3.719834543210775557e+00
3.719833022994154081e+00
3.719831703989495253e+00
3.719829546409952226e+00
3.719827519330749954e+00
3.719825535083531420e+00
3.719823563484336848e+00
3.719821323553648362e+00
3.719820482288740404e+00
3.719818412820277143e+00
3.719817411143517827e+00
3.719817071141193754e+00
3.719815006320845718e+00
3.719814097579786871e+00
3.719813912686690038e+00
3.719812326896749344e+00
3.719811899922693677e+00
3.719811185591513691e+00
3.719809275159601025e+00
3.719807884480248461e+00
3.719806198781320461e+00
3.719805239937892249e+00
3.719804918969559004e+00
3.719802459748230206e+00
3.719801863479645476e+00
3.719799905800555528e+00
3.719797374808555102e+00
3.719796857542455815e+00
3.719795673630115207e+00
3.719795190525468698e+00
3.719794596183753743e+00
3.719791131751915003e+00
3.719788812017696955e+00
3.719787219475727102e+00
3.719784621083024767e+00
3.719784123453858893e+00
3.719781936650958798e+00
3.719779718393199541e+00
3.719778640909242817e+00
3.719777888361756712e+00
3.719775732636366961e+00
3.719775116813297977e+00
3.719773014220926655e+00
3.719770241438235203e+00
3.719768044010717922e+00
3.719765942185821128e+00
3.719765500298477967e+00
3.719764057210259711e+00
3.719761581891056323e+00
3.719759672155257046e+00
3.719759446363040567e+00
3.719756769036225652e+00
3.719756130270387651e+00
3.719755309364191742e+00
3.719753561817084275e+00
3.719751061805110393e+00
3.719750927169780397e+00
3.719749922736984793e+00
3.719748044284514332e+00
3.719746306917134593e+00
3.719743958095914405e+00
3.719743181665982945e+00
3.719742610826181739e+00
3.719741166278583755e+00
3.719739763824177814e+00
3.719737668492538063e+00
3.719735943007857593e+00
3.719733628408163462e+00
3.719732167769346898e+00
3.719730544918090853e+00
3.719729232353457427e+00
3.719726751607059345e+00
3.719725297366627714e+00
3.719724738906242667e+00
3.719724027273054290e+00
3.719723096307211652e+00
3.719722452596598838e+00
3.719721892066347735e+00
3.719720479470261854e+00
3.719719637040376448e+00
3.719718913738998545e+00
3.719718648474982015e+00
3.719716696667794142e+00
3.719716516431672115e+00
3.719715385474429148e+00
3.719712693526439740e+00
3.719710475742235456e+00
3.719708439691604696e+00
3.719708346262689425e+00
3.719706070131250986e+00
3.719705925667728508e+00
3.719703063294891532e+00
3.719700599841245570e+00
3.719699828468433278e+00
3.719699512905085381e+00
3.719698873613907608e+00
3.719696570194741536e+00
3.719696421862279223e+00
3.719694435510621400e+00
3.719692850083925695e+00
3.719692489452218087e+00
3.719691147538933595e+00
3.719689253013942043e+00
3.719687140748372922e+00
3.719686497031450934e+00
3.719684484665253255e+00
3.719682874641849324e+00
3.719681728152305578e+00
3.719679687370281762e+00
3.719678842069916502e+00
3.719677314370174237e+00
3.719676293839179859e+00
3.719675575478517793e+00
3.719673838717806547e+00
3.719672906577980331e+00
3.719671019710651283e+00
3.719669041010486232e+00
3.719666645797568449e+00
3.719665664878731182e+00
3.719664389689596451e+00
3.719663383994717520e+00
3.719661800349264080e+00
3.719660361991764308e+00
3.719658048070383138e+00
3.719656008736886399e+00
3.719655426086199146e+00
3.719654754527751628e+00
3.719654336320391774e+00
3.719653566401876166e+00
3.719653047216854969e+00
3.719652280249129639e+00
3.719651922715698777e+00
3.719651071018446498e+00
3.719650377693765719e+00
3.719649564387434104e+00
3.719647056945101671e+00
3.719645058706346763e+00
3.719643220801722716e+00
3.719641144949220379e+00
3.719639437555079198e+00
3.719637578234464392e+00
3.719636819362750035e+00
3.719636753247353322e+00
3.719635052021131205e+00
3.719633635037759234e+00
3.719632373196544162e+00
3.719630683973065732e+00
3.719628494203776725e+00
3.719626768372402470e+00
3.719624799556292327e+00
3.719622487754056017e+00
3.719621612886622852e+00
3.719619306201582098e+00
3.719617281971209888e+00
3.719616360224970553e+00
3.719615879913766854e+00
3.719615567960637748e+00
3.719615150328240194e+00
3.719614584186503592e+00
3.719613908040380501e+00
3.719611757646727135e+00
3.719610931812071364e+00
3.719610476119751041e+00
3.719609540601845232e+00
3.719608781641172701e+00
3.719608640338003980e+00
3.719607563766075931e+00
3.719605087304976632e+00
3.719602560998230611e+00
3.719600537198826995e+00
3.719598312291882092e+00
3.719597368934628889e+00
3.719595068535556770e+00
3.719594292294884141e+00
3.719592421056090892e+00
3.719590219551904831e+00
3.719587809439392156e+00
3.719585921261637118e+00
3.719584661220527888e+00
3.719583876314537463e+00
3.719582184595092045e+00
3.719581469192058787e+00
3.719579380974902261e+00
3.719578640004424397e+00
3.719576275707492385e+00
3.719575486915570384e+00
3.719573298869336409e+00
3.719571795535223657e+00
3.719569966588601950e+00
3.719568239310713675e+00
3.719566371066750587e+00
3.719565457412543186e+00
3.719564278729927231e+00
3.719563081527587300e+00
3.719562556243842799e+00
3.719560686591777188e+00
3.719560456840175888e+00
3.719558637954075486e+00
3.719557300145380552e+00
3.719556089915507791e+00
3.719554957329163081e+00
3.719553213081583376e+00
3.719551276579540655e+00
3.719549486808400030e+00
3.719547962619641712e+00
3.719547071300579599e+00
3.719546064441538125e+00
3.719544925420837700e+00
3.719543534360730153e+00
3.719542175711557874e+00
3.719541708614466646e+00
3.719540778417998794e+00
3.719539688446368952e+00
3.719537911811869435e+00
3.719536689596689705e+00
3.719534940820144797e+00
3.719533549373283510e+00
3.719531909254312207e+00
3.719530656705736238e+00
3.719528708454276078e+00
3.719528015512244323e+00
3.719526498602470532e+00
3.719525704767065122e+00
3.719524717160705762e+00
3.719523622323423151e+00
3.719522577931059448e+00
3.719521186949664937e+00
3.719519568172929613e+00
3.719517722359280576e+00
3.719516317501665004e+00
3.719514814640968225e+00
3.719513948946118642e+00
3.719513160326021861e+00
3.719512867651769916e+00
3.719512309749695156e+00
3.719510949581859460e+00
3.719510751911172974e+00
3.719510490336135344e+00
3.719508484359945300e+00
3.719507622444349959e+00
3.719506657475267986e+00
3.719504924820997260e+00
3.719502711872733514e+00
3.719501919780581201e+00
3.719501568939174607e+00
3.719499708584249831e+00
3.719497159135675357e+00
3.719496498659070838e+00
3.719496475268547542e+00
3.719494315520628369e+00
3.719493807135722196e+00
3.719492562033542615e+00
3.719490731525764371e+00
3.719488972111351099e+00
3.719488245833084239e+00
3.719487488966997990e+00
3.719485899903525628e+00
3.719484592998366423e+00
3.719483096234160069e+00
3.719481988943505346e+00
3.719480501311078324e+00
3.719478625412770967e+00
3.719477588439486837e+00
3.719476493301377307e+00
3.719474880994517729e+00
3.719473843755110032e+00
3.719472567945272701e+00
3.719471513319556166e+00
3.719470283056218296e+00
3.719469314280979599e+00
3.719468162834308700e+00
3.719466366728516604e+00
3.719465502064767115e+00
3.719464705725245679e+00
3.719463093467700432e+00
3.719461527874226014e+00
3.719460409343827489e+00
3.719459164159103270e+00
3.719457829783590963e+00
3.719456682350819943e+00
3.719455974851182400e+00
3.719454987579151162e+00
3.719453380592313785e+00
3.719452341215087277e+00
3.719451317398921208e+00
3.719450435448268255e+00
3.719449131251217011e+00
3.719447865995527458e+00
3.719446772994707384e+00
3.719445298925596610e+00
3.719444436459069525e+00
3.719442768527499332e+00
3.719441443915348255e+00
3.719440210023092774e+00
3.719438628947425940e+00
3.719437258320629880e+00
3.719436248342482987e+00
3.719434544502852713e+00
3.719433203225118501e+00
3.719432266568484025e+00
3.719431558371775193e+00
3.719430561313883832e+00
3.719429097351921065e+00
3.719428309425441004e+00
3.719427266523807063e+00
3.719426078005994452e+00
3.719424676013289410e+00
3.719423413173018389e+00
3.719421950194119475e+00
3.719420761651132334e+00
3.719419121824531604e+00
3.719417709623631829e+00
3.719416684503225046e+00
3.719415469825847698e+00
3.719414276836817912e+00
3.719413403774509685e+00
3.719412412028785475e+00
3.719411656380752440e+00
3.719410465634414908e+00
3.719408781190784996e+00
3.719407462584503055e+00
3.719405913972812172e+00
3.719404243305629354e+00
3.719403058234600490e+00
3.719401668161489205e+00
3.719400414556010226e+00
3.719399337520584048e+00
3.719397837125479445e+00
3.719396474988859502e+00
3.719394930145959677e+00
3.719393991204701155e+00
3.719392259702881454e+00
3.719391188505558166e+00
3.719390340189509203e+00
3.719388912795044355e+00
3.719387666432936612e+00
3.719386962441611377e+00
3.719385247045567056e+00
3.719384339180062948e+00
3.719382963484317184e+00
3.719381758901373125e+00
3.719381131561042775e+00
3.719379839339863825e+00
3.719378880060291603e+00
3.719377154347433656e+00
3.719375818303441328e+00
3.719374919259759160e+00
3.719373341164898594e+00
3.719372279759680211e+00
3.719370911830290449e+00
3.719370000618075434e+00
3.719369528415751081e+00
3.719368386344737321e+00
3.719367159076571561e+00
3.719366204609208193e+00
3.719365229751309343e+00
3.719364448563699188e+00
3.719363049336370519e+00
3.719361764421803773e+00
3.719361226926416908e+00
3.719360740877328819e+00
3.719358824358137472e+00
3.719357200621098425e+00
3.719355673422167108e+00
3.719355104277552559e+00
3.719353890480667335e+00
3.719352061697343448e+00
3.719350507037602949e+00
3.719349636448058938e+00
3.719348142745710462e+00
3.719346623048012113e+00
3.719345378656373935e+00
3.719344047650857910e+00
3.719342938166050772e+00
