3.575300964084013433e+00
3.575509430718330162e+00
3.575753826300442917e+00
3.576002506356581012e+00
3.576230100128050982e+00
3.576426626361866479e+00
3.576594488389312154e+00
3.576709911796904784e+00
3.576830922536607282e+00
3.576956818337535093e+00
3.577087082269411855e+00
3.577221332650738717e+00
3.577359198677762198e+00
3.577500364907886699e+00
3.577644516985024392e+00
3.577791347425117063e+00
3.577940552473678260e+00
3.578091815766584194e+00
3.578244828243340336e+00
3.578427088800331557e+00
3.578603272843267291e+00
3.578728498090358201e+00
3.578871369215495424e+00
3.579023358109013841e+00
3.579176922642266057e+00
3.579333476245379675e+00
3.579479879987801816e+00
3.579678022071930865e+00
3.579809396293398116e+00
3.579996503308346956e+00
3.580132248817750718e+00
3.580336456831017422e+00
3.580452063640842564e+00
3.580568932410359118e+00
3.580757894209687375e+00
3.580879097491994401e+00
3.581014859431666419e+00
3.581156071030925148e+00
3.581302355311758223e+00
3.581428639716699447e+00
3.581563002042541743e+00
3.581705036414069454e+00
3.581845816276335359e+00
3.581991041767629280e+00
3.582127751524590398e+00
3.582272668873099697e+00
3.582423446133510936e+00
3.582567682956913746e+00
3.582723073296383731e+00
3.582881772086825123e+00
3.583041277696233706e+00
3.583211596401850496e+00
3.583352290166536225e+00
3.583493397814703663e+00
3.583621766811329490e+00
3.583777438279866168e+00
3.583927348867458118e+00
3.584079475655050473e+00
3.584231645025911295e+00
3.584356184100194742e+00
3.584489464257162084e+00
3.584649702132404414e+00
3.584777111514983794e+00
3.584911070084054074e+00
3.585047727786606409e+00
3.585203365252443763e+00
3.585335190909425318e+00
3.585472469236961945e+00
3.585627454813109516e+00
3.585760736255337644e+00
3.585915246121633704e+00
3.586068789342016228e+00
3.586220818532770416e+00
3.586371712549410340e+00
3.586499452458886683e+00
3.586652307477527835e+00
3.586785316470517682e+00
3.586924479769334262e+00
3.587066631819931128e+00
3.587218473091970505e+00
3.587397726349059734e+00
3.587581833881932969e+00
3.587764790192900399e+00
3.587945516357611719e+00
3.588124364638852093e+00
3.588215399303623876e+00
3.588349064432408753e+00
3.588488980529851435e+00
3.588633805795832465e+00
3.588812069834387497e+00
3.588944905105747818e+00
3.589087525694478753e+00
3.589232945362616611e+00
3.589370647631273670e+00
3.589515922858645069e+00
3.589663757399174759e+00
3.589807614270922098e+00
3.589973391233542532e+00
3.590145185524704186e+00
3.590257664432632279e+00
3.590433586819618661e+00
3.590611038159210011e+00
3.590712874589293335e+00
3.590888597786594083e+00
3.591066636784112198e+00
3.591168893824826291e+00
3.591344864406342374e+00
3.591523036596159013e+00
3.591625080472727660e+00
3.591801408492038661e+00
3.591979852445210675e+00
3.592081888490661346e+00
3.592258695397566370e+00
3.592437465286109521e+00
3.592539371011706617e+00
3.592716737024433726e+00
3.592850547625174418e+00
3.593029944564624323e+00
3.593161514805083723e+00
3.593305984620159155e+00
3.593453553863629857e+00
3.593602073066623603e+00
3.593751031685691544e+00
3.593900285215223978e+00
3.594049795970625016e+00
3.594199529275539540e+00
3.594349480394268159e+00
3.594487842485544427e+00
3.594638058746630005e+00
3.594789539761398700e+00
3.594940681028493401e+00
3.595078669207426358e+00
3.595245290661629678e+00
3.595408984424564913e+00
3.595575684693613550e+00
3.595717604505919596e+00
3.595870790313297594e+00
3.596017972303260812e+00
3.596166321069802940e+00
3.596294276319409899e+00
3.596473507917329560e+00
3.596650101325206350e+00
3.596783502578494218e+00
3.596958583249243446e+00
3.597094864989174301e+00
3.597268596977759358e+00
3.597405351888375957e+00
3.597545988609840872e+00
3.597719162946678928e+00
3.597827666426570037e+00
3.597996697592733550e+00
3.598125148385529659e+00
3.598261774352650377e+00
3.598401258802214731e+00
3.598542499298056363e+00
3.598684964981365475e+00
3.598834717965563090e+00
3.598998113100031482e+00
3.599166608266462397e+00
3.599305222733354626e+00
3.599439120471950471e+00
3.599581748217468125e+00
3.599741184932406579e+00
3.599900602187227960e+00
3.600041930449163541e+00
3.600187452455893222e+00
3.600335036612700712e+00
3.600484051051323853e+00
3.600628066693201124e+00
3.600778481949175269e+00
3.600927422209646789e+00
3.601071588542529511e+00
3.601221381795080667e+00
3.601377915088727732e+00
3.601534675876942426e+00
3.601690919398761181e+00
3.601846698327501262e+00
3.601976364768101568e+00
3.602146558571021728e+00
3.602294264201502116e+00
3.602453280941285030e+00
3.602588889265132543e+00
3.602743240699164851e+00
3.602899758652896800e+00
3.603037067234539759e+00
3.603202841835388082e+00
3.603350026031082454e+00
3.603494762191695067e+00
3.603643753719286025e+00
3.603795784988540252e+00
3.603956475541858939e+00
3.604117131383192341e+00
3.604253030811361835e+00
3.604397193371413177e+00
3.604555134701023622e+00
3.604699184500814280e+00
3.604846800875389334e+00
3.604989126619053241e+00
3.605162866563565327e+00
3.605310907719556646e+00
3.605466381719628188e+00
3.605608865737850000e+00
3.605757107667594941e+00
3.605905902642303484e+00
3.606061779696629443e+00
3.606219269974282771e+00
3.606380635574755633e+00
3.606523973710574982e+00
3.606678661639944661e+00
3.606840439335313064e+00
3.606988610674648932e+00
3.607158828347764246e+00
3.607299929664713023e+00
3.607451231080180509e+00
3.607602926810289379e+00
3.607748603830644107e+00
3.607894955700947204e+00
3.608061369288563469e+00
3.608214573862026597e+00
3.608354660125418167e+00
3.608518902360567271e+00
3.608663045399814973e+00
3.608818494470018567e+00
3.608976409155427501e+00
3.609121535917077850e+00
3.609283389813342513e+00
3.609431202488306845e+00
3.609586017547966819e+00
3.609720074285657443e+00
3.609870051231100163e+00
3.610024873732170736e+00
3.610190928430141444e+00
3.610341154846452127e+00
3.610496806399901448e+00
3.610637991351839382e+00
3.610791865081137697e+00
3.610950458160547605e+00
3.611103062114806583e+00
3.611253343136999749e+00
3.611408788443314588e+00
3.611573058345579845e+00
3.611721823074182769e+00
3.611881184045775850e+00
3.612035896487570952e+00
3.612191645713850985e+00
3.612335383335926853e+00
3.612484100324993008e+00
3.612641805838812559e+00
3.612779476249489807e+00
3.612937642937269711e+00
3.613094964776009554e+00
3.613258782870603092e+00
3.613396260233010970e+00
3.613546486118268675e+00
3.613692944015423958e+00
3.613840529180806893e+00
3.613996634164891031e+00
3.614159395067876090e+00
3.614303772360797584e+00
3.614451306342288728e+00
3.614614232594676402e+00
3.614775167816711932e+00
3.614913738345340910e+00
3.615061199090772615e+00
3.615219576564536297e+00
3.615364888423580947e+00
3.615519119197434517e+00
3.615674389386979382e+00
3.615819712090205140e+00
3.615980028959613346e+00
3.616123474949535233e+00
3.616274787911347932e+00
3.616429682821058478e+00
3.616596725262648082e+00
3.616732972764656662e+00
3.616875701091315065e+00
3.617026823694660109e+00
3.617177491898697195e+00
3.617328065172320972e+00
3.617456216886247411e+00
3.617547208333399045e+00
3.617599107515236057e+00
3.617609134704479423e+00
3.617616997404556223e+00
3.617622321518079165e+00
3.617636803466451667e+00
3.617649839377492960e+00
3.617639887374819452e+00
3.617650886118936704e+00
3.617644468258051305e+00
3.617654025845402188e+00
3.617648351201152579e+00
3.617656927131507771e+00
3.617665183125721828e+00
3.617672350654244529e+00
3.617678635765033679e+00
3.617684312703602245e+00
3.617676855910387790e+00
3.617676549734527569e+00
3.617678197436678289e+00
3.617674241862234741e+00
3.617687494411707227e+00
3.617684007670928015e+00
3.617681518149920450e+00
3.617683320148790127e+00
3.617691421555634612e+00
3.617688690386497985e+00
3.617691822673217761e+00
3.617687777300655938e+00
3.617687053706048150e+00
3.617687131597423722e+00
3.617692796337465655e+00
3.617696957818804737e+00
3.617692950292374920e+00
3.617694176328261069e+00
3.617694381481745936e+00
3.617693678741198404e+00
3.617695138466417326e+00
3.617697765833212120e+00
3.617701331846885804e+00
3.617706690606316666e+00
3.617702261317639056e+00
3.617705704697097957e+00
3.617703566278681837e+00
3.617703559041431927e+00
3.617702865950745306e+00
3.617705293490382612e+00
3.617707966714867052e+00
3.617710529797112606e+00
3.617712862006403629e+00
3.617715012943071073e+00
3.617717002857779196e+00
3.617718883699444721e+00
3.617720698996534701e+00
3.617722468651275225e+00
3.617724179897459091e+00
3.617725876702266419e+00
3.617727578680479894e+00
3.617729293453184169e+00
3.617731026790341975e+00
3.617732799911576702e+00
3.617734606614834814e+00
3.617736456782137733e+00
3.617738330303443384e+00
3.617735178952711461e+00
3.617731498239442178e+00
3.617732971823082622e+00
3.617731596246826609e+00
3.617730107883736501e+00
3.617732351426907300e+00
3.617735926368600197e+00
3.617739984832422095e+00
3.617744100454352019e+00
3.617748102455602410e+00
3.617751936283414071e+00
3.617755552867327751e+00
3.617758943178401854e+00
3.617762135220250030e+00
3.617755063588413034e+00
3.617752426196498394e+00
3.617749881630814901e+00
3.617753358098074745e+00
3.617753325106886297e+00
3.617752595275997685e+00
3.617750980140867156e+00
3.617751960602091810e+00
3.617757353489344130e+00
3.617753885865236274e+00
3.617754062009940874e+00
3.617754708343392522e+00
3.617758460672793497e+00
3.617758840409359244e+00
3.617758384079714506e+00
3.617759571187278311e+00
3.617756660180887707e+00
3.617756913461728008e+00
3.617757716299871529e+00
3.617759826496126596e+00
3.617759988838158858e+00
3.617760955645740850e+00
3.617763530747362122e+00
3.617764572520589805e+00
3.617763741004475175e+00
3.617761831849378051e+00
3.617762233079356182e+00
3.617761824652327984e+00
3.617760224646430434e+00
3.617761605429971272e+00
3.617760638684601293e+00
3.617763030964320503e+00
3.617762194496856765e+00
3.617764904527050795e+00
3.617763980453018391e+00
3.617762004175501200e+00
3.617762843601427747e+00
3.617762357616888469e+00
3.617764505139799525e+00
3.617767550242335872e+00
3.617770331584478249e+00
3.617767867115253111e+00
3.617770490542074668e+00
3.617769770745212110e+00
3.617769903678818455e+00
3.617773764253041424e+00
3.617773312294373600e+00
3.617775868881758949e+00
3.617775023503532417e+00
3.617772507679371419e+00
3.617772339067599319e+00
3.617776431377543123e+00
3.617778392401607590e+00
3.617775397488569133e+00
3.617774871730773611e+00
3.617775899815804941e+00
3.617771395691619318e+00
3.617770984528248857e+00
3.617768056361150286e+00
3.617768637923608033e+00
3.617766774761648207e+00
3.617765243030182543e+00
3.617764036015329587e+00
3.617765246637744792e+00
3.617764191127009976e+00
3.617763796293909095e+00
3.617763465013526414e+00
3.617763315961472603e+00
3.617762408189730827e+00
3.617761682186979577e+00
3.617762433757352625e+00
3.617761361462631609e+00
3.617762282142081176e+00
3.617761566400015116e+00
3.617760176352698309e+00
3.617759327478986986e+00
3.617759225952925650e+00
3.617758404658022009e+00
3.617758185905049828e+00
3.617757810473406721e+00
3.617758396134082233e+00
3.617758105933198021e+00
3.617756901812354542e+00
3.617757767085006737e+00
3.617758008228093125e+00
3.617758279548709321e+00
3.617758642965150706e+00
3.617757490535689069e+00
3.617756823962380075e+00
3.617758087700710501e+00
3.617757261930139023e+00
3.617755476913219859e+00
3.617756884425079367e+00
3.617754788069465821e+00
3.617753915241597173e+00
3.617753354632425644e+00
3.617753052789884460e+00
3.617753115943659115e+00
3.617753051846448908e+00
3.617753514140166882e+00
3.617753164158828749e+00
3.617754436457816691e+00
3.617754877188268381e+00
3.617758714903208883e+00
3.617758407596043391e+00
3.617755868584752399e+00
3.617755379090440204e+00
3.617754439932412414e+00
3.617753195355383866e+00
3.617754728171822975e+00
3.617754472025312751e+00
3.617756275083082507e+00
3.617757530268161936e+00
3.617754370152610033e+00
3.617754023660533225e+00
3.617753866094336690e+00
3.617753602373482646e+00
3.617752234465676509e+00
3.617751154164642546e+00
3.617750975066288177e+00
3.617751140342082117e+00
3.617750951669446380e+00
3.617751457006701532e+00
3.617751020643892534e+00
3.617749562052096746e+00
3.617749044963983529e+00
3.617747953767108005e+00
3.617747166175726559e+00
3.617747784148379164e+00
3.617747925749625448e+00
3.617748389499445771e+00
3.617748682069380717e+00
3.617748164316431314e+00
3.617748615936577039e+00
3.617747558241218631e+00
3.617747013255652622e+00
3.617746463803393819e+00
3.617747010480062198e+00
3.617746068469665843e+00
3.617746243426349206e+00
3.617745763796820224e+00
3.617745282292181397e+00
3.617745066398763587e+00
3.617745728919739001e+00
3.617745711761894967e+00
3.617745186537231650e+00
3.617745062103731701e+00
3.617745506889095797e+00
3.617745032427806873e+00
3.617744681804140328e+00
3.617745109573467843e+00
3.617746478746138195e+00
3.617746142718173186e+00
3.617746139355636714e+00
3.617746744836198403e+00
3.617745663520946842e+00
3.617746479110514279e+00
3.617747484658652812e+00
3.617745692259477508e+00
3.617745287044806801e+00
3.617745241807866385e+00
3.617746385358513450e+00
3.617745303269808588e+00
3.617745395704889955e+00
3.617745201930591570e+00
3.617744811109896652e+00
3.617746062534213269e+00
3.617745785388569946e+00
3.617746084269096052e+00
3.617745389822043300e+00
3.617745315132002037e+00
3.617744600300388136e+00
3.617744336496132807e+00
3.617744025665951213e+00
3.617745223556350975e+00
3.617744572989325835e+00
3.617744215857816137e+00
3.617744501871924534e+00
3.617743922403313217e+00
3.617744363428680110e+00
3.617743725238689478e+00
3.617743348527358460e+00
3.617743999465756310e+00
3.617744207920090549e+00
3.617743919629074600e+00
3.617743337645915602e+00
3.617743195584260274e+00
3.617743090338196410e+00
3.617742747484796961e+00
3.617742770076987302e+00
3.617742277044600829e+00
3.617742286883375957e+00
3.617742888988701999e+00
3.617742641262641001e+00
3.617742736639268042e+00
3.617742632102458611e+00
3.617742540420735509e+00
3.617742629708500246e+00
3.617742097771424969e+00
3.617742058409471717e+00
3.617741792684819657e+00
3.617741804183361332e+00
3.617741280946183746e+00
3.617741548600186263e+00
3.617741288635323738e+00
3.617741221899233306e+00
3.617741061112365042e+00
3.617740435495056861e+00
3.617740695269337170e+00
3.617740539122459520e+00
3.617740526586495697e+00
3.617741349904150638e+00
3.617740790319288635e+00
3.617740085951262952e+00
3.617740211285698670e+00
3.617740035066827620e+00
3.617740812998460953e+00
3.617739932585545937e+00
3.617740158021414576e+00
3.617739916984577864e+00
3.617740109164385931e+00
3.617740039794278051e+00
3.617740913755547627e+00
3.617742003613382273e+00
3.617741037385731495e+00
3.617740637269562409e+00
3.617740707665753064e+00
3.617740883194830559e+00
3.617740420325480599e+00
3.617740353518608121e+00
3.617740276216647732e+00
3.617740100800486580e+00
3.617740631349597002e+00
3.617740307764619079e+00
3.617739788721143324e+00
3.617740330774301238e+00
3.617740850399493002e+00
3.617740360144048761e+00
3.617740255159399787e+00
3.617740036375308055e+00
3.617739902965364518e+00
3.617740091502393618e+00
3.617739914868963513e+00
3.617739767506634507e+00
3.617740031974799653e+00
3.617740653929856443e+00
3.617740338315862392e+00
3.617740110969017486e+00
3.617740258573326262e+00
3.617740283809077528e+00
3.617740115774535248e+00
3.617739819072905760e+00
3.617740318460621385e+00
3.617740084182452964e+00
3.617741017799078751e+00
3.617740172306142643e+00
3.617739938421962620e+00
3.617740460292513394e+00
3.617740312572486072e+00
3.617740579947619661e+00
3.617740170314412751e+00
3.617739819060962425e+00
3.617739864885276990e+00
3.617740363095387934e+00
3.617740234401975563e+00
3.617739952814122528e+00
3.617740045202920474e+00
3.617739838651631512e+00
3.617739791398906224e+00
3.617739563801249503e+00
3.617739247880235709e+00
3.617739167326071925e+00
3.617739084983227382e+00
3.617738798012506862e+00
3.617739454992760617e+00
3.617739165093067033e+00
3.617738824286692800e+00
3.617738922617223185e+00
3.617738851417902524e+00
3.617738802305338730e+00
3.617738549573854101e+00
3.617738659016725755e+00
3.617739169775255448e+00
3.617739495673527816e+00
3.617739560059029635e+00
3.617739319131798137e+00
3.617739188541506223e+00
3.617738641427706625e+00
3.617738689685217501e+00
3.617738671937591910e+00
3.617738712365205611e+00
3.617738723879410312e+00
3.617738595313099825e+00
3.617738573672121039e+00
3.617738843849638286e+00
3.617738814744776654e+00
3.617738649882855650e+00
3.617738589321020548e+00
3.617738525672437255e+00
3.617738845976058659e+00
3.617739043041361846e+00
3.617738754382157751e+00
3.617738958686267381e+00
3.617738645752960558e+00
3.617738527360963019e+00
3.617738485183465524e+00
3.617738386921770299e+00
3.617738715340057976e+00
3.617738569218788225e+00
3.617739804228903289e+00
3.617740175470757436e+00
3.617739796856612955e+00
3.617739393413742732e+00
3.617739115290858454e+00
3.617738802162833611e+00
3.617738770234677048e+00
3.617738798017757773e+00
3.617739027205196578e+00
3.617738768943898453e+00
3.617738796909963028e+00
3.617738714490223551e+00
3.617738713953464469e+00
3.617738787504677589e+00
3.617738763750796949e+00
3.617739019347140594e+00
3.617738866631495132e+00
3.617739074903508101e+00
3.617738552032547794e+00
3.617738382992015556e+00
3.617738448322151079e+00
3.617738189977690144e+00
3.617738123701545128e+00
3.617738070281454998e+00
3.617738663337523697e+00
3.617738525911959435e+00
3.617738355639772418e+00
3.617738283520082199e+00
3.617738308657108881e+00
3.617738498292590421e+00
3.617738336768207219e+00
3.617738145118696291e+00
3.617738258508971239e+00
3.617738349888808269e+00
3.617738226754183106e+00
3.617738637816188429e+00
3.617738499897921400e+00
3.617738215635851962e+00
3.617738148092882522e+00
3.617738107763819766e+00
3.617737977661016568e+00
3.617738187213970225e+00
3.617737952813195434e+00
3.617738129809913605e+00
3.617738272689130508e+00
3.617738318454900348e+00
3.617738209487879608e+00
3.617738424804707531e+00
3.617738371682273524e+00
3.617738193066089458e+00
3.617738205422670106e+00
3.617738191532732461e+00
3.617739077478231646e+00
3.617738855484958993e+00
3.617738906975473956e+00
3.617738732938390989e+00
3.617738606620785724e+00
3.617738654119273534e+00
3.617739165668286461e+00
3.617739450102148702e+00
3.617739215084270210e+00
3.617739346811390089e+00
3.617739289592589280e+00
3.617739352754294924e+00
3.617739717119061282e+00
3.617739576502424725e+00
3.617739562001793807e+00
3.617739719600360448e+00
3.617739592271729254e+00
3.617739701823222020e+00
3.617739700792370616e+00
3.617739484589776566e+00
3.617739521474976350e+00
3.617739691930865753e+00
3.617739599924104432e+00
3.617740037227243910e+00
3.617739972380778823e+00
3.617739889301490486e+00
3.617740167398152185e+00
3.617740314774637422e+00
3.617740360817803147e+00
3.617740526705704784e+00
3.617740924249438716e+00
3.617741365861081526e+00
3.617741149653086907e+00
3.617740801480723523e+00
3.617740620519524608e+00
3.617740833911661458e+00
3.617741451023998689e+00
3.617741582368745767e+00
3.617741518171763815e+00
3.617741617812582966e+00
3.617741611257416334e+00
3.617741743297375301e+00
3.617741856071660322e+00
3.617741691586898511e+00
3.617741675123629985e+00
3.617741738371499149e+00
3.617741832349459230e+00
3.617741899007227868e+00
3.617742196644130104e+00
3.617742192763368614e+00
3.617742191290490350e+00
3.617742241876449327e+00
3.617742257346953760e+00
3.617742227752378525e+00
3.617742384794655042e+00
3.617742257499875436e+00
3.617742362275495616e+00
3.617742218523232633e+00
3.617742489635607850e+00
3.617742645804352897e+00
3.617742798161321272e+00
3.617742766592389803e+00
3.617742880488782120e+00
3.617743311658947025e+00
3.617743392014318715e+00
3.617743230683823530e+00
3.617743213616294362e+00
3.617743318606329694e+00
3.617743497893592064e+00
3.617743636629881632e+00
3.617743830382365466e+00
3.617744085258205011e+00
3.617744363126959684e+00
3.617744165674630530e+00
3.617744239671217166e+00
3.617744155632733882e+00
3.617744188586436760e+00
3.617744125635700581e+00
3.617744112150422353e+00
3.617744110264633051e+00
3.617744216019294079e+00
3.617744426167011529e+00
3.617744676053257891e+00
3.617744553156149845e+00
3.617745327029286972e+00
3.617744734318362632e+00
3.617745533447520145e+00
3.617745029038788918e+00
3.617744755241724341e+00
3.617744873716031151e+00
3.617744938563644652e+00
3.617745038476267272e+00
3.617744925212293072e+00
3.617745124268036072e+00
3.617745164836607241e+00
3.617745275531002669e+00
3.617745220197079004e+00
3.617745343766981314e+00
3.617745655022626572e+00
3.617745691593850399e+00
3.617745809478562169e+00
3.617745668416963767e+00
3.617745594712585611e+00
3.617745476624845136e+00
3.617745490294327571e+00
3.617745986408515080e+00
3.617746141970826557e+00
3.617746618304216621e+00
3.617746654575636267e+00
3.617747234258089861e+00
3.617747065580400267e+00
3.617747316763957333e+00
3.617747266410022089e+00
3.617747097145073809e+00
3.617747147896939186e+00
3.617747355867177550e+00
3.617747530829614089e+00
3.617747342296341539e+00
3.617747285575267924e+00
3.617747566620094446e+00
3.617747641377401457e+00
3.617747691850539571e+00
3.617747704427961342e+00
3.617747803880790869e+00
3.617747722728342108e+00
3.617747882627369016e+00
3.617748116248231227e+00
3.617748376529713816e+00
3.617748454611970477e+00
3.617748288826605041e+00
3.617748177220511785e+00
3.617748097487080816e+00
3.617748389817021959e+00
3.617748699133881640e+00
3.617748706248694823e+00
3.617748716043992285e+00
3.617748646874371588e+00
3.617748646462079609e+00
3.617748871351481821e+00
3.617748947306373530e+00
3.617748928266603770e+00
3.617749129114586903e+00
3.617749397486919705e+00
3.617749280256469468e+00
3.617749410134612376e+00
3.617749255790445151e+00
3.617749310777970351e+00
3.617749363831178844e+00
3.617749308417117504e+00
3.617749315007823263e+00
3.617749519986621198e+00
3.617749560663352071e+00
3.617749687593545982e+00
3.617749849145210028e+00
3.617750300848096234e+00
3.617750885639942737e+00
3.617751261807486962e+00
3.617751021235065867e+00
3.617751657179638425e+00
3.617752314528324575e+00
3.617751917785622329e+00
3.617752229956601173e+00
3.617752063802200269e+00
3.617751510276372873e+00
3.617751485371112352e+00
3.617751611782754395e+00
3.617751605332982567e+00
3.617751521240118340e+00
3.617751361210459038e+00
3.617751639193671931e+00
3.617751529371382446e+00
3.617751474925278821e+00
3.617751646803883947e+00
3.617751817683108939e+00
3.617751853172405774e+00
3.617751999011020292e+00
3.617752253349465263e+00
3.617752251639882122e+00
3.617752382783008258e+00
3.617752368155641385e+00
3.617752427913651925e+00
3.617752366116678164e+00
3.617752351761609031e+00
3.617752556234834937e+00
3.617752544967240524e+00
3.617752499504002461e+00
3.617752717510136051e+00
3.617753038664385912e+00
3.617752897950436086e+00
3.617753205174836673e+00
3.617753759665100155e+00
3.617753910781076776e+00
3.617753638722294163e+00
3.617753590287962062e+00
3.617753727043298007e+00
3.617753893798258957e+00
3.617753720866820011e+00
3.617754054528926400e+00
3.617754064444877127e+00
3.617754173904934145e+00
3.617754177723575992e+00
3.617754417420512958e+00
3.617754701840997011e+00
3.617754836262279117e+00
3.617754420925575420e+00
3.617754172858369088e+00
3.617754052774117657e+00
3.617754130771967169e+00
3.617754125233437978e+00
3.617754257466016199e+00
3.617754308370237926e+00
3.617754390644744245e+00
3.617754460653046511e+00
3.617754668976801202e+00
3.617754925437535185e+00
3.617755200453991016e+00
3.617755474379850789e+00
3.617755725416098578e+00
3.617756055371913693e+00
3.617756342839405725e+00
3.617756603288487138e+00
3.617756882934224372e+00
3.617757161237825869e+00
3.617757479251910713e+00
3.617757707628464825e+00
3.617757946827937054e+00
3.617758221087245207e+00
3.617758538826373549e+00
3.617758821584254658e+00
3.617759087757119740e+00
3.617759311560270863e+00
3.617759562352070191e+00
3.617759787141945793e+00
3.617760013367379290e+00
3.617760282424306251e+00
3.617760541625617332e+00
3.617760806527843265e+00
3.617761054183052494e+00
3.617761338285166328e+00
3.617761617313565381e+00
3.617761848706636307e+00
3.617762114418812569e+00
3.617762393437645496e+00
3.617762676957790635e+00
3.617762960373817727e+00
3.617762360015734924e+00
3.617762045723578623e+00
3.617761894663560351e+00
3.617761801195436000e+00
3.617761793202241893e+00
3.617762101122440122e+00
3.617761860504404403e+00
3.617761823606504556e+00
3.617762034237225865e+00
3.617762003425650352e+00
3.617762001376112035e+00
3.617762065872024202e+00
3.617762244266701455e+00
3.617762260986971512e+00
3.617762333858620671e+00
3.617762187189631273e+00
3.617762124593520756e+00
3.617762347985853832e+00
3.617762314512355193e+00
3.617762376788975054e+00
3.617762367127618006e+00
3.617762439050003831e+00
3.617762499399711285e+00
3.617762744889844839e+00
3.617762895569828441e+00
3.617762813562752644e+00
3.617762838525336644e+00
3.617762925186945200e+00
3.617762884106835664e+00
3.617763005715552538e+00
3.617763141417255746e+00
3.617763633396986034e+00
3.617765570173703260e+00
3.617773444499659430e+00
3.617801305247246635e+00
3.617874872840474598e+00
3.617995457547856564e+00
3.618146775951890604e+00
3.618290121538949133e+00
3.618434371725022913e+00
3.618574684381256290e+00
3.618716316143062439e+00
3.618883915974436150e+00
3.619019514221208489e+00
3.619159318400235748e+00
3.619297087530580992e+00
3.619438569617715373e+00
3.619583447209282490e+00
3.619725205197452667e+00
3.619870266827917238e+00
3.620012346047016827e+00
3.620177866807167355e+00
3.620313334564441821e+00
3.620451083417735028e+00
3.620592860474363128e+00
3.620736086796724429e+00
3.620883409497726024e+00
3.621028476639035265e+00
3.621176268889315875e+00
3.621319940341414245e+00
3.621464544036891553e+00
3.621609625725046300e+00
3.621755116180391809e+00
3.621898806274899574e+00
3.622044000165731692e+00
3.622206375748631135e+00
3.622343046770669872e+00
3.622486381601149219e+00
3.622633892665402477e+00
3.622777793400864699e+00
3.622921791164717575e+00
3.623066747017365863e+00
3.623212618861578971e+00
3.623360075297176408e+00
3.623507969565990638e+00
3.623672772583493185e+00
3.623805116666281911e+00
3.623952051811750952e+00
3.624098949074252562e+00
3.624243118461646596e+00
3.624388813915810914e+00
3.624534121187735991e+00
3.624682631342882377e+00
3.624845305131584094e+00
3.624982169215401395e+00
3.625130198698375050e+00
3.625273427961395623e+00
3.625437593745266973e+00
3.625572734601911762e+00
3.625720605893858473e+00
3.625865643766250646e+00
3.626009362007215575e+00
3.626157263727746383e+00
3.626302388694427226e+00
3.626452250096697139e+00
3.626612570248087586e+00
3.626749676670141032e+00
3.626895666123025386e+00
3.627057938544990368e+00
3.627214470464893203e+00
3.627350763389642463e+00
3.627504890357845291e+00
3.627642934634673910e+00
3.627793168821328074e+00
3.627936079859644725e+00
3.628080776526662277e+00
3.628235696647337694e+00
3.628392035874105748e+00
3.628536830422627091e+00
3.628685299962369104e+00
3.628829053076938038e+00
3.628992875236309867e+00
3.629134379629687768e+00
3.629285358496554093e+00
3.629429533330858604e+00
3.629580561737471900e+00
3.629732459335918815e+00
3.629882715249834746e+00
3.630044976697395676e+00
3.630203731662401623e+00
3.630335542741612187e+00
3.630480260978112383e+00
3.630626837503794224e+00
3.630785762163796448e+00
3.630942147350064708e+00
3.631100614290090345e+00
3.631234896352482089e+00
3.631381351940133673e+00
3.631537274860678899e+00
3.631680071916615127e+00
3.631826280195651346e+00
3.631969984056104384e+00
3.632125447734640300e+00
3.632268475860711110e+00
3.632417319435563119e+00
3.632560923562642152e+00
3.632709209360482472e+00
3.632854737154505465e+00
3.633014939318568892e+00
3.633165259963475169e+00
3.633326971687011575e+00
3.633468883557489093e+00
3.633616676002673795e+00
3.633766453927599116e+00
3.633914339822205353e+00
3.634061376270226518e+00
3.634208094727668481e+00
3.634364381544670675e+00
3.634505174694462326e+00
3.634649664834366689e+00
3.634793455248147342e+00
3.634957228873420654e+00
3.635096033243198299e+00
3.635245427847568767e+00
3.635405660299640740e+00
3.635559204052006166e+00
3.635706006299145088e+00
3.635852965904015299e+00
3.636005844289843303e+00
3.636152029259219987e+00
3.636296338082114055e+00
3.636447009107678596e+00
3.636596308065707994e+00
3.636751078191566844e+00
3.636910079225954107e+00
3.637056030379989480e+00
3.637216218573898541e+00
3.637355335498610565e+00
3.637501282864076035e+00
3.637654188844766878e+00
3.637796246731936911e+00
3.637952479517350124e+00
3.638098799645617110e+00
3.638245580854247319e+00
3.638398035102571093e+00
3.638558286666177199e+00
3.638717943325326498e+00
3.638872626590040849e+00
3.639032082866477946e+00
3.639173500539305550e+00
3.639328441767957667e+00
3.639469251762871504e+00
3.639626933316900903e+00
3.639773037961403723e+00
3.639927005169423690e+00
3.640073854926249020e+00
3.640221512885082777e+00
3.640379292913302312e+00
3.640521430594816810e+00
3.640680959377082804e+00
3.640839903468297223e+00
3.640973165704068482e+00
3.641124391634304569e+00
3.641275717907928922e+00
3.641436272074079383e+00
3.641588249839522451e+00
3.641738856709733518e+00
3.641887490713650255e+00
3.642046029151459141e+00
3.642200950305984009e+00
3.642340017134745089e+00
3.642495163099018995e+00
3.642640080563035454e+00
3.642795604446761093e+00
3.642937685370310597e+00
3.643083093171882503e+00
3.643236278111137594e+00
3.643387605389929895e+00
3.643541966475356109e+00
3.643687012063424380e+00
3.643840830926849073e+00
3.643986929346600068e+00
3.644140755356423345e+00
3.644284418813640070e+00
3.644440659771810420e+00
3.644588972569196894e+00
3.644742155699414621e+00
3.644896041620061311e+00
3.645045893154919447e+00
3.645201344028024870e+00
3.645357120204460344e+00
3.645504023593541199e+00
3.645659678092047606e+00
3.645810312786276874e+00
3.645956990672188702e+00
3.646114246257894820e+00
3.646258541051668356e+00
3.646407365991492178e+00
3.646552840553633157e+00
3.646710759287200787e+00
3.646853357242963334e+00
3.647005683865454095e+00
3.647151270346919993e+00
3.647301182003127362e+00
3.647452463788867227e+00
3.647606477252499424e+00
3.647762035362545063e+00
3.647913813542503991e+00
3.648067529466795911e+00
3.648227675577049745e+00
3.648373509371640733e+00
3.648528025495336724e+00
3.648687748518903984e+00
3.648831348741278013e+00
3.648982544021684760e+00
3.649129037271300557e+00
3.649283431948185275e+00
3.649440514007913805e+00
3.649578323205522334e+00
3.649726462365880053e+00
3.649881139542740183e+00
3.650035370659766354e+00
3.650182975229433691e+00
3.650336262733087533e+00
3.650486784015921415e+00
3.650631931264629149e+00
3.650784141249916459e+00
3.650932190392574661e+00
3.651089735790863600e+00
3.651236846243276268e+00
3.651386873852188408e+00
3.651542822388463616e+00
3.651694616661491644e+00
3.651845537506953843e+00
3.651995360452267469e+00
3.652143857627648593e+00
3.652296157633204032e+00
3.652448720191963538e+00
3.652604747640062932e+00
3.652751379466146808e+00
3.652907566495512626e+00
3.653051397754920604e+00
3.653199094040523232e+00
3.653356084107186597e+00
3.653514142083648775e+00
3.653663100076762316e+00
3.653814902721187696e+00
3.653962890789212103e+00
3.654119751571057506e+00
3.654280164394858588e+00
3.654434637766938554e+00
3.654579236187729840e+00
3.654735241713562122e+00
3.654891138512979420e+00
3.655046427171853907e+00
3.655190824381882031e+00
3.655342676153008341e+00
3.655496326548225205e+00
3.655649096806766973e+00
3.655802762291835872e+00
3.655953179904360084e+00
3.656096885089126669e+00
3.656257277542815487e+00
3.656402130275371753e+00
3.656551825068020456e+00
3.656704222667486626e+00
3.656855293978375609e+00
3.657009874282092454e+00
3.657164976175220961e+00
3.657309707482501171e+00
3.657455466652134390e+00
3.657608046186261674e+00
3.657758173543464331e+00
3.657910190689225960e+00
3.658063416734404605e+00
3.658208294918591008e+00
3.658361899587660115e+00
3.658517697297892113e+00
3.658672256940338929e+00
3.658823891746983747e+00
3.658975310758623589e+00
3.659122940255404632e+00
3.659280871909873945e+00
3.659427644849719830e+00
3.659574598936608858e+00
3.659704368217505888e+00
3.659797829564844562e+00
3.659844002375539862e+00
3.659859061900342159e+00
3.659870260791011631e+00
3.659878996382459615e+00
3.659886222125787736e+00
3.659899293850508162e+00
3.659896599206021062e+00
3.659897670001732717e+00
3.659901947358433549e+00
3.659907868618253346e+00
3.659913884487879798e+00
3.659913915090124981e+00
3.659915155882861981e+00
3.659916143171943581e+00
3.659918728095574281e+00
3.659923504818072271e+00
3.659930534516886436e+00
3.659930910837338569e+00
3.659934643970191637e+00
3.659942649816028126e+00
3.659943831845957618e+00
3.659948606567766660e+00
3.659948962066229328e+00
3.659949547694206107e+00
3.659953360824363955e+00
3.659954849183354231e+00
3.659955742512386756e+00
3.659961738548827448e+00
3.659963480593448892e+00
3.659969587664679835e+00
3.659968359118992876e+00
3.659972668523294281e+00
3.659976214454476739e+00
3.659976679787245946e+00
3.659978216661129213e+00
3.659980111731367280e+00
3.659981747005256469e+00
3.659984747291733953e+00
3.659988660910661107e+00
3.659993587677191851e+00
3.659997484748271024e+00
3.659998648616054950e+00
3.660002710315489072e+00
3.660004670038323749e+00
3.660006949381705788e+00
3.660008092494112297e+00
3.660009847051377996e+00
3.660013391089977919e+00
3.660017957747553563e+00
3.660020557465581525e+00
3.660023806210589647e+00
3.660025418934826025e+00
3.660026172499339481e+00
3.660027245862290446e+00
3.660027540686574543e+00
3.660029539943713939e+00
3.660031970000449775e+00
3.660033514070598404e+00
3.660034713839769083e+00
3.660037574762238677e+00
3.660042184559877398e+00
3.660044698145670683e+00
3.660047782131983229e+00
3.660047084107471704e+00
3.660047971695462810e+00
3.660048053297350723e+00
3.660050545821672774e+00
3.660053955657782243e+00
3.660056253550954874e+00
3.660056040675927047e+00
3.660060542126752914e+00
3.660061526794974540e+00
3.660063571419652551e+00
3.660064494288262971e+00
3.660067448954080760e+00
3.660069546197021850e+00
3.660068395926392437e+00
3.660071594896572744e+00
3.660073305672559840e+00
3.660072842936087145e+00
3.660072530350057196e+00
3.660075355135310460e+00
3.660075373401693088e+00
3.660076672226145078e+00
3.660076857178396814e+00
3.660076136615860953e+00
3.660080133528479163e+00
3.660079645202731324e+00
3.660081190383484007e+00
3.660082815376198173e+00
3.660083813683256082e+00
3.660083308670926794e+00
3.660085385480696729e+00
3.660087390108840655e+00
3.660091483830441916e+00
3.660095219810402867e+00
3.660095130744626779e+00
3.660099669146078760e+00
3.660098718908517679e+00
3.660096518400551613e+00
3.660099125002718612e+00
3.660100517068851644e+00
3.660100517713821056e+00
3.660100697636101241e+00
3.660103339530461408e+00
3.660102983172169200e+00
3.660104594782548570e+00
3.660105758668100950e+00
3.660106406986492367e+00
3.660110068795581650e+00
3.660108626000237564e+00
3.660107732578973483e+00
3.660108092947889968e+00
3.660109706409528041e+00
3.660109093679134951e+00
3.660109382437766179e+00
3.660109169393743755e+00
3.660112259465644335e+00
3.660112142326539697e+00
3.660113895068907830e+00
3.660114468411920896e+00
3.660114783632002045e+00
3.660116062880934606e+00
3.660116792774731564e+00
3.660117235696030757e+00
3.660120017646504742e+00
3.660120185834204065e+00
3.660120671220782107e+00
3.660122759693023031e+00
3.660122404670429930e+00
3.660126884081306819e+00
3.660125783106820130e+00
3.660125155597907298e+00
3.660125102241053252e+00
3.660125475886323532e+00
3.660127288432614812e+00
3.660126906419789439e+00
3.660128642153887224e+00
3.660128878561164090e+00
3.660130086290181328e+00
3.660132866861445677e+00
3.660134041051601006e+00
3.660133428774138498e+00
3.660134451408394884e+00
3.660134905007810247e+00
3.660136928442098814e+00
3.660136880606382981e+00
3.660137208044301094e+00
3.660136798956156401e+00
3.660136486395405786e+00
3.660137017717001839e+00
3.660138649884606910e+00
3.660141063986710019e+00
3.660140583265417025e+00
3.660141216397025055e+00
3.660142379239305299e+00
3.660143066178594751e+00
3.660142828166220497e+00
3.660144179905028050e+00
3.660144266131196478e+00
3.660144445486527509e+00
3.660144353961363173e+00
3.660145404321611728e+00
3.660145251719926662e+00
3.660146280411276543e+00
3.660145657730953239e+00
3.660146681482363995e+00
3.660148925398544861e+00
3.660148438257635028e+00
3.660148928159788539e+00
3.660148542989666520e+00
3.660149236680310558e+00
3.660149795511111748e+00
3.660151017414567942e+00
3.660152602100241737e+00
3.660152567795966316e+00
3.660152450235407695e+00
3.660152291540584635e+00
3.660153517296362402e+00
3.660153744398805475e+00
3.660153870738358517e+00
3.660153576014721910e+00
3.660153877120560839e+00
3.660154070227766621e+00
3.660155129158230825e+00
3.660155044849122685e+00
3.660155200233870865e+00
3.660157433963961982e+00
3.660158826664772658e+00
3.660158649115424545e+00
3.660159727939994667e+00
3.660159267466664534e+00
3.660161041014306171e+00
3.660160655342741265e+00
3.660160885685906251e+00
3.660160647203748674e+00
3.660160920203711310e+00
3.660162615515773599e+00
3.660162084123756099e+00
3.660163613655713188e+00
3.660163607891782522e+00
3.660164438474744486e+00
3.660164621919590466e+00
3.660165207703409251e+00
3.660166439706926234e+00
3.660167963610858166e+00
3.660166676366197080e+00
3.660168394321112739e+00
3.660168161312914670e+00
3.660169836346222283e+00
3.660169674137002449e+00
3.660170310903787083e+00
3.660169945945389802e+00
3.660169897154901708e+00
3.660170875304494142e+00
3.660171941062107859e+00
3.660173477711511580e+00
3.660174431510247128e+00
3.660173645982339075e+00
3.660174638511908718e+00
3.660176543010106087e+00
3.660175618529907027e+00
3.660175662980446276e+00
3.660177302480674744e+00
3.660176169422006964e+00
3.660175643218528396e+00
3.660175813487095198e+00
3.660176493270434150e+00
3.660176032711431660e+00
3.660176224576148662e+00
3.660175537458256301e+00
3.660177552795599976e+00
3.660178346290976492e+00
3.660177657115226246e+00
3.660177889002292240e+00
3.660178759072969967e+00
3.660179151917466900e+00
3.660179683540713658e+00
3.660179039085932562e+00
3.660178815169875310e+00
3.660180167930578765e+00
3.660180808898648941e+00
3.660181663081078618e+00
3.660181327809912233e+00
3.660181486757366098e+00
3.660182005513554326e+00
3.660182997639444213e+00
3.660183668776161525e+00
3.660183631728152420e+00
3.660183213367174115e+00
3.660183412632273203e+00
3.660184268438954280e+00
3.660183729596564017e+00
3.660184165592052175e+00
3.660184108826906257e+00
3.660184675000280663e+00
3.660184441770159669e+00
3.660184059814285185e+00
3.660184420945665540e+00
3.660185291038701827e+00
3.660187967346530513e+00
3.660187125828421539e+00
3.660188172710837851e+00
3.660187176958056288e+00
3.660187045026276564e+00
3.660187365017586458e+00
3.660188014180569827e+00
3.660188094211285215e+00
3.660188706455737240e+00
3.660188646803639312e+00
3.660188519295110243e+00
3.660189536743633454e+00
3.660189489840247834e+00
3.660189732075807445e+00
3.660190003734922648e+00
3.660190982494380130e+00
3.660191323971884181e+00
3.660190773830626743e+00
3.660190972078418703e+00
3.660190792313087638e+00
3.660190767921971400e+00
3.660190892319420186e+00
3.660192176988442903e+00
3.660193587092818390e+00
3.660193791073661718e+00
3.660192851569017858e+00
3.660193106733985235e+00
3.660193182864409422e+00
3.660193465536712321e+00
3.660194005198831757e+00
3.660194394483417657e+00
3.660195115927553644e+00
3.660196339238122043e+00
3.660195643360939499e+00
3.660195887531704884e+00
3.660196428015716208e+00
3.660195478744751263e+00
3.660195062992406267e+00
3.660194935418378481e+00
3.660194906753608368e+00
3.660194876813986919e+00
3.660195240797516458e+00
3.660195097714863177e+00
3.660195422799336740e+00
3.660195864628052576e+00
3.660196103252176147e+00
3.660196287689465144e+00
3.660195896852633801e+00
3.660196900267240316e+00
3.660198282165921579e+00
3.660199367050481989e+00
3.660198483679755643e+00
3.660198525159914507e+00
3.660198553181788217e+00
3.660199687839367666e+00
3.660199120756455038e+00
3.660198848797222571e+00
3.660199222572703359e+00
3.660199447631451886e+00
3.660199135811203153e+00
3.660199372210302560e+00
3.660199367775943902e+00
3.660199087740042767e+00
3.660199135908080326e+00
3.660199179070127151e+00
3.660199133540176675e+00
3.660199130531003764e+00
3.660199880135664330e+00
3.660200494444605379e+00
3.660200457320964773e+00
3.660200763115359024e+00
3.660200774595505635e+00
3.660201494847461934e+00
3.660201465359033346e+00
3.660201260527280898e+00
3.660201521048743523e+00
3.660201771901761436e+00
3.660201462785790838e+00
3.660202852955809050e+00
3.660202216989525414e+00
3.660202123992072565e+00
3.660201971854068592e+00
3.660202119564359258e+00
3.660201858351486592e+00
3.660202026352153304e+00
3.660202402285956502e+00
3.660202510936860332e+00
3.660203182629603536e+00
3.660202854827787622e+00
3.660203195495347117e+00
3.660203967352442245e+00
3.660203755114355584e+00
3.660204698896281972e+00
3.660204867087355041e+00
3.660204637006991835e+00
3.660205127617990328e+00
3.660205556134339400e+00
3.660205380881035531e+00
3.660205310835023429e+00
3.660205587212599365e+00
3.660206190314373220e+00
3.660207541910933227e+00
3.660206809863432387e+00
3.660207767296280057e+00
3.660208321447595559e+00
3.660208943398738590e+00
3.660208335852586536e+00
3.660208831571311716e+00
3.660209311345276717e+00
3.660209439236973505e+00
3.660209852707360767e+00
3.660210144970554857e+00
3.660210508030980137e+00
3.660211332494573977e+00
3.660211469377621984e+00
3.660211442850221264e+00
3.660211346561037971e+00
3.660211251709019731e+00
3.660212326290000817e+00
3.660212324029145758e+00
3.660212552401421515e+00
3.660212463030794616e+00
3.660213775436148342e+00
3.660212565259212347e+00
3.660212592517709140e+00
3.660213007134728969e+00
3.660213413877648758e+00
3.660214227627874628e+00
3.660214281951697846e+00
3.660214885399758256e+00
3.660214923285078470e+00
3.660214707419538804e+00
3.660214612289553138e+00
3.660214523442916423e+00
3.660214637866155307e+00
3.660215076728067451e+00
3.660214808828211819e+00
3.660215276577666987e+00
3.660215455359558945e+00
3.660215044375999316e+00
3.660215163650986092e+00
3.660215577705348000e+00
3.660215676931255935e+00
3.660216049619569034e+00
3.660215924138483956e+00
3.660216009487189393e+00
3.660216703411489636e+00
3.660216723770916225e+00
3.660217070605253475e+00
3.660216757542749555e+00
3.660217176482964074e+00
3.660217241427862422e+00
3.660217501515156346e+00
3.660218568887517510e+00
3.660219674412872326e+00
3.660220361328815120e+00
3.660220138064772755e+00
3.660219874555294073e+00
3.660220163933842752e+00
3.660220209135859992e+00
3.660220279603128901e+00
3.660221130458177985e+00
3.660221330195556178e+00
3.660221612939116298e+00
3.660223132362510512e+00
3.660223838261894791e+00
3.660223412742869886e+00
3.660224581470383320e+00
3.660223387607743017e+00
3.660222977644424169e+00
3.660223297893014482e+00
3.660223065718179125e+00
3.660223685357624213e+00
3.660223912191415074e+00
3.660224791553089663e+00
3.660224493121576828e+00
3.660225317703144743e+00
3.660225010259871681e+00
3.660225600198372842e+00
3.660225648186630210e+00
3.660225460775533790e+00
3.660225893999131674e+00
3.660226118910220983e+00
3.660226149155342945e+00
3.660226720344097018e+00
3.660226943485043183e+00
3.660226872322569047e+00
3.660226917512332978e+00
3.660227057921047411e+00
3.660228089560607856e+00
3.660228137142088833e+00
3.660228467627810289e+00
3.660228908182823204e+00
3.660229064823513845e+00
3.660228898762572403e+00
3.660229753792179519e+00
3.660229995436023565e+00
3.660229841120438810e+00
3.660229674357942553e+00
3.660230320222494171e+00
3.660230706582814797e+00
3.660230580625973396e+00
3.660230609779756339e+00
3.660230971096309016e+00
3.660230841214171971e+00
3.660230769881985147e+00
3.660231148176915639e+00
3.660231619143199833e+00
3.660231606104621616e+00
3.660232113978428181e+00
3.660232240020297123e+00
3.660232481247379877e+00
3.660233144596042099e+00
3.660233690897326753e+00
3.660233629957472701e+00
3.660233721286803021e+00
3.660234009680610523e+00
3.660234143559401687e+00
3.660234423618926591e+00
3.660234772551184346e+00
3.660234912262223972e+00
3.660234837266195917e+00
3.660235682932448498e+00
3.660235405698256006e+00
3.660235505068102579e+00
3.660235734337442981e+00
3.660236263910484844e+00
3.660236857227352480e+00
3.660237300804301430e+00
3.660237213853296367e+00
3.660237241452023227e+00
3.660237660616281197e+00
3.660237581346131641e+00
3.660237775385028147e+00
3.660238513200351651e+00
3.660239019685480155e+00
3.660238728895251814e+00
3.660239450308946818e+00
3.660239488069517488e+00
3.660239685879729699e+00
3.660239713525162752e+00
3.660239918180187679e+00
3.660240218713320282e+00
3.660240596900430354e+00
3.660241453542732781e+00
3.660241689381260155e+00
3.660241681889945919e+00
3.660241561169963909e+00
3.660241447142313032e+00
3.660241422598130345e+00
3.660241865392200200e+00
3.660241934487177051e+00
3.660242395799962356e+00
3.660242368622494080e+00
3.660242796371703466e+00
3.660243554945143973e+00
3.660243429852463315e+00
3.660243715444677193e+00
3.660243782911543065e+00
3.660244032127017544e+00
3.660244414318921446e+00
3.660244274435525025e+00
3.660244450161119545e+00
3.660244583842200417e+00
3.660244642983804919e+00
3.660244856314736950e+00
3.660245386628304232e+00
3.660245242787712350e+00
3.660245208997801925e+00
3.660245241646883141e+00
3.660245955755883074e+00
3.660246107874927990e+00
3.660246350941896321e+00
3.660246607340435165e+00
3.660246924054327611e+00
3.660246894493583092e+00
3.660247068883682342e+00
3.660247534839740968e+00
3.660248398741741127e+00
3.660248454616581881e+00
3.660248705472573416e+00
3.660248698398118616e+00
3.660248955139203009e+00
3.660249385815197876e+00
3.660249094232088662e+00
3.660250136378683461e+00
3.660249947479940147e+00
3.660250531334183322e+00
3.660250577402635930e+00
3.660250446477031794e+00
3.660250545883916740e+00
3.660250693914842923e+00
3.660250658296412940e+00
3.660250581484358445e+00
3.660251431271522193e+00
3.660251437565671395e+00
3.660251832897758462e+00
3.660251723143476354e+00
3.660252036920872420e+00
3.660252507451251969e+00
3.660252178655150068e+00
3.660252760839824759e+00
3.660252979881418067e+00
3.660253417922652019e+00
3.660253565679945531e+00
3.660253953879541111e+00
3.660254262785300305e+00
3.660254063875056474e+00
3.660254560194475371e+00
3.660254904565292122e+00
3.660255156308031665e+00
3.660255906023396122e+00
3.660255994676327784e+00
3.660256584733411866e+00
3.660256372742615394e+00
3.660257024697553430e+00
3.660257677913564489e+00
3.660257386146039682e+00
3.660257329987647079e+00
3.660257893213419322e+00
3.660258578239957039e+00
3.660258203394441967e+00
3.660258243712361192e+00
3.660258289941747734e+00
3.660258316572732262e+00
3.660258973826256312e+00
3.660259383481524686e+00
3.660259594468994404e+00
3.660259621781746908e+00
3.660259516545504077e+00
3.660260001323783818e+00
3.660260436979873244e+00
3.660260548898505384e+00
3.660260972979373140e+00
3.660260712902658309e+00
3.660260894685935185e+00
3.660260998558490630e+00
3.660261248343815055e+00
3.660261801822907834e+00
3.660261562443431593e+00
3.660261865500295198e+00
3.660262182019755617e+00
3.660262606340420888e+00
3.660262730919897844e+00
3.660262810899876929e+00
3.660263308744931443e+00
3.660263584458931518e+00
3.660263720038639423e+00
3.660264101432815664e+00
3.660264168079375491e+00
3.660264716626332238e+00
3.660265014105998027e+00
3.660265312246514746e+00
3.660265401195391899e+00
3.660265657678844597e+00
3.660265715727122338e+00
3.660266186708141412e+00
3.660266224338080576e+00
3.660266356264264775e+00
3.660267564248092409e+00
3.660267207183694360e+00
3.660268054995094111e+00
3.660267598475839268e+00
3.660268082727633931e+00
3.660268498004180859e+00
3.660268503145279073e+00
3.660268683293589564e+00
3.660268717582062514e+00
3.660269076640588537e+00
3.660269459411117143e+00
3.660269778694634102e+00
3.660269825989632686e+00
3.660269750788076593e+00
3.660270355722826441e+00
3.660270741024998831e+00
3.660271636315754584e+00
3.660271537186564395e+00
3.660271835591033529e+00
3.660271580451735396e+00
3.660271786470357114e+00
3.660272081527559784e+00
3.660272081922295584e+00
3.660272215321473954e+00
3.660272502240963899e+00
3.660272928573933715e+00
3.660272997801169659e+00
3.660272888322710916e+00
3.660273180782902980e+00
3.660273658464380020e+00
3.660274186075951341e+00
3.660274593142968325e+00
3.660274110374755363e+00
3.660275325130564195e+00
3.660275244470752476e+00
3.660276134900868339e+00
3.660275713359155247e+00
3.660276232363869120e+00
3.660276714881941285e+00
3.660276831570698608e+00
3.660276849390748932e+00
3.660276749722324752e+00
3.660277263144399384e+00
3.660277353469536976e+00
3.660277317959508281e+00
3.660277915829199369e+00
3.660278372548463555e+00
3.660278341795613066e+00
3.660278703719440863e+00
3.660278528183734448e+00
3.660278517925049879e+00
3.660278652190251503e+00
3.660278984219854426e+00
3.660279788750583574e+00
3.660280523030764677e+00
3.660281348255403078e+00
3.660282628641080560e+00
3.660282459679469635e+00
3.660281846107674042e+00
3.660282171394277473e+00
3.660281962716404269e+00
3.660282034903890924e+00
3.660282388560530009e+00
3.660282387102502977e+00
3.660282553187141907e+00
3.660282669291072821e+00
3.660282642488017490e+00
3.660282872307142554e+00
3.660282818141394667e+00
3.660283304877065103e+00
3.660283683265654453e+00
3.660284041849805270e+00
3.660283895195519221e+00
3.660284108551026705e+00
3.660285272833139647e+00
3.660284690517219719e+00
3.660285332088610843e+00
3.660285792145681949e+00
3.660285868773886619e+00
3.660285959848879056e+00
3.660285942351146904e+00
3.660286006274450443e+00
3.660286459347942056e+00
3.660286576249581980e+00
3.660287144695112183e+00
3.660287190128898249e+00
3.660287482492764255e+00
3.660287673532613972e+00
3.660287885760987514e+00
3.660288348354149512e+00
3.660288779295604478e+00
3.660289083169711244e+00
3.660289210019563200e+00
3.660289506540324478e+00
3.660289541872288499e+00
3.660290476381442559e+00
3.660292284101540172e+00
3.660300183530587503e+00
3.660327859091426550e+00
3.660400320046754974e+00
3.660516929475316150e+00
3.660653829617428467e+00
3.660795727147846623e+00
3.660937472381159630e+00
3.661080415945033639e+00
3.661224486250991728e+00
3.661366967755249835e+00
3.661523848902925593e+00
3.661658031219806819e+00
3.661798416455467553e+00
3.661955516837275049e+00
3.662094510349148901e+00
3.662236062033320749e+00
3.662381638388913174e+00
3.662524402555365821e+00
3.662673625753896989e+00
3.662830408687363981e+00
3.662968214962286417e+00
3.663109942643186123e+00
3.663256047002716453e+00
3.663406481752449206e+00
3.663549568306466941e+00
3.663706624704306414e+00
3.663843469614033843e+00
3.663987938175348180e+00
3.664145441300031170e+00
3.664289242077116260e+00
3.664440058188242588e+00
3.664582295916233079e+00
3.664725129175521179e+00
3.664871816800815196e+00
3.665028052624603294e+00
3.665187752247063724e+00
3.665346493716090226e+00
3.665473902423654451e+00
3.665619571895715190e+00
3.665766518748067249e+00
3.665923336710781300e+00
3.666063659246103335e+00
3.666213805400015957e+00
3.666370422624840586e+00
3.666509457133974692e+00
3.666652866303492520e+00
3.666810111373350889e+00
3.666954773752078456e+00
3.667098438763606971e+00
3.667245959937242894e+00
3.667395018736539836e+00
3.667541726471470476e+00
3.667685922613485694e+00
3.667833931980065021e+00
3.667980215827996382e+00
3.668128726330745604e+00
3.668280255743792129e+00
3.668425730159338816e+00
3.668573898647726317e+00
3.668717646917471598e+00
3.668872840589378903e+00
3.669032574103364031e+00
3.669187140224116739e+00
3.669323257523045445e+00
3.669481538443763569e+00
3.669622489607361260e+00
3.669771703141306407e+00
3.669929403548354507e+00
3.670073964611443973e+00
3.670223406039091696e+00
3.670378302200330900e+00
3.670535148619877841e+00
3.670684335775746376e+00
3.670827754255187703e+00
3.670985199586299430e+00
3.671131024760525108e+00
3.671274030545454536e+00
3.671423101607076855e+00
3.671569727243730430e+00
3.671717134219547152e+00
3.671871741473186290e+00
3.672016691192720117e+00
3.672174526381922099e+00
3.672323219032021413e+00
3.672466110478610268e+00
3.672611082542478478e+00
3.672769394280346766e+00
3.672915486343102831e+00
3.673059639619963068e+00
3.673208600770988763e+00
3.673360887051954737e+00
3.673508046993944731e+00
3.673655431529545989e+00
3.673802349917553389e+00
3.673947222742731444e+00
3.674101848875552800e+00
3.674252123539829995e+00
3.674399113225677471e+00
3.674545487721695647e+00
3.674700769228051112e+00
3.674844062620583163e+00
3.674992670054043842e+00
3.675147607855486331e+00
3.675292432646590779e+00
3.675444903504190286e+00
3.675599906475155887e+00
3.675747902830407199e+00
3.675895077419874202e+00
3.676041820033145502e+00
3.676193464150363521e+00
3.676342920336353348e+00
3.676492114440854664e+00
3.676639232164064630e+00
3.676791178512723413e+00
3.676939311903130836e+00
3.677089552506321191e+00
3.677237850936704078e+00
3.677386932688796239e+00
3.677535159837852508e+00
3.677686834483973932e+00
3.677842268158481698e+00
3.677999647138137984e+00
3.678146921529045432e+00
3.678302341613397974e+00
3.678453006481046117e+00
3.678600519764033905e+00
3.678754841745282889e+00
3.678898344948124954e+00
3.679047890874244775e+00
3.679195541363368793e+00
3.679344843581711988e+00
3.679499958422016270e+00
3.679649050405938038e+00
3.679804717349678622e+00
3.679961008044767556e+00
3.680102243377712856e+00
3.680248654458385893e+00
3.680396582184555232e+00
3.680547388602937176e+00
3.680698091672870209e+00
3.680843085320137487e+00
3.680991336711159079e+00
3.681142022395268221e+00
3.681295159601343236e+00
3.681440043004487794e+00
3.681585100342141370e+00
3.681736564051054650e+00
3.681882636077462134e+00
3.682036263984458824e+00
3.682185260009754213e+00
3.682339936578804096e+00
3.682488496811957557e+00
3.682636037306808330e+00
3.682792181000191789e+00
3.682937881041361106e+00
3.683090638046246923e+00
3.683236136169024455e+00
3.683384042537509284e+00
3.683536371661088715e+00
3.683691895261611116e+00
3.683845285523811075e+00
3.683993883700757088e+00
3.684145020650956948e+00
3.684295632975887358e+00
3.684439437876921630e+00
3.684591756590606781e+00
3.684742266439458014e+00
3.684891348012079959e+00
3.685040538743359573e+00
3.685188949401176917e+00
3.685341041992665989e+00
3.685488906431711342e+00
3.685641085006987172e+00
3.685790111347358344e+00
3.685941104990786865e+00
3.686093748018857585e+00
3.686244861240386417e+00
3.686390603532007315e+00
3.686543264314610990e+00
3.686696348404674417e+00
3.686846102636095690e+00
3.687000378706955406e+00
3.687146875669350621e+00
3.687299729377232271e+00
3.687449950238863572e+00
3.687598909936584235e+00
3.687756444454663551e+00
3.687911999128393514e+00
3.688064407485910134e+00
3.688221608111549976e+00
3.688370744116049593e+00
3.688526318039175855e+00
3.688676481945402319e+00
3.688825875518553232e+00
3.688978007436727324e+00
3.689127086556215573e+00
3.689273631439459855e+00
3.689427819454254909e+00
3.689586913804638435e+00
3.689731790178536031e+00
3.689879087037363448e+00
3.690033297991357042e+00
3.690184987422635121e+00
3.690340700687935627e+00
3.690494517526183849e+00
3.690647958157865283e+00
3.690793539890643071e+00
3.690945860652113275e+00
3.691098540843309905e+00
3.691254377483486948e+00
3.691407585798299529e+00
3.691562090358353920e+00
3.691705713561272528e+00
3.691857004615217264e+00
3.692008913465528952e+00
3.692155207864524780e+00
3.692302382881878842e+00
3.692451443523766308e+00
3.692602578496445798e+00
3.692752568752495801e+00
3.692902918871535878e+00
3.693058030708433748e+00
3.693207482153693100e+00
3.693354004522162004e+00
3.693511858978618889e+00
3.693660079666224227e+00
3.693812097786072890e+00
3.693966786010400405e+00
3.694125840624699286e+00
3.694274197117067615e+00
3.694425689226791487e+00
3.694583678768040169e+00
3.694731174716292088e+00
3.694880484870449511e+00
3.695033374672231918e+00
3.695187175870612961e+00
3.695340972647755517e+00
3.695491617547328467e+00
3.695641521483131964e+00
3.695788600255133449e+00
3.695943336654170963e+00
3.696088991303945637e+00
3.696241891905069910e+00
3.696392812330878908e+00
3.696545906484230759e+00
3.696694962860845646e+00
3.696845414549285724e+00
3.696995606344826601e+00
3.697148903692205835e+00
3.697298723147761645e+00
3.697445776931019168e+00
3.697599208965128614e+00
3.697754081015470096e+00
3.697904597612215571e+00
3.698059602833834614e+00
3.698218608766523197e+00
3.698371494200929366e+00
3.698518642796502220e+00
3.698669090495354084e+00
3.698821003327796397e+00
3.698971861463212552e+00
3.699123461678273994e+00
3.699275281496046563e+00
3.699432596075586055e+00
3.699584493319741707e+00
3.699738033354058153e+00
3.699894742547211735e+00
3.700039918624919544e+00
3.700197942198908407e+00
3.700347397792011606e+00
3.700498460732589034e+00
3.700653663889428735e+00
3.700806249059244379e+00
3.700963248406039519e+00
3.701110885187520516e+00
3.701263668840871102e+00
3.701421831763464620e+00
3.701574840089021823e+00
3.701729754044297938e+00
3.701883236183836523e+00
3.702029810120999631e+00
3.702175196600220985e+00
3.702297819581727989e+00
3.702388110587557790e+00
3.702429681132119121e+00
3.702446654229842871e+00
3.702459112446540690e+00
3.702461277268015216e+00
3.702471104202451624e+00
3.702472485623570453e+00
3.702480348352545025e+00
3.702482188417012487e+00
3.702486334141741331e+00
3.702492537547219964e+00
3.702496924634496533e+00
3.702506849511220111e+00
3.702513135552471635e+00
3.702518073711268620e+00
3.702526907149102708e+00
3.702527634587502892e+00
3.702534229736589744e+00
3.702534818281229878e+00
3.702538956599661812e+00
3.702540488959685572e+00
3.702545376121423981e+00
3.702546660569967951e+00
3.702548292462839896e+00
3.702553066932284587e+00
3.702556200416113885e+00
3.702557806925464767e+00
3.702564238853275569e+00
3.702566269839125290e+00
3.702570173306372059e+00
3.702574513934363765e+00
3.702574529653658519e+00
3.702581991758305158e+00
3.702581458462123276e+00
3.702583362684289003e+00
3.702586592965233070e+00
3.702592063035748282e+00
3.702598890547506461e+00
3.702598778063532770e+00
3.702603103002163554e+00
3.702605728282068132e+00
3.702608546974746950e+00
3.702609340860806508e+00
3.702614828952766057e+00
3.702619031126567428e+00
3.702624545480931673e+00
3.702628047367172659e+00
3.702630603091733530e+00
3.702633169685317416e+00
3.702633459118578774e+00
3.702633071641388440e+00
3.702637738219650920e+00
3.702641657950322074e+00
3.702645958685727212e+00
3.702651267414487801e+00
3.702657001991800367e+00
3.702657919988380009e+00
3.702658847825140764e+00
3.702661139058034401e+00
3.702664124928846778e+00
3.702666867800699979e+00
3.702667098880862984e+00
3.702670542497672024e+00
3.702674663595977744e+00
3.702678693911575003e+00
3.702681393472174065e+00
3.702683177785877966e+00
3.702685819979254056e+00
3.702686961765486728e+00
3.702691034176325946e+00
3.702691175387743172e+00
3.702695978313859992e+00
3.702698061720069322e+00
3.702697094810084355e+00
3.702697544774469218e+00
3.702700212579021155e+00
3.702702733636992871e+00
3.702702171525702912e+00
3.702702195061835955e+00
3.702705760256663314e+00
3.702707612775094859e+00
3.702710384240587960e+00
3.702709935595508206e+00
3.702710216737297166e+00
3.702710770852279509e+00
3.702711460767821539e+00
3.702711810900115807e+00
3.702715925973457001e+00
3.702717440878931399e+00
3.702719884104597181e+00
3.702723354753004958e+00
3.702727441461399760e+00
3.702728322299537744e+00
3.702730715580334397e+00
3.702733157116984142e+00
3.702734192237211897e+00
3.702737522489141675e+00
3.702739989559559408e+00
3.702740267648970018e+00
3.702740267805510133e+00
3.702740776237180675e+00
3.702743115995621892e+00
3.702743450328398023e+00
3.702746564908250271e+00
3.702749169238146010e+00
3.702751353207949681e+00
3.702752185979585331e+00
3.702752091418762159e+00
3.702752508475128046e+00
3.702754884466600060e+00
3.702755389762860894e+00
3.702755220810639791e+00
3.702756205123565181e+00
3.702757846617707571e+00
3.702759789809150437e+00
3.702760524593966096e+00
3.702764124407816215e+00
3.702767007398095611e+00
3.702767431380345364e+00
3.702771209567111477e+00
3.702773817559545488e+00
3.702775484149674057e+00
3.702775806349460019e+00
3.702776356689081450e+00
3.702776817759095174e+00
3.702778147904263406e+00
3.702779949433959494e+00
3.702780399842238168e+00
3.702781965716545720e+00
3.702784026848406462e+00
3.702785497719290220e+00
3.702787435292637763e+00
3.702788459155575751e+00
3.702787305883855407e+00
3.702788776124606773e+00
3.702789196939689997e+00
3.702791334599553341e+00
3.702790283837400498e+00
3.702791485823457851e+00
3.702793128410553525e+00
3.702794814117825073e+00
3.702796219301315528e+00
3.702798913169337958e+00
3.702800369294303007e+00
3.702803638501057204e+00
3.702805625546932600e+00
3.702806826188365985e+00
3.702809290410354226e+00
3.702810028857410618e+00
3.702812129825557630e+00
3.702811768283114091e+00
3.702811572508393656e+00
3.702814341450794355e+00
3.702814314307449450e+00
3.702817331510794396e+00
3.702817812356534066e+00
3.702818559989084157e+00
3.702818282124455518e+00
3.702818786654257899e+00
3.702821637509589703e+00
3.702821528227791426e+00
3.702825593662637083e+00
3.702830451457271188e+00
3.702831606849768420e+00
3.702831302613794229e+00
3.702832063790805872e+00
3.702833108212434610e+00
3.702834883136270960e+00
3.702835448265698659e+00
3.702836838262959063e+00
3.702840441500784507e+00
3.702841792651744957e+00
3.702842766479530923e+00
3.702842905268816320e+00
3.702843588138525988e+00
3.702843739945596013e+00
3.702844667589204164e+00
3.702846643485881106e+00
3.702847135249246247e+00
3.702849011091211562e+00
3.702849688811589601e+00
3.702850844174004230e+00
3.702852301616214703e+00
3.702853595361187189e+00
3.702853634822395712e+00
3.702853354473789160e+00
3.702853997230757255e+00
3.702854225755167317e+00
3.702855990800097974e+00
3.702856192130121293e+00
3.702856523262468169e+00
3.702857669203413860e+00
3.702859974717423341e+00
3.702861110237598563e+00
3.702862628580351867e+00
3.702861900847314924e+00
3.702863065879696158e+00
3.702864862685318670e+00
3.702868313576829440e+00
3.702869220489009461e+00
3.702869673443584642e+00
3.702871050503539152e+00
3.702870891796475217e+00
3.702871866207730456e+00
3.702872194706485764e+00
3.702872243405000763e+00
3.702873998105759235e+00
3.702875154076088471e+00
3.702875847567296486e+00
3.702876085234864778e+00
3.702877778241167039e+00
3.702878765739614053e+00
3.702880294160565633e+00
3.702880145791773270e+00
3.702881002662928189e+00
3.702881671590049883e+00
3.702882423539450407e+00
3.702882202001439360e+00
3.702883668398197159e+00
3.702884024088219039e+00
3.702884520340552044e+00
3.702885103421609703e+00
3.702884644319746066e+00
3.702886328035423613e+00
3.702886737492646851e+00
3.702888476090298475e+00
3.702891817643122696e+00
3.702893466312032533e+00
3.702893570321397210e+00
3.702894776850429448e+00
3.702895102025919982e+00
3.702895294113718982e+00
3.702896248848656313e+00
3.702897216343352227e+00
3.702897574712469719e+00
3.702899175529014819e+00
3.702898725717285178e+00
3.702898929176023035e+00
3.702900408778940999e+00
3.702900754217436585e+00
3.702902097831489936e+00
3.702902422601806798e+00
3.702901954630095638e+00
3.702903145948855279e+00
3.702904682542272230e+00
3.702905170943442403e+00
3.702906378220483852e+00
3.702905526811640424e+00
3.702906964611762497e+00
3.702906196729039756e+00
3.702906768388389835e+00
3.702908392484828504e+00
3.702908620002669071e+00
3.702908778015799651e+00
3.702909810863690421e+00
3.702910928182581607e+00
3.702911909418735714e+00
3.702911938881867648e+00
3.702912824912508949e+00
3.702913293120894345e+00
3.702914021424799529e+00
3.702914670768889582e+00
3.702914604859822045e+00
3.702915535680568304e+00
3.702915126174509464e+00
3.702916106563100218e+00
3.702916926228468242e+00
3.702917217384115833e+00
3.702918145718697041e+00
3.702919831541020557e+00
3.702920801170340059e+00
3.702922723967428276e+00
3.702921708654564714e+00
3.702922111574147745e+00
3.702923511642401078e+00
3.702923323676692302e+00
3.702924218515243560e+00
3.702926974090588796e+00
3.702926964364837925e+00
3.702928438946918810e+00
3.702928823803396163e+00
3.702929735303731373e+00
3.702932716288265702e+00
3.702934033727220076e+00
3.702935189593625331e+00
3.702935440564476099e+00
3.702936679795166164e+00
3.702937903395955299e+00
3.702937832734729096e+00
3.702938106973163279e+00
3.702940167884002154e+00
3.702940337198885157e+00
3.702941408918549282e+00
3.702941522578989453e+00
3.702942929189559251e+00
3.702943270475277604e+00
3.702943928718143152e+00
3.702944120534622297e+00
3.702944062667403724e+00
3.702945803120313517e+00
3.702946028438693915e+00
3.702946958368387609e+00
3.702947912607970515e+00
3.702947940363861434e+00
3.702949824478693586e+00
3.702950660889412937e+00
3.702950911915040333e+00
3.702951639580426502e+00
3.702953566635478921e+00
3.702954242569377996e+00
3.702954570768277165e+00
3.702956092871561911e+00
3.702956624543725095e+00
3.702957008335912459e+00
3.702957551503549105e+00
3.702958277203862281e+00
3.702959000349971497e+00
3.702959336531885803e+00
3.702960023499378028e+00
3.702960940329447670e+00
3.702961968471871312e+00
3.702962383396966484e+00
3.702961933313007936e+00
3.702962900810889746e+00
3.702962673132789373e+00
3.702963217731808587e+00
3.702963892370224830e+00
3.702964752243977475e+00
3.702964557371923870e+00
3.702965475971775167e+00
3.702966411841415173e+00
3.702967685269015874e+00
3.702967516984737806e+00
3.702967969063293285e+00
3.702969264835643592e+00
3.702969753236618367e+00
3.702969656999265169e+00
3.702970705473680013e+00
3.702971131185115450e+00
3.702971877394511502e+00
3.702971844313667216e+00
3.702971989468326619e+00
3.702972865723518137e+00
3.702974031800688515e+00
3.702973628968752706e+00
3.702974174334130453e+00
3.702974700183232937e+00
3.702974876122590686e+00
3.702978350341787905e+00
3.702978750916926298e+00
3.702980400468928845e+00
3.702979896938997317e+00
3.702980446276766813e+00
3.702980941034615725e+00
3.702981372878936028e+00
3.702981394925841663e+00
3.702981346675766172e+00
3.702982359100157161e+00
3.702982286713520921e+00
3.702982220431140004e+00
3.702982926182804224e+00
3.702983240965043166e+00
3.702983946341614097e+00
3.702985236963351579e+00
3.702985428155918246e+00
3.702985746407016165e+00
3.702986287419689049e+00
3.702986624091156198e+00
3.702986631303354148e+00
3.702987776511790230e+00
3.702987736355501269e+00
3.702988440815505822e+00
3.702988459261827181e+00
3.702988835788151967e+00
3.702989425774996235e+00
3.702989276557056009e+00
3.702989647945192697e+00
3.702990084397212556e+00
3.702991247649741968e+00
3.702991358259883903e+00
3.702992444811122219e+00
3.702992584260388131e+00
3.702993039919819207e+00
3.702994398406886045e+00
3.702994880984645576e+00
3.702994747551020538e+00
3.702996182424354021e+00
3.702997934798507362e+00
3.702997627448517459e+00
3.702999212351456126e+00
3.703000964144201212e+00
3.703000350316268730e+00
3.703000188211357013e+00
3.703000115898562594e+00
3.703000574498704456e+00
3.702999897187903677e+00
3.703000431310847773e+00
3.703000331134022716e+00
3.703000040326621445e+00
3.703000729762384591e+00
3.703000325454492092e+00
3.703000604625734216e+00
3.703000849807875472e+00
3.703001911712358041e+00
3.703002167909488218e+00
3.703002055064498421e+00
3.703002351228916300e+00
3.703003197408692326e+00
3.703003049687905612e+00
3.703003503608027547e+00
3.703003628503289679e+00
3.703003655132418803e+00
3.703004224716350823e+00
3.703004676476527646e+00
3.703006114812451344e+00
3.703008095848665970e+00
3.703007322587144046e+00
3.703007405650106332e+00
3.703007892850638694e+00
3.703007963193885921e+00
3.703008683883376229e+00
3.703009223090607094e+00
3.703009767404085384e+00
3.703009993454120963e+00
3.703010364735290771e+00
3.703012214491178788e+00
3.703012006194869699e+00
3.703013136750389567e+00
3.703015357074689984e+00
3.703014431399690221e+00
3.703014091209972936e+00
3.703013953310883899e+00
3.703013921586435497e+00
3.703013987913734706e+00
3.703014195652867713e+00
3.703015705894443954e+00
3.703016060873134396e+00
3.703016331834169339e+00
3.703016708777536081e+00
3.703016431923300544e+00
3.703016452512648993e+00
3.703017145945550759e+00
3.703017980557267386e+00
3.703019434369191121e+00
3.703020714536329194e+00
3.703021289580973097e+00
3.703021281669685472e+00
3.703021353173066466e+00
3.703021860212483141e+00
3.703021838523167464e+00
3.703023402732361191e+00
3.703022975180498388e+00
3.703025065551753592e+00
3.703025383450957442e+00
3.703026326101501731e+00
3.703026181491113178e+00
3.703027082703806538e+00
3.703027528654313283e+00
3.703029645717351048e+00
3.703029045327205893e+00
3.703030036316628859e+00
3.703030880795343815e+00
3.703031414141117139e+00
3.703031175252675222e+00
3.703032032157432152e+00
3.703032075276042612e+00
3.703031891720971913e+00
3.703032528169277082e+00
3.703032914820022281e+00
3.703032784282302980e+00
3.703033087581959037e+00
3.703034136206138527e+00
3.703034229864167415e+00
3.703035475283533717e+00
3.703035190076006788e+00
3.703036089298834099e+00
3.703036778955973940e+00
3.703036387068053603e+00
3.703036609908488597e+00
3.703037400069908003e+00
3.703037098582676379e+00
3.703037203926752952e+00
3.703037785963692929e+00
3.703038246787830001e+00
3.703038830904352263e+00
3.703039242479534643e+00
3.703040691218053571e+00
3.703040828773311421e+00
3.703040617737840545e+00
3.703041353072991093e+00
3.703041200726887805e+00
3.703042804053730208e+00
3.703043308502248276e+00
3.703043402948638985e+00
3.703043646130980804e+00
3.703043616014928485e+00
3.703044369757343190e+00
3.703045250985578463e+00
3.703045545227985347e+00
3.703045138916941426e+00
3.703045183385208716e+00
3.703045792839936734e+00
3.703045955947148027e+00
3.703046172504541378e+00
3.703046337839802860e+00
3.703047267355806138e+00
3.703047456268501403e+00
3.703048311865141606e+00
3.703049509978291187e+00
3.703049292020938132e+00
3.703050511324427863e+00
3.703050175042100989e+00
3.703051151498555793e+00
3.703051296122648495e+00
3.703051017838734360e+00
3.703050997436549530e+00
3.703052020054987903e+00
3.703052324677578611e+00
3.703052861436912480e+00
3.703053089328199210e+00
3.703053164979268175e+00
3.703053887817076895e+00
3.703054167943412356e+00
3.703054061871664526e+00
3.703054520521907200e+00
3.703054639516361490e+00
3.703055446185397503e+00
3.703055550191560297e+00
3.703056044782330858e+00
3.703056610784559499e+00
3.703056498540016062e+00
3.703056715908861651e+00
3.703056702055583127e+00
3.703056626384803263e+00
3.703057189930111903e+00
3.703057274627817197e+00
3.703058313937024781e+00
3.703058461495233544e+00
3.703058966653174799e+00
3.703058977873501245e+00
3.703059451954699099e+00
3.703059582092737667e+00
3.703059658302862545e+00
3.703059728230865932e+00
3.703060279790290732e+00
3.703060591012562686e+00
3.703060871277756849e+00
3.703061196449061843e+00
3.703061577674663152e+00
3.703061601507784850e+00
3.703062141939795104e+00
3.703062359227155209e+00
3.703062517768894057e+00
3.703063539596286535e+00
3.703063957441290466e+00
3.703064652829295422e+00
3.703064830807877961e+00
3.703064831516299282e+00
3.703064832147641372e+00
3.703065390267052948e+00
3.703067130345919278e+00
3.703066838294648999e+00
3.703066916831858624e+00
3.703067666776670652e+00
3.703067783817674208e+00
3.703068485326414194e+00
3.703068197340600332e+00
3.703068844452106045e+00
3.703069012986464958e+00
3.703069144994973971e+00
3.703069292382813238e+00
3.703069446650837371e+00
3.703069968860997374e+00
3.703070260296550842e+00
3.703070552342865973e+00
3.703070536962964621e+00
3.703070757091645682e+00
3.703070865213030860e+00
3.703072019295258865e+00
3.703072490006146467e+00
3.703073719107170536e+00
3.703073766161223634e+00
3.703073998170463010e+00
3.703074726809971740e+00
3.703076668413242345e+00
3.703079190482615690e+00
3.703078705424488248e+00
3.703078113740744026e+00
3.703078888667742152e+00
3.703078742566377368e+00
3.703078885831514455e+00
3.703079147511711522e+00
3.703079670472597229e+00
3.703080637970447953e+00
3.703080925902501264e+00
3.703080807488838833e+00
3.703081653481600899e+00
3.703081681541288361e+00
3.703081516230886550e+00
3.703081558111430471e+00
3.703081881423924138e+00
3.703082210636154503e+00
3.703082765528526554e+00
3.703083065115539085e+00
3.703085285745862265e+00
3.703084650153230406e+00
3.703084693952290340e+00
3.703084923676609019e+00
3.703085315182415904e+00
3.703086217425993532e+00
3.703086181475693017e+00
3.703086518221715639e+00
3.703086109861693398e+00
3.703086650753351972e+00
3.703087094973261273e+00
3.703087225957854223e+00
3.703088443895874438e+00
3.703088022464106288e+00
3.703088590817353420e+00
3.703088482780740431e+00
3.703088598426115041e+00
3.703088647183748972e+00
3.703088502368370172e+00
3.703089521296290876e+00
3.703089590927680419e+00
3.703090154373831044e+00
3.703090815191329987e+00
3.703090865095797213e+00
3.703091034992844310e+00
3.703091877958244016e+00
3.703091730441140150e+00
3.703091971908095026e+00
3.703092928130802708e+00
3.703094284890655619e+00
3.703093975775633151e+00
3.703093784607244476e+00
3.703094318779670324e+00
3.703094772459974759e+00
3.703095202616810244e+00
3.703095400993276609e+00
3.703095953085917102e+00
3.703095956242817621e+00
3.703096123531510742e+00
3.703096248281378067e+00
3.703096637529447843e+00
3.703097213560436529e+00
3.703097458602798486e+00
3.703098471411669479e+00
3.703098271175638612e+00
3.703098505994108613e+00
3.703098303654144718e+00
3.703099409089190885e+00
3.703099436459555971e+00
3.703099618873246346e+00
3.703099632352299775e+00
3.703099694845071177e+00
3.703100123644879282e+00
3.703099997766759799e+00
3.703100215276667662e+00
3.703100387266800464e+00
3.703100662171987523e+00
3.703100365530700877e+00
3.703100887087277915e+00
3.703100857171710558e+00
3.703100810604705195e+00
3.703100919894008136e+00
3.703101207732173439e+00
3.703100986275856155e+00
3.703101204266770363e+00
3.703101105870199916e+00
3.703101665048901481e+00
3.703101925514071358e+00
3.703102405581925716e+00
3.703103761754932943e+00
3.703103403037296015e+00
3.703103624391791637e+00
3.703103954958379518e+00
3.703103979101939114e+00
3.703104653130655954e+00
3.703104837886752598e+00
3.703104993996771288e+00
3.703105648831729990e+00
3.703105801035045719e+00
3.703106246538592217e+00
3.703106596815589846e+00
3.703106524001806399e+00
3.703106477595959234e+00
3.703107067220682502e+00
3.703106800065850912e+00
3.703107452791575049e+00
3.703108225139082332e+00
3.703108704838071308e+00
3.703108714684371083e+00
3.703108954663286934e+00
3.703108872614152336e+00
3.703108909752525157e+00
3.703109271937770952e+00
3.703109392225294005e+00
3.703110064444852245e+00
3.703109914055628504e+00
3.703110458704596653e+00
3.703111649950082462e+00
3.703111587863420873e+00
3.703111919992271517e+00
3.703112013211787623e+00
3.703111790193592601e+00
3.703112227766441222e+00
3.703112794643955930e+00
3.703113399367464975e+00
3.703114031148472929e+00
3.703114741352132366e+00
3.703114661783733830e+00
3.703114799253027556e+00
3.703114702932964075e+00
3.703115267785969333e+00
3.703116001845439431e+00
3.703116928187177415e+00
3.703118032921054681e+00
3.703116940332198848e+00
3.703117891225898184e+00
