3.575203331692045516e+00
3.575543637963646493e+00
3.575959440904141751e+00
3.576360049295786769e+00
3.576695704202548232e+00
3.576967124820082056e+00
3.577196280776987258e+00
3.577405561165472481e+00
3.577776046960419176e+00
3.578080854131536093e+00
3.578336930927506376e+00
3.578566043834438659e+00
3.578783490112232624e+00
3.578998199241151479e+00
3.579214677069740169e+00
3.579434760679585992e+00
3.579658732178419900e+00
3.579886042316919870e+00
3.580115759000804143e+00
3.580346862663182250e+00
3.580578534325476348e+00
3.580814582411516955e+00
3.581031994013013087e+00
3.581288142644969863e+00
3.581569564202673028e+00
3.581803657730731949e+00
3.582056267472570443e+00
3.582273157836766142e+00
3.582513307439372685e+00
3.582760563086810457e+00
3.582986430976056180e+00
3.583255300010941724e+00
3.583521961742230921e+00
3.583768746326528198e+00
3.584014908075012329e+00
3.584260204283987061e+00
3.584504817815151512e+00
3.584745656575187844e+00
3.584986143225687982e+00
3.585226257833515895e+00
3.585465977162706430e+00
3.585705207193642163e+00
3.585943919582092576e+00
3.586204727188861074e+00
3.586521249119139831e+00
3.586815014008468694e+00
3.587035984613564654e+00
3.587286880367555053e+00
3.587545558872777818e+00
3.587754915341627271e+00
3.588071430364174308e+00
3.588311013942625305e+00
3.588633248243815022e+00
3.588950647162331808e+00
3.589256463188640112e+00
3.589351928423770044e+00
3.589671806153031941e+00
3.589839446478511942e+00
3.590062836213331110e+00
3.590299587042838247e+00
3.590542176043427069e+00
3.590788493918986024e+00
3.591037738899967469e+00
3.591288726310287505e+00
3.591540741168079087e+00
3.591812387364726078e+00
3.592106910464957448e+00
3.592307464962027908e+00
3.592551132597783692e+00
3.592838905449877718e+00
3.593133497918471253e+00
3.593424058488789985e+00
3.593596581702577009e+00
3.593888977683813213e+00
3.594184910166004165e+00
3.594391640485952610e+00
3.594691826654865974e+00
3.594913020799872960e+00
3.595214155398898104e+00
3.595437351282207317e+00
3.595739403015656421e+00
3.595963218996224509e+00
3.596266321391975218e+00
3.596490743612173802e+00
3.596794976077911876e+00
3.597020100726219027e+00
3.597325453279263563e+00
3.597553995750450984e+00
3.597798164612958871e+00
3.598053216609559790e+00
3.598309215897530500e+00
3.598566518711298290e+00
3.598838592193577934e+00
3.599104643926355429e+00
3.599387332140767892e+00
3.599676656627063931e+00
3.599882844769672463e+00
3.600173989402802199e+00
3.600410641664465228e+00
3.600688998548360775e+00
3.600902405558485508e+00
3.601189581222787428e+00
3.601442949437493546e+00
3.601693598477876179e+00
3.601963698399425429e+00
3.602215559951764234e+00
3.602501373579413801e+00
3.602746400003860483e+00
3.603014215187383407e+00
3.603276859680761390e+00
3.603531844232652936e+00
3.603842640264223629e+00
3.604085892921662815e+00
3.604266116022127431e+00
3.604551105700747105e+00
3.604794551247993528e+00
3.605046706662038858e+00
3.605313280559594435e+00
3.605552154659857678e+00
3.605820470876234030e+00
3.606063781301053872e+00
3.606296879205674433e+00
3.606565519728391234e+00
3.606829498874130291e+00
3.607078477096257618e+00
3.607345449188567255e+00
3.607614226956811443e+00
3.607872774796198723e+00
3.608129656375283822e+00
3.608416202462056521e+00
3.608670492534548302e+00
3.608905048748463518e+00
3.609152418012961938e+00
3.609397543983758005e+00
3.609652321134727337e+00
3.609928597437437325e+00
3.610172422712886409e+00
3.610436691133946940e+00
3.610703668049944692e+00
3.610967312140930030e+00
3.611222321951065073e+00
3.611473271108120109e+00
3.611727401776363866e+00
3.611974955488808092e+00
3.612227915070617357e+00
3.612477748833992752e+00
3.612726689407963487e+00
3.613000423512819026e+00
3.613242603902254046e+00
3.613474069901097430e+00
3.613741935461088683e+00
3.613992855567742524e+00
3.614256419043163859e+00
3.614514776842066901e+00
3.614779714378203668e+00
3.615033008261555825e+00
3.615276703626396415e+00
3.615543104354678405e+00
3.615804808359835310e+00
3.616058044089347501e+00
3.616317491056663780e+00
3.616573052055145787e+00
3.616850164556623337e+00
3.617121922786111554e+00
3.617350108582601198e+00
3.617611911863580332e+00
3.617860284866680765e+00
3.618129798453861401e+00
3.618371211323328396e+00
3.618618518726069766e+00
3.618855630522112232e+00
3.619121591185635367e+00
3.619392128462160851e+00
3.619642623616727839e+00
3.619894880808388837e+00
3.620136473253634080e+00
3.620398920955405497e+00
3.620635337689046995e+00
3.620887780109561138e+00
3.621153573029560313e+00
3.621398132231126610e+00
3.621665163315514135e+00
3.621915621261747820e+00
3.622159798814866161e+00
3.622406147273777410e+00
3.622661350914724743e+00
3.622933565124131672e+00
3.623184249021500936e+00
3.623447706991360651e+00
3.623688955478203688e+00
3.623950371164784912e+00
3.624196276517316129e+00
3.624444027068472796e+00
3.624704549627784100e+00
3.624960046416402903e+00
3.625222833952005175e+00
3.625518653330430663e+00
3.625815425898534450e+00
3.626016122028416611e+00
3.626281566840816595e+00
3.626513054996920449e+00
3.626767108482202850e+00
3.627006112645075664e+00
3.627277233189871719e+00
3.627526159604738343e+00
3.627783802595521578e+00
3.628035232074647176e+00
3.628310822225094601e+00
3.628553179914280502e+00
3.628802977088198212e+00
3.629041633392034338e+00
3.629315319875348056e+00
3.629579663750563068e+00
3.629837397146272515e+00
3.630094953783698841e+00
3.630330662383657980e+00
3.630583158784017606e+00
3.630829699237550390e+00
3.631093649154971903e+00
3.631350849781866508e+00
3.631602492772476154e+00
3.631854835910511170e+00
3.632107849849227410e+00
3.632361590767884341e+00
3.632618842319156993e+00
3.632872647553166523e+00
3.633160415985957403e+00
3.633391610689117091e+00
3.633644797427785900e+00
3.633916064946311586e+00
3.634180264213482392e+00
3.634445085520940921e+00
3.634725224673720057e+00
3.634987083699946275e+00
3.635231802719089078e+00
3.635512728969371388e+00
3.635725851954605403e+00
3.635985363730946940e+00
3.636224670890587873e+00
3.636464632896771576e+00
3.636731727542399817e+00
3.636996409828849419e+00
3.637249305083490647e+00
3.637496883660753522e+00
3.637783702574632017e+00
3.638027366110962557e+00
3.638308722432187725e+00
3.638548872952558799e+00
3.638779843383431523e+00
3.639031777948868118e+00
3.639277533334370318e+00
3.639534386383082243e+00
3.639793756272463821e+00
3.640044328170503274e+00
3.640297900273862464e+00
3.640563726697349622e+00
3.640845410182697250e+00
3.641085816803931063e+00
3.641345448091874104e+00
3.641600119058568730e+00
3.641865925855771735e+00
3.642107492608958275e+00
3.642356858704509648e+00
3.642609231276765502e+00
3.642876194327600903e+00
3.643140724058809621e+00
3.643409547638204682e+00
3.643664997346824030e+00
3.643921216786727424e+00
3.644192059711862441e+00
3.644457448596182925e+00
3.644713797480110706e+00
3.644970883676968310e+00
3.645231300157081300e+00
3.645514689305447309e+00
3.645787309009202115e+00
3.646037690085791372e+00
3.646289645570768290e+00
3.646555119163277237e+00
3.646804491649019653e+00
3.647070225107818864e+00
3.647304734074001242e+00
3.647573917181489822e+00
3.647825424190601407e+00
3.648107036143895865e+00
3.648379182453351799e+00
3.648638919853826046e+00
3.648906835110564018e+00
3.649172486843250685e+00
3.649448014997533463e+00
3.649671702658945360e+00
3.649949862800322187e+00
3.650178769433037207e+00
3.650440801231855215e+00
3.650688730994196884e+00
3.650930761448743844e+00
3.651191393686931796e+00
3.651465295868567829e+00
3.651734050281915778e+00
3.651988560607473122e+00
3.652228646330307082e+00
3.652497125796478006e+00
3.652744470384847286e+00
3.652995635680686526e+00
3.653274078619869414e+00
3.653529989422012569e+00
3.653799108595574996e+00
3.654056206070043000e+00
3.654341517511487947e+00
3.654593389257523750e+00
3.654857252799820433e+00
3.655094335933611216e+00
3.655364585643217090e+00
3.655622575997174994e+00
3.655875435363882264e+00
3.656129053453453182e+00
3.656404080289450409e+00
3.656665008436303488e+00
3.656914949568693007e+00
3.657171918096931762e+00
3.657427203676792971e+00
3.657695967482016197e+00
3.657940882290466433e+00
3.658196925996246573e+00
3.658470620452910271e+00
3.658724133717170979e+00
3.658999976908533291e+00
3.659233043631555660e+00
3.659496532980815786e+00
3.659760715918761065e+00
3.660017727743561711e+00
3.660277908595023000e+00
3.660533134921295506e+00
3.660810623835473177e+00
3.661049921356040127e+00
3.661311700987663897e+00
3.661582942810391206e+00
3.661854941584436141e+00
3.662102497761904107e+00
3.662375257852825250e+00
3.662635321154709800e+00
3.662898648059893514e+00
3.663162531285536705e+00
3.663412926409539860e+00
3.663676505834534414e+00
3.663931176243410803e+00
3.664190521884824747e+00
3.664452815887306869e+00
3.664727929989764377e+00
3.665001062785331776e+00
3.665255773738666178e+00
3.665512027629857172e+00
3.665779865380949243e+00
3.666056705417395367e+00
3.666311561532438201e+00
3.666555006774117054e+00
3.666812615877922621e+00
3.667086834115740768e+00
3.667336527575804084e+00
3.667591576377124074e+00
3.667849944445349841e+00
3.668106977770064336e+00
3.668355527528883275e+00
3.668615053594085129e+00
3.668872625427694434e+00
3.669109311903448134e+00
3.669382205669222685e+00
3.669629153934331534e+00
3.669889908565591607e+00
3.670150405743570765e+00
3.670418136889135763e+00
3.670687861796856577e+00
3.670944859144774419e+00
3.671222117413138086e+00
3.671474427436581589e+00
3.671740006201155371e+00
3.671991611576622461e+00
3.672248219792056734e+00
3.672517042103552232e+00
3.672765233450717925e+00
3.673018806413615334e+00
3.673286297245795584e+00
3.673538104562521056e+00
3.673805943329679469e+00
3.674062183378367763e+00
3.674318693736448704e+00
3.674585599853763984e+00
3.674839755521225548e+00
3.675102622306614997e+00
3.675371978063579181e+00
3.675628923016707184e+00
3.675879955497649565e+00
3.676147242918977653e+00
3.676408256869806657e+00
3.676668274749311127e+00
3.676928358269311747e+00
3.677189723166824020e+00
3.677454220741912305e+00
3.677716943827694429e+00
3.677973428835344283e+00
3.678222761456802381e+00
3.678490784050357565e+00
3.678742861463404346e+00
3.678988839893528873e+00
3.679265805204136708e+00
3.679502144360815574e+00
3.679756489206215786e+00
3.680007542475717486e+00
3.680247098918461024e+00
3.680519979561268418e+00
3.680767384108651452e+00
3.681015852633668484e+00
3.681288308779020912e+00
3.681537970799624304e+00
3.681822499293355921e+00
3.682089536470486202e+00
3.682328500144589789e+00
3.682596344324841287e+00
3.682870427993977458e+00
3.683109646870585507e+00
3.683363180779617885e+00
3.683631855532158550e+00
3.683917139448419142e+00
3.684169555532721851e+00
3.684436949971981790e+00
3.684698766354583377e+00
3.684966917136127673e+00
3.685221932376009146e+00
3.685490390981813746e+00
3.685743435350814945e+00
3.686001436326071801e+00
3.686270350458857870e+00
3.686520637775942077e+00
3.686786029335235693e+00
3.687043942016952069e+00
3.687288989760710844e+00
3.687546778924761792e+00
3.687804005264608165e+00
3.688070686583443614e+00
3.688329655252090333e+00
3.688580989975625002e+00
3.688843821697455727e+00
3.689107045036871924e+00
3.689379081386266357e+00
3.689640946786192366e+00
3.689898795537048137e+00
3.690154652948992808e+00
3.690407601469356536e+00
3.690659647128733845e+00
3.690923659237038912e+00
3.691176890758603779e+00
3.691433180594635211e+00
3.691686446925715348e+00
3.691942496626569259e+00
3.692190486679532757e+00
3.692455804587457369e+00
3.692704830973242203e+00
3.692975697911163646e+00
3.693225649352668505e+00
3.693478191050901138e+00
3.693732079685728031e+00
3.693989014775455271e+00
3.694255881872169578e+00
3.694523763077559586e+00
3.694783224972505664e+00
3.695032234436296470e+00
3.695271133318178247e+00
3.695532600523778743e+00
3.695782432969837217e+00
3.696045732176884702e+00
3.696304152858910896e+00
3.696572632011527304e+00
3.696828447219818070e+00
3.697071534256970438e+00
3.697330440193616230e+00
3.697595981332541193e+00
3.697851083771480418e+00
3.698108904881323600e+00
3.698350599822814999e+00
3.698614023731546574e+00
3.698869612642709193e+00
3.699147638879793476e+00
3.699410905550641449e+00
3.699682993475228443e+00
3.699929190169703119e+00
3.700192116988214153e+00
3.700456752271061411e+00
3.700718137474425351e+00
3.700981640460895061e+00
3.701258746850569104e+00
3.701528699394333266e+00
3.701788813192058658e+00
3.702050855693228559e+00
3.702312013532168766e+00
3.702561800829149874e+00
3.702828968526114650e+00
3.703061025632982339e+00
3.703269237159301674e+00
3.703471437871273864e+00
3.703608730183267195e+00
3.703712999007401141e+00
3.703782325724951363e+00
3.703818393594762171e+00
3.703850328564090244e+00
3.703876780377658218e+00
3.703903404910421582e+00
3.703914207786481505e+00
3.703934046523082113e+00
3.703954528824846992e+00
3.703961601199404097e+00
3.703974939059885951e+00
3.704001074256761949e+00
3.704021406728609911e+00
3.704050151179157702e+00
3.704072758025790169e+00
3.704081698353518526e+00
3.704089704914697911e+00
3.704099870779230752e+00
3.704129513396863693e+00
3.704141647031933715e+00
3.704163386330780128e+00
3.704185879645082835e+00
3.704196331513173401e+00
3.704224296875202160e+00
3.704233068061336898e+00
3.704248962937655598e+00
3.704254562892948854e+00
3.704268921295742256e+00
3.704279039777534699e+00
3.704291234205593586e+00
3.704305551394162510e+00
3.704314933519681663e+00
3.704316342335224554e+00
3.704328508300745337e+00
3.704345691831707477e+00
3.704353838606396110e+00
3.704358990544913688e+00
3.704379276565580525e+00
3.704391816421944039e+00
3.704390509957779187e+00
3.704417683439440889e+00
3.704423082631921993e+00
3.704421995427492398e+00
3.704431983468542633e+00
3.704447581843417492e+00
3.704458412419735058e+00
3.704463760725386745e+00
3.704467619591554239e+00
3.704475518426683767e+00
3.704484015853032552e+00
3.704491358853178706e+00
3.704492108504804815e+00
3.704504412268921243e+00
3.704505739883320548e+00
3.704511823874033549e+00
3.704523602727949338e+00
3.704531857231982528e+00
3.704546441722722072e+00
3.704554140520607053e+00
3.704560217206191108e+00
3.704568878870811766e+00
3.704587909048723038e+00
3.704578651735792150e+00
3.704582194185565669e+00
3.704579261255480205e+00
3.704589479645396199e+00
3.704604568572263279e+00
3.704615763505436643e+00
3.704621774216944718e+00
3.704629438680437037e+00
3.704628201944686783e+00
3.704631578733677877e+00
3.704647106249032706e+00
3.704649886089002919e+00
3.704647447656308046e+00
3.704659945065324589e+00
3.704670131497457497e+00
3.704672466628893268e+00
3.704681878106439896e+00
3.704685886406896778e+00
3.704693258351360541e+00
3.704700859428090354e+00
3.704700487516827678e+00
3.704705338837921857e+00
3.704704802236303163e+00
3.704709755591380382e+00
3.704718680765309191e+00
3.704717520279947607e+00
3.704724647056790943e+00
3.704727145572282332e+00
3.704736126994603307e+00
3.704743099353298152e+00
3.704743921023725850e+00
3.704744135523876825e+00
3.704740804635490381e+00
3.704751681833753363e+00
3.704753840198058423e+00
3.704754102294773421e+00
3.704759035160716252e+00
3.704765591982646100e+00
3.704768617909276696e+00
3.704769088864018123e+00
3.704765543084082680e+00
3.704778112251031708e+00
3.704780648615710881e+00
3.704780871147661525e+00
3.704786649193199555e+00
3.704792454394762125e+00
3.704795104014472873e+00
3.704802149123003652e+00
3.704805123497112884e+00
3.704811789558859925e+00
3.704819900364417329e+00
3.704823398325879591e+00
3.704835013647222119e+00
3.704837417892148377e+00
3.704843744966936026e+00
3.704852404993942638e+00
3.704856318673710902e+00
3.704864556350692784e+00
3.704868733105052048e+00
3.704877782221208005e+00
3.704886627475685312e+00
3.704894553766957088e+00
3.704899569835856443e+00
3.704897700897974211e+00
3.704897222340229224e+00
3.704905269310188487e+00
3.704911929029635065e+00
3.704917268682177856e+00
3.704920420566867989e+00
3.704918966689419335e+00
3.704917455720919239e+00
3.704920632690504423e+00
3.704926289606077727e+00
3.704927820998961785e+00
3.704925446641261999e+00
3.704925475397102819e+00
3.704932567250839082e+00
3.704935488119931009e+00
3.704945041288341123e+00
3.704947026703809154e+00
3.704950438000153223e+00
3.704946558587145500e+00
3.704947788726018931e+00
3.704952256569456814e+00
3.704962862599097129e+00
3.704972263054223003e+00
3.704977067396413748e+00
3.704977207903035197e+00
3.704975188877757120e+00
3.704970057296185004e+00
3.704974611211114599e+00
3.704977907804817949e+00
3.704979523488284077e+00
3.704985327658691485e+00
3.704984902755922072e+00
3.704989113399199674e+00
3.704996607385605767e+00
3.704996879881970351e+00
3.704996534217755766e+00
3.704995185034657190e+00
3.705000597545315966e+00
3.705001659570215988e+00
3.705003147985114431e+00
3.705005176097923680e+00
3.705004857944152796e+00
3.705009018959847467e+00
3.705012102156506781e+00
3.705012620434816828e+00
3.705011115803191757e+00
3.705017175129152740e+00
3.705017799794400712e+00
3.705017075758290979e+00
3.705024557721485312e+00
3.705021570472168069e+00
3.705025102045667040e+00
3.705027871484839697e+00
3.705033537004483346e+00
3.705039255148999899e+00
3.705039117668408988e+00
3.705043836532865953e+00
3.705041653650778866e+00
3.705047911388609005e+00
3.705052743172946528e+00
3.705054749696189198e+00
3.705055064057663827e+00
3.705055860115686883e+00
3.705059007589180275e+00
3.705058988946477339e+00
3.705062167559761477e+00
3.705071947517355024e+00
3.705073405797621788e+00
3.705071833467096898e+00
3.705074696002133461e+00
3.705079058844583439e+00
3.705082066352620718e+00
3.705090815247182423e+00
3.705088874340298322e+00
3.705092538144778125e+00
3.705085086549900986e+00
3.705092203604517742e+00
3.705092091105758101e+00
3.705092217757936623e+00
3.705090950348124856e+00
3.705093153797681005e+00
3.705093392082849935e+00
3.705095087972599011e+00
3.705103048617949923e+00
3.705103888560028480e+00
3.705101103532228102e+00
3.705104044321472223e+00
3.705105243120581537e+00
3.705107892188024721e+00
3.705112042940145844e+00
3.705112170501029922e+00
3.705116019234552915e+00
3.705120608730836373e+00
3.705122382541565784e+00
3.705121894396915305e+00
3.705121700174589527e+00
3.705121180113862600e+00
3.705125205839141067e+00
3.705124823758306984e+00
3.705131429750809779e+00
3.705132102304560693e+00
3.705132049145953399e+00
3.705137097121421696e+00
3.705135157192263051e+00
3.705138724235208514e+00
3.705138538179534535e+00
3.705141953130339783e+00
3.705144866660830427e+00
3.705146095069163703e+00
3.705148835643174987e+00
3.705149220882745897e+00
3.705148332631023056e+00
3.705152572392589772e+00
3.705151420017877673e+00
3.705154002338390207e+00
3.705155721190579676e+00
3.705158838152464273e+00
3.705158325644481110e+00
3.705157750286371066e+00
3.705162802386270826e+00
3.705167676662537435e+00
3.705169037953158995e+00
3.705171778099197066e+00
3.705176668943993779e+00
3.705178917287995866e+00
3.705181137293775073e+00
3.705184758758118146e+00
3.705180886607470025e+00
3.705178038979771049e+00
3.705183332459640155e+00
3.705185524098973726e+00
3.705186706843669242e+00
3.705188593387550799e+00
3.705194211331831244e+00
3.705195775647915912e+00
3.705200360134961013e+00
3.705200469190481183e+00
3.705204675644587997e+00
3.705201560190263255e+00
3.705204381714550799e+00
3.705206274662575794e+00
3.705206512669651175e+00
3.705208335122413654e+00
3.705205235798878949e+00
3.705207944502720174e+00
3.705206280105520111e+00
3.705206385003052549e+00
3.705210485602261627e+00
3.705212298706174856e+00
3.705212900172264234e+00
3.705212849234432060e+00
3.705215842225268563e+00
3.705215766234803976e+00
3.705216199660375409e+00
3.705220390965396682e+00
3.705221827549811664e+00
3.705220172223346431e+00
3.705224374712850377e+00
3.705224384446513142e+00
3.705223430041058474e+00
3.705223104699202352e+00
3.705227404290614146e+00
3.705225035896348551e+00
3.705226446912745164e+00
3.705227820643652414e+00
3.705228060007028201e+00
3.705228340126278663e+00
3.705230436167716856e+00
3.705230635917675208e+00
3.705230884384313139e+00
3.705232115213633826e+00
3.705234136979327797e+00
3.705236209086989252e+00
3.705237014091713021e+00
3.705242083379323148e+00
3.705241979786368045e+00
3.705245757879065849e+00
3.705245390070741163e+00
3.705246388065112750e+00
3.705248922040026649e+00
3.705249785520090100e+00
3.705251722144096149e+00
3.705250719924271241e+00
3.705251043325169302e+00
3.705252106308183802e+00
3.705255361638402523e+00
3.705254516209499194e+00
3.705253642060386099e+00
3.705253716893142979e+00
3.705256258688181425e+00
3.705255299222750764e+00
3.705258676604843870e+00
3.705260870769659931e+00
3.705260633139817461e+00
3.705260532455997513e+00
3.705261793434280193e+00
3.705264325336490305e+00
3.705270798814432887e+00
3.705271658142102353e+00
3.705270323757319684e+00
3.705267396827021109e+00
3.705269338875495588e+00
3.705268937381543282e+00
3.705269979940980729e+00
3.705270652527081321e+00
3.705274036420139527e+00
3.705279265172316983e+00
3.705282521632729420e+00
3.705280115280726871e+00
3.705280648744385452e+00
3.705284586164522942e+00
3.705285064940241124e+00
3.705285286194677230e+00
3.705287798350004103e+00
3.705287546276161859e+00
3.705288131835802190e+00
3.705291247512593866e+00
3.705292424197617507e+00
3.705292998202700527e+00
3.705294478811160808e+00
3.705297186417656263e+00
3.705295230570685217e+00
3.705294049166818482e+00
3.705292661057769443e+00
3.705293720330681051e+00
3.705295392362077500e+00
3.705294676427533407e+00
3.705296166168238425e+00
3.705297506844558164e+00
3.705299583274481723e+00
3.705298743290732055e+00
3.705299536426745366e+00
3.705300606093585358e+00
3.705302537038853927e+00
3.705305616577173389e+00
3.705305482488570945e+00
3.705305252746324829e+00
3.705305778916833326e+00
3.705307072418124292e+00
3.705306925192867418e+00
3.705309407817263700e+00
3.705311053010841071e+00
3.705311905158637842e+00
3.705313496575611154e+00
3.705313094994589385e+00
3.705314424250161665e+00
3.705315248987315790e+00
3.705315487209006609e+00
3.705315408844298108e+00
3.705315167334247040e+00
3.705316048477227842e+00
3.705317310842179968e+00
3.705318980933273831e+00
3.705319101547992489e+00
3.705318562573605590e+00
3.705319995789709164e+00
3.705319889243313014e+00
3.705320076234403182e+00
3.705321632544657628e+00
3.705322684337884365e+00
3.705322837098008915e+00
3.705326097290874809e+00
3.705327640416561596e+00
3.705330896498699733e+00
3.705331305942060283e+00
3.705329455347476930e+00
3.705332222398945330e+00
3.705332802291397609e+00
3.705334965408150882e+00
3.705335275136222961e+00
3.705333099114270556e+00
3.705334296416382234e+00
3.705335855809693602e+00
3.705335688749080703e+00
3.705336064879086955e+00
3.705334714170410937e+00
3.705336430691270166e+00
3.705336062199696023e+00
3.705336936881564291e+00
3.705338035805548991e+00
3.705339132292695403e+00
3.705340048087191196e+00
3.705340167487412018e+00
3.705342204974507947e+00
3.705342135615698140e+00
3.705342840242308533e+00
3.705345568765255226e+00
3.705347996618725048e+00
3.705350962329439835e+00
3.705351526884785862e+00
3.705351473561127928e+00
3.705351523636702282e+00
3.705352806845168434e+00
3.705352635977482212e+00
3.705353579941636610e+00
3.705355610503608954e+00
3.705356813166792662e+00
3.705357064951456003e+00
3.705358518676293400e+00
3.705357712465144893e+00
3.705357919043512194e+00
3.705359600703991063e+00
3.705360985064206414e+00
3.705360722063845813e+00
3.705362027989144380e+00
3.705362808463928292e+00
3.705363180311101789e+00
3.705364133578471719e+00
3.705363968042640899e+00
3.705364019923200747e+00
3.705363312401419584e+00
3.705363362016566686e+00
3.705365736120870501e+00
3.705365531423469694e+00
3.705367513894189724e+00
3.705366941021782434e+00
3.705369604672946515e+00
3.705372325332350059e+00
3.705372644064859333e+00
3.705371374579667254e+00
3.705371247022852366e+00
3.705372968794618860e+00
3.705375304365711386e+00
3.705376527976422363e+00
3.705377300131808660e+00
3.705377891855463179e+00
3.705377181771383199e+00
3.705378638479991604e+00
3.705379388448016620e+00
3.705380765164853596e+00
3.705380503093985922e+00
3.705379949464623568e+00
3.705381731746800966e+00
3.705380960342949503e+00
3.705381481038945601e+00
3.705382000117081187e+00
3.705381969632089323e+00
3.705382636985928180e+00
3.705381972777675337e+00
3.705382205081642510e+00
3.705382323401593681e+00
3.705382691599488076e+00
3.705383366927605948e+00
3.705383349013011252e+00
3.705385334062560876e+00
3.705384997973597994e+00
3.705385023304021086e+00
3.705386415885733253e+00
3.705386332801607896e+00
3.705386907233642724e+00
3.705385761801056610e+00
3.705385407651042406e+00
3.705386226186345944e+00
3.705386542843759567e+00
3.705386949166813437e+00
3.705386863814726706e+00
3.705386587182996738e+00
3.705388669129181523e+00
3.705390029520738704e+00
3.705388753561668747e+00
3.705389643653767884e+00
3.705390618981257322e+00
3.705391856885677626e+00
3.705392938353414767e+00
3.705392116889365983e+00
3.705391978054592528e+00
3.705393805838493204e+00
3.705393817189141625e+00
3.705394866694290190e+00
3.705394581559370515e+00
3.705394402733045212e+00
3.705396550019008917e+00
3.705396099254476550e+00
3.705399386012728336e+00
3.705399471899519348e+00
3.705399783921566659e+00
3.705402060536882924e+00
3.705400600556640889e+00
3.705400585119674517e+00
3.705400301369605742e+00
3.705399384890182723e+00
3.705400474435048608e+00
3.705400128862023745e+00
3.705401025424115868e+00
3.705402238630919776e+00
3.705401935613623632e+00
3.705402741915596820e+00
3.705403737207366710e+00
3.705404230793415188e+00
3.705404369805340270e+00
3.705404580208172316e+00
3.705404611622564293e+00
3.705406654883814266e+00
3.705407434450206150e+00
3.705406843580473009e+00
3.705407332357599337e+00
3.705407396517635288e+00
3.705407036687007327e+00
3.705406473327572225e+00
3.705407384550430283e+00
3.705407536525368251e+00
3.705408407293549367e+00
3.705408009107558520e+00
3.705407682102940914e+00
3.705407625013530826e+00
3.705407919902535596e+00
3.705407631901941556e+00
3.705408635829239739e+00
3.705408311422123901e+00
3.705408612947254987e+00
3.705408738437953264e+00
3.705409242256108016e+00
3.705409801890942934e+00
3.705410660462401751e+00
3.705412000167908726e+00
3.705411278084675519e+00
3.705412152774782086e+00
3.705412105577888582e+00
3.705411913561702963e+00
3.705411614686101807e+00
3.705411243480268624e+00
3.705411879834897171e+00
3.705411962460563036e+00
3.705412422736748645e+00
3.705413477677747647e+00
3.705413122971656481e+00
3.705413250290880978e+00
3.705413611158868914e+00
3.705413505319238965e+00
3.705413839521918717e+00
3.705414929607457442e+00
3.705415991949580157e+00
3.705416276013551613e+00
3.705415986756231295e+00
3.705416725431099678e+00
3.705419397469678966e+00
3.705418322845514645e+00
3.705419831798787200e+00
3.705419834635894638e+00
3.705419051320579360e+00
3.705418727812276547e+00
3.705418797195056069e+00
3.705419427664078391e+00
3.705419632270377406e+00
3.705420681919462833e+00
3.705420348611450976e+00
3.705419693839706596e+00
3.705419654268411911e+00
3.705420352262311923e+00
3.705422757108407961e+00
3.705422162434075961e+00
3.705421930718357348e+00
3.705421705249930309e+00
3.705421878829751048e+00
3.705423192225400619e+00
3.705422938959626489e+00
3.705422300581012962e+00
3.705422777605509754e+00
3.705422139923483904e+00
3.705422857558478889e+00
3.705422626758222648e+00
3.705422438745477720e+00
3.705423340818016609e+00
3.705423034371136737e+00
3.705423124530986545e+00
3.705423252212237006e+00
3.705422931484266158e+00
3.705424194407737737e+00
3.705423556696104903e+00
3.705423569915985649e+00
3.705425425035828724e+00
3.705427403458905644e+00
3.705426240260435211e+00
3.705425467954587493e+00
3.705424760100247905e+00
3.705425357776834350e+00
3.705425172241166631e+00
3.705425269949748301e+00
3.705426571721597728e+00
3.705426027028689173e+00
3.705426030684918715e+00
3.705425928362223065e+00
3.705427205194293361e+00
3.705426273137767623e+00
3.705426360394262542e+00
3.705427459236809273e+00
3.705426891285212854e+00
3.705426688546948011e+00
3.705427611634751983e+00
3.705427687522489855e+00
3.705427030694603552e+00
3.705426886358423211e+00
3.705428116672246919e+00
3.705428194670401076e+00
3.705428095671303712e+00
3.705428057977941059e+00
3.705429198602693930e+00
3.705429730422497236e+00
3.705429801334529039e+00
3.705430264243624539e+00
3.705430305500678756e+00
3.705431078332087402e+00
3.705432777938870714e+00
3.705431794611560470e+00
3.705432414068588809e+00
3.705431659785693110e+00
3.705430897628910536e+00
3.705431089481933782e+00
3.705431038520183407e+00
3.705430701458590548e+00
3.705431745472633320e+00
3.705431713999234322e+00
3.705432368515431119e+00
3.705434454626296947e+00
3.705434116192767302e+00
3.705434231626302921e+00
3.705434190232385738e+00
3.705434372734597304e+00
3.705435045835306695e+00
3.705435469547166960e+00
3.705435313685545573e+00
3.705436104862132041e+00
3.705435649667408349e+00
3.705436008352330557e+00
3.705436453698453203e+00
3.705437425928718831e+00
3.705438826958408871e+00
3.705439791145781481e+00
3.705439869572470180e+00
3.705439547492826335e+00
3.705439318012958338e+00
3.705439325531852290e+00
3.705440287458598991e+00
3.705439250136952634e+00
3.705439364435211047e+00
3.705439643087483415e+00
3.705440241004584578e+00
3.705440348449348775e+00
3.705440055061719473e+00
3.705440600782133220e+00
3.705439822152170937e+00
3.705440528621690710e+00
3.705440942815657390e+00
3.705441565240557455e+00
3.705441654487911851e+00
3.705442420815274307e+00
3.705441912442039687e+00
3.705442427991467280e+00
3.705443481855804855e+00
3.705443542795295642e+00
3.705443086177872214e+00
3.705444403161916256e+00
3.705444704597158800e+00
3.705445565187948542e+00
3.705446963441332286e+00
3.705445634458262028e+00
3.705445991671724393e+00
3.705446401162431513e+00
3.705447040292511485e+00
3.705447230025146865e+00
3.705446903908759193e+00
3.705446989503438981e+00
3.705447877119367295e+00
3.705447828037969238e+00
3.705446927477991093e+00
3.705447073963759053e+00
3.705446902015937294e+00
3.705446527066513784e+00
3.705446935191132773e+00
3.705448005333950245e+00
3.705448740005275354e+00
3.705448728898268484e+00
3.705449220556867207e+00
3.705449004484398845e+00
3.705449245252840473e+00
3.705450232000004007e+00
3.705450262606786893e+00
3.705450576130683515e+00
3.705450430552088559e+00
3.705450839866976320e+00
3.705451055279231465e+00
3.705451755874263231e+00
3.705452146373175104e+00
3.705452279854175135e+00
3.705452630975307304e+00
3.705452388938466513e+00
3.705452580144608099e+00
3.705452441622017368e+00
3.705452186611049026e+00
3.705452338613338448e+00
3.705452121627834661e+00
3.705454414971394161e+00
3.705453302527887960e+00
3.705454337062934922e+00
3.705456250810667207e+00
3.705456316223530777e+00
3.705455807084812925e+00
3.705455500471729113e+00
3.705455762751669546e+00
3.705455369603296578e+00
3.705456466756345435e+00
3.705457138553489127e+00
3.705456470688009318e+00
3.705456643222296620e+00
3.705458112465687126e+00
3.705458449169392487e+00
3.705458560239391463e+00
3.705458192001926054e+00
3.705458199423929067e+00
3.705458601811082442e+00
3.705458191973239668e+00
3.705458337250024492e+00
3.705457996852858038e+00
3.705459252230477230e+00
3.705460815481876669e+00
3.705459496547018894e+00
3.705459393067488616e+00
3.705459046346559315e+00
3.705458741532174916e+00
3.705458913591315628e+00
3.705459943626826735e+00
3.705459739012438192e+00
3.705459759321815483e+00
3.705460262807645400e+00
3.705460400824955869e+00
3.705460203605048797e+00
3.705460330592574181e+00
3.705461438208869751e+00
3.705460890388519779e+00
3.705461893857901590e+00
3.705461019677157353e+00
3.705460653249433634e+00
3.705461066409114768e+00
3.705461542222021176e+00
3.705462425232193269e+00
3.705463426920111214e+00
3.705464416327388655e+00
3.705464658883280471e+00
3.705464124281724558e+00
3.705463388989833629e+00
3.705462693090144199e+00
3.705463658990707287e+00
3.705463301081502792e+00
3.705463300964817908e+00
3.705463286936158340e+00
3.705463464968877574e+00
3.705463020152885090e+00
3.705464423335028457e+00
3.705464408017520750e+00
3.705464313062681203e+00
3.705465463385807734e+00
3.705464498223786762e+00
3.705465242488846567e+00
3.705465266564197169e+00
3.705465007955222489e+00
3.705464706594276514e+00
3.705465286294793881e+00
3.705465954307205045e+00
3.705465497478248160e+00
3.705466088989108453e+00
3.705465689945238061e+00
3.705465655666380087e+00
3.705466030412913003e+00
3.705465818333312900e+00
3.705466146332512256e+00
3.705467075803446697e+00
3.705466590361019552e+00
3.705466801546680955e+00
3.705467337836455322e+00
3.705467053079553263e+00
3.705467772366022317e+00
3.705468248845023460e+00
3.705467622891576163e+00
3.705467372885493216e+00
3.705468243413361673e+00
3.705469239096856882e+00
3.705469129706775444e+00
3.705469013554717250e+00
3.705468651076210929e+00
3.705469623334729068e+00
3.705470259179178161e+00
3.705470169910347167e+00
3.705469930135426360e+00
3.705470644883791298e+00
3.705469901206621230e+00
3.705469955007065330e+00
3.705471422514650115e+00
3.705471082234867097e+00
3.705472167560956098e+00
3.705471827455152578e+00
3.705471640841999204e+00
3.705471219497630031e+00
3.705471743521828287e+00
3.705471576560782410e+00
3.705471520827967158e+00
3.705471094659441356e+00
3.705471328775481688e+00
3.705472419975361920e+00
3.705472709156705236e+00
3.705472078455180895e+00
3.705472236398735575e+00
3.705472438951544323e+00
3.705472257128983316e+00
3.705472433705774726e+00
3.705472293192040745e+00
3.705471849120892891e+00
3.705471665803076853e+00
3.705471925260357846e+00
3.705471756456331978e+00
3.705471671805222744e+00
3.705471463932622722e+00
3.705472957084478658e+00
3.705473898188436976e+00
3.705473403408612310e+00
3.705473921927633363e+00
3.705474801903759552e+00
3.705474736132315261e+00
3.705474253906250404e+00
3.705474477903925923e+00
3.705474360122579913e+00
3.705474842319015583e+00
3.705475470236971436e+00
3.705475015713619591e+00
3.705474493810220427e+00
3.705475180046190697e+00
3.705475516172203498e+00
3.705475766117755754e+00
3.705476365611538370e+00
3.705476370612613035e+00
3.705476628145861984e+00
3.705476352069549062e+00
3.705476317784190066e+00
3.705476483505445007e+00
3.705476475631530153e+00
3.705476745993259158e+00
3.705476805875602242e+00
3.705476528677114523e+00
3.705476375188466953e+00
3.705476520027324305e+00
3.705476914541284916e+00
3.705476538544604459e+00
3.705477613065206288e+00
3.705477386844204357e+00
3.705477405104464328e+00
3.705477268449958839e+00
3.705478470090692866e+00
3.705478224585625924e+00
3.705478051657616678e+00
3.705478907866555982e+00
3.705479031673381662e+00
3.705478704868278683e+00
3.705479300109427943e+00
3.705478987274120062e+00
3.705479007672496827e+00
3.705478809681920893e+00
3.705478926418654506e+00
3.705479392726275023e+00
3.705480240770885558e+00
3.705480461210640453e+00
3.705479783926546311e+00
3.705480364933537718e+00
3.705480377295225836e+00
3.705480146575856004e+00
3.705480062305429811e+00
3.705479965224204086e+00
3.705480417203182331e+00
3.705480372544679657e+00
3.705480538151313397e+00
3.705480325598992319e+00
3.705480165003269821e+00
3.705480528711647015e+00
3.705480313629809341e+00
3.705480461255843405e+00
3.705481059162076374e+00
3.705481046164520897e+00
3.705481242962652910e+00
3.705480940532454692e+00
3.705481107298158161e+00
3.705481527411131015e+00
3.705481544600814026e+00
3.705481482450579289e+00
3.705481407242863678e+00
3.705481538134197894e+00
3.705482204317029904e+00
3.705482826590696277e+00
3.705483056532631103e+00
3.705482691599486067e+00
3.705482560467623809e+00
3.705482653659036618e+00
3.705482617697726688e+00
3.705482736095420560e+00
3.705482549348607435e+00
3.705482691815923602e+00
3.705482838764019959e+00
3.705482650699214009e+00
3.705483420022744667e+00
3.705483461571418946e+00
3.705483265459188047e+00
3.705484151930598102e+00
3.705484137592229832e+00
3.705485623691476604e+00
3.705486930990847583e+00
3.705485267228814994e+00
3.705485021559121961e+00
3.705485181386924509e+00
3.705486297790750783e+00
3.705485459747226429e+00
3.705485983604243305e+00
3.705486189856363577e+00
3.705486166429805994e+00
3.705485822473455038e+00
3.705486426190863991e+00
3.705486021917527406e+00
3.705486245395662959e+00
3.705486827128535943e+00
3.705486609140761445e+00
3.705486337667526886e+00
3.705486276602921514e+00
3.705486169158121790e+00
3.705487091080375883e+00
3.705486981528986146e+00
3.705487460941275124e+00
3.705487237576177595e+00
3.705487493835075696e+00
3.705488052221588280e+00
3.705488196142416424e+00
3.705489186267091117e+00
3.705489098075464671e+00
3.705488764256605894e+00
3.705488878006895526e+00
3.705488912154560666e+00
3.705488521288829329e+00
3.705488709446098206e+00
3.705488535410620177e+00
3.705488721282087727e+00
3.705490401972794334e+00
3.705491208987513385e+00
3.705491025965253815e+00
3.705491173998192167e+00
3.705491421976867095e+00
3.705490843017134051e+00
3.705491302918611840e+00
3.705491063769991378e+00
3.705491233898300596e+00
3.705491318174591431e+00
3.705491169083207303e+00
3.705491538304485299e+00
3.705492163689523277e+00
3.705492222949902992e+00
3.705493072071177618e+00
3.705492938924367152e+00
3.705493401135917964e+00
3.705493272782300451e+00
3.705494043214640598e+00
3.705493521681575420e+00
3.705493787718284082e+00
3.705494087350355681e+00
3.705493725602783339e+00
3.705493561540667447e+00
3.705493701068171664e+00
3.705493700703760496e+00
3.705494697528588954e+00
3.705494088022549093e+00
3.705494611518301173e+00
3.705494481956189468e+00
3.705495710889400662e+00
3.705495898223265971e+00
3.705496134360971361e+00
3.705496148919088295e+00
3.705497077036508102e+00
3.705496851705966321e+00
3.705497558097820221e+00
3.705497385420315481e+00
3.705497518290480574e+00
3.705497057645714243e+00
3.705497017407687110e+00
3.705497141018727625e+00
3.705497109293755642e+00
3.705497044893646397e+00
3.705497314304362355e+00
3.705497290822623579e+00
3.705497177188969982e+00
3.705497520416678903e+00
3.705497206274316113e+00
3.705497436599747729e+00
3.705497742318647258e+00
3.705497478703803527e+00
3.705497286455573303e+00
3.705497317352133280e+00
3.705498353074005990e+00
3.705498350293152221e+00
3.705498345485876310e+00
3.705498823406720099e+00
3.705498971168043276e+00
3.705498703741032074e+00
3.705498912861936667e+00
3.705498760649061918e+00
3.705498847619855596e+00
3.705499086865573055e+00
3.705499184864366136e+00
3.705499293739499045e+00
3.705499033169225687e+00
3.705499202534157099e+00
3.705499953931714163e+00
3.705500241620384827e+00
3.705499896747683319e+00
3.705499635705405304e+00
3.705499967001121941e+00
3.705500813527696558e+00
3.705500688636526263e+00
3.705501041917569349e+00
3.705501193419657113e+00
3.705500824354384104e+00
3.705501165135179242e+00
3.705501200808963169e+00
3.705502034817590662e+00
3.705502348974675897e+00
3.705502158891831321e+00
3.705502386794914393e+00
3.705502527056939055e+00
3.705502636753985168e+00
3.705502587908102274e+00
3.705502618571471452e+00
3.705502555387998331e+00
3.705503096910830241e+00
3.705502798124687303e+00
3.705502946973535217e+00
3.705503314429018591e+00
3.705503187364290518e+00
3.705503254028549076e+00
3.705503504589753749e+00
3.705504456635743349e+00
3.705504413845923661e+00
3.705504969231293355e+00
3.705505351592423224e+00
3.705505505823430301e+00
3.705505210668488036e+00
3.705505204384740736e+00
3.705505284046518799e+00
3.705505420239444181e+00
3.705505864994979248e+00
3.705505656090610334e+00
3.705505822554259421e+00
3.705506205777288287e+00
3.705505978408850432e+00
3.705507142977257917e+00
3.705506576169544264e+00
3.705506872921267458e+00
3.705507190568937403e+00
3.705507555981945700e+00
3.705507344491146160e+00
3.705507166351003523e+00
3.705507110334900656e+00
3.705507240048824702e+00
3.705507336982566180e+00
3.705508294340751796e+00
3.705507986530138353e+00
3.705507890456607001e+00
3.705508288880779322e+00
3.705508144950032001e+00
3.705508271563425993e+00
3.705508728962307430e+00
3.705508496765006932e+00
3.705508695394467367e+00
3.705508681466583631e+00
3.705509256480586266e+00
3.705509097617738501e+00
3.705509385626778229e+00
3.705509222230635835e+00
3.705509496397403790e+00
3.705509359256866198e+00
3.705509737074392351e+00
3.705509944720990045e+00
3.705510217265210127e+00
3.705509670880954509e+00
3.705509688161788606e+00
3.705509774801797107e+00
3.705509894676060068e+00
3.705509985136360651e+00
3.705509883037939378e+00
3.705509996441533005e+00
3.705510264965256262e+00
3.705510813135167503e+00
3.705510794603211089e+00
3.705510677366262495e+00
3.705511356183739391e+00
3.705511890588213841e+00
3.705511936172979137e+00
3.705512040096017756e+00
3.705512140146061117e+00
3.705512196233512245e+00
3.705512172814784400e+00
3.705513297266270545e+00
3.705513722978672764e+00
3.705513539307244919e+00
3.705513684980243916e+00
3.705513848019403866e+00
3.705513779684959985e+00
3.705513891979205443e+00
3.705513949166377774e+00
3.705514050794825653e+00
3.705514799386536495e+00
3.705514521476727108e+00
3.705515044868680441e+00
3.705515235801352780e+00
3.705515144170348663e+00
3.705515832131081932e+00
3.705517001819668810e+00
3.705516539342559312e+00
3.705516279425585147e+00
3.705516078532941737e+00
3.705516287217150317e+00
3.705516621609592498e+00
3.705517017106351840e+00
3.705517217551784093e+00
3.705517026805514202e+00
3.705516884154193225e+00
3.705517737733320605e+00
3.705517431359350855e+00
3.705517797931370705e+00
3.705517893163219778e+00
3.705517852883744467e+00
3.705517762836665785e+00
3.705517882496236481e+00
3.705518301784621826e+00
3.705518093215485198e+00
3.705518052562420728e+00
3.705518113348547526e+00
3.705518485318413990e+00
3.705518708769473868e+00
3.705518798870005792e+00
3.705519263063409063e+00
3.705519414999495442e+00
3.705519272204062631e+00
3.705519417407543870e+00
3.705519848412363260e+00
3.705520406406008327e+00
3.705520504016019512e+00
3.705520616396881017e+00
3.705521202368800449e+00
3.705521669864187295e+00
3.705522012984945768e+00
3.705521522069599172e+00
3.705521778957883150e+00
3.705521622494633238e+00
3.705522132932474122e+00
3.705522329496084399e+00
3.705522063057698379e+00
3.705522433604570676e+00
3.705522451089830582e+00
3.705523622046349441e+00
3.705523687008580147e+00
3.705523621642401455e+00
3.705523928669256950e+00
3.705523964752740262e+00
3.705523727586746308e+00
3.705523810495670034e+00
3.705523667315925973e+00
3.705523942172771257e+00
3.705524103750152065e+00
3.705524466527977179e+00
3.705524934394678560e+00
3.705524885362873277e+00
3.705524951529099553e+00
3.705525008702033496e+00
3.705525155484575173e+00
3.705525166714389584e+00
3.705525458230568336e+00
3.705525656440204596e+00
3.705525706968625599e+00
3.705525687166233872e+00
3.705525612050717399e+00
3.705525977446557206e+00
3.705525987711459024e+00
3.705526374439156445e+00
3.705526948908153262e+00
3.705526990720274583e+00
3.705526968394635468e+00
3.705527141983677275e+00
3.705527615025232091e+00
3.705527424616749332e+00
3.705527349344406307e+00
3.705527518404760023e+00
3.705527796595560641e+00
3.705528220187192634e+00
3.705528669117796436e+00
3.705528925403117402e+00
3.705529044699280572e+00
3.705529458278191246e+00
3.705530134585240720e+00
3.705530093980641038e+00
3.705530087834430386e+00
3.705530185464627646e+00
3.705529998004739145e+00
3.705530118566496611e+00
3.705530757546038778e+00
3.705531582662882517e+00
3.705531407924282927e+00
3.705531511733413552e+00
3.705531626911275467e+00
3.705531926241492524e+00
3.705532247449287109e+00
3.705531963092694614e+00
3.705532320760705378e+00
3.705532337504377605e+00
3.705532593601196023e+00
3.705532530193829999e+00
3.705532739485261295e+00
3.705532545284500934e+00
3.705532417550796875e+00
3.705532492235700470e+00
3.705532869774326610e+00
3.705532762631336574e+00
3.705532649891007502e+00
3.705533103630033853e+00
3.705533167139177131e+00
3.705533636943935338e+00
3.705533643987938941e+00
3.705533936725664557e+00
3.705533899208816262e+00
3.705533896620839318e+00
3.705533871078805053e+00
3.705534008782175981e+00
3.705534168552831353e+00
3.705534061439978100e+00
3.705534310786321228e+00
3.705534787986307421e+00
3.705534549665115751e+00
3.705534649062999009e+00
3.705534798164638932e+00
3.705534882117762940e+00
3.705534651853792827e+00
3.705534652015113117e+00
3.705535064009026769e+00
3.705534685438856890e+00
3.705535226956802930e+00
3.705535699397269678e+00
3.705535959877458208e+00
3.705536002256273775e+00
3.705536250549125832e+00
3.705536019761417332e+00
3.705536420352463445e+00
3.705536446679076779e+00
3.705536575958215284e+00
3.705536654672374031e+00
3.705536558025298355e+00
3.705536787382592845e+00
3.705537218147597844e+00
3.705536744184768860e+00
3.705536844063490598e+00
3.705537287599225849e+00
3.705537249270292044e+00
3.705537364379876575e+00
3.705537776570628328e+00
3.705537988452766385e+00
3.705538707811076193e+00
3.705538231172127883e+00
3.705538277460769692e+00
3.705538364439770138e+00
3.705538758885757566e+00
3.705538847629810117e+00
3.705539408544515023e+00
3.705540124395613422e+00
3.705541037644307423e+00
3.705541187502547906e+00
3.705540578713160116e+00
3.705540692192830665e+00
3.705540442369061882e+00
3.705540747005122260e+00
3.705540721925223657e+00
3.705541263144284780e+00
3.705542977932411830e+00
3.705542609224760309e+00
3.705542044657656131e+00
3.705542664473040926e+00
3.705542911763233249e+00
3.705542610201672193e+00
3.705542817614327245e+00
3.705542774174138909e+00
3.705542906538002335e+00
3.705542810802767040e+00
3.705543331753342606e+00
3.705543402466954017e+00
3.705543654050718949e+00
3.705543765409956336e+00
3.705544474590110937e+00
3.705544424771826328e+00
3.705544470266420198e+00
3.705545144874568209e+00
3.705545909712581576e+00
3.705545342774656081e+00
3.705545629072858116e+00
3.705545754924705726e+00
3.705546113552273368e+00
3.705546636509106762e+00
3.705546990491324966e+00
3.705547087475566492e+00
3.705547298938681955e+00
3.705547134996697967e+00
3.705547653610953951e+00
3.705547981714075512e+00
3.705547872098554407e+00
3.705547704748770599e+00
3.705547678398983802e+00
3.705548255954651982e+00
3.705548006069133926e+00
3.705547969937030839e+00
3.705548145020737927e+00
3.705548223218611437e+00
3.705548441504678436e+00
3.705548523958158480e+00
3.705548477950410202e+00
3.705548476417925396e+00
3.705548913533486477e+00
3.705548989260856185e+00
3.705549210245826508e+00
3.705549958211918238e+00
3.705549597673934770e+00
3.705549611307795921e+00
3.705550145676572260e+00
3.705550395751052939e+00
3.705550746721579802e+00
3.705550677607690968e+00
3.705550877235452845e+00
3.705551228580177270e+00
3.705551110933325010e+00
3.705551146645016392e+00
3.705552162175647979e+00
3.705552400784931422e+00
3.705552029941530989e+00
3.705552226544044814e+00
3.705552330678463235e+00
3.705552698789844612e+00
3.705552814982332244e+00
3.705552689563107460e+00
3.705553259725618442e+00
3.705553188271935916e+00
3.705553401725198537e+00
3.705553690543227585e+00
3.705553781792807921e+00
3.705553873782666319e+00
3.705553860244787501e+00
3.705553711366129654e+00
3.705553796891294827e+00
3.705554580823319455e+00
3.705554671086365826e+00
3.705554657698334253e+00
3.705555237017293724e+00
3.705555170486796168e+00
3.705555161624916494e+00
3.705555413969559009e+00
3.705555829147059832e+00
3.705555417683055630e+00
3.705555450097151038e+00
3.705555492728004552e+00
3.705555665802221732e+00
3.705555454291685091e+00
3.705555425628847210e+00
3.705555982700552864e+00
3.705555673386094373e+00
3.705556530614408040e+00
3.705556332309800194e+00
3.705556213156517842e+00
3.705556481185938278e+00
3.705556841317205752e+00
3.705557396980339480e+00
3.705557120703676599e+00
3.705557311919418950e+00
3.705557611192590084e+00
3.705557744593749980e+00
3.705558316129474061e+00
3.705558273058444207e+00
3.705558308981337312e+00
3.705558420841317702e+00
3.705558518172467064e+00
3.705558413267682205e+00
3.705558775204202071e+00
3.705558990849233236e+00
3.705559429341092059e+00
3.705559477891373188e+00
3.705559650291370133e+00
3.705560274496106032e+00
3.705560141690981801e+00
3.705560181690662258e+00
3.705560265095240613e+00
3.705560325190559556e+00
3.705560354742960971e+00
3.705560477028592370e+00
3.705560939969809731e+00
3.705560869890252018e+00
3.705561107901656381e+00
3.705561292950444674e+00
3.705561595036903189e+00
3.705561397070420870e+00
3.705561632324946952e+00
3.705561296801539228e+00
3.705561726672241818e+00
3.705562006060248326e+00
3.705562049777381795e+00
3.705562060073055886e+00
3.705562083504029491e+00
3.705562498577262165e+00
3.705562609295841359e+00
3.705562692525354418e+00
3.705562735934066154e+00
3.705562804869712235e+00
3.705562811573422266e+00
3.705562788620449854e+00
3.705562840578067618e+00
3.705563280890782796e+00
3.705563706268490964e+00
3.705563925780511969e+00
3.705564622909917727e+00
3.705564406663219401e+00
3.705564442110777623e+00
3.705564332733529920e+00
3.705564524897225542e+00
3.705565001371181832e+00
3.705565033717350243e+00
3.705564975773074643e+00
3.705565261822262091e+00
3.705565323109826448e+00
3.705565137808619625e+00
3.705565214687648989e+00
3.705565220287693418e+00
3.705565387498702901e+00
3.705565982192788876e+00
3.705566018423754215e+00
3.705566215807820640e+00
3.705565877489600091e+00
3.705566238248708899e+00
3.705566297873697401e+00
3.705566646353400717e+00
3.705567070846679911e+00
3.705567375318028489e+00
3.705567843880558154e+00
3.705568180523768795e+00
3.705567716423060265e+00
3.705567918072180333e+00
3.705568325331145108e+00
3.705567970851471937e+00
3.705567876541644434e+00
3.705568169644212873e+00
3.705567942817561189e+00
3.705567987510093975e+00
3.705567916513655913e+00
3.705568268444300539e+00
3.705568258078387966e+00
3.705568551372963704e+00
3.705568911174279556e+00
3.705568683095687987e+00
3.705568756178550860e+00
3.705569133940945115e+00
3.705569480079990985e+00
3.705569774298775432e+00
3.705569869469980571e+00
3.705569837018007462e+00
3.705570064981230871e+00
3.705569994070094353e+00
3.705570076104135246e+00
3.705570313005775773e+00
3.705570457855348554e+00
3.705570745350298179e+00
3.705570665853455292e+00
3.705570765484486273e+00
3.705570696293299715e+00
3.705570806425076746e+00
3.705570891911765141e+00
3.705570947129986248e+00
3.705571151818435549e+00
3.705571238711937720e+00
3.705571761129914599e+00
3.705571734860517719e+00
3.705571678572936900e+00
3.705571731976259553e+00
3.705572197238160115e+00
3.705572295147916861e+00
3.705572498707973228e+00
3.705572815212009985e+00
3.705572672118963240e+00
3.705572617350108455e+00
3.705572925706730469e+00
3.705573432665868250e+00
3.705573297440459157e+00
3.705573018659744200e+00
3.705573367650622174e+00
3.705573752613059657e+00
3.705573348462899208e+00
3.705573433211204026e+00
3.705573376879965242e+00
3.705573814642846298e+00
3.705574426011913669e+00
3.705574780951617964e+00
3.705574988342387410e+00
3.705574528589316685e+00
3.705574513198261588e+00
3.705575000568392952e+00
3.705574907451435251e+00
3.705574747463352914e+00
3.705574989674978781e+00
3.705575440972614487e+00
3.705575112804261106e+00
3.705575212693622333e+00
3.705575551636654197e+00
3.705575691568473218e+00
3.705575907484631948e+00
3.705576007873401689e+00
3.705575881912146041e+00
3.705575992131658669e+00
3.705575726047711349e+00
3.705575788526382031e+00
3.705576075460825791e+00
3.705576362096325571e+00
3.705576213901133009e+00
3.705576487728456492e+00
3.705576520857766010e+00
3.705576772703083499e+00
3.705576524214346357e+00
3.705576711878746377e+00
3.705576721617927394e+00
3.705576798444849995e+00
3.705577007277854662e+00
3.705576959071902987e+00
3.705576990490242029e+00
3.705577194996922952e+00
3.705577139882733295e+00
3.705577216931740470e+00
3.705577286906827972e+00
3.705577352062505270e+00
3.705577224290273808e+00
3.705577465613669297e+00
3.705577600247283332e+00
3.705578212523305659e+00
3.705578071845183619e+00
3.705578195774417605e+00
3.705578267009662419e+00
3.705578249633273202e+00
3.705578398277400431e+00
3.705578699060934511e+00
3.705578610228736469e+00
3.705578746637366638e+00
3.705578876461708138e+00
3.705579359319835842e+00
3.705579810738524937e+00
3.705580273566813521e+00
3.705579956520224982e+00
3.705579993902320179e+00
3.705580259941958499e+00
3.705580393505844228e+00
3.705580596335298793e+00
3.705580733056491383e+00
3.705580652010977971e+00
3.705580562914747134e+00
3.705580827376960595e+00
3.705580896022675930e+00
3.705581048507416764e+00
3.705581063573881284e+00
3.705581206985068210e+00
3.705581162962130914e+00
3.705581368125834274e+00
3.705581179213339738e+00
3.705581440570576479e+00
3.705581459906214015e+00
3.705581562407155527e+00
3.705581499404360990e+00
3.705581663070905751e+00
3.705581773555042702e+00
3.705582092281049622e+00
3.705582487610761699e+00
3.705582366358791901e+00
3.705582363870774998e+00
3.705582716203963844e+00
3.705582728580683050e+00
3.705582831729747895e+00
3.705583207120084488e+00
3.705583265613249910e+00
3.705583584330419455e+00
3.705583613065595472e+00
3.705583743570776800e+00
3.705583571945350041e+00
3.705583902955274844e+00
3.705583965026482129e+00
3.705584261713764871e+00
3.705584181871450333e+00
3.705584280200755476e+00
3.705584262982851929e+00
3.705584019945175278e+00
3.705584511154861982e+00
3.705585286859875982e+00
3.705585204794584975e+00
3.705585414883882933e+00
3.705585864538485819e+00
3.705586472617243832e+00
3.705586340251628918e+00
3.705586472910004314e+00
3.705586052286741428e+00
3.705586632325789775e+00
3.705586271521716490e+00
3.705586661478839972e+00
3.705586665433875382e+00
3.705586837623251473e+00
3.705586884222075827e+00
3.705586540168657184e+00
3.705586624174603383e+00
3.705586694085849064e+00
3.705586957698160600e+00
3.705586936259327668e+00
3.705586925637061047e+00
3.705587076049340123e+00
3.705587246162224346e+00
3.705587352022012393e+00
3.705587373278231400e+00
3.705587494744547961e+00
3.705587615547336178e+00
3.705587644113542467e+00
3.705587769674396181e+00
3.705587990189434855e+00
3.705587845232932498e+00
3.705587728886110543e+00
3.705588068975712357e+00
3.705588221505343061e+00
3.705588984837197675e+00
3.705588708929668407e+00
3.705589014124925029e+00
3.705588983649477086e+00
3.705589151055623809e+00
3.705589101633632865e+00
3.705589004772623873e+00
3.705589133231690369e+00
3.705589208625205355e+00
3.705589288264519165e+00
3.705589617196725527e+00
3.705589620731432277e+00
3.705590013383073700e+00
3.705590115635660986e+00
3.705590335469485019e+00
3.705590585030399176e+00
3.705590552398340343e+00
3.705590378487343628e+00
3.705590534208800246e+00
3.705590912591860686e+00
3.705590922319165870e+00
3.705591245462563688e+00
3.705591352713341280e+00
3.705591303068439757e+00
3.705591338148809033e+00
3.705591676157175218e+00
3.705592095668578612e+00
3.705591987578943147e+00
3.705592120630912589e+00
3.705592779213652932e+00
3.705592449531390109e+00
3.705592473991710101e+00
3.705592611804781278e+00
3.705592695666782621e+00
3.705592761722277473e+00
3.705592648667028310e+00
3.705592702751881351e+00
3.705593061973826430e+00
3.705593411051107733e+00
3.705593318408838321e+00
3.705592984869983120e+00
3.705593084345304433e+00
3.705593347936538162e+00
3.705593599189541454e+00
3.705593455476470233e+00
3.705593511074048330e+00
3.705593572679010794e+00
3.705593476683727072e+00
3.705593770312380464e+00
3.705593857218214993e+00
3.705593971802975339e+00
3.705594227544278141e+00
3.705594425769545452e+00
3.705594609086696689e+00
3.705594461018202335e+00
3.705594494801722316e+00
3.705594619980798754e+00
3.705594599360658492e+00
3.705594904704125891e+00
3.705595134743163488e+00
3.705595095336404743e+00
3.705595438099630101e+00
3.705595585574898543e+00
3.705595780733088596e+00
3.705595871868989644e+00
3.705596143442762447e+00
3.705596172862827054e+00
3.705596253685445873e+00
3.705596660831802058e+00
3.705596775467802306e+00
3.705596896777615168e+00
3.705596873948198144e+00
3.705596976964439460e+00
3.705596817351558325e+00
3.705597159054486056e+00
3.705597266531850842e+00
3.705597247589091925e+00
3.705597463714556117e+00
3.705597407433991908e+00
3.705597680221470291e+00
3.705597922536666200e+00
3.705597880657621079e+00
3.705598001551968945e+00
3.705598060387572001e+00
3.705598250569653196e+00
3.705598260131142574e+00
3.705598803408545638e+00
3.705598923290185365e+00
3.705599137055509473e+00
3.705599201502822737e+00
3.705599592178135726e+00
3.705599371364520334e+00
3.705599547047166098e+00
3.705599897294472367e+00
3.705600149687382494e+00
3.705600201058307341e+00
3.705600099566389805e+00
3.705600101663266699e+00
3.705600284459477756e+00
3.705600426854200879e+00
3.705600519622193723e+00
3.705600869232883454e+00
3.705600694152928032e+00
3.705600972431825291e+00
3.705600913203751290e+00
3.705601130433711088e+00
3.705601573973750895e+00
3.705601614069002014e+00
3.705601891246548707e+00
3.705601858151509109e+00
3.705601767513371225e+00
3.705601772435160868e+00
3.705601815414501843e+00
3.705601818231907263e+00
3.705601836323735299e+00
3.705601912554894461e+00
3.705601787063620201e+00
3.705602074550030434e+00
3.705602193279426526e+00
3.705602042433879362e+00
3.705602502927635822e+00
3.705602655081069674e+00
3.705602429757582250e+00
3.705602316570509647e+00
3.705602406281775618e+00
3.705602407012179800e+00
3.705602480975938029e+00
3.705602486432235221e+00
3.705602605434904717e+00
3.705602595819989187e+00
3.705602826732986355e+00
3.705602946858112645e+00
3.705602797953765126e+00
3.705602746223991328e+00
3.705603180727609303e+00
3.705603308163845089e+00
3.705603223272300184e+00
3.705603195932933414e+00
3.705603403965653797e+00
3.705603910592621286e+00
3.705603726823444521e+00
3.705603998707270197e+00
3.705603908958257087e+00
3.705603941594809214e+00
3.705603996135258260e+00
3.705604422380606611e+00
3.705604463425750339e+00
3.705604537829347400e+00
3.705604957358514362e+00
3.705605009097943547e+00
3.705605363978982769e+00
3.705605306523102271e+00
3.705605722177936379e+00
3.705605624414513244e+00
3.705605575922652495e+00
3.705605570512093827e+00
3.705605909979421853e+00
3.705606388927403128e+00
3.705606401650199277e+00
3.705606197138474833e+00
3.705606525947196861e+00
3.705606332815161164e+00
3.705606393808120735e+00
3.705606552827760858e+00
3.705606545781714889e+00
3.705606695216211666e+00
3.705606993415200279e+00
3.705607123717484797e+00
3.705607104980411126e+00
3.705607115334670354e+00
3.705607411264614015e+00
3.705607369914400984e+00
3.705607523285272542e+00
3.705607626902754692e+00
3.705607833916086058e+00
3.705607993165119574e+00
3.705608270798931958e+00
3.705608275695955189e+00
3.705608381324685396e+00
3.705608423767910775e+00
3.705608529499223369e+00
3.705608835641913679e+00
3.705608587711368251e+00
3.705608791176314032e+00
3.705608878960503727e+00
3.705608999990311681e+00
3.705609078926500821e+00
3.705609172471199031e+00
3.705609229074278588e+00
3.705609128177640432e+00
3.705609077440973120e+00
3.705609328366232358e+00
3.705609324802724647e+00
3.705609375310235709e+00
3.705609685557186062e+00
3.705609757209738842e+00
3.705609790986863494e+00
3.705609838316294535e+00
3.705609989895785716e+00
3.705610001504804352e+00
3.705610574763618992e+00
3.705610413348785048e+00
3.705610361880443904e+00
3.705610503048282212e+00
3.705610660450699090e+00
3.705610580965736034e+00
3.705611476643050572e+00
3.705611871867551255e+00
3.705611604801881676e+00
3.705612005460848568e+00
3.705611865680315642e+00
3.705611967149295971e+00
3.705612100220202709e+00
3.705612196682159798e+00
3.705612437184703456e+00
3.705612079416086946e+00
3.705611881872266533e+00
3.705611954943881958e+00
3.705612038392861685e+00
3.705612088816036653e+00
3.705612263603847101e+00
3.705612321738617432e+00
3.705612380312839793e+00
3.705612879666583037e+00
3.705612881323783636e+00
3.705612842019050390e+00
3.705613067917644443e+00
3.705613219270916581e+00
3.705613352216801104e+00
3.705613363184265374e+00
3.705613467280478357e+00
3.705613548481610398e+00
3.705613518981899723e+00
3.705613888368555653e+00
3.705613655773579040e+00
3.705613802941689627e+00
3.705613813944970580e+00
3.705613763252220583e+00
3.705613843687097564e+00
3.705613876257878747e+00
3.705614313399927973e+00
3.705614514322422615e+00
3.705615139756833099e+00
3.705614794031184100e+00
3.705614721332957551e+00
3.705614710497757258e+00
3.705614828199155220e+00
3.705615213210937231e+00
3.705614979606344228e+00
3.705615109525653761e+00
3.705615412123150154e+00
3.705615358009170635e+00
3.705615266780656114e+00
3.705615426297954151e+00
3.705615404685382419e+00
3.705615857161724147e+00
3.705615791196624098e+00
3.705615846035987815e+00
3.705615745428298524e+00
3.705615797575371850e+00
3.705615971054860402e+00
3.705615824539420622e+00
3.705616117091674599e+00
3.705616030906115910e+00
3.705615993156754939e+00
3.705616123482085911e+00
3.705616351443888234e+00
3.705616258354425874e+00
3.705616517764362516e+00
3.705616426801358720e+00
3.705616633548027394e+00
3.705616818400793377e+00
3.705617087341984472e+00
3.705616955916717359e+00
3.705617340922117808e+00
3.705617341621275873e+00
3.705617224909870444e+00
3.705617501219974130e+00
3.705617266593351111e+00
3.705617564008828690e+00
3.705617698516340042e+00
3.705617512383751144e+00
3.705617788351495356e+00
3.705618134648397621e+00
3.705618118060109545e+00
3.705618178566162157e+00
3.705618267421312062e+00
3.705618254324057226e+00
3.705617974723919961e+00
3.705618048267416587e+00
3.705618349445550574e+00
3.705618294178032013e+00
3.705618466432873070e+00
3.705618384536908394e+00
3.705618486427215252e+00
3.705618559184473693e+00
3.705618867525908300e+00
3.705619074941346014e+00
3.705619133660489339e+00
3.705619141707128250e+00
3.705619175418622735e+00
3.705619453630205840e+00
3.705619545261996883e+00
3.705619704772875167e+00
3.705619613781145905e+00
3.705619587636061585e+00
3.705619634028265885e+00
3.705619650895878081e+00
3.705619694085459326e+00
3.705619778021745692e+00
3.705619967421998062e+00
3.705620097516119760e+00
3.705620107427581189e+00
3.705620104152715033e+00
3.705620124292406281e+00
3.705620267339154505e+00
3.705620399883760019e+00
3.705620547824559186e+00
3.705620860027577734e+00
3.705620908140693448e+00
3.705621122629707109e+00
3.705621184868350237e+00
3.705621401855425656e+00
3.705621555785556520e+00
3.705621663563522183e+00
3.705621751372727424e+00
3.705621773337655966e+00
3.705621683729763749e+00
3.705621888958161136e+00
3.705621752246170519e+00
3.705622093318966304e+00
3.705622220674741119e+00
3.705622089524625906e+00
3.705622613070690630e+00
3.705622644231310048e+00
3.705622902055443646e+00
3.705622749391347170e+00
3.705622515694476427e+00
3.705622897420296713e+00
3.705623312791849422e+00
3.705623088036823720e+00
3.705623067105872526e+00
3.705623106168685066e+00
3.705623245848700176e+00
3.705623302306760181e+00
3.705623552607483440e+00
3.705623745026087157e+00
3.705623685546386437e+00
3.705623807286169136e+00
3.705623761287508700e+00
3.705624079276764959e+00
3.705624139237615022e+00
3.705624401394653766e+00
3.705624406662352488e+00
3.705624385703651935e+00
3.705624587709761997e+00
3.705624851721928792e+00
3.705625198971848722e+00
3.705625289956120838e+00
3.705625615891125157e+00
3.705625371655504541e+00
3.705625340484755448e+00
3.705625437705873715e+00
3.705625455890277031e+00
3.705625460864640175e+00
3.705625422701282368e+00
3.705625489231082259e+00
3.705625800638676637e+00
3.705625709311776816e+00
3.705626006102385350e+00
3.705626023336634933e+00
3.705625910076755680e+00
3.705625945174804592e+00
3.705626191523158752e+00
3.705626586586943105e+00
3.705626741179490757e+00
3.705626849324525018e+00
3.705626986934292599e+00
3.705626847729287743e+00
3.705626753952313113e+00
3.705626809477070793e+00
3.705626817973296294e+00
3.705627038325378209e+00
3.705627214524317647e+00
3.705627530230304778e+00
3.705627082304388420e+00
3.705627007199982614e+00
3.705627082720867271e+00
3.705627332957350806e+00
3.705627375082996000e+00
3.705627732703344002e+00
3.705627715873592187e+00
3.705627784538203517e+00
3.705627714010969687e+00
3.705627883617350182e+00
3.705627840905974413e+00
3.705627902975571430e+00
3.705628080752355835e+00
3.705628414490552469e+00
3.705628308492848522e+00
3.705628358477603079e+00
3.705628659606084785e+00
3.705628807919624013e+00
3.705629249204561493e+00
3.705629075831039732e+00
3.705629016701666334e+00
3.705629333135014303e+00
3.705629304060297446e+00
3.705629395237696855e+00
3.705629477620482337e+00
3.705629520770214569e+00
3.705629433664240580e+00
3.705629423070178952e+00
3.705629559303583065e+00
3.705629603906985814e+00
3.705629738834838260e+00
3.705629807816961829e+00
3.705629905668973212e+00
3.705630018671998815e+00
3.705630213078473734e+00
3.705630354005373661e+00
3.705630245143929802e+00
3.705630338434294124e+00
3.705630306443968180e+00
3.705630365140031302e+00
3.705630571837241316e+00
3.705630802236109744e+00
3.705630755472624216e+00
3.705630765594454701e+00
3.705631149364586374e+00
3.705631336578639079e+00
3.705631619314960989e+00
3.705631534772765523e+00
3.705631979820875888e+00
3.705631728054397112e+00
3.705631681487634665e+00
3.705631774442101900e+00
3.705631857602936119e+00
3.705631731135849538e+00
3.705632110803486867e+00
3.705631964270052148e+00
3.705632244231499950e+00
3.705632207686443635e+00
3.705632335303318925e+00
3.705632398707338293e+00
3.705632454184617508e+00
3.705632299205182889e+00
3.705632319098000060e+00
3.705632530468836894e+00
3.705632664537178211e+00
3.705633101090742620e+00
3.705633090630925608e+00
3.705632988570876307e+00
3.705633057642280459e+00
3.705633129121305824e+00
3.705633318661030184e+00
3.705633450285650277e+00
3.705633477097557638e+00
3.705633758612217665e+00
3.705633727559051849e+00
3.705633745467401763e+00
3.705633549625286349e+00
3.705633890769209238e+00
3.705633954901874638e+00
3.705634023518244113e+00
3.705634261301721022e+00
3.705634516553866664e+00
3.705634597905989036e+00
3.705634704299232141e+00
3.705634859952933180e+00
3.705634870328962105e+00
3.705635081868861036e+00
3.705634967682808423e+00
3.705635097712870696e+00
3.705635119012970158e+00
3.705635202729919531e+00
3.705635155143031323e+00
3.705635228784589508e+00
3.705635641905643762e+00
3.705635610615527042e+00
3.705635601630263398e+00
3.705635615632280722e+00
3.705635665496607167e+00
3.705635958115253370e+00
3.705636016410789768e+00
3.705635912310790037e+00
3.705635929646440729e+00
3.705636066116950289e+00
3.705636068164446684e+00
3.705636346240405832e+00
3.705636741174612947e+00
3.705636616466399413e+00
3.705636911176550363e+00
3.705636815586309751e+00
3.705636762860147648e+00
3.705637155701759333e+00
3.705637362003650459e+00
3.705637296760227350e+00
3.705637596451880622e+00
3.705637506266333148e+00
3.705637486238823719e+00
3.705637515012634164e+00
3.705637679179720312e+00
3.705637830205733785e+00
3.705638129989891283e+00
3.705638186599269801e+00
3.705638063208851474e+00
3.705638338224906736e+00
3.705638406979332444e+00
3.705638565320951816e+00
3.705638450223917690e+00
3.705638565296245357e+00
3.705638533801471013e+00
3.705638580321725772e+00
3.705638856595101949e+00
3.705638667301868860e+00
3.705638931620065968e+00
3.705639005452641577e+00
3.705639045116998709e+00
3.705639127044328074e+00
3.705639191728750781e+00
3.705639199953545848e+00
3.705639266178282210e+00
3.705639579022312002e+00
3.705639581088011614e+00
3.705639904533107654e+00
3.705639894105399179e+00
3.705639832669526346e+00
3.705639753922452151e+00
3.705639720530722325e+00
3.705640026730761871e+00
3.705640186744993514e+00
3.705640143533620812e+00
3.705640291910219819e+00
3.705640269648400320e+00
3.705640501996770642e+00
3.705640856436245301e+00
3.705640897699420844e+00
3.705640852428833121e+00
3.705641051439895861e+00
3.705641060715480606e+00
3.705641259972640267e+00
3.705641395657232273e+00
3.705641661760874506e+00
3.705641966858307601e+00
3.705642237817331264e+00
3.705642630802710613e+00
3.705642203198205920e+00
3.705642125629503791e+00
3.705641904026515387e+00
3.705641721863086158e+00
3.705642364158542534e+00
3.705642182759002257e+00
3.705642499834083115e+00
3.705642414299916254e+00
3.705642584857107291e+00
3.705642710387315297e+00
3.705642930249232414e+00
3.705643266687868920e+00
3.705643162717363381e+00
3.705643179128350617e+00
3.705643184467248386e+00
3.705643134946299266e+00
3.705643163436860288e+00
3.705643127647248569e+00
3.705643238362287484e+00
3.705643714753974471e+00
3.705643868293821974e+00
3.705643737894327217e+00
3.705644074082288242e+00
3.705644003817500032e+00
3.705643993691261961e+00
3.705644137422101636e+00
3.705644436373900508e+00
3.705644476131863208e+00
3.705644375303355442e+00
3.705644471628207537e+00
3.705644598861241423e+00
3.705644519347831789e+00
3.705644710141492659e+00
3.705644903929289136e+00
3.705645035347881144e+00
3.705645153838886596e+00
3.705645454970304176e+00
3.705645572338974958e+00
3.705645622573067843e+00
3.705645693632704685e+00
3.705645825682847505e+00
3.705646001294349734e+00
3.705645822017811231e+00
3.705645760819404444e+00
3.705646033711747833e+00
3.705646245432462127e+00
3.705646214092005231e+00
3.705646285638925619e+00
3.705646562149298884e+00
3.705646787154967647e+00
3.705646782342767676e+00
3.705647168819436565e+00
3.705647155240028745e+00
3.705646927607758823e+00
3.705647099788116350e+00
3.705647038689254380e+00
3.705647367496576194e+00
3.705647425764619918e+00
3.705647403238105930e+00
3.705647362562769942e+00
3.705647451267474857e+00
3.705647882712792995e+00
3.705647861522878728e+00
3.705647792335544644e+00
3.705647817907121500e+00
3.705647964171629560e+00
3.705648022656184981e+00
3.705648212368927830e+00
3.705648216335879486e+00
3.705648061117974734e+00
3.705648502838275959e+00
3.705648529319892859e+00
3.705648559582749080e+00
3.705648546953479006e+00
3.705648479307215748e+00
3.705648414993564010e+00
3.705648521953309071e+00
3.705648508300155797e+00
3.705648786914207626e+00
3.705648870576029097e+00
3.705648845099186239e+00
3.705649028215538543e+00
3.705648907312840912e+00
3.705648912322564659e+00
3.705648899282999675e+00
3.705649047259447215e+00
3.705649086116184154e+00
3.705649137903880508e+00
3.705649297734586511e+00
3.705649563598273133e+00
3.705649794338934377e+00
3.705649817549873770e+00
3.705649984838819133e+00
3.705650545386911965e+00
3.705650178791625393e+00
3.705650151379646040e+00
3.705650203328691550e+00
3.705650408959923148e+00
3.705650775911158323e+00
3.705650829861414142e+00
3.705651113403807262e+00
3.705651002302369879e+00
3.705651050132372060e+00
3.705651194535004134e+00
3.705651262729366291e+00
3.705651451570506794e+00
3.705651353647949620e+00
3.705651398363979609e+00
3.705651580993360561e+00
3.705651943066858411e+00
3.705651888149961160e+00
3.705651709700518825e+00
3.705651813718924270e+00
3.705652003573228548e+00
3.705651924169133249e+00
3.705652159191112460e+00
3.705652228390771352e+00
3.705652201962972736e+00
3.705652369430973092e+00
3.705652347576717798e+00
3.705652195927731540e+00
3.705652197142023763e+00
3.705652275569303100e+00
3.705652277544101203e+00
3.705652412495033410e+00
3.705652678510804154e+00
3.705652704750235671e+00
3.705653019617562993e+00
3.705653227011691531e+00
3.705653336690230226e+00
3.705653233800106694e+00
3.705653541207909463e+00
3.705653820671608312e+00
3.705653987300829844e+00
3.705654042506153267e+00
3.705654359333485637e+00
3.705654127559315558e+00
3.705654295825145272e+00
3.705654446977941330e+00
3.705654255781392070e+00
3.705654270911967529e+00
3.705654524582504994e+00
3.705654484636418999e+00
3.705654604439136524e+00
3.705654594407553848e+00
3.705654464670805837e+00
3.705654480754256852e+00
3.705654541235188226e+00
3.705654558317785341e+00
3.705654783280423192e+00
3.705654630113936143e+00
3.705654728499428785e+00
3.705654900139754293e+00
3.705655094547211093e+00
3.705655081225020187e+00
3.705655068632497606e+00
3.705655246484387266e+00
3.705655386125134676e+00
3.705655542370387856e+00
3.705655416588258255e+00
3.705655459446602240e+00
3.705655527394919435e+00
3.705655614067857595e+00
3.705655673210819234e+00
3.705655755539915663e+00
3.705655755905212789e+00
3.705655941249742291e+00
3.705656301968993649e+00
3.705656535929156892e+00
3.705656690040754597e+00
3.705656725671765628e+00
3.705656565570365935e+00
3.705656540721236958e+00
3.705656654358741697e+00
3.705657034763047530e+00
3.705657134464348523e+00
3.705657456376248327e+00
3.705657481234339468e+00
3.705657746201063141e+00
3.705657799156691912e+00
3.705657777686340637e+00
3.705657886077625029e+00
3.705657863078753778e+00
3.705657809355219268e+00
3.705657887753904589e+00
3.705657853132196422e+00
3.705657923049824998e+00
3.705658221232018601e+00
3.705658374345693673e+00
3.705658278867873801e+00
3.705658193104274023e+00
3.705658302123669756e+00
3.705658554849610820e+00
3.705658533904239160e+00
3.705658524114695318e+00
3.705658807346999151e+00
3.705658944662577614e+00
3.705659133398950367e+00
3.705659509120756034e+00
3.705659551840533972e+00
3.705659603609631425e+00
3.705659503837001267e+00
3.705659478161609233e+00
3.705660097229578565e+00
3.705660006851061006e+00
3.705660412987132446e+00
3.705660284314678865e+00
3.705660381069415088e+00
3.705660276872027925e+00
3.705660297798179403e+00
3.705660189859758979e+00
3.705660092328456390e+00
3.705660357487220669e+00
3.705660740412910936e+00
3.705660729726756308e+00
3.705660721680287484e+00
3.705660806384369010e+00
3.705660871253774857e+00
3.705660772820422721e+00
3.705661071478069335e+00
3.705661161387685976e+00
3.705661329661796621e+00
3.705661484675859096e+00
3.705661502632855431e+00
3.705661546696352282e+00
3.705661702415520509e+00
3.705661928186633869e+00
3.705661962207894788e+00
3.705662198987171863e+00
3.705662122177129092e+00
3.705662302249491891e+00
3.705662621272997281e+00
3.705662721009110872e+00
3.705662479103556617e+00
3.705662442109999510e+00
3.705662845811181327e+00
3.705662698002086586e+00
3.705662744467370651e+00
3.705662741495354684e+00
3.705662649203909531e+00
3.705662642276477570e+00
3.705662716517121869e+00
3.705662960150360785e+00
3.705662911554952199e+00
3.705663076669737599e+00
3.705663019042677142e+00
3.705663201271605089e+00
3.705663320636933822e+00
3.705663643091632764e+00
3.705663628044029601e+00
3.705663953826010992e+00
3.705663642849920336e+00
3.705663810093036581e+00
3.705663954011764183e+00
3.705664004873028716e+00
3.705664097531917278e+00
3.705664114860521607e+00
3.705663934527998471e+00
3.705663906024170284e+00
3.705663977631186157e+00
3.705663959783006334e+00
3.705663956576347395e+00
3.705663975217885486e+00
3.705664178259414854e+00
3.705664200173050649e+00
3.705664289866132943e+00
3.705664504661870584e+00
3.705664717168292821e+00
3.705664679872404665e+00
3.705664761387597483e+00
3.705664899647847399e+00
3.705664995943529938e+00
3.705665096954865678e+00
3.705665160389249202e+00
3.705665383179127748e+00
3.705665202147514936e+00
3.705665202850157769e+00
3.705665215459323480e+00
3.705665286908255585e+00
3.705665302223773772e+00
3.705665349190779168e+00
3.705665535871816907e+00
3.705665714758777707e+00
3.705665863071579302e+00
3.705665808920312276e+00
3.705665906653312192e+00
3.705665925694807683e+00
3.705665949296483408e+00
3.705666052960260082e+00
3.705666227152938585e+00
3.705666566965088116e+00
3.705666584690193499e+00
3.705666720262889680e+00
3.705666745915186411e+00
3.705666947350854112e+00
3.705666891694375575e+00
3.705666803945684151e+00
3.705666879272162983e+00
3.705666837501176314e+00
3.705667112875167479e+00
3.705666992058183506e+00
3.705666996983474348e+00
3.705667003690053640e+00
3.705667024606205118e+00
3.705667185037130995e+00
3.705667325912602283e+00
3.705667498160091000e+00
